probabilities: [[0. 1. 0.]
 [0. 1. 0.]
 [0. 1. 0.]
 [0. 1. 0.]
 [0. 1. 0.]]
probabilities: [[0.12643223 0.59320325 0.2803645 ]
 [0.38861665 0.00254386 0.60883945]
 [0.18740466 0.02183586 0.79075944]
 [0.6785964  0.15234433 0.16905929]
 [0.6846006  0.07229954 0.24309985]]
probabilities: [[0.23770083 0.2142228  0.54807633]
 [0.07898398 0.26056612 0.6604499 ]
 [0.3445705  0.49454388 0.16088563]
 [0.42457357 0.12236926 0.45305717]
 [0.6691896  0.10764696 0.22316346]]
probabilities: [[0.48751107 0.05112616 0.46136278]
 [0.2542023  0.1828615  0.5629362 ]
 [0.45798078 0.33198163 0.21003757]
 [0.0363441  0.6367783  0.3268776 ]
 [0.45322946 0.15653303 0.3902375 ]]
probabilities: [[0. 1. 0.]
 [0. 1. 0.]
 [0. 1. 0.]
 [0. 1. 0.]
 [0. 1. 0.]]
probabilities: [[0.0592433  0.60265    0.33810672]
 [0.46562296 0.33365223 0.20072483]
 [0.44022623 0.42393044 0.13584335]
 [0.7632424  0.03143275 0.20532481]
 [0.10800637 0.2006374  0.69135624]]
probabilities: [[0.37662333 0.49392807 0.12944861]
 [0.00735829 0.52641153 0.46623015]
 [0.48379216 0.22651435 0.2896935 ]
 [0.27400228 0.31607884 0.40991887]
 [0.0228007  0.217667   0.7595323 ]]
probabilities: [[0.650248   0.17513967 0.17461231]
 [0.44939712 0.52246994 0.02813298]
 [0.13635628 0.2142579  0.6493858 ]
 [0.5730336  0.3733069  0.05365954]
 [0.6075407  0.00306033 0.38939893]]
probabilities: [[0. 1. 0.]
 [0. 1. 0.]
 [0. 1. 0.]
 [0. 1. 0.]
 [0. 1. 0.]]
probabilities: [[0.5259167  0.3316711  0.14241223]
 [0.22110198 0.05402466 0.72487336]
 [0.1266175  0.38243866 0.49094385]
 [0.17594191 0.33127743 0.49278066]
 [0.6149348  0.32059368 0.06447148]]
probabilities: [[0.06550441 0.7138592  0.22063638]
 [0.20165981 0.733783   0.06455718]
 [0.14641306 0.48075747 0.37282947]
 [0.03949254 0.7952664  0.16524105]
 [0.4960575  0.13616645 0.36777604]]
probabilities: [[0.38719735 0.49060073 0.12220192]
 [0.16563076 0.02154657 0.81282264]
 [0.09100347 0.86015916 0.04883736]
 [0.26493564 0.60897416 0.12609018]
 [0.17599852 0.21631494 0.6076865 ]]
probabilities: [[0. 0. 1.]
 [0. 1. 0.]
 [0. 1. 0.]
 [0. 0. 1.]
 [0. 0. 1.]]
probabilities: [[0.10459614 0.75435483 0.14104904]
 [0.23090474 0.5525121  0.21658315]
 [0.21341749 0.33647993 0.45010257]
 [0.19221294 0.21989451 0.58789253]
 [0.33263862 0.3230838  0.3442776 ]]
probabilities: [[0.14264555 0.7199582  0.13739629]
 [0.6128215  0.0746735  0.312505  ]
 [0.03918291 0.6214331  0.339384  ]
 [0.89687186 0.07003537 0.03309277]
 [0.4179125  0.2068245  0.37526298]]
probabilities: [[0.35881624 0.12947065 0.5117131 ]
 [0.14424512 0.5581413  0.29761356]
 [0.08109969 0.09712628 0.821774  ]
 [0.18683603 0.627353   0.18581095]
 [0.6276406  0.15257797 0.21978144]]
probabilities: [[1. 0. 0.]
 [1. 0. 0.]
 [1. 0. 0.]
 [1. 0. 0.]
 [1. 0. 0.]]
probabilities: [[0.11928843 0.41580614 0.46490544]
 [0.6440517  0.23935018 0.11659817]
 [0.44840014 0.23597887 0.315621  ]
 [0.6787802  0.17332207 0.14789774]
 [0.32152522 0.0151011  0.6633737 ]]
probabilities: [[0.31357187 0.24814804 0.43828008]
 [0.03001352 0.08628815 0.88369834]
 [0.11075914 0.60466754 0.28457332]
 [0.22960262 0.757196   0.01320138]
 [0.4855986  0.22146963 0.29293177]]
probabilities: [[0.10115096 0.41212276 0.48672628]
 [0.11918733 0.03704673 0.8437659 ]
 [0.64318    0.27990618 0.07691384]
 [0.0438477  0.4524117  0.50374055]
 [0.43403587 0.08770134 0.47826278]]
probabilities: [[0. 0. 1.]
 [0. 1. 0.]
 [0. 1. 0.]
 [0. 0. 1.]
 [0. 0. 1.]]
probabilities: [[0.594857   0.36167756 0.04346545]
 [0.16234729 0.15531155 0.68234116]
 [0.32864764 0.25267595 0.41867638]
 [0.9403569  0.04587881 0.01376429]
 [0.05838507 0.3683108  0.5733041 ]]
probabilities: [[0.24103107 0.11574034 0.6432286 ]
 [0.15902652 0.08468141 0.75629205]
 [0.35096937 0.27201018 0.37702045]
 [0.1945458  0.17435727 0.6310969 ]
 [0.64846414 0.0853224  0.26621348]]
probabilities: [[0.17134425 0.38512558 0.44353014]
 [0.48862666 0.12654792 0.3848254 ]
 [0.5750036  0.42099768 0.00399869]
 [0.49049035 0.2959153  0.21359436]
 [0.3369028  0.3193038  0.3437934 ]]
probabilities: [[1. 0. 0.]
 [1. 0. 0.]
 [1. 0. 0.]
 [1. 0. 0.]
 [1. 0. 0.]]
probabilities: [[0.40077728 0.14295779 0.45626494]
 [0.021144   0.7232071  0.25564888]
 [0.6716136  0.31568956 0.01269688]
 [0.47460443 0.36954507 0.1558505 ]
 [0.32137892 0.5345283  0.14409277]]
probabilities: [[0.15126736 0.16291554 0.68581706]
 [0.8874935  0.09769048 0.01481601]
 [0.25386202 0.57993865 0.16619933]
 [0.11737183 0.341462   0.5411662 ]
 [0.27940774 0.22061066 0.4999816 ]]
probabilities: [[0.24162665 0.477289   0.28108436]
 [0.44068417 0.1424393  0.41687652]
 [0.05119934 0.29545814 0.65334255]
 [0.62770927 0.34359446 0.02869625]
 [0.47537658 0.02459182 0.5000316 ]]
probabilities: [[1. 0. 0.]
 [1. 0. 0.]
 [1. 0. 0.]
 [1. 0. 0.]
 [1. 0. 0.]]
probabilities: [[0.7702424  0.19215086 0.03760676]
 [0.54785275 0.43895262 0.01319461]
 [0.14243068 0.22075625 0.6368131 ]
 [0.6116096  0.17897221 0.20941819]
 [0.107099   0.57804656 0.31485444]]
probabilities: [[0.28499678 0.45509753 0.2599057 ]
 [0.7555445  0.1259258  0.11852974]
 [0.10163571 0.8880035  0.01036079]
 [0.4779215  0.35313717 0.16894136]
 [0.37711588 0.17355828 0.44932583]]
probabilities: [[0.6015812  0.26343662 0.13498215]
 [0.0647947  0.6675664  0.2676389 ]
 [0.20731258 0.675949   0.11673842]
 [0.46912834 0.4922362  0.03863546]
 [0.7496634  0.00123777 0.24909884]]
probabilities: [[0. 1. 0.]
 [0. 1. 0.]
 [0. 1. 0.]
 [0. 1. 0.]
 [0. 1. 0.]]
probabilities: [[0.07887247 0.87801856 0.043109  ]
 [0.17725137 0.6389002  0.18384844]
 [0.02784167 0.27182052 0.7003378 ]
 [0.16745506 0.50967115 0.32287377]
 [0.3342297  0.13324292 0.5325274 ]]
probabilities: [[0.58892506 0.18013103 0.2309439 ]
 [0.77680016 0.05988441 0.16331543]
 [0.22133835 0.47651163 0.30215   ]
 [0.44529736 0.15048875 0.4042139 ]
 [0.18307628 0.18321255 0.63371116]]
probabilities: [[0.4605088  0.13967109 0.39982012]
 [0.16980089 0.23174652 0.59845257]
 [0.6625579  0.12989362 0.20754848]
 [0.02138216 0.85057896 0.12803887]
 [0.31574184 0.080468   0.60379016]]
probabilities: [[0. 0. 1.]
 [0. 1. 0.]
 [0. 0. 1.]
 [0. 0. 1.]
 [0. 0. 1.]]
probabilities: [[0.358244   0.38182738 0.2599286 ]
 [0.20347287 0.36829445 0.4282327 ]
 [0.38850468 0.22140129 0.390094  ]
 [0.34423926 0.5336575  0.12210321]
 [0.107362   0.57417625 0.31846175]]
probabilities: [[0.38480973 0.01046041 0.60472983]
 [0.64910835 0.34945557 0.00143609]
 [0.35780987 0.5273683  0.11482185]
 [0.5676106  0.20371294 0.22867647]
 [0.12503676 0.30657727 0.56838596]]
probabilities: [[0.27288038 0.12325722 0.6038624 ]
 [0.8039011  0.11998724 0.0761117 ]
 [0.57768226 0.26726586 0.15505187]
 [0.6890896  0.11532968 0.1955807 ]
 [0.2481244  0.08805269 0.6638229 ]]
probabilities: [[0. 1. 0.]
 [0. 1. 0.]
 [0. 1. 0.]
 [0. 1. 0.]
 [0. 1. 0.]]
probabilities: [[0.04403545 0.5586886  0.39727595]
 [0.03627422 0.44425422 0.5194716 ]
 [0.24735631 0.02931416 0.72332954]
 [0.8254303  0.14178747 0.03278227]
 [0.9023956  0.01290029 0.08470409]]
probabilities: [[0.16202228 0.6332517  0.20472597]
 [0.00199619 0.3164742  0.6815296 ]
 [0.29675096 0.5501913  0.15305778]
 [0.22720575 0.0841875  0.68860674]
 [0.10267649 0.67348236 0.22384116]]
probabilities: [[0.06024107 0.330943   0.60881597]
 [0.00787209 0.03314433 0.9589836 ]
 [0.09664834 0.7454896  0.15786207]
 [0.31126398 0.6414173  0.04731867]
 [0.53149855 0.43085065 0.03765079]]
probabilities: [[0. 1. 0.]
 [0. 1. 0.]
 [0. 1. 0.]
 [0. 1. 0.]
 [0. 1. 0.]]
probabilities: [[0.07626776 0.3669757  0.55675656]
 [0.75577015 0.23002775 0.01420211]
 [0.78012156 0.19910137 0.02077709]
 [0.14092742 0.6044801  0.25459248]
 [0.5873263  0.2493554  0.16331829]]
probabilities: [[0.1628925  0.5669816  0.2701259 ]
 [0.42027166 0.06055249 0.5191758 ]
 [0.6002228  0.2737798  0.12599735]
 [0.28841478 0.49331918 0.21826604]
 [0.3226379  0.08885463 0.5885075 ]]
probabilities: [[0.00815658 0.68574125 0.3061022 ]
 [0.44582915 0.5044013  0.0497695 ]
 [0.01657353 0.67691654 0.3065099 ]
 [0.6063434  0.38442227 0.00923433]
 [0.32324502 0.61340547 0.0633495 ]]
probabilities: [[0. 0. 1.]
 [0. 1. 0.]
 [0. 0. 1.]
 [0. 0. 1.]
 [0. 0. 1.]]
probabilities: [[0.11114278 0.36124006 0.52761716]
 [0.13952732 0.37092382 0.48954886]
 [0.16654493 0.3006418  0.53281325]
 [0.33042485 0.2735351  0.39604002]
 [0.5583162  0.3016887  0.1399951 ]]
probabilities: [[0.30717275 0.03345596 0.6593713 ]
 [0.00597286 0.47034377 0.52368337]
 [0.38059676 0.56703115 0.0523721 ]
 [0.33190483 0.38740197 0.2806932 ]
 [0.67164016 0.23347592 0.0948839 ]]
probabilities: [[0.17042747 0.22293553 0.606637  ]
 [0.30103052 0.3207957  0.37817377]
 [0.11360817 0.3803711  0.5060207 ]
 [0.07662696 0.40251756 0.5208555 ]
 [0.03262991 0.20845377 0.7589163 ]]
probabilities: [[1. 0. 0.]
 [1. 0. 0.]
 [1. 0. 0.]
 [1. 0. 0.]
 [1. 0. 0.]]
probabilities: [[0.13676599 0.75597864 0.10725538]
 [0.4433466  0.47269258 0.08396082]
 [0.1851979  0.46462652 0.3501756 ]
 [0.511426   0.12862767 0.35994637]
 [0.18051884 0.4327819  0.38669926]]
probabilities: [[0.17536801 0.8200972  0.0045348 ]
 [0.02808288 0.00992512 0.961992  ]
 [0.15559791 0.4795323  0.3648698 ]
 [0.2599249  0.01470884 0.7253663 ]
 [0.63072747 0.07280956 0.29646298]]
probabilities: [[0.21172468 0.46472898 0.32354632]
 [0.21968092 0.632153   0.14816608]
 [0.19317868 0.4387382  0.36808312]
 [0.91853875 0.03163677 0.04982447]
 [0.7184073  0.07788744 0.20370531]]
probabilities: [[0. 0. 1.]
 [0. 1. 0.]
 [0. 1. 0.]
 [0. 0. 1.]
 [0. 0. 1.]]
probabilities: [[0.4387307  0.01074815 0.55052114]
 [0.90419686 0.0757083  0.02009487]
 [0.48296383 0.12473004 0.39230612]
 [0.04774434 0.72863406 0.22362158]
 [0.3276222  0.09777039 0.57460743]]
probabilities: [[0.06750377 0.7624521  0.17004412]
 [0.7158381  0.27801946 0.00614245]
 [0.543001   0.32095462 0.1360444 ]
 [0.37426805 0.18445647 0.44127548]
 [0.01902635 0.667989   0.31298465]]
probabilities: [[0.5862217  0.24040943 0.17336884]
 [0.09617144 0.47180834 0.43202025]
 [0.1965946  0.07452349 0.7288819 ]
 [0.12313593 0.7693219  0.10754213]
 [0.05011411 0.04382841 0.9060575 ]]
probabilities: [[1. 0. 0.]
 [1. 0. 0.]
 [1. 0. 0.]
 [1. 0. 0.]
 [1. 0. 0.]]
probabilities: [[0.56822836 0.35924432 0.0725273 ]
 [0.03287714 0.5837285  0.38339433]
 [0.01648163 0.06686985 0.9166485 ]
 [0.0178327  0.3493449  0.6328224 ]
 [0.01386903 0.8190078  0.16712317]]
probabilities: [[0.08030162 0.1490946  0.7706038 ]
 [0.17245612 0.20845665 0.6190872 ]
 [0.55131435 0.18066797 0.26801768]
 [0.4299889  0.23406045 0.33595067]
 [0.17398955 0.3356682  0.49034226]]
probabilities: [[0.0131283  0.4343329  0.5525388 ]
 [0.29044506 0.19881919 0.51073575]
 [0.4344122  0.02264516 0.5429426 ]
 [0.1705344  0.3742878  0.45517778]
 [0.04211896 0.2809193  0.6769617 ]]
probabilities: [[0. 0. 1.]
 [0. 1. 0.]
 [0. 1. 0.]
 [0. 0. 1.]
 [0. 0. 1.]]
probabilities: [[0.52656865 0.38517225 0.08825912]
 [0.28195298 0.06086912 0.65717787]
 [0.00481448 0.44671553 0.54847   ]
 [0.20286806 0.4862116  0.31092036]
 [0.28869435 0.09603243 0.61527324]]
probabilities: [[0.5814427  0.29064816 0.12790912]
 [0.43509826 0.19235489 0.37254685]
 [0.6625539  0.12744454 0.21000154]
 [0.42056745 0.21389739 0.36553517]
 [0.2865467  0.32233098 0.3911223 ]]
probabilities: [[0.1035803  0.44924414 0.44717556]
 [0.36645594 0.5592179  0.07432616]
 [0.23453487 0.6946706  0.07079455]
 [0.04275424 0.9199693  0.03727646]
 [0.08728199 0.32384932 0.5888687 ]]
probabilities: [[1. 0. 0.]
 [1. 0. 0.]
 [1. 0. 0.]
 [1. 0. 0.]
 [1. 0. 0.]]
probabilities: [[0.4846964  0.35078982 0.16451381]
 [0.32244977 0.42044267 0.25710756]
 [0.29871678 0.03999107 0.66129214]
 [0.5148405  0.3190818  0.16607772]
 [0.11762675 0.7027975  0.17957579]]
probabilities: [[0.06490684 0.4843865  0.45070666]
 [0.25962043 0.6854259  0.05495368]
 [0.4870202  0.26000372 0.2529761 ]
 [0.17945002 0.7161597  0.10439028]
 [0.46766087 0.19110596 0.34123316]]
probabilities: [[0.05582872 0.8808949  0.06327639]
 [0.79563904 0.15940318 0.0449578 ]
 [0.47403094 0.05806649 0.46790257]
 [0.56051385 0.04114275 0.3983434 ]
 [0.42135736 0.3037146  0.274928  ]]
probabilities: [[0. 0. 1.]
 [0. 1. 0.]
 [0. 0. 1.]
 [0. 0. 1.]
 [0. 0. 1.]]
probabilities: [[0.43645445 0.54507995 0.0184656 ]
 [0.07965736 0.5231876  0.39715508]
 [0.13306306 0.09563215 0.7713048 ]
 [0.11785474 0.34337792 0.53876734]
 [0.62175167 0.2742897  0.10395864]]
probabilities: [[0.408555   0.43283528 0.15860972]
 [0.19147931 0.7296692  0.07885147]
 [0.30149582 0.45513162 0.24337257]
 [0.4056456  0.25061604 0.34373838]
 [0.33665192 0.04635878 0.6169893 ]]
probabilities: [[0.6114203  0.31317404 0.07540566]
 [0.3356277  0.03610916 0.6282631 ]
 [0.5115878  0.09269671 0.39571548]
 [0.32430646 0.63404804 0.0416455 ]
 [0.6697469  0.28355232 0.04670079]]
probabilities: [[1. 0. 0.]
 [1. 0. 0.]
 [1. 0. 0.]
 [1. 0. 0.]
 [1. 0. 0.]]
probabilities: [[0.01165989 0.45806107 0.53027904]
 [0.2821919  0.7008952  0.01691294]
 [0.39884728 0.00427589 0.5968768 ]
 [0.07446206 0.8603466  0.06519131]
 [0.02245238 0.39119098 0.58635664]]
probabilities: [[0.6743651  0.05195874 0.27367616]
 [0.7837634  0.15893129 0.05730531]
 [0.40077758 0.3933926  0.20582981]
 [0.46765065 0.12084477 0.41150457]
 [0.00861109 0.64181346 0.34957546]]
probabilities: [[0.6062883  0.2976356  0.09607608]
 [0.30884007 0.2610733  0.43008664]
 [0.19249895 0.5962433  0.21125773]
 [0.04640184 0.89137393 0.06222422]
 [0.40336365 0.3006931  0.29594326]]
probabilities: [[1. 0. 0.]
 [1. 0. 0.]
 [1. 0. 0.]
 [1. 0. 0.]
 [1. 0. 0.]]
probabilities: [[0.04385296 0.2556803  0.70046675]
 [0.3363642  0.2043635  0.45927227]
 [0.8204831  0.17816344 0.00135347]
 [0.32865873 0.03485401 0.63648725]
 [0.15599973 0.29813248 0.5458678 ]]
probabilities: [[0.32835    0.16057217 0.5110778 ]
 [0.34173545 0.3114911  0.34677348]
 [0.67794156 0.06547131 0.25658712]
 [0.46806642 0.14903419 0.38289937]
 [0.34271875 0.61314803 0.04413324]]
probabilities: [[0.01102728 0.05099614 0.9379766 ]
 [0.4259659  0.49318558 0.08084853]
 [0.1748438  0.07337763 0.75177854]
 [0.02026074 0.5793227  0.40041658]
 [0.588548   0.36519778 0.04625423]]
probabilities: [[1. 0. 0.]
 [1. 0. 0.]
 [1. 0. 0.]
 [1. 0. 0.]
 [1. 0. 0.]]
probabilities: [[0.39499646 0.11013615 0.49486738]
 [0.1992001  0.77501327 0.02578662]
 [0.11462259 0.17894477 0.70643264]
 [0.19513407 0.06132803 0.7435379 ]
 [0.6063339  0.38090754 0.01275857]]
probabilities: [[0.2624923  0.07034847 0.66715926]
 [0.6235771  0.01010637 0.36631653]
 [0.48802522 0.26347166 0.24850313]
 [0.25670296 0.16031289 0.58298415]
 [0.13580775 0.59159154 0.27260068]]
probabilities: [[0.61891675 0.03891552 0.3421677 ]
 [0.84082985 0.01240378 0.14676636]
 [0.13944492 0.79604197 0.0645131 ]
 [0.1079073  0.05495972 0.837133  ]
 [0.66205335 0.24891575 0.08903092]]
probabilities: [[1. 0. 0.]
 [1. 0. 0.]
 [1. 0. 0.]
 [1. 0. 0.]
 [1. 0. 0.]]
probabilities: [[0.04406788 0.04532371 0.9106084 ]
 [0.5949621  0.10290951 0.30212834]
 [0.33568126 0.3037763  0.36054245]
 [0.03263402 0.06717025 0.9001957 ]
 [0.5204237  0.30581716 0.17375916]]
probabilities: [[0.19705181 0.40453818 0.39841   ]
 [0.958818   0.01930941 0.02187259]
 [0.08876663 0.31419116 0.5970422 ]
 [0.01625074 0.00774065 0.9760086 ]
 [0.73050135 0.08246318 0.18703547]]
probabilities: [[0.15502207 0.82296765 0.02201025]
 [0.63352954 0.11648635 0.24998412]
 [0.00621196 0.1061294  0.88765866]
 [0.2634757  0.35110867 0.38541564]
 [0.43802986 0.25356764 0.3084025 ]]
probabilities: [[0. 0. 1.]
 [0. 1. 0.]
 [0. 0. 1.]
 [0. 0. 1.]
 [0. 0. 1.]]
probabilities: [[0.4064816  0.00819242 0.58532596]
 [0.14761111 0.56158316 0.29080573]
 [0.7593358  0.20629701 0.03436715]
 [0.84454525 0.05455579 0.10089895]
 [0.10556211 0.42696482 0.4674731 ]]
probabilities: [[0.8095885  0.01490349 0.17550802]
 [0.18918766 0.57187235 0.23893999]
 [0.05136415 0.5521663  0.39646956]
 [0.11931688 0.7608138  0.11986938]
 [0.44348097 0.5450201  0.01149892]]
probabilities: [[0.17052469 0.08153282 0.7479425 ]
 [0.00797112 0.31861365 0.67341524]
 [0.08702078 0.79128015 0.12169904]
 [0.4063451  0.0147489  0.578906  ]
 [0.00367847 0.31358024 0.6827413 ]]
probabilities: [[0. 0. 1.]
 [0. 1. 0.]
 [0. 0. 1.]
 [0. 0. 1.]
 [0. 0. 1.]]
probabilities: [[0.5963811  0.1253252  0.27829367]
 [0.05840355 0.27359685 0.66799957]
 [0.02688113 0.45539388 0.517725  ]
 [0.5002693  0.3826631  0.1170676 ]
 [0.2781794  0.55093515 0.17088546]]
probabilities: [[0.2933641  0.49432614 0.21230976]
 [0.26897526 0.07322191 0.6578028 ]
 [0.07614929 0.8605488  0.06330189]
 [0.48475578 0.30041948 0.2148247 ]
 [0.04006209 0.24508065 0.7148573 ]]
probabilities: [[0.22891298 0.24013358 0.53095347]
 [0.07259598 0.3129586  0.61444545]
 [0.02075806 0.26806158 0.7111804 ]
 [0.3981578  0.397514   0.20432821]
 [0.2978272  0.6130563  0.08911648]]
probabilities: [[1. 0. 0.]
 [1. 0. 0.]
 [1. 0. 0.]
 [1. 0. 0.]
 [1. 0. 0.]]
probabilities: [[5.18391371e-01 4.54497665e-01 2.71109790e-02]
 [4.60365474e-01 4.30108875e-01 1.09525636e-01]
 [6.09118864e-02 8.71139944e-01 6.79481551e-02]
 [3.97780463e-02 5.63717782e-01 3.96504164e-01]
 [1.41319767e-01 8.58258665e-01 4.21550649e-04]]
probabilities: [[0.84824556 0.0664647  0.08528971]
 [0.32856336 0.45860618 0.21283044]
 [0.16143382 0.6500237  0.18854246]
 [0.3592147  0.36949408 0.27129123]
 [0.69246066 0.2267604  0.08077893]]
probabilities: [[0.32392448 0.32919365 0.34688187]
 [0.6734617  0.27920803 0.0473303 ]
 [0.49886414 0.4573451  0.04379077]
 [0.01197174 0.6488573  0.33917096]
 [0.3802884  0.39041224 0.22929937]]
probabilities: [[1. 0. 0.]
 [1. 0. 0.]
 [1. 0. 0.]
 [1. 0. 0.]
 [1. 0. 0.]]
probabilities: [[0.71640474 0.06474873 0.21884653]
 [0.94145644 0.05544808 0.00309551]
 [0.6774484  0.29212672 0.03042488]
 [0.13095237 0.8460229  0.02302473]
 [0.27702445 0.503512   0.21946351]]
probabilities: [[0.02585234 0.3029394  0.67120826]
 [0.02569865 0.40686554 0.5674358 ]
 [0.23820671 0.2970721  0.46472117]
 [0.66174275 0.10981315 0.2284441 ]
 [0.3858172  0.46568456 0.1484982 ]]
probabilities: [[0.12814654 0.81966954 0.0521839 ]
 [0.12782907 0.7678987  0.10427227]
 [0.25715902 0.6752936  0.06754735]
 [0.09040964 0.571016   0.33857432]
 [0.47962508 0.1673962  0.3529787 ]]
probabilities: [[0. 0. 1.]
 [0. 1. 0.]
 [0. 1. 0.]
 [0. 0. 1.]
 [0. 0. 1.]]
probabilities: [[0.5597092  0.05831225 0.38197854]
 [0.11460174 0.7728254  0.11257286]
 [0.14566767 0.26990944 0.5844229 ]
 [0.17534462 0.7592524  0.06540298]
 [0.03428389 0.83954465 0.12617147]]
probabilities: [[0.18180408 0.26361194 0.55458397]
 [0.2275568  0.5353081  0.2371351 ]
 [0.18169282 0.5894091  0.22889806]
 [0.05738776 0.64735377 0.2952585 ]
 [0.5855369  0.10593239 0.30853075]]
probabilities: [[0.58547616 0.33823892 0.07628489]
 [0.53064597 0.04908086 0.42027318]
 [0.45451966 0.22477683 0.3207035 ]
 [0.24909005 0.2640136  0.4868964 ]
 [0.19133028 0.08174562 0.7269241 ]]
probabilities: [[0. 0. 1.]
 [0. 1. 0.]
 [0. 1. 0.]
 [0. 0. 1.]
 [0. 0. 1.]]
probabilities: [[0.22227433 0.5136176  0.26410806]
 [0.32778803 0.08171981 0.5904922 ]
 [0.2488863  0.3238518  0.4272619 ]
 [0.49393234 0.21356815 0.2924995 ]
 [0.38399783 0.05482684 0.56117535]]
probabilities: [[0.21958219 0.67965466 0.10076316]
 [0.47984776 0.4739192  0.046233  ]
 [0.48745066 0.07467453 0.4378748 ]
 [0.8270277  0.14658435 0.02638797]
 [0.44222414 0.10472189 0.45305395]]
probabilities: [[0.22649288 0.5772898  0.19621728]
 [0.10173486 0.87421566 0.0240495 ]
 [0.13566436 0.782766   0.08156969]
 [0.10271647 0.45896575 0.43831778]
 [0.65604323 0.28802976 0.05592699]]
probabilities: [[1. 0. 0.]
 [1. 0. 0.]
 [1. 0. 0.]
 [1. 0. 0.]
 [1. 0. 0.]]
probabilities: [[0.07085904 0.28806093 0.64108   ]
 [0.4422093  0.49074605 0.06704465]
 [0.55713856 0.34478495 0.09807649]
 [0.10238048 0.14810018 0.74951935]
 [0.21449906 0.3933273  0.39217365]]
probabilities: [[0.72051394 0.03338331 0.24610278]
 [0.355096   0.09610386 0.5488002 ]
 [0.40801254 0.1460555  0.44593194]
 [0.56561327 0.15094271 0.28344402]
 [0.21055757 0.52245057 0.26699188]]
probabilities: [[0.01081392 0.83742774 0.15175836]
 [0.14414336 0.06673296 0.78912365]
 [0.5115811  0.01201509 0.4764038 ]
 [0.63155395 0.22153321 0.14691284]
 [0.4415199  0.4391881  0.11929204]]
probabilities: [[0. 1. 0.]
 [0. 1. 0.]
 [0. 1. 0.]
 [0. 1. 0.]
 [0. 1. 0.]]
probabilities: [[0.30986562 0.575421   0.11471339]
 [0.09637003 0.17638001 0.72725   ]
 [0.09849647 0.17873085 0.7227727 ]
 [0.24384873 0.5863452  0.16980606]
 [0.46479034 0.46776932 0.06744032]]
probabilities: [[0.38496453 0.2511117  0.3639238 ]
 [0.33801183 0.25647128 0.4055169 ]
 [0.48598555 0.20912948 0.30488497]
 [0.36700758 0.06324524 0.56974715]
 [0.0685593  0.05644239 0.87499833]]
probabilities: [[0.01627631 0.26847675 0.7152469 ]
 [0.48881692 0.29776183 0.21342124]
 [0.05883776 0.4875219  0.45364034]
 [0.42790893 0.0170179  0.55507314]
 [0.05971471 0.34742948 0.5928558 ]]
probabilities: [[1. 0. 0.]
 [1. 0. 0.]
 [1. 0. 0.]
 [1. 0. 0.]
 [1. 0. 0.]]
probabilities: [[0.523037   0.32645157 0.1505114 ]
 [0.2903619  0.6352278  0.07441025]
 [0.8744175  0.02265429 0.10292821]
 [0.9296261  0.02177144 0.04860244]
 [0.07234643 0.3074307  0.62022287]]
probabilities: [[0.04971903 0.27636945 0.6739115 ]
 [0.04456764 0.6877165  0.26771587]
 [0.6166247  0.29345986 0.08991544]
 [0.776371   0.04477441 0.17885457]
 [0.32184875 0.02919979 0.6489515 ]]
probabilities: [[0.986906   0.0099377  0.00315629]
 [0.00688859 0.8230521  0.17005932]
 [0.20182282 0.51084125 0.2873359 ]
 [0.23459639 0.16553274 0.59987086]
 [0.08410987 0.61951756 0.29637256]]
probabilities: [[0. 0. 1.]
 [0. 1. 0.]
 [0. 1. 0.]
 [0. 0. 1.]
 [0. 0. 1.]]
probabilities: [[0.43600616 0.00527004 0.5587238 ]
 [0.00973984 0.5538836  0.43637657]
 [0.07085122 0.073827   0.85532176]
 [0.16697764 0.73884225 0.09418012]
 [0.8880704  0.08848549 0.02344409]]
probabilities: [[0.51527643 0.3890443  0.09567925]
 [0.27003774 0.15711617 0.5728461 ]
 [0.11928965 0.48323536 0.39747497]
 [0.49799305 0.1127928  0.38921416]
 [0.10777503 0.10716415 0.7850608 ]]
probabilities: [[3.1353477e-01 6.8581975e-01 6.4550008e-04]
 [8.0070865e-01 1.4489934e-01 5.4392040e-02]
 [5.5998111e-01 4.8841964e-02 3.9117691e-01]
 [4.4590935e-01 7.8361049e-02 4.7572961e-01]
 [8.2490039e-01 9.2703387e-02 8.2396246e-02]]
probabilities: [[0. 0. 1.]
 [0. 1. 0.]
 [0. 0. 1.]
 [0. 0. 1.]
 [0. 0. 1.]]
probabilities: [[0.43033162 0.45270497 0.11696341]
 [0.02981215 0.7053063  0.26488155]
 [0.4805934  0.453017   0.0663896 ]
 [0.5949877  0.21455507 0.19045722]
 [0.17757362 0.7374306  0.08499584]]
probabilities: [[0.25918937 0.5756469  0.16516377]
 [0.4619867  0.09251425 0.44549906]
 [0.63532573 0.1148224  0.24985187]
 [0.14490838 0.659843   0.19524857]
 [0.35961384 0.5840767  0.05630944]]
probabilities: [[0.39292833 0.4855108  0.12156086]
 [0.1062283  0.67672944 0.21704225]
 [0.36527875 0.40732953 0.22739173]
 [0.70468247 0.26146528 0.03385225]
 [0.09556372 0.19375806 0.7106782 ]]
probabilities: [[1. 0. 0.]
 [1. 0. 0.]
 [1. 0. 0.]
 [1. 0. 0.]
 [1. 0. 0.]]
probabilities: [[0.17520976 0.3407534  0.4840368 ]
 [0.02939761 0.44226098 0.5283414 ]
 [0.42480707 0.4203834  0.15480953]
 [0.41534096 0.45932674 0.12533231]
 [0.30398694 0.6461246  0.04988847]]
probabilities: [[0.19549842 0.24045466 0.5640469 ]
 [0.43078196 0.40933868 0.15987934]
 [0.23629098 0.49655184 0.2671572 ]
 [0.29546437 0.5418636  0.16267201]
 [0.29671016 0.06524077 0.63804907]]
probabilities: [[0.08764683 0.22776648 0.6845867 ]
 [0.30769798 0.05980549 0.63249654]
 [0.27877545 0.2592627  0.46196184]
 [0.2637435  0.4813902  0.2548663 ]
 [0.5031217  0.19718091 0.2996974 ]]
probabilities: [[0. 0. 1.]
 [0. 1. 0.]
 [0. 1. 0.]
 [0. 0. 1.]
 [0. 0. 1.]]
probabilities: [[0.57838583 0.30918968 0.11242452]
 [0.40878293 0.17913394 0.41208315]
 [0.7758753  0.1332259  0.09089884]
 [0.07684128 0.5789701  0.34418863]
 [0.34333295 0.39912283 0.25754422]]
probabilities: [[0.4520687  0.17359674 0.37433457]
 [0.3042247  0.39408696 0.30168837]
 [0.5873925  0.37148714 0.04112035]
 [0.36689574 0.12392241 0.50918186]
 [0.42920575 0.5093581  0.06143614]]
probabilities: [[0.7037966  0.2241578  0.0720456 ]
 [0.07651188 0.59736246 0.32612565]
 [0.6154192  0.05921886 0.32536197]
 [0.47242436 0.31004268 0.21753296]
 [0.4393421  0.05104302 0.5096149 ]]
probabilities: [[1. 0. 0.]
 [1. 0. 0.]
 [1. 0. 0.]
 [1. 0. 0.]
 [1. 0. 0.]]
probabilities: [[0.33653948 0.21519244 0.4482681 ]
 [0.00792857 0.12819754 0.8638739 ]
 [0.22363411 0.13256262 0.64380324]
 [0.30865288 0.24873741 0.4426097 ]
 [0.07331938 0.08553404 0.8411466 ]]
probabilities: [[0.8298236  0.0815675  0.08860888]
 [0.20545325 0.16939339 0.62515336]
 [0.9257466  0.05642263 0.01783076]
 [0.08259525 0.7449281  0.17247665]
 [0.25597882 0.09728276 0.6467384 ]]
probabilities: [[0.05539829 0.60374576 0.34085596]
 [0.5795103  0.07962936 0.34086034]
 [0.23868613 0.246917   0.5143969 ]
 [0.09773341 0.36879078 0.5334758 ]
 [0.6261826  0.3463103  0.02750707]]
probabilities: [[0. 0. 1.]
 [0. 1. 0.]
 [0. 1. 0.]
 [0. 0. 1.]
 [0. 0. 1.]]
probabilities: [[0.12044657 0.27957487 0.59997857]
 [0.40345168 0.10246625 0.49408206]
 [0.30256766 0.24546452 0.45196784]
 [0.4369321  0.15040602 0.4126619 ]
 [0.09243484 0.03464346 0.8729217 ]]
probabilities: [[0.06306813 0.7199954  0.21693647]
 [0.5948078  0.31161132 0.09358086]
 [0.7594902  0.06743922 0.17307061]
 [0.5948637  0.33010748 0.07502879]
 [0.2494306  0.3736496  0.3769198 ]]
probabilities: [[0.20037378 0.53664166 0.26298454]
 [0.25388578 0.16709302 0.5790212 ]
 [0.10907757 0.6484264  0.24249604]
 [0.30025122 0.35496902 0.34477976]
 [0.6814742  0.12991409 0.1886117 ]]
probabilities: [[0. 0. 1.]
 [0. 1. 0.]
 [0. 0. 1.]
 [0. 0. 1.]
 [0. 0. 1.]]
probabilities: [[0.14882585 0.24472296 0.60645115]
 [0.40304002 0.2810336  0.31592637]
 [0.8271743  0.05719041 0.11563526]
 [0.30414099 0.556372   0.139487  ]
 [0.02312359 0.92779344 0.04908298]]
probabilities: [[0.7065473  0.0258003  0.2676524 ]
 [0.25236684 0.6896797  0.0579535 ]
 [0.2011465  0.7425792  0.05627429]
 [0.2637416  0.4529663  0.28329208]
 [0.20487712 0.18139246 0.61373043]]
probabilities: [[0.5633228  0.13672161 0.29995564]
 [0.3295128  0.5751791  0.0953081 ]
 [0.5267872  0.21418329 0.25902948]
 [0.41015166 0.14136118 0.44848716]
 [0.38257146 0.30690023 0.31052828]]
probabilities: [[1. 0. 0.]
 [1. 0. 0.]
 [1. 0. 0.]
 [1. 0. 0.]
 [1. 0. 0.]]
probabilities: [[0.48883355 0.25271818 0.25844827]
 [0.04601952 0.8346678  0.11931267]
 [0.13371962 0.01910862 0.8471718 ]
 [0.5811162  0.1160685  0.30281532]
 [0.09306416 0.25361803 0.6533178 ]]
probabilities: [[0.38392487 0.21675216 0.39932296]
 [0.6456036  0.03612275 0.31827363]
 [0.46466294 0.50040764 0.03492944]
 [0.10404737 0.86867446 0.02727815]
 [0.5415112  0.31402645 0.14446239]]
probabilities: [[0.3092101  0.01879286 0.6719971 ]
 [0.10692542 0.29994547 0.5931291 ]
 [0.3691696  0.04003666 0.5907937 ]
 [0.10557573 0.4939206  0.40050367]
 [0.38245684 0.25497296 0.3625702 ]]
probabilities: [[0. 0. 1.]
 [0. 1. 0.]
 [0. 1. 0.]
 [0. 0. 1.]
 [0. 0. 1.]]
probabilities: [[0.08254053 0.05530477 0.8621547 ]
 [0.8874076  0.04049336 0.07209904]
 [0.2758813  0.3911408  0.33297792]
 [0.37789032 0.1731141  0.4489956 ]
 [0.5278214  0.20040782 0.27177075]]
probabilities: [[0.3010578  0.12283182 0.57611036]
 [0.64830846 0.27752426 0.07416729]
 [0.08380299 0.27177742 0.6444196 ]
 [0.41740647 0.2915888  0.29100472]
 [0.6429121  0.34004176 0.01704615]]
probabilities: [[0.6652806  0.09602546 0.23869394]
 [0.2748178  0.11085059 0.6143316 ]
 [0.5753151  0.00961365 0.41507125]
 [0.72095245 0.21846817 0.0605794 ]
 [0.0965433  0.61535126 0.28810546]]
probabilities: [[1. 0. 0.]
 [1. 0. 0.]
 [1. 0. 0.]
 [1. 0. 0.]
 [1. 0. 0.]]
probabilities: [[0.68465805 0.2817177  0.03362427]
 [0.24229093 0.37843865 0.37927043]
 [0.09582786 0.41705778 0.48711434]
 [0.1343777  0.2684711  0.5971512 ]
 [0.79046625 0.10535794 0.10417581]]
probabilities: [[0.02077278 0.5596595  0.41956773]
 [0.20106523 0.59483814 0.20409663]
 [0.09221905 0.6722577  0.23552322]
 [0.21971971 0.03327659 0.74700373]
 [0.5563677  0.29165688 0.15197541]]
probabilities: [[0.30151454 0.6375243  0.06096116]
 [0.02880493 0.3476973  0.6234978 ]
 [0.08063548 0.39447352 0.524891  ]
 [0.3441033  0.33716008 0.3187366 ]
 [0.4146112  0.19069526 0.39469355]]
probabilities: [[0. 1. 0.]
 [0. 1. 0.]
 [0. 1. 0.]
 [0. 1. 0.]
 [0. 1. 0.]]
probabilities: [[0.49803397 0.48149046 0.02047557]
 [0.56746113 0.03508826 0.39745063]
 [0.27048573 0.18469374 0.54482055]
 [0.24432978 0.5003629  0.25530732]
 [0.51306385 0.45189083 0.03504533]]
probabilities: [[0.29071572 0.38667682 0.32260746]
 [0.32603887 0.1489789  0.5249822 ]
 [0.02462438 0.0515005  0.9238751 ]
 [0.712991   0.1087179  0.17829113]
 [0.2872833  0.01630459 0.6964121 ]]
probabilities: [[0.346153   0.1795823  0.4742647 ]
 [0.29304853 0.3043675  0.40258396]
 [0.04135437 0.4019871  0.5566585 ]
 [0.34113064 0.555251   0.10361835]
 [0.344896   0.08486518 0.5702388 ]]
probabilities: [[1. 0. 0.]
 [1. 0. 0.]
 [1. 0. 0.]
 [1. 0. 0.]
 [1. 0. 0.]]
probabilities: [[0.11400482 0.11959524 0.7663999 ]
 [0.14489545 0.5455161  0.3095885 ]
 [0.14497721 0.54344535 0.31157744]
 [0.31196797 0.14119424 0.5468378 ]
 [0.06130638 0.32468125 0.61401236]]
probabilities: [[0.2324055  0.7167025  0.05089195]
 [0.01957325 0.8540548  0.12637192]
 [0.80272156 0.14022426 0.05705416]
 [0.11749135 0.672745   0.20976368]
 [0.19395897 0.31907123 0.4869698 ]]
probabilities: [[0.16313905 0.5711969  0.265664  ]
 [0.03493823 0.2680199  0.69704187]
 [0.39150384 0.24174596 0.36675018]
 [0.22696133 0.6722552  0.10078346]
 [0.3047461  0.19513884 0.50011504]]
probabilities: [[0. 1. 0.]
 [0. 1. 0.]
 [0. 1. 0.]
 [0. 1. 0.]
 [0. 1. 0.]]
probabilities: [[0.49249655 0.41848853 0.08901491]
 [0.70707387 0.15847841 0.1344477 ]
 [0.55289674 0.30943123 0.13767207]
 [0.20886979 0.68758214 0.10354806]
 [0.03364322 0.77157354 0.19478321]]
probabilities: [[0.511678   0.25895002 0.22937201]
 [0.30957282 0.00888139 0.6815458 ]
 [0.65608627 0.16994168 0.17397207]
 [0.07766322 0.42553607 0.4968007 ]
 [0.4311213  0.03053827 0.53834045]]
probabilities: [[0.22362408 0.26520213 0.5111738 ]
 [0.28628337 0.21895887 0.49475774]
 [0.19645536 0.6860651  0.11747957]
 [0.08253444 0.14423361 0.7732319 ]
 [0.5767036  0.12872772 0.29456866]]
probabilities: [[1. 0. 0.]
 [1. 0. 0.]
 [1. 0. 0.]
 [1. 0. 0.]
 [1. 0. 0.]]
probabilities: [[0.05591843 0.9428657  0.00121587]
 [0.4770717  0.01385305 0.5090752 ]
 [0.22854476 0.11210869 0.6593466 ]
 [0.4188665  0.5470459  0.03408761]
 [0.29354864 0.31702766 0.3894237 ]]
probabilities: [[0.8709031  0.01302094 0.11607597]
 [0.02473375 0.7415739  0.23369235]
 [0.18176673 0.1419508  0.67628247]
 [0.25448823 0.25456646 0.4909453 ]
 [0.7076936  0.26235998 0.02994643]]
probabilities: [[0.74554795 0.02533613 0.2291159 ]
 [0.15664251 0.08184371 0.76151377]
 [0.4910069  0.2585697  0.25042337]
 [0.01803897 0.21228306 0.769678  ]
 [0.22579452 0.6586794  0.11552605]]
probabilities: [[0. 0. 1.]
 [0. 1. 0.]
 [0. 1. 0.]
 [0. 0. 1.]
 [0. 0. 1.]]
probabilities: [[0.23441164 0.62248266 0.14310573]
 [0.16677035 0.59759295 0.2356367 ]
 [0.05003447 0.40547925 0.5444863 ]
 [0.1827561  0.00514503 0.81209886]
 [0.31903914 0.1766767  0.50428414]]
probabilities: [[0.10880724 0.11958624 0.7716065 ]
 [0.02200969 0.12997365 0.8480167 ]
 [0.5332929  0.00785612 0.45885098]
 [0.6095423  0.11942367 0.271034  ]
 [0.5971965  0.16837414 0.23442931]]
probabilities: [[0.40316734 0.27504194 0.32179072]
 [0.08095645 0.51219803 0.40684554]
 [0.6236684  0.25934005 0.11699156]
 [0.0864979  0.1641394  0.7493627 ]
 [0.44662756 0.51767814 0.03569432]]
probabilities: [[0. 1. 0.]
 [0. 1. 0.]
 [0. 1. 0.]
 [0. 1. 0.]
 [0. 1. 0.]]
probabilities: [[0.03584548 0.6699345  0.29422   ]
 [0.02697357 0.44765162 0.5253748 ]
 [0.15427162 0.25264347 0.59308493]
 [0.18571484 0.04824611 0.7660391 ]
 [0.68771285 0.21643534 0.09585179]]
probabilities: [[0.26280648 0.5613796  0.17581388]
 [0.35093904 0.02089386 0.6281671 ]
 [0.3521534  0.03853777 0.60930884]
 [0.16073851 0.8077336  0.03152789]
 [0.64789087 0.09946491 0.25264424]]
probabilities: [[0.3139542  0.2733906  0.4126552 ]
 [0.358195   0.22563957 0.41616544]
 [0.20396166 0.15419403 0.64184433]
 [0.11778178 0.540296   0.3419222 ]
 [0.530688   0.13982686 0.32948512]]
probabilities: [[1. 0. 0.]
 [1. 0. 0.]
 [1. 0. 0.]
 [1. 0. 0.]
 [1. 0. 0.]]
probabilities: [[0.81299585 0.12646759 0.06053657]
 [0.36112058 0.11115488 0.52772456]
 [0.4977228  0.4721498  0.0301274 ]
 [0.07294391 0.48427927 0.44277683]
 [0.84031415 0.11300424 0.0466816 ]]
probabilities: [[0.9535624  0.01410411 0.03233352]
 [0.23593292 0.08028456 0.6837825 ]
 [0.12440725 0.78321457 0.09237818]
 [0.2523716  0.44498944 0.30263895]
 [0.01917812 0.18238145 0.7984404 ]]
probabilities: [[0.04086285 0.25770998 0.70142716]
 [0.82968646 0.04865184 0.12166172]
 [0.14276911 0.2562532  0.60097766]
 [0.46919292 0.05348429 0.4773228 ]
 [0.86442214 0.13197464 0.00360321]]
probabilities: [[0. 1. 0.]
 [0. 1. 0.]
 [0. 1. 0.]
 [0. 1. 0.]
 [0. 1. 0.]]
probabilities: [[0.015484   0.550462   0.43405402]
 [0.26611054 0.16861525 0.5652742 ]
 [0.6523751  0.040232   0.3073929 ]
 [0.7369995  0.15721712 0.1057834 ]
 [0.5452655  0.17133321 0.28340125]]
probabilities: [[0.57010394 0.1980376  0.23185846]
 [0.19366297 0.42014757 0.38618946]
 [0.04956834 0.10166133 0.8487703 ]
 [0.59280264 0.3639759  0.04322144]
 [0.946015   0.05129408 0.00269093]]
probabilities: [[0.4713811  0.36372066 0.16489828]
 [0.1931732  0.09679806 0.71002877]
 [0.04083478 0.31319785 0.64596736]
 [0.384316   0.02218332 0.5935007 ]
 [0.2502422  0.37021548 0.37954232]]
probabilities: [[0. 0. 1.]
 [0. 1. 0.]
 [0. 0. 1.]
 [0. 0. 1.]
 [0. 0. 1.]]
probabilities: [[0.6160308  0.14477944 0.23918971]
 [0.16752778 0.4353134  0.3971588 ]
 [0.36488366 0.60430646 0.03080989]
 [0.2034581  0.57039464 0.22614725]
 [0.06811416 0.13297144 0.79891443]]
probabilities: [[0.4248424  0.19554758 0.37961003]
 [0.00274574 0.8392545  0.15799977]
 [0.68970716 0.28559393 0.02469893]
 [0.01655553 0.26013342 0.72331107]
 [0.06596398 0.58340716 0.35062888]]
probabilities: [[0.11087082 0.30037507 0.5887541 ]
 [0.8010104  0.15967771 0.03931189]
 [0.01722613 0.541189   0.44158486]
 [0.16752155 0.48312178 0.34935665]
 [0.05926026 0.8577618  0.08297795]]
probabilities: [[0. 1. 0.]
 [0. 1. 0.]
 [0. 1. 0.]
 [0. 1. 0.]
 [0. 1. 0.]]
probabilities: [[0.10167594 0.11965673 0.77866733]
 [0.04616878 0.8120112  0.14182003]
 [0.08505255 0.72197896 0.1929685 ]
 [0.4566692  0.3088966  0.23443419]
 [0.32165405 0.08168834 0.5966576 ]]
probabilities: [[0.1102912  0.24617551 0.6435333 ]
 [0.7909006  0.09329765 0.11580174]
 [0.8153963  0.1815535  0.00305022]
 [0.09885713 0.6806458  0.22049707]
 [0.42318633 0.17062664 0.40618703]]
probabilities: [[0.17419392 0.8059257  0.01988037]
 [0.8419819  0.04418592 0.11383221]
 [0.23976904 0.6545125  0.10571841]
 [0.6342807  0.16153048 0.20418887]
 [0.6433829  0.24126118 0.11535589]]
probabilities: [[0. 1. 0.]
 [0. 1. 0.]
 [0. 1. 0.]
 [0. 1. 0.]
 [0. 1. 0.]]
probabilities: [[0.73772776 0.14800048 0.11427174]
 [0.12958035 0.08492833 0.78549135]
 [0.29429185 0.4488029  0.25690526]
 [0.10141172 0.15310673 0.74548155]
 [0.5281141  0.36669818 0.10518774]]
probabilities: [[0.32948983 0.5495917  0.12091848]
 [0.6027416  0.02641278 0.37084562]
 [0.12049913 0.4074837  0.47201717]
 [0.5037668  0.20972556 0.2865077 ]
 [0.20952119 0.17720099 0.6132778 ]]
probabilities: [[0.13467744 0.52175313 0.34356943]
 [0.11523164 0.20515673 0.6796116 ]
 [0.07976945 0.24531482 0.67491573]
 [0.06736726 0.31140617 0.62122655]
 [0.45876005 0.5349186  0.00632132]]
probabilities: [[0. 0. 1.]
 [0. 1. 0.]
 [0. 0. 1.]
 [0. 0. 1.]
 [0. 0. 1.]]
probabilities: [[0.0897001  0.01278838 0.89751154]
 [0.09123912 0.00164087 0.90712   ]
 [0.04057214 0.6032984  0.3561294 ]
 [0.15603313 0.42930517 0.4146617 ]
 [0.622883   0.32908544 0.04803155]]
probabilities: [[0.21267937 0.3645097  0.42281094]
 [0.25796455 0.49011517 0.25192028]
 [0.05418332 0.63654757 0.30926913]
 [0.84985524 0.00487302 0.14527173]
 [0.17163713 0.65745753 0.17090532]]
probabilities: [[0.13691431 0.6267227  0.23636298]
 [0.4330395  0.52082944 0.04613104]
 [0.14899464 0.63299173 0.21801361]
 [0.43784967 0.37735564 0.1847947 ]
 [0.14351074 0.1311456  0.72534364]]
probabilities: [[0. 1. 0.]
 [0. 1. 0.]
 [0. 1. 0.]
 [0. 1. 0.]
 [0. 1. 0.]]
probabilities: [[0.17897867 0.32828316 0.4927382 ]
 [0.2978492  0.07405248 0.6280983 ]
 [0.17510259 0.20879357 0.6161038 ]
 [0.14773628 0.7681791  0.08408457]
 [0.35045126 0.24222396 0.40732476]]
probabilities: [[0.36079624 0.62878686 0.01041691]
 [0.7666769  0.22987649 0.0034466 ]
 [0.3540051  0.63723075 0.00876414]
 [0.41651428 0.12095359 0.46253213]
 [0.14158109 0.28640327 0.57201564]]
probabilities: [[0.1735364  0.1411944  0.6852692 ]
 [0.02232009 0.41665605 0.56102383]
 [0.7438333  0.07089276 0.18527395]
 [0.21722433 0.3886004  0.39417526]
 [0.47063285 0.15280223 0.37656492]]
probabilities: [[0. 0. 1.]
 [0. 1. 0.]
 [0. 1. 0.]
 [0. 0. 1.]
 [0. 0. 1.]]
probabilities: [[1.02884896e-01 1.73431531e-01 7.23683596e-01]
 [3.64402473e-01 4.44807649e-01 1.90789893e-01]
 [2.73739427e-01 1.92728054e-04 7.26067841e-01]
 [2.15611666e-01 6.62122250e-01 1.22266077e-01]
 [6.22544467e-01 2.87295938e-01 9.01595652e-02]]
probabilities: [[0.37289974 0.42715243 0.19994783]
 [0.3558475  0.13707978 0.50707275]
 [0.0723089  0.25319427 0.6744968 ]
 [0.06680596 0.90652776 0.02666629]
 [0.14836563 0.7631997  0.08843468]]
probabilities: [[0.57381266 0.2912317  0.13495566]
 [0.03010723 0.4211785  0.5487143 ]
 [0.43425974 0.5313705  0.03436976]
 [0.1820768  0.20959772 0.6083255 ]
 [0.8034858  0.15985936 0.03665482]]
probabilities: [[0. 1. 0.]
 [0. 1. 0.]
 [0. 1. 0.]
 [0. 1. 0.]
 [0. 1. 0.]]
probabilities: [[0.15065289 0.6039347  0.2454124 ]
 [0.00625931 0.73081285 0.26292783]
 [0.24934253 0.73474616 0.01591133]
 [0.60049456 0.01886093 0.3806445 ]
 [0.6034142  0.29483196 0.10175383]]
probabilities: [[0.19670634 0.24342996 0.5598637 ]
 [0.33797723 0.03197603 0.6300467 ]
 [0.73058206 0.14424463 0.1251733 ]
 [0.18416156 0.25059634 0.5652421 ]
 [0.52976346 0.10246938 0.36776713]]
probabilities: [[0.23597902 0.505189   0.25883198]
 [0.6591265  0.30413336 0.03674015]
 [0.47004232 0.08751766 0.44244   ]
 [0.67864543 0.07741604 0.24393855]
 [0.19956006 0.67786765 0.12257231]]
probabilities: [[0. 1. 0.]
 [0. 1. 0.]
 [0. 1. 0.]
 [0. 1. 0.]
 [0. 1. 0.]]
probabilities: [[0.21199012 0.13329944 0.6547104 ]
 [0.08945464 0.5111302  0.39941517]
 [0.02408553 0.85746557 0.11844891]
 [0.24484092 0.05333548 0.7018236 ]
 [0.2143371  0.04320697 0.74245596]]
probabilities: [[0.65164125 0.33814856 0.01021015]
 [0.03420038 0.21165188 0.75414777]
 [0.20154598 0.41517252 0.3832815 ]
 [0.513202   0.072445   0.414353  ]
 [0.4565509  0.3611576  0.1822915 ]]
probabilities: [[0.14817122 0.04382853 0.80800027]
 [0.33508158 0.53235334 0.13256508]
 [0.3238994  0.49396127 0.18213935]
 [0.2512914  0.47218904 0.27651957]
 [0.53128624 0.38009506 0.08861869]]
probabilities: [[0. 0. 1.]
 [0. 1. 0.]
 [0. 0. 1.]
 [0. 0. 1.]
 [0. 0. 1.]]
probabilities: [[0.36642924 0.2405116  0.39305916]
 [0.7472841  0.25185755 0.00085836]
 [0.2972725  0.18045293 0.52227455]
 [0.132219   0.7919656  0.07581539]
 [0.45583493 0.17931007 0.364855  ]]
probabilities: [[0.06742258 0.62144023 0.31113717]
 [0.4540427  0.39457121 0.15138607]
 [0.60023    0.24485672 0.15491329]
 [0.61671096 0.32999566 0.05329335]
 [0.02145505 0.7677109  0.21083404]]
probabilities: [[0.07158649 0.23395567 0.6944578 ]
 [0.10182217 0.7244899  0.1736879 ]
 [0.6837139  0.21338992 0.10289614]
 [0.86266506 0.06800921 0.06932575]
 [0.72912395 0.26387417 0.00700185]]
probabilities: [[1. 0. 0.]
 [1. 0. 0.]
 [1. 0. 0.]
 [1. 0. 0.]
 [1. 0. 0.]]
probabilities: [[0.04528877 0.23723213 0.7174791 ]
 [0.3044428  0.66100377 0.03455346]
 [0.5049194  0.36177447 0.13330616]
 [0.15745348 0.12157135 0.72097516]
 [0.39232013 0.3684432  0.23923667]]
probabilities: [[0.07653137 0.08838212 0.8350865 ]
 [0.13588221 0.8063791  0.05773869]
 [0.8045991  0.10641557 0.08898532]
 [0.3532663  0.5393239  0.10740977]
 [0.8221903  0.09540519 0.08240452]]
probabilities: [[0.02305869 0.7438167  0.23312464]
 [0.11135953 0.5603318  0.3283086 ]
 [0.31815422 0.12440591 0.55743986]
 [0.29538915 0.08611835 0.6184925 ]
