probabilities: [[0. 0. 1.]
 [0. 1. 0.]
 [0. 1. 0.]
 [0. 0. 1.]
 [0. 0. 1.]]
probabilities: [[0.09215639 0.3964558  0.5113878 ]
 [0.428472   0.46405306 0.10747492]
 [0.00761272 0.01152431 0.980863  ]
 [0.21557283 0.1426975  0.64172965]
 [0.04833551 0.41848806 0.5331764 ]]
probabilities: [[0.10623259 0.36258116 0.5311862 ]
 [0.5710265  0.39849147 0.03048199]
 [0.43740433 0.1269246  0.43567106]
 [0.05179531 0.35785142 0.5903533 ]
 [0.1812366  0.06641958 0.75234383]]
probabilities: [[0.7490403  0.10024716 0.15071252]
 [0.4415871  0.02248603 0.5359269 ]
 [0.27307865 0.19744183 0.5294795 ]
 [0.5284413  0.19086695 0.28069174]
 [0.24838533 0.5947218  0.1568929 ]]
probabilities: [[1. 0. 0.]
 [1. 0. 0.]
 [1. 0. 0.]
 [1. 0. 0.]
 [1. 0. 0.]]
probabilities: [[0.20740977 0.1359759  0.65661436]
 [0.00100301 0.9680438  0.0309532 ]
 [0.28961802 0.46277505 0.24760695]
 [0.56553704 0.06248307 0.37197992]
 [0.57243496 0.16978584 0.25777918]]
probabilities: [[0.0082765  0.7452921  0.24643137]
 [0.24716085 0.74947107 0.00336805]
 [0.10658135 0.04857251 0.8448461 ]
 [0.87699723 0.08953556 0.03346721]
 [0.17532247 0.07153156 0.753146  ]]
probabilities: [[0.17000774 0.06617959 0.76381266]
 [0.39174873 0.06822906 0.5400222 ]
 [0.23188342 0.15250254 0.61561406]
 [0.5745667  0.2973336  0.12809968]
 [0.04333202 0.15334868 0.8033193 ]]
probabilities: [[0. 1. 0.]
 [0. 1. 0.]
 [0. 1. 0.]
 [0. 1. 0.]
 [0. 1. 0.]]
probabilities: [[0.3723108  0.21315464 0.41453457]
 [0.86264616 0.04722706 0.09012678]
 [0.7816122  0.18379654 0.03459126]
 [0.41769248 0.14896384 0.43334368]
 [0.15320991 0.58140975 0.26538032]]
probabilities: [[0.64364386 0.2948396  0.06151655]
 [0.04695671 0.7629452  0.19009814]
 [0.3529312  0.14130196 0.5057668 ]
 [0.135205   0.7679898  0.09680519]
 [0.01657042 0.1881552  0.7952744 ]]
probabilities: [[8.4966011e-02 3.6303028e-01 5.5200374e-01]
 [9.8279500e-01 1.1861041e-04 1.7086403e-02]
 [8.2785738e-01 1.5632792e-01 1.5814699e-02]
 [6.1242092e-01 2.6158118e-01 1.2599790e-01]
 [4.0874201e-01 1.1736876e-01 4.7388923e-01]]
probabilities: [[1. 0. 0.]
 [1. 0. 0.]
 [1. 0. 0.]
 [1. 0. 0.]
 [1. 0. 0.]]
probabilities: [[0.05281022 0.77663374 0.17055607]
 [0.59472275 0.2620161  0.14326115]
 [0.23128024 0.13617647 0.63254327]
 [0.11051299 0.43932435 0.45016265]
 [0.41026732 0.01954231 0.57019037]]
probabilities: [[0.1406658  0.81547445 0.04385977]
 [0.38738048 0.38388023 0.2287393 ]
 [0.6096285  0.11783739 0.2725341 ]
 [0.27447292 0.29396713 0.43155998]
 [0.4045962  0.1176818  0.477722  ]]
probabilities: [[0.4501005  0.0482867  0.5016128 ]
 [0.17694145 0.62803143 0.19502714]
 [0.67912555 0.09239298 0.22848144]
 [0.28897867 0.64355034 0.06747101]
 [0.43905294 0.45097303 0.10997402]]
probabilities: [[0. 0. 1.]
 [0. 1. 0.]
 [0. 0. 1.]
 [0. 0. 1.]
 [0. 0. 1.]]
probabilities: [[0.21939875 0.02777417 0.7528271 ]
 [0.07741585 0.20515934 0.7174248 ]
 [0.05726622 0.87830806 0.06442572]
 [0.3341727  0.33170983 0.33411744]
 [0.22397093 0.5996868  0.17634226]]
probabilities: [[0.03089427 0.23395221 0.7351535 ]
 [0.39542186 0.2514548  0.35312334]
 [0.6107772  0.2980258  0.09119699]
 [0.18337995 0.36488664 0.45173338]
 [0.5897792  0.1682815  0.24193929]]
probabilities: [[0.12879516 0.84045047 0.03075435]
 [0.7632447  0.00196206 0.23479328]
 [0.10646397 0.22531143 0.66822463]
 [0.2054708  0.10671179 0.6878174 ]
 [0.5319988  0.29588878 0.17211239]]
probabilities: [[0. 1. 0.]
 [0. 1. 0.]
 [0. 1. 0.]
 [0. 1. 0.]
 [0. 1. 0.]]
probabilities: [[0.15388156 0.744474   0.10164443]
 [0.04441454 0.6263027  0.32928273]
 [0.32298854 0.20715676 0.46985468]
 [0.6211025  0.22870842 0.15018904]
 [0.36371106 0.3825532  0.25373575]]
probabilities: [[0.54041606 0.1695803  0.29000366]
 [0.19752169 0.6954848  0.10699347]
 [0.01757219 0.97362936 0.00879849]
 [0.5661118  0.33704433 0.09684385]
 [0.05836404 0.495379   0.44625697]]
probabilities: [[0.0582185  0.7294139  0.2123676 ]
 [0.38708004 0.03556075 0.5773592 ]
 [0.5198062  0.18641114 0.29378262]
 [0.25578475 0.21111096 0.5331043 ]
 [0.13705051 0.00923273 0.85371673]]
probabilities: [[0. 0. 1.]
 [0. 1. 0.]
 [0. 0. 1.]
 [0. 0. 1.]
 [0. 0. 1.]]
probabilities: [[0.347649   0.3966044  0.2557466 ]
 [0.05206468 0.07874413 0.86919117]
 [0.37847185 0.16180393 0.45972422]
 [0.20423791 0.27462485 0.52113724]
 [0.85034376 0.1011925  0.04846372]]
probabilities: [[0.3206972  0.49282208 0.18648075]
 [0.38713813 0.58815116 0.02471071]
 [0.5917155  0.01355719 0.3947273 ]
 [0.34903654 0.24571733 0.40524614]
 [0.14122139 0.7312363  0.12754232]]
probabilities: [[0.00489544 0.12392558 0.871179  ]
 [0.45979673 0.02296927 0.517234  ]
 [0.27065578 0.3209126  0.40843162]
 [0.1413943  0.8557813  0.00282439]
 [0.02975733 0.88427234 0.08597036]]
probabilities: [[0. 0. 1.]
 [0. 1. 0.]
 [0. 0. 1.]
 [0. 0. 1.]
 [0. 0. 1.]]
probabilities: [[0.14492632 0.05405504 0.80101866]
 [0.04947326 0.09218724 0.8583395 ]
 [0.1724539  0.65845054 0.16909553]
 [0.03559021 0.6241631  0.34024668]
 [0.48150244 0.01488771 0.50360984]]
probabilities: [[0.7720691  0.05945323 0.16847768]
 [0.04589719 0.17814863 0.7759542 ]
 [0.39819312 0.18766572 0.41414118]
 [0.42491585 0.258963   0.31612113]
 [0.710635   0.23502016 0.05434481]]
probabilities: [[0.32871392 0.2951576  0.37612846]
 [0.6566079  0.2131322  0.13025984]
 [0.21658526 0.48719344 0.29622132]
 [0.34542996 0.29581597 0.3587541 ]
 [0.58262295 0.23187673 0.1855003 ]]
probabilities: [[1. 0. 0.]
 [1. 0. 0.]
 [1. 0. 0.]
 [1. 0. 0.]
 [1. 0. 0.]]
probabilities: [[0.20916998 0.454701   0.33612898]
 [0.42912182 0.148772   0.42210618]
 [0.13609973 0.527909   0.3359913 ]
 [0.19702807 0.287823   0.51514894]
 [0.28276864 0.68926877 0.02796263]]
probabilities: [[5.5019891e-01 4.4969249e-01 1.0862420e-04]
 [1.1117224e-01 1.6142856e-01 7.2739923e-01]
 [3.7111908e-01 7.5999737e-02 5.5288118e-01]
 [4.6590939e-03 5.6567025e-01 4.2967069e-01]
 [7.1518636e-01 4.6503387e-02 2.3831028e-01]]
probabilities: [[0.03233746 0.6905729  0.2770896 ]
 [0.62099105 0.08264834 0.29636058]
 [0.6113507  0.09296774 0.29568154]
 [0.36041123 0.19221583 0.44737294]
 [0.77643    0.01829685 0.20527315]]
probabilities: [[0. 1. 0.]
 [0. 1. 0.]
 [0. 1. 0.]
 [0. 1. 0.]
 [0. 1. 0.]]
probabilities: [[1.10245235e-01 8.71573211e-05 8.89667630e-01]
 [3.02295297e-01 5.24615765e-01 1.73088923e-01]
 [4.56350654e-01 3.70143622e-01 1.73505723e-01]
 [8.10143258e-03 6.16367459e-01 3.75531107e-01]
 [1.37126923e-01 8.35235775e-01 2.76372861e-02]]
probabilities: [[0.24052097 0.74965847 0.00982058]
 [0.3724971  0.12677203 0.5007309 ]
 [0.20744157 0.26199195 0.5305665 ]
 [0.10943301 0.23404081 0.65652615]
 [0.36087537 0.56224215 0.07688246]]
probabilities: [[0.31884566 0.6339278  0.04722649]
 [0.08029176 0.51500523 0.40470302]
 [0.5882453  0.29803172 0.11372303]
 [0.20473565 0.76902384 0.02624049]
 [0.76275253 0.10710991 0.13013756]]
probabilities: [[0. 1. 0.]
 [0. 1. 0.]
 [0. 1. 0.]
 [0. 1. 0.]
 [0. 1. 0.]]
probabilities: [[0.02051119 0.01774657 0.9617422 ]
 [0.01671949 0.42457262 0.5587079 ]
 [0.08083757 0.46157676 0.45758566]
 [0.2336084  0.62722504 0.13916656]
 [0.25319156 0.40787935 0.33892906]]
probabilities: [[0.02997841 0.9167788  0.05324276]
 [0.7712267  0.00392803 0.22484525]
 [0.48837692 0.42687163 0.08475145]
 [0.45497638 0.3914776  0.15354599]
 [0.67308766 0.17816463 0.1487477 ]]
probabilities: [[0.14014077 0.52353406 0.33632514]
 [0.86545354 0.04276421 0.09178223]
 [0.03500196 0.38364932 0.5813487 ]
 [0.52733755 0.39159206 0.08107039]
 [0.02441787 0.62504023 0.3505419 ]]
probabilities: [[0. 0. 1.]
 [0. 1. 0.]
 [0. 0. 1.]
 [0. 0. 1.]
 [0. 0. 1.]]
probabilities: [[0.46153533 0.06886675 0.46959794]
 [0.09151375 0.01328377 0.89520246]
 [0.26624787 0.10468891 0.6290632 ]
 [0.17975533 0.5050579  0.3151868 ]
 [0.6509387  0.06790539 0.28115588]]
probabilities: [[0.30312136 0.01180605 0.6850726 ]
 [0.3849609  0.093016   0.52202314]
 [0.23033221 0.6565218  0.113146  ]
 [0.16452703 0.56009996 0.275373  ]
 [0.50980675 0.34478587 0.14540738]]
probabilities: [[0.5314699  0.09278949 0.37574065]
 [0.64468485 0.3367948  0.01852034]
 [0.02025836 0.10136545 0.8783762 ]
 [0.5392264  0.32322258 0.13755102]
 [0.08356424 0.4773626  0.43907315]]
probabilities: [[0. 0. 1.]
 [0. 1. 0.]
 [0. 1. 0.]
 [0. 0. 1.]
 [0. 0. 1.]]
probabilities: [[0.0475525  0.35520062 0.5972469 ]
 [0.50596005 0.09794348 0.39609647]
 [0.21117122 0.6786372  0.11019157]
 [0.15856098 0.64588535 0.19555368]
 [0.22864185 0.3469486  0.42440957]]
probabilities: [[0.03821293 0.81472725 0.14705981]
 [0.24875976 0.1629639  0.5882763 ]
 [0.09358034 0.6794197  0.22699997]
 [0.7559999  0.10944612 0.13455398]
 [0.0715148  0.22806032 0.70042485]]
probabilities: [[0.7350338  0.07382429 0.19114187]
 [0.1496046  0.10574064 0.7446548 ]
 [0.40097058 0.47016823 0.12886119]
 [0.3277354  0.37880263 0.29346198]
 [0.24368416 0.4828217  0.27349415]]
probabilities: [[0. 0. 1.]
 [0. 1. 0.]
 [0. 0. 1.]
 [0. 0. 1.]
 [0. 0. 1.]]
probabilities: [[0.41712803 0.5045417  0.07833029]
 [0.02226937 0.14078782 0.8369428 ]
 [0.07853193 0.1302194  0.7912487 ]
 [0.24383754 0.5359191  0.22024341]
 [0.15865442 0.15587078 0.6854748 ]]
probabilities: [[0.37618396 0.37478557 0.24903046]
 [0.25032252 0.73402834 0.01564916]
 [0.31995586 0.6741793  0.00586485]
 [0.28864193 0.02155528 0.68980277]
 [0.11736755 0.03393922 0.84869325]]
probabilities: [[0.7564746  0.07240374 0.17112166]
 [0.0778705  0.2822398  0.6398897 ]
 [0.34618285 0.42018676 0.23363039]
 [0.07306247 0.46139643 0.4655411 ]
 [0.12987667 0.1585553  0.71156806]]
probabilities: [[0. 1. 0.]
 [0. 1. 0.]
 [0. 1. 0.]
 [0. 1. 0.]
 [0. 1. 0.]]
probabilities: [[0.11717109 0.37037656 0.51245236]
 [0.60775596 0.33630154 0.05594251]
 [0.20114437 0.14231484 0.6565408 ]
 [0.12948899 0.3155523  0.5549587 ]
 [0.61574334 0.22671878 0.15753788]]
probabilities: [[0.84465104 0.01517855 0.14017043]
 [0.09757981 0.76321334 0.13920686]
 [0.67419314 0.22723414 0.09857272]
 [0.26415992 0.2299552  0.5058849 ]
 [0.5440359  0.35189933 0.10406474]]
probabilities: [[0.04042851 0.33305526 0.6265162 ]
 [0.39134878 0.47660413 0.13204712]
 [0.32455495 0.60380995 0.07163508]
 [0.01455281 0.03558096 0.94986624]
 [0.30049902 0.3637527  0.33574829]]
probabilities: [[1. 0. 0.]
 [1. 0. 0.]
 [1. 0. 0.]
 [1. 0. 0.]
 [1. 0. 0.]]
probabilities: [[0.00454525 0.5109715  0.4844833 ]
 [0.62260145 0.0631149  0.31428367]
 [0.01382574 0.15734613 0.82882816]
 [0.12878181 0.254254   0.61696416]
 [0.29916707 0.3905998  0.31023315]]
probabilities: [[0.2911847  0.53848994 0.1703254 ]
 [0.5224374  0.07889256 0.39867005]
 [0.5526875  0.310264   0.13704848]
 [0.08797945 0.15612078 0.7558998 ]
 [0.04914029 0.59772694 0.35313275]]
probabilities: [[0.45656183 0.26250443 0.2809337 ]
 [0.16431496 0.25187555 0.5838095 ]
 [0.66701496 0.23148337 0.10150167]
 [0.01128251 0.29728138 0.6914361 ]
 [0.17701648 0.07113378 0.7518497 ]]
probabilities: [[0. 0. 1.]
 [0. 1. 0.]
 [0. 0. 1.]
 [0. 0. 1.]
 [0. 0. 1.]]
probabilities: [[0.673403   0.21193863 0.11465833]
 [0.03904777 0.31512356 0.64582866]
 [0.6241352  0.16963731 0.20622748]
 [0.17661098 0.4358383  0.3875507 ]
 [0.26516062 0.6255333  0.1093061 ]]
probabilities: [[0.7041792  0.10813908 0.18768167]
 [0.38965788 0.02882765 0.5815145 ]
 [0.09190833 0.5509514  0.35714024]
 [0.21955386 0.75518477 0.02526135]
 [0.4327663  0.11687956 0.45035413]]
probabilities: [[0.1998864  0.7205895  0.07952409]
 [0.0025722  0.5422508  0.45517695]
 [0.38731    0.09176893 0.5209211 ]
 [0.58277756 0.05176389 0.36545855]
 [0.68350405 0.10231378 0.2141822 ]]
probabilities: [[0. 1. 0.]
 [0. 1. 0.]
 [0. 1. 0.]
 [0. 1. 0.]
 [0. 1. 0.]]
probabilities: [[0.7806414  0.12785278 0.09150586]
 [0.10025585 0.11173054 0.7880136 ]
 [0.22321789 0.3203743  0.45640782]
 [0.6271168  0.01693762 0.3559456 ]
 [0.14865105 0.19667791 0.654671  ]]
probabilities: [[0.09652407 0.75875956 0.14471638]
 [0.5423912  0.24736363 0.21024519]
 [0.01967768 0.7767016  0.20362072]
 [0.3714434  0.18362844 0.44492814]
 [0.22422336 0.2643329  0.51144373]]
probabilities: [[0.22875118 0.13338265 0.6378662 ]
 [0.604234   0.34633473 0.04943131]
 [0.51242936 0.27195707 0.21561357]
 [0.8783677  0.01023317 0.11139908]
 [0.6525608  0.22694713 0.12049212]]
probabilities: [[0. 1. 0.]
 [0. 1. 0.]
 [0. 1. 0.]
 [0. 1. 0.]
 [0. 1. 0.]]
probabilities: [[0.7490246  0.23282556 0.0181498 ]
 [0.02541116 0.22384526 0.75074357]
 [0.01845999 0.3920027  0.5895373 ]
 [0.02102829 0.6085444  0.37042734]
 [0.66932774 0.31421036 0.01646193]]
probabilities: [[0.31699282 0.05263591 0.6303713 ]
 [0.18166386 0.39115354 0.42718259]
 [0.5428275  0.4171397  0.04003278]
 [0.7812806  0.02944882 0.18927063]
 [0.3596767  0.35018668 0.29013664]]
probabilities: [[0.49650547 0.46638182 0.03711272]
 [0.35400534 0.05009936 0.5958953 ]
 [0.2829193  0.32848203 0.38859868]
 [0.30819166 0.11688413 0.5749242 ]
 [0.34729487 0.1732015  0.47950363]]
probabilities: [[0. 0. 1.]
 [0. 1. 0.]
 [0. 0. 1.]
 [0. 0. 1.]
 [0. 0. 1.]]
probabilities: [[0.02397912 0.7530448  0.22297607]
 [0.5382608  0.00516364 0.45657554]
 [0.0605011  0.37574163 0.56375724]
 [0.1103551  0.29920843 0.59043646]
 [0.27808464 0.43978754 0.28212783]]
probabilities: [[0.37918052 0.4066729  0.21414658]
 [0.03431743 0.3677487  0.5979339 ]
 [0.5370045  0.32511345 0.13788208]
 [0.3871179  0.18855466 0.42432743]
 [0.36988056 0.46404356 0.1660759 ]]
probabilities: [[0.94030124 0.00991564 0.04978311]
 [0.23143232 0.5961145  0.17245314]
 [0.32124558 0.5658266  0.11292782]
 [0.27338734 0.33259603 0.39401662]
 [0.14261992 0.5029471  0.35443297]]
probabilities: [[0. 0. 1.]
 [0. 1. 0.]
 [0. 0. 1.]
 [0. 0. 1.]
 [0. 0. 1.]]
probabilities: [[0.09875506 0.08524746 0.8159975 ]
 [0.02346959 0.496538   0.47999242]
 [0.02132215 0.7081608  0.27051705]
 [0.41869733 0.39843246 0.18287022]
 [0.28643823 0.3494318  0.36412996]]
probabilities: [[0.01802115 0.29039693 0.6915819 ]
 [0.68046874 0.304942   0.01458925]
 [0.1919732  0.41595554 0.39207125]
 [0.79220283 0.03098321 0.17681395]
 [0.2202403  0.5103746  0.2693851 ]]
probabilities: [[0.9692685  0.02258842 0.00814306]
 [0.05418671 0.11877997 0.82703334]
 [0.26229423 0.55117315 0.18653263]
 [0.33297604 0.4727371  0.19428685]
 [0.00990766 0.22976127 0.7603311 ]]
probabilities: [[0. 0. 1.]
 [0. 1. 0.]
 [0. 0. 1.]
 [0. 0. 1.]
 [0. 0. 1.]]
probabilities: [[0.4650838  0.0437969  0.4911193 ]
 [0.44443473 0.3513626  0.2042027 ]
 [0.06674094 0.5087083  0.42455077]
 [0.47598496 0.48891577 0.03509925]
 [0.13755736 0.35918617 0.50325644]]
probabilities: [[0.2731678  0.40243328 0.32439893]
 [0.14073132 0.63417625 0.22509246]
 [0.2460378  0.12795304 0.62600917]
 [0.10761215 0.83430564 0.05808223]
 [0.5104712  0.4211429  0.06838585]]
probabilities: [[0.54974246 0.37558797 0.07466955]
 [0.37527013 0.48261797 0.14211188]
 [0.04310327 0.50902796 0.4478688 ]
 [0.0250008  0.94903004 0.02596913]
 [0.00770205 0.22733209 0.7649659 ]]
probabilities: [[0. 0. 1.]
 [0. 1. 0.]
 [0. 0. 1.]
 [0. 0. 1.]
 [0. 0. 1.]]
probabilities: [[0.04011782 0.48730102 0.47258115]
 [0.07960364 0.36393052 0.5564658 ]
 [0.18284796 0.03995031 0.7772017 ]
 [0.34729663 0.31257856 0.3401248 ]
 [0.5957248  0.12689723 0.27737796]]
probabilities: [[0.2851158  0.20229298 0.51259124]
 [0.43004674 0.15965737 0.4102959 ]
 [0.09501779 0.08671825 0.81826395]
 [0.57409465 0.2941427  0.13176265]
 [0.23943242 0.15454541 0.6060222 ]]
probabilities: [[0.15141085 0.25718403 0.5914051 ]
 [0.5917575  0.19342163 0.21482086]
 [0.19543462 0.7044396  0.10012579]
 [0.05265462 0.6874018  0.25994357]
 [0.46578297 0.30117384 0.23304322]]
probabilities: [[0. 0. 1.]
 [0. 1. 0.]
 [0. 1. 0.]
 [0. 0. 1.]
 [0. 0. 1.]]
probabilities: [[0.5723722  0.26557383 0.16205396]
 [0.18144739 0.63994294 0.17860968]
 [0.3039886  0.20446518 0.4915462 ]
 [0.820062   0.08262159 0.09731645]
 [0.66236264 0.3288262  0.00881119]]
probabilities: [[0.18452746 0.00860729 0.8068653 ]
 [0.24743108 0.6031542  0.14941476]
 [0.50491923 0.47427022 0.02081051]
 [0.2121462  0.5426239  0.24522991]
 [0.09228618 0.19047959 0.7172342 ]]
probabilities: [[3.9861938e-01 1.3593875e-01 4.6544188e-01]
 [5.7564121e-01 7.4560050e-04 4.2361319e-01]
 [1.1443587e-01 8.2420933e-01 6.1354820e-02]
 [5.8427399e-01 7.0437647e-02 3.4528840e-01]
 [5.1366240e-01 1.8195634e-01 3.0438128e-01]]
probabilities: [[0. 0. 1.]
 [0. 1. 0.]
 [0. 1. 0.]
 [0. 0. 1.]
 [0. 0. 1.]]
probabilities: [[0.49296302 0.13012034 0.37691662]
 [0.03156123 0.5691973  0.39924145]
 [0.23110236 0.11697097 0.6519267 ]
 [0.3913854  0.4776969  0.13091771]
 [0.48746747 0.11965524 0.3928773 ]]
probabilities: [[0.2529577  0.43671232 0.31032997]
 [0.01194048 0.9046503  0.08340923]
 [0.2516698  0.01979025 0.72853994]
 [0.17016661 0.23125371 0.5985797 ]
 [0.26921898 0.5078235  0.22295749]]
probabilities: [[0.09289593 0.7976105  0.10949352]
 [0.03257421 0.12319811 0.8442277 ]
 [0.31286016 0.52645767 0.16068219]
 [0.3948509  0.1907372  0.4144119 ]
 [0.60360235 0.31018186 0.08621578]]
probabilities: [[1. 0. 0.]
 [1. 0. 0.]
 [1. 0. 0.]
 [1. 0. 0.]
 [1. 0. 0.]]
probabilities: [[0.21143094 0.40686277 0.3817063 ]
 [0.15573472 0.12753743 0.71672785]
 [0.2580331  0.33543503 0.40653184]
 [0.32814208 0.4993261  0.1725318 ]
 [0.14745349 0.46035057 0.39219594]]
probabilities: [[0.9901338  0.00646759 0.00339857]
 [0.2106361  0.75375885 0.03560508]
 [0.22235894 0.30522573 0.47241536]
 [0.21242087 0.40472183 0.38285732]
 [0.63965034 0.09069174 0.26965794]]
probabilities: [[0.18594454 0.5370566  0.27699882]
 [0.04590892 0.6447346  0.30935645]
 [0.63740784 0.10374237 0.25884983]
 [0.04692411 0.508035   0.44504088]
 [0.30967486 0.3749298  0.31539536]]
probabilities: [[0. 0. 1.]
 [0. 1. 0.]
 [0. 1. 0.]
 [0. 0. 1.]
 [0. 0. 1.]]
probabilities: [[0.4638075  0.2867045  0.249488  ]
 [0.6721996  0.31531966 0.01248075]
 [0.6001171  0.12462161 0.27526134]
 [0.37364137 0.5002837  0.1260749 ]
 [0.61847043 0.02179896 0.3597306 ]]
probabilities: [[0.449305   0.4649533  0.0857417 ]
 [0.17576395 0.15009713 0.6741389 ]
 [0.43064258 0.5283837  0.04097373]
 [0.58730465 0.34745294 0.06524243]
 [0.00185945 0.7160353  0.28210524]]
probabilities: [[0.10928216 0.59388906 0.2968288 ]
 [0.41051948 0.47044602 0.11903448]
 [0.01865894 0.89234895 0.08899212]
 [0.697306   0.06990471 0.2327893 ]
 [0.02422264 0.3873955  0.5883819 ]]
probabilities: [[0. 0. 1.]
 [0. 1. 0.]
 [0. 1. 0.]
 [0. 0. 1.]
 [0. 0. 1.]]
probabilities: [[0.24443993 0.46205088 0.2935092 ]
 [0.32422575 0.48505497 0.19071928]
 [0.24028221 0.08066065 0.6790571 ]
 [0.36405325 0.05519515 0.5807516 ]
 [0.05228043 0.8246207  0.12309888]]
probabilities: [[0.62229735 0.30240998 0.07529268]
 [0.50197935 0.3000908  0.19792983]
 [0.03939836 0.03461755 0.9259841 ]
 [0.20762816 0.64233166 0.15004018]
 [0.47894412 0.2787037  0.24235217]]
probabilities: [[0.23200516 0.31106016 0.45693466]
 [0.7017208  0.29190975 0.00636948]
 [0.15431274 0.25354967 0.5921376 ]
 [0.44964838 0.4266598  0.12369183]
 [0.38352653 0.00718409 0.60928935]]
probabilities: [[1. 0. 0.]
 [1. 0. 0.]
 [1. 0. 0.]
 [1. 0. 0.]
 [1. 0. 0.]]
probabilities: [[0.6571297  0.17566887 0.16720143]
 [0.21156721 0.597172   0.19126076]
 [0.27657324 0.1076689  0.6157578 ]
 [0.19864555 0.39180675 0.40954772]
 [0.4342709  0.47507328 0.09065586]]
probabilities: [[0.5055513  0.4893266  0.00512214]
 [0.02090944 0.36887485 0.6102157 ]
 [0.31141794 0.03273259 0.65584946]
 [0.24604708 0.47658283 0.2773701 ]
 [0.39895946 0.06534021 0.5357003 ]]
probabilities: [[0.00115422 0.705838   0.29300776]
 [0.40123567 0.38719139 0.21157293]
 [0.40606833 0.13640518 0.45752648]
 [0.11249057 0.4110122  0.47649723]
 [0.32473436 0.04562464 0.629641  ]]
probabilities: [[0. 0. 1.]
 [0. 1. 0.]
 [0. 0. 1.]
 [0. 0. 1.]
 [0. 0. 1.]]
probabilities: [[0.73413736 0.07837742 0.18748523]
 [0.14628015 0.61672837 0.23699148]
 [0.9288217  0.03893865 0.03223965]
 [0.0982397  0.41977978 0.48198053]
 [0.03527817 0.4595138  0.505208  ]]
probabilities: [[0.6899042  0.2371814  0.07291441]
 [0.14920495 0.74581546 0.1049796 ]
 [0.8908413  0.01520877 0.09394991]
 [0.35476866 0.3534644  0.29176694]
 [0.48667017 0.4509185  0.06241134]]
probabilities: [[0.05116519 0.8679342  0.08090057]
 [0.37762928 0.48465106 0.13771969]
 [0.18673171 0.19385535 0.61941296]
 [0.6091383  0.07960098 0.3112607 ]
 [0.07139516 0.29706037 0.6315445 ]]
probabilities: [[0. 1. 0.]
 [0. 1. 0.]
 [0. 1. 0.]
 [0. 1. 0.]
 [0. 1. 0.]]
probabilities: [[0.15357545 0.33603182 0.5103927 ]
 [0.45925435 0.48414972 0.0565959 ]
 [0.08422378 0.35085678 0.5649194 ]
 [0.60013855 0.33206093 0.06780055]
 [0.690007   0.03484511 0.27514789]]
probabilities: [[0.14581414 0.4171145  0.43707135]
 [0.5828068  0.11589425 0.30129895]
 [0.13587831 0.39878863 0.46533307]
 [0.02330954 0.50423443 0.47245604]
 [0.03579734 0.89140254 0.07280014]]
probabilities: [[0.32178763 0.430527   0.24768539]
 [0.5699524  0.02681088 0.4032367 ]
 [0.10714713 0.66565365 0.22719924]
 [0.11637262 0.19906774 0.68455964]
 [0.14563258 0.01636682 0.8380006 ]]
probabilities: [[0. 1. 0.]
 [0. 1. 0.]
 [0. 1. 0.]
 [0. 1. 0.]
 [0. 1. 0.]]
probabilities: [[0.41910288 0.1890596  0.39183754]
 [0.05186872 0.90625733 0.04187392]
 [0.30473807 0.4072574  0.2880045 ]
 [0.07404115 0.9061768  0.01978207]
 [0.37840238 0.05831579 0.56328183]]
probabilities: [[0.8485254  0.14227337 0.00920124]
 [0.48297918 0.2419459  0.27507493]
 [0.61909974 0.35772786 0.02317242]
 [0.64721966 0.2354242  0.11735615]
 [0.00632149 0.8513775  0.14230101]]
probabilities: [[0.8049886  0.0253273  0.1696841 ]
 [0.05691765 0.1844333  0.75864905]
 [0.3549409  0.62796885 0.01709029]
 [0.5066639  0.16933227 0.32400385]
 [0.3765952  0.6042631  0.01914168]]
probabilities: [[0. 0. 1.]
 [0. 1. 0.]
 [0. 0. 1.]
 [0. 0. 1.]
 [0. 0. 1.]]
probabilities: [[0.18741496 0.5572982  0.25528687]
 [0.17544861 0.22657105 0.5979803 ]
 [0.07473061 0.48745054 0.43781886]
 [0.1989156  0.03216549 0.76891893]
 [0.28500375 0.4981908  0.21680546]]
probabilities: [[0.02070315 0.48487115 0.4944257 ]
 [0.22441225 0.40719324 0.36839452]
 [0.12740952 0.39463907 0.4779514 ]
 [0.01234498 0.298841   0.68881404]
 [0.57079357 0.11293712 0.3162693 ]]
probabilities: [[0.35816622 0.06740042 0.5744334 ]
 [0.0802993  0.15286286 0.76683784]
 [0.07895257 0.7412108  0.17983662]
 [0.08185633 0.10745823 0.81068546]
 [0.22246902 0.5098374  0.2676936 ]]
probabilities: [[0. 1. 0.]
 [0. 1. 0.]
 [0. 1. 0.]
 [0. 1. 0.]
 [0. 1. 0.]]
probabilities: [[0.79788995 0.0501751  0.15193497]
 [0.4433238  0.07024499 0.4864312 ]
 [0.10314787 0.25552115 0.64133096]
 [0.5054506  0.29514518 0.19940421]
 [0.4227071  0.14210151 0.43519136]]
probabilities: [[0.1094579  0.3698209  0.5207212 ]
 [0.4120335  0.5301575  0.05780898]
 [0.82846284 0.09209355 0.07944358]
 [0.27450776 0.09894309 0.6265491 ]
 [0.16946001 0.23526864 0.59527135]]
probabilities: [[0.0569692  0.32549268 0.6175381 ]
 [0.19613333 0.44962606 0.35424063]
 [0.07040206 0.03952859 0.89006937]
 [0.585477   0.33337334 0.08114964]
 [0.538137   0.30072576 0.16113725]]
probabilities: [[1. 0. 0.]
 [1. 0. 0.]
 [1. 0. 0.]
 [1. 0. 0.]
 [1. 0. 0.]]
probabilities: [[7.8897245e-02 5.3838348e-01 3.8271928e-01]
 [1.6538021e-01 5.7397205e-01 2.6064774e-01]
 [1.6610883e-04 3.7488845e-01 6.2494546e-01]
 [5.0246882e-01 1.0020475e-01 3.9732644e-01]
 [9.4300054e-02 1.9611801e-01 7.0958191e-01]]
probabilities: [[0.22031958 0.32618776 0.45349267]
 [0.44981828 0.03353699 0.5166447 ]
 [0.12865673 0.09796145 0.7733818 ]
 [0.13212235 0.24056801 0.6273096 ]
 [0.3668445  0.33557165 0.29758385]]
probabilities: [[0.5440511  0.1114281  0.34452075]
 [0.10985619 0.4679778  0.42216602]
 [0.50334114 0.04931835 0.4473405 ]
 [0.40354985 0.5290677  0.06738244]
 [0.24834068 0.5371579  0.21450143]]
probabilities: [[0. 1. 0.]
 [0. 1. 0.]
 [0. 1. 0.]
 [0. 1. 0.]
 [0. 1. 0.]]
probabilities: [[0.06793726 0.0443888  0.8876739 ]
 [0.68141425 0.270633   0.04795276]
 [0.07169177 0.3222043  0.6061039 ]
 [0.15056127 0.4290001  0.42043862]
 [0.5474915  0.36208305 0.09042543]]
probabilities: [[0.43496788 0.00914855 0.5558836 ]
 [0.51976275 0.20985572 0.27038154]
 [0.45315087 0.04274829 0.50410086]
 [0.33858696 0.2601571  0.40125594]
 [0.5424856  0.4380428  0.01947162]]
probabilities: [[0.38303992 0.6091346  0.00782549]
 [0.29131985 0.13059501 0.5780851 ]
 [0.36484212 0.35655087 0.278607  ]
 [0.6263267  0.19237635 0.18129696]
 [0.7035489  0.05954433 0.23690674]]
probabilities: [[0. 0. 1.]
 [0. 1. 0.]
 [0. 0. 1.]
 [0. 0. 1.]
 [0. 0. 1.]]
probabilities: [[0.03082881 0.26988786 0.6992833 ]
 [0.19169095 0.18720834 0.6211007 ]
 [0.67809105 0.28610286 0.03580607]
 [0.5021605  0.2677041  0.23013544]
 [0.29597774 0.30313215 0.4008901 ]]
probabilities: [[0.02469603 0.5991023  0.37620166]
 [0.05479821 0.37051317 0.5746886 ]
 [0.39605668 0.27499178 0.3289515 ]
 [0.20910046 0.01255281 0.7783467 ]
 [0.07540649 0.77683234 0.14776117]]
probabilities: [[0.46958783 0.42267922 0.10773294]
 [0.1159986  0.67685527 0.20714614]
 [0.3999861  0.5145615  0.08545246]
 [0.7734932  0.03061634 0.1958905 ]
 [0.6196382  0.14914194 0.23121983]]
probabilities: [[0. 0. 1.]
 [0. 1. 0.]
 [0. 0. 1.]
 [0. 0. 1.]
 [0. 0. 1.]]
probabilities: [[0.04575048 0.05110236 0.90314716]
 [0.64358544 0.10735795 0.24905661]
 [0.5565404  0.09925989 0.3441997 ]
 [0.7079795  0.05038306 0.24163742]
 [0.50261015 0.4303111  0.06707874]]
probabilities: [[0.20816737 0.6126028  0.17922984]
 [0.12640399 0.8671505  0.00644555]
 [0.88003415 0.02420904 0.09575681]
 [0.17079863 0.45574248 0.3734589 ]
 [0.02892776 0.6605522  0.31052002]]
probabilities: [[0.04842364 0.21663898 0.73493737]
 [0.09456263 0.07356478 0.8318726 ]
 [0.2987636  0.2901156  0.4111208 ]
 [0.12603378 0.8535066  0.02045956]
 [0.22770229 0.06851418 0.7037835 ]]
probabilities: [[1. 0. 0.]
 [1. 0. 0.]
 [1. 0. 0.]
 [1. 0. 0.]
 [1. 0. 0.]]
probabilities: [[0.32658204 0.29867268 0.37474525]
 [0.62947285 0.36070457 0.00982257]
 [0.7125946  0.19746639 0.089939  ]
 [0.10303504 0.30090913 0.5960558 ]
 [0.3474151  0.36324885 0.28933603]]
probabilities: [[0.44868815 0.43118417 0.12012768]
 [0.42261478 0.03196534 0.5454199 ]
 [0.33334708 0.50440437 0.16224858]
 [0.09004176 0.07813127 0.831827  ]
 [0.08433468 0.87743807 0.03822726]]
probabilities: [[0.6724329  0.2470685  0.08049862]
 [0.15600967 0.63168085 0.21230948]
 [0.32734677 0.2100807  0.46257254]
 [0.04149375 0.84272075 0.11578551]
 [0.5563742  0.22706087 0.21656495]]
probabilities: [[0. 1. 0.]
 [0. 1. 0.]
 [0. 1. 0.]
 [0. 1. 0.]
 [0. 1. 0.]]
probabilities: [[0.2048517  0.3230938  0.4720545 ]
 [0.45090953 0.42813164 0.12095883]
 [0.07656582 0.8962544  0.02717977]
 [0.20891236 0.2414347  0.54965293]
 [0.19135457 0.50492567 0.3037198 ]]
probabilities: [[0.18254098 0.20329762 0.61416143]
 [0.07594814 0.6786496  0.24540223]
 [0.38348448 0.34523436 0.27128115]
 [0.07612209 0.1804235  0.7434544 ]
 [0.02836652 0.4536909  0.5179426 ]]
probabilities: [[0.1926213  0.40079868 0.40658   ]
 [0.81932783 0.0065852  0.17408697]
 [0.13463236 0.5809996  0.284368  ]
 [0.00369853 0.8999433  0.09635819]
 [0.23419183 0.17596497 0.5898432 ]]
probabilities: [[1. 0. 0.]
 [1. 0. 0.]
 [1. 0. 0.]
 [1. 0. 0.]
 [1. 0. 0.]]
probabilities: [[0.37953845 0.27959144 0.3408701 ]
 [0.14185375 0.19255897 0.66558725]
 [0.28708097 0.37689996 0.33601907]
 [0.9257181  0.0029198  0.07136206]
 [0.08377364 0.43230402 0.48392233]]
probabilities: [[0.35405964 0.6318102  0.01413017]
 [0.314402   0.3757053  0.30989268]
 [0.7381488  0.13662976 0.12522146]
 [0.30142656 0.12409168 0.5744818 ]
 [0.56742805 0.14178729 0.2907847 ]]
probabilities: [[0.14670876 0.42646262 0.42682862]
 [0.19447777 0.5843069  0.22121531]
 [0.56040573 0.20901792 0.23057632]
 [0.44936648 0.45089614 0.09973737]
 [0.13050812 0.07020638 0.7992855 ]]
probabilities: [[1. 0. 0.]
 [1. 0. 0.]
 [1. 0. 0.]
 [1. 0. 0.]
 [1. 0. 0.]]
probabilities: [[0.12532711 0.87123585 0.00343701]
 [0.4327164  0.24085206 0.32643154]
 [0.06150213 0.4869595  0.45153838]
 [0.78920925 0.04176206 0.16902871]
 [0.3603161  0.01776726 0.62191665]]
probabilities: [[0.21163362 0.05875588 0.7296105 ]
 [0.29462734 0.619091   0.08628168]
 [0.25508842 0.22537489 0.51953673]
 [0.5210684  0.10831282 0.3706188 ]
 [0.8517253  0.07184441 0.07643034]]
probabilities: [[0.1989452  0.32624236 0.47481248]
 [0.84548485 0.04231305 0.11220212]
 [0.21019258 0.58114827 0.20865917]
 [0.41187143 0.10151017 0.4866184 ]
 [0.6603496  0.1738201  0.16583027]]
probabilities: [[0. 0. 1.]
 [0. 1. 0.]
 [0. 1. 0.]
 [0. 0. 1.]
 [0. 0. 1.]]
probabilities: [[0.4125183  0.12861893 0.45886278]
 [0.6836873  0.06942564 0.24688703]
 [0.05623749 0.87569714 0.0680654 ]
 [0.5086389  0.14465542 0.34670568]
 [0.4915285  0.10602465 0.40244684]]
probabilities: [[0.47211692 0.46459404 0.06328905]
 [0.22011876 0.38007104 0.3998102 ]
 [0.11949632 0.5861563  0.29434735]
 [0.251595   0.39934573 0.34905928]
 [0.63542074 0.19442025 0.17015901]]
probabilities: [[0.5911586  0.30520698 0.10363438]
 [0.02904014 0.81084174 0.16011812]
 [0.05057099 0.5950793  0.35434973]
 [0.32164925 0.24792364 0.4304271 ]
 [0.3088562  0.06625825 0.62488556]]
probabilities: [[0. 1. 0.]
 [0. 1. 0.]
 [0. 1. 0.]
 [0. 1. 0.]
 [0. 1. 0.]]
probabilities: [[0.21641472 0.02978803 0.75379723]
 [0.01216651 0.7493701  0.2384634 ]
 [0.13919027 0.1875521  0.67325765]
 [0.276545   0.29595217 0.42750284]
 [0.04096516 0.41702786 0.54200697]]
probabilities: [[0.04221907 0.67973834 0.2780426 ]
 [0.6357405  0.11763357 0.24662592]
 [0.03838487 0.94132847 0.02028668]
 [0.47923598 0.08609292 0.4346711 ]
 [0.03438686 0.7463827  0.21923044]]
probabilities: [[0.8490852  0.14032036 0.01059442]
 [0.58994323 0.09889341 0.31116334]
 [0.65299433 0.11271963 0.23428603]
 [0.3491285  0.2788653  0.37200618]
 [0.40836307 0.54176843 0.04986852]]
probabilities: [[0. 0. 1.]
 [0. 1. 0.]
 [0. 0. 1.]
 [0. 0. 1.]
 [0. 0. 1.]]
probabilities: [[0.17321683 0.2978709  0.52891225]
 [0.65050083 0.30132768 0.04817149]
 [0.08581036 0.14157149 0.7726182 ]
 [0.8754732  0.0651582  0.05936858]
 [0.4894695  0.05673456 0.45379594]]
probabilities: [[0.82121336 0.16277996 0.01600667]
 [0.7659314  0.11897694 0.11509164]
 [0.04909632 0.6278361  0.32306758]
 [0.23142518 0.28930792 0.47926688]
 [0.34417143 0.05280988 0.6030187 ]]
probabilities: [[0.61994445 0.2841896  0.09586596]
 [0.3546568  0.4199669  0.22537632]
 [0.00205101 0.26241708 0.7355319 ]
 [0.42071706 0.41730425 0.1619787 ]
 [0.35733965 0.04825542 0.59440494]]
probabilities: [[0. 1. 0.]
 [0. 1. 0.]
 [0. 1. 0.]
 [0. 1. 0.]
 [0. 1. 0.]]
probabilities: [[0.31349117 0.6660017  0.02050714]
 [0.3759447  0.4425519  0.1815034 ]
 [0.38101158 0.4897216  0.12926683]
 [0.6066704  0.38363162 0.00969801]
 [0.7637016  0.1322032  0.1040952 ]]
probabilities: [[0.33679667 0.37744427 0.28575906]
 [0.6035091  0.13823669 0.2582542 ]
 [0.19657041 0.70315766 0.10027191]
 [0.7383858  0.01135308 0.25026113]
 [0.13536239 0.35022482 0.51441276]]
probabilities: [[0.31775773 0.02757617 0.6546661 ]
 [0.31353885 0.2459156  0.44054553]
 [0.3906157  0.03205407 0.57733023]
 [0.59967494 0.37215623 0.02816884]
 [0.18804677 0.01065585 0.80129737]]
probabilities: [[0. 0. 1.]
 [0. 1. 0.]
 [0. 0. 1.]
 [0. 0. 1.]
 [0. 0. 1.]]
probabilities: [[0.13116796 0.78796405 0.08086801]
 [0.33335662 0.30749425 0.3591491 ]
 [0.14982499 0.14267805 0.70749694]
 [0.6542296  0.33406857 0.01170185]
 [0.1509725  0.6226803  0.22634721]]
probabilities: [[0.18134262 0.65847665 0.16018075]
 [0.5276019  0.36304703 0.10935109]
 [0.53403425 0.37557536 0.09039037]
 [0.01402185 0.92768043 0.05829772]
 [0.16518185 0.10103362 0.73378456]]
probabilities: [[0.34938282 0.27626476 0.37435243]
 [0.24487132 0.15308361 0.60204506]
 [0.8477122  0.06793623 0.08435156]
 [0.02213577 0.6868599  0.29100433]
 [0.94669    0.0137673  0.03954266]]
probabilities: [[0. 1. 0.]
 [0. 1. 0.]
 [0. 1. 0.]
 [0. 1. 0.]
 [0. 1. 0.]]
probabilities: [[0.35400945 0.48803103 0.1579595 ]
 [0.0486368  0.8971509  0.05421234]
 [0.23475024 0.5210445  0.24420524]
 [0.04321082 0.57533973 0.38144943]
 [0.43205422 0.0678584  0.5000874 ]]
probabilities: [[0.2536769  0.5466142  0.19970888]
 [0.85865253 0.06664834 0.07469912]
 [0.6727349  0.28691167 0.04035341]
 [0.23957969 0.32390252 0.43651778]
 [0.33303285 0.00705513 0.65991205]]
probabilities: [[0.523119   0.44998902 0.02689204]
 [0.5238471  0.15692994 0.31922296]
 [0.29490104 0.07369704 0.6314019 ]
 [0.04324488 0.02399176 0.93276334]
 [0.12868786 0.50799847 0.3633137 ]]
probabilities: [[0. 1. 0.]
 [0. 1. 0.]
 [0. 1. 0.]
 [0. 1. 0.]
 [0. 1. 0.]]
probabilities: [[0.47804838 0.47491038 0.04704124]
 [0.54975903 0.06456604 0.38567492]
 [0.2401538  0.4241278  0.33571842]
 [0.11571692 0.86775273 0.01653034]
 [0.37789476 0.21302247 0.40908277]]
probabilities: [[0.24673612 0.22747105 0.52579284]
 [0.85866797 0.11650039 0.02483162]
 [0.38675755 0.57901895 0.03422351]
 [0.38846976 0.5970346  0.01449565]
 [0.04618201 0.8683654  0.08545257]]
probabilities: [[0.33309984 0.18012159 0.4867786 ]
 [0.7821201  0.11382609 0.10405378]
 [0.5704263  0.00340522 0.4261685 ]
 [0.34065527 0.5562775  0.10306723]
 [0.12228967 0.34250262 0.5352077 ]]
probabilities: [[1. 0. 0.]
 [1. 0. 0.]
 [1. 0. 0.]
 [1. 0. 0.]
 [1. 0. 0.]]
probabilities: [[0.18405016 0.76989275 0.04605707]
 [0.58563346 0.10384182 0.31052473]
 [0.05382627 0.26866466 0.67750907]
 [0.43695813 0.33683577 0.2262061 ]
 [0.5971232  0.3833626  0.01951424]]
probabilities: [[0.09202363 0.3393686  0.56860775]
 [0.6610031  0.33632654 0.00267032]
 [0.0484688  0.26053682 0.6909944 ]
 [0.12118851 0.13991508 0.7388964 ]
 [0.26154238 0.2370495  0.5014081 ]]
probabilities: [[0.07305844 0.89964896 0.02729258]
 [0.1037837  0.7984859  0.09773043]
 [0.30518195 0.674251   0.02056702]
 [0.7757196  0.08675413 0.13752632]
 [0.5565023  0.4182793  0.0252184 ]]
probabilities: [[0. 0. 1.]
 [0. 1. 0.]
 [0. 0. 1.]
 [0. 0. 1.]
 [0. 0. 1.]]
probabilities: [[0.52853054 0.36544997 0.1060195 ]
 [0.2639128  0.11842365 0.61766356]
 [0.3699891  0.2560873  0.3739236 ]
 [0.20895535 0.53769386 0.2533508 ]
 [0.3272275  0.4463157  0.22645678]]
probabilities: [[0.5690495  0.00451807 0.42643246]
 [0.70595306 0.2340305  0.06001643]
 [0.55008215 0.22536139 0.22455648]
 [0.15581474 0.17549476 0.6686905 ]
 [0.40924415 0.01024272 0.5805131 ]]
probabilities: [[0.12448576 0.46907935 0.4064349 ]
 [0.12835363 0.34026557 0.53138083]
 [0.11909943 0.02285325 0.8580473 ]
 [0.19808045 0.29135984 0.5105597 ]
 [0.18507953 0.22647241 0.58844805]]
probabilities: [[1. 0. 0.]
 [1. 0. 0.]
 [1. 0. 0.]
 [1. 0. 0.]
 [1. 0. 0.]]
probabilities: [[0.10804667 0.25976533 0.632188  ]
 [0.14946906 0.47909248 0.37143847]
 [0.22848538 0.11302626 0.6584884 ]
 [0.05936422 0.12674022 0.8138956 ]
 [0.10345834 0.29932025 0.59722143]]
probabilities: [[0.3304104  0.1262661  0.5433235 ]
 [0.15270342 0.72560287 0.1216937 ]
 [0.26894966 0.7269647  0.00408562]
 [0.2900567  0.63725597 0.07268733]
 [0.3462591  0.33399394 0.319747  ]]
probabilities: [[0.885124   0.01646838 0.09840762]
 [0.00777313 0.522322   0.4699049 ]
 [0.30074003 0.02400281 0.67525715]
 [0.5147894  0.00865638 0.47655421]
 [0.7979077  0.00155288 0.2005394 ]]
probabilities: [[0. 0. 1.]
 [0. 1. 0.]
 [0. 0. 1.]
 [0. 0. 1.]
 [0. 0. 1.]]
probabilities: [[0.16123286 0.398868   0.43989915]
 [0.2999144  0.07417368 0.6259119 ]
 [0.18023773 0.03166879 0.7880935 ]
 [0.37732935 0.3441372  0.27853346]
 [0.3666383  0.62907284 0.00428888]]
probabilities: [[0.3349991  0.02668284 0.63831806]
 [0.9548622  0.02486774 0.0202701 ]
 [0.00581594 0.790889   0.203295  ]
 [0.69116706 0.17321488 0.13561809]
 [0.16101955 0.10577526 0.7332052 ]]
probabilities: [[0.6605573  0.15081151 0.18863116]
 [0.3637281  0.37623963 0.26003227]
 [0.7092783  0.26168543 0.02903625]
 [0.5291264  0.36212754 0.10874603]
 [0.40744162 0.45766518 0.13489322]]
probabilities: [[0. 1. 0.]
 [0. 1. 0.]
 [0. 1. 0.]
 [0. 1. 0.]
 [0. 1. 0.]]
probabilities: [[0.0113498  0.9078547  0.08079551]
 [0.07818778 0.3300025  0.59180975]
 [0.0617086  0.6894193  0.24887207]
 [0.23862305 0.21137893 0.54999804]
 [0.13821994 0.38501158 0.4767685 ]]
probabilities: [[0.0857237  0.60147285 0.31280348]
 [0.8154912  0.07026217 0.11424663]
 [0.8314357  0.04909603 0.11946826]
 [0.09332968 0.26922902 0.6374413 ]
 [0.20851259 0.6065781  0.1849093 ]]
probabilities: [[0.26940796 0.26037562 0.47021642]
 [0.01024541 0.04247983 0.94727474]
 [0.46366975 0.21701273 0.31931752]
 [0.2359487  0.48118827 0.28286305]
 [0.5362484  0.09424827 0.36950332]]
probabilities: [[1. 0. 0.]
 [1. 0. 0.]
 [1. 0. 0.]
 [1. 0. 0.]
 [1. 0. 0.]]
probabilities: [[0.07911354 0.07022668 0.8506598 ]
 [0.37519285 0.4099366  0.21487056]
 [0.4776342  0.40884137 0.11352444]
 [0.21291848 0.16327935 0.6238022 ]
 [0.8905621  0.05777822 0.05165967]]
probabilities: [[0.49028575 0.20775856 0.30195567]
 [0.49901626 0.06098526 0.43999848]
 [0.19000793 0.2617694  0.54822266]
 [0.3327816  0.4807428  0.18647557]
 [0.6371187  0.0350052  0.3278761 ]]
probabilities: [[0.08501695 0.03781803 0.877165  ]
 [0.20713232 0.48035514 0.31251255]
 [0.21456458 0.02041053 0.7650249 ]
 [0.4615449  0.09023436 0.44822076]
 [0.10496245 0.886905   0.00813255]]
probabilities: [[0. 1. 0.]
 [0. 1. 0.]
 [0. 1. 0.]
 [0. 1. 0.]
 [0. 1. 0.]]
probabilities: [[0.19233775 0.4052416  0.40242064]
 [0.11426615 0.54402995 0.34170392]
 [0.32257882 0.5043131  0.1731081 ]
 [0.47964314 0.19800444 0.32235244]
 [0.3918768  0.4134035  0.19471972]]
probabilities: [[0.19451782 0.06004224 0.74543995]
 [0.17570458 0.553367   0.2709284 ]
 [0.36135292 0.579202   0.05944508]
 [0.46547288 0.2782903  0.25623682]
 [0.12007916 0.6591777  0.22074313]]
probabilities: [[0.1831659  0.48383948 0.3329946 ]
 [0.09211259 0.6857439  0.22214347]
 [0.23656625 0.6516536  0.11178019]
 [0.03932772 0.7638143  0.19685802]
 [0.13716502 0.38106003 0.48177496]]
probabilities: [[0. 1. 0.]
 [0. 1. 0.]
 [0. 1. 0.]
 [0. 1. 0.]
 [0. 1. 0.]]
probabilities: [[0.23021215 0.06089877 0.70888907]
 [0.40448034 0.4368057  0.15871397]
 [0.18727867 0.41974217 0.39297917]
 [0.24483803 0.03138445 0.72377753]
 [0.66416425 0.1903813  0.14545442]]
probabilities: [[0.01516842 0.149113   0.8357186 ]
 [0.04807938 0.51759636 0.4343243 ]
 [0.22258168 0.4471762  0.33024213]
 [0.13766493 0.17951119 0.6828239 ]
 [0.3325872  0.05018212 0.61723065]]
probabilities: [[0.04343684 0.69315124 0.2634119 ]
 [0.09167267 0.85098964 0.05733771]
 [0.35086358 0.10045845 0.548678  ]
 [0.77305245 0.10655225 0.1203953 ]
 [0.50626886 0.26311213 0.23061903]]
probabilities: [[0. 1. 0.]
 [0. 1. 0.]
 [0. 1. 0.]
 [0. 1. 0.]
 [0. 1. 0.]]
probabilities: [[0.515755   0.38998976 0.09425521]
 [0.46754414 0.17457563 0.35788023]
 [0.16739467 0.72416544 0.10843989]
 [0.8327842  0.1600022  0.0072136 ]
 [0.04824018 0.6791933  0.2725665 ]]
probabilities: [[0.5333468  0.35766777 0.10898544]
 [0.17163135 0.3992496  0.42911902]
 [0.3507639  0.3747001  0.274536  ]
 [0.7971795  0.11699282 0.08582766]
 [0.521979   0.08225614 0.3957649 ]]
probabilities: [[0.11231174 0.69797593 0.18971233]
 [0.55586034 0.2930721  0.15106757]
 [0.39644116 0.3835842  0.21997462]
 [0.12506728 0.6717062  0.20322652]
 [0.8026114  0.05022798 0.14716059]]
probabilities: [[0. 1. 0.]
 [0. 1. 0.]
 [0. 1. 0.]
 [0. 1. 0.]
 [0. 1. 0.]]
probabilities: [[0.4504797  0.5306175  0.01890283]
 [0.38219732 0.537934   0.07986867]
 [0.57569486 0.13212101 0.2921841 ]
 [0.7021178  0.06310797 0.23477422]
 [0.1672176  0.62908304 0.20369938]]
probabilities: [[0.05852355 0.18851694 0.7529595 ]
 [0.11136704 0.393849   0.494784  ]
 [0.3339757  0.52202255 0.14400172]
 [0.06418563 0.65027696 0.2855374 ]
 [0.32230994 0.4268625  0.25082755]]
probabilities: [[0.02188944 0.69375324 0.2843573 ]
 [0.2737659  0.11064114 0.61559296]
 [0.01961632 0.11867399 0.8617097 ]
 [0.20204507 0.5915827  0.20637223]
 [0.4341523  0.5290086  0.03683904]]
probabilities: [[1. 0. 0.]
 [1. 0. 0.]
 [1. 0. 0.]
 [1. 0. 0.]
 [1. 0. 0.]]
probabilities: [[0.978217   0.01928792 0.00249509]
 [0.00963237 0.38781857 0.6025491 ]
 [0.35960057 0.6218368  0.01856263]
 [0.06239342 0.7147532  0.22285336]
 [0.7656499  0.0442128  0.19013731]]
probabilities: [[0.24772072 0.6015901  0.15068921]
 [0.37966186 0.31419042 0.30614772]
 [0.3802107  0.03487259 0.5849167 ]
 [0.06461038 0.8059097  0.12947994]
 [0.04756776 0.20760357 0.7448287 ]]
probabilities: [[0.41530967 0.00714104 0.5775493 ]
 [0.5913022  0.2219838  0.18671396]
