probabilities: [[0. 0. 1.]
 [0. 1. 0.]
 [0. 0. 1.]
 [0. 0. 1.]
 [0. 0. 1.]]
probabilities: [[0.05629301 0.12045624 0.8232508 ]
 [0.76970834 0.11053175 0.11975992]
 [0.03631078 0.08773439 0.8759548 ]
 [0.32108337 0.5452928  0.13362382]
 [0.01418008 0.23029977 0.75552016]]
probabilities: [[0.27937275 0.39779538 0.32283187]
 [0.8923893  0.09761593 0.00999475]
 [0.5566684  0.25399688 0.1893347 ]
 [0.53669596 0.42106763 0.04223645]
 [0.722255   0.16857055 0.10917447]]
probabilities: [[0.309603   0.01935931 0.6710377 ]
 [0.28798208 0.28408295 0.42793497]
 [0.58554167 0.3844107  0.03004762]
 [0.32307017 0.66083586 0.01609395]
 [0.28014088 0.0459829  0.6738762 ]]
probabilities: [[0. 1. 0.]
 [0. 1. 0.]
 [0. 1. 0.]
 [0. 1. 0.]
 [0. 1. 0.]]
probabilities: [[0.29299748 0.49916965 0.20783284]
 [0.29849377 0.4260607  0.2754455 ]
 [0.19850056 0.09849068 0.7030088 ]
 [0.30591875 0.00574057 0.68834066]
 [0.63447636 0.16627453 0.19924913]]
probabilities: [[0.06469761 0.19770506 0.73759735]
 [0.49722034 0.07887226 0.4239074 ]
 [0.24929778 0.2234418  0.5272604 ]
 [0.35682657 0.3585783  0.28459513]
 [0.16973652 0.12110991 0.7091536 ]]
probabilities: [[0.7896674  0.07914454 0.131188  ]
 [0.69059306 0.18063416 0.12877278]
 [0.2313883  0.10297464 0.6656371 ]
 [0.35803464 0.6309325  0.01103284]
 [0.5876122  0.01429502 0.39809278]]
probabilities: [[0. 0. 1.]
 [0. 1. 0.]
 [0. 1. 0.]
 [0. 0. 1.]
 [0. 0. 1.]]
probabilities: [[0.4067213  0.17326242 0.4200163 ]
 [0.58391154 0.19498298 0.22110549]
 [0.73403525 0.01078696 0.2551778 ]
 [0.26256913 0.5475245  0.18990636]
 [0.4052532  0.25407586 0.34067094]]
probabilities: [[0.8610852  0.02590947 0.11300537]
 [0.08754794 0.54928666 0.36316538]
 [0.13625963 0.26045823 0.60328215]
 [0.01408172 0.51798713 0.46793112]
 [0.4463632  0.44080395 0.11283285]]
probabilities: [[0.19958587 0.00776404 0.7926501 ]
 [0.24538013 0.30125582 0.45336404]
 [0.37474465 0.17886879 0.44638658]
 [0.18591188 0.694239   0.11984909]
 [0.4035168  0.5688835  0.02759972]]
probabilities: [[0. 0. 1.]
 [0. 1. 0.]
 [0. 1. 0.]
 [0. 0. 1.]
 [0. 0. 1.]]
probabilities: [[0.16004236 0.2663095  0.57364815]
 [0.6444202  0.00791806 0.34766176]
 [0.05342092 0.36374092 0.5828382 ]
 [0.34352484 0.3997518  0.25672334]
 [0.01625837 0.50418717 0.47955447]]
probabilities: [[0.4686403  0.2223008  0.3090589 ]
 [0.14139175 0.7072098  0.15139844]
 [0.5145113  0.48121724 0.00427148]
 [0.05459186 0.03876289 0.90664524]
 [0.7382957  0.04867553 0.2130288 ]]
probabilities: [[0.20913762 0.2454484  0.545414  ]
 [0.2926608  0.68117976 0.02615943]
 [0.25716987 0.47869986 0.2641303 ]
 [0.56029475 0.12784767 0.3118576 ]
 [0.6854954  0.2931756  0.02132898]]
probabilities: [[0. 1. 0.]
 [0. 1. 0.]
 [0. 1. 0.]
 [0. 1. 0.]
 [0. 1. 0.]]
probabilities: [[0.72049457 0.06022607 0.21927933]
 [0.08418995 0.32156476 0.5942453 ]
 [0.15862662 0.22280243 0.618571  ]
 [0.38320363 0.22534022 0.39145616]
 [0.24058734 0.7408579  0.01855475]]
probabilities: [[0.8500587  0.10880189 0.04113942]
 [0.1078904  0.3309706  0.561139  ]
 [0.5792152  0.2784555  0.14232928]
 [0.17036955 0.2217918  0.60783863]
 [0.259479   0.60313696 0.13738403]]
probabilities: [[0.18232372 0.2514653  0.566211  ]
 [0.00118296 0.7353967  0.26342037]
 [0.13774896 0.18595286 0.6762982 ]
 [0.09636789 0.3205871  0.583045  ]
 [0.14455093 0.49191993 0.36352912]]
probabilities: [[1. 0. 0.]
 [1. 0. 0.]
 [1. 0. 0.]
 [1. 0. 0.]
 [1. 0. 0.]]
probabilities: [[0.0019903  0.3836255  0.6143842 ]
 [0.4444196  0.31549436 0.24008605]
 [0.02409621 0.15398452 0.82191926]
 [0.30767363 0.14681342 0.545513  ]
 [0.3811951  0.59932625 0.01947864]]
probabilities: [[0.5345962  0.20162825 0.26377553]
 [0.7336319  0.08501694 0.18135113]
 [0.40193936 0.28687724 0.3111834 ]
 [0.05493726 0.7386283  0.2064344 ]
 [0.51332283 0.35336542 0.13331172]]
probabilities: [[0.58793575 0.15984648 0.25221777]
 [0.11634595 0.47381285 0.40984118]
 [0.37729713 0.6203941  0.00230874]
 [0.64456695 0.01919906 0.33623397]
 [0.45758873 0.08710416 0.4553071 ]]
probabilities: [[0. 0. 1.]
 [0. 1. 0.]
 [0. 1. 0.]
 [0. 0. 1.]
 [0. 0. 1.]]
probabilities: [[0.490481   0.37178388 0.13773513]
 [0.16057275 0.61169803 0.22772919]
 [0.50927985 0.1047694  0.38595077]
 [0.31891054 0.52281845 0.15827098]
 [0.36660588 0.01230176 0.6210924 ]]
probabilities: [[0.02895533 0.54347134 0.4275733 ]
 [0.11938825 0.30822313 0.5723886 ]
 [0.23830137 0.06290399 0.69879466]
 [0.23187003 0.3169192  0.45121077]
 [0.20448248 0.65057963 0.14493789]]
probabilities: [[0.78854984 0.18594655 0.0255036 ]
 [0.01282124 0.74466383 0.24251492]
 [0.65796447 0.2720351  0.07000044]
 [0.48226967 0.15640949 0.36132082]
 [0.3202368  0.25708792 0.42267528]]
probabilities: [[0. 0. 1.]
 [0. 1. 0.]
 [0. 1. 0.]
 [0. 0. 1.]
 [0. 0. 1.]]
probabilities: [[0.20931561 0.48694512 0.30373928]
 [0.43702683 0.14565995 0.41731322]
 [0.05057421 0.22511841 0.72430736]
 [0.23386207 0.16989283 0.5962451 ]
 [0.23478809 0.57455784 0.19065404]]
probabilities: [[0.63410765 0.10938636 0.256506  ]
 [0.5357674  0.4561598  0.00807285]
 [0.21190336 0.6280139  0.1600827 ]
 [0.27297312 0.04731839 0.6797085 ]
 [0.5121066  0.29362527 0.19426815]]
probabilities: [[0.06822038 0.8964634  0.03531623]
 [0.6209635  0.25822124 0.12081525]
 [0.05088922 0.34001133 0.60909945]
 [0.20272645 0.6773501  0.11992345]
 [0.11012715 0.82335484 0.06651801]]
probabilities: [[1. 0. 0.]
 [1. 0. 0.]
 [1. 0. 0.]
 [1. 0. 0.]
 [1. 0. 0.]]
probabilities: [[0.58189744 0.02737693 0.39072567]
 [0.10210527 0.5805676  0.31732714]
 [0.36818558 0.48566929 0.14614514]
 [0.46027127 0.33049285 0.20923589]
 [0.21971048 0.0658348  0.7144547 ]]
probabilities: [[0.13982694 0.8141496  0.04602343]
 [0.49486485 0.35832614 0.14680901]
 [0.12756678 0.77153474 0.10089846]
 [0.30185616 0.16075355 0.5373903 ]
 [0.18791686 0.38831162 0.4237715 ]]
probabilities: [[0.24990816 0.2766901  0.47340173]
 [0.22903153 0.2742554  0.49671307]
 [0.21853326 0.7047052  0.07676157]
 [0.02467992 0.87750065 0.09781944]
 [0.37143365 0.4854669  0.14309946]]
probabilities: [[0. 1. 0.]
 [0. 1. 0.]
 [0. 1. 0.]
 [0. 1. 0.]
 [0. 1. 0.]]
probabilities: [[0.02607227 0.1923094  0.78161836]
 [0.4648609  0.325837   0.20930214]
 [0.13625772 0.6048881  0.2588542 ]
 [0.30505785 0.55968916 0.13525298]
 [0.20989178 0.3642923  0.42581594]]
probabilities: [[0.06788931 0.32305717 0.6090535 ]
 [0.04254637 0.06006572 0.8973879 ]
 [0.7771044  0.14192578 0.08096984]
 [0.10148083 0.01695101 0.88156813]
 [0.12472656 0.42341766 0.45185578]]
probabilities: [[0.06060952 0.87492925 0.06446123]
 [0.12763022 0.6240896  0.24828018]
 [0.5137822  0.00669381 0.47952396]
 [0.00978817 0.08942317 0.90078866]
 [0.5496048  0.15200981 0.29838538]]
probabilities: [[0. 1. 0.]
 [0. 1. 0.]
 [0. 1. 0.]
 [0. 1. 0.]
 [0. 1. 0.]]
probabilities: [[0.24964277 0.49434033 0.25601688]
 [0.01200822 0.3411596  0.64683217]
 [0.4647241  0.36037812 0.1748978 ]
 [0.31879026 0.3627509  0.31845886]
 [0.02584144 0.7829315  0.19122706]]
probabilities: [[0.40638772 0.3534997  0.24011257]
 [0.39276493 0.19380763 0.41342744]
 [0.5558135  0.29079235 0.15339418]
 [0.21401079 0.16436705 0.62162215]
 [0.46815673 0.22209246 0.30975083]]
probabilities: [[0.419355   0.34533605 0.23530895]
 [0.5898901  0.20653687 0.203573  ]
 [0.4919542  0.2661033  0.24194248]
 [0.75423497 0.15437971 0.09138532]
 [0.01150286 0.5314281  0.457069  ]]
probabilities: [[0. 1. 0.]
 [0. 1. 0.]
 [0. 1. 0.]
 [0. 1. 0.]
 [0. 1. 0.]]
probabilities: [[0.23830457 0.01478871 0.7469067 ]
 [0.71516454 0.01897195 0.2658635 ]
 [0.17329696 0.5836798  0.24302325]
 [0.21022095 0.13089497 0.65888405]
 [0.20078638 0.6836263  0.11558735]]
probabilities: [[0.15566544 0.57776934 0.2665652 ]
 [0.13257954 0.55432916 0.31309128]
 [0.5545094  0.34711492 0.09837568]
 [0.49500853 0.30547562 0.19951588]
 [0.43441373 0.04909976 0.5164865 ]]
probabilities: [[0.5640787  0.20779851 0.22812279]
 [0.16080683 0.05745631 0.78173685]
 [0.42967612 0.02287319 0.54745066]
 [0.22651477 0.6217677  0.15171753]
 [0.3504117  0.39902326 0.25056502]]
probabilities: [[1. 0. 0.]
 [1. 0. 0.]
 [1. 0. 0.]
 [1. 0. 0.]
 [1. 0. 0.]]
probabilities: [[0.5974431  0.00519376 0.39736313]
 [0.043564   0.18771748 0.76871854]
 [0.4677558  0.01228384 0.5199604 ]
 [0.03439065 0.01274792 0.9528614 ]
 [0.27000237 0.25143737 0.4785603 ]]
probabilities: [[0.66063493 0.1555185  0.18384655]
 [0.15621322 0.83953995 0.00424685]
 [0.4929663  0.2579503  0.2490834 ]
 [0.3827556  0.3831865  0.23405789]
 [0.49872196 0.22521684 0.2760612 ]]
probabilities: [[0.34489962 0.3102808  0.34481958]
 [0.50534236 0.22828656 0.2663711 ]
 [0.48018003 0.17222275 0.3475972 ]
 [0.75728893 0.15676415 0.08594695]
 [0.12799457 0.08501504 0.7869904 ]]
probabilities: [[1. 0. 0.]
 [1. 0. 0.]
 [1. 0. 0.]
 [1. 0. 0.]
 [1. 0. 0.]]
probabilities: [[0.04813812 0.92776424 0.02409765]
 [0.6859205  0.04768258 0.2663969 ]
 [0.4178309  0.01783093 0.56433815]
 [0.09252764 0.7098514  0.19762097]
 [0.5297904  0.43446362 0.03574598]]
probabilities: [[0.6620179  0.06318158 0.27480057]
 [0.10747222 0.7731644  0.11936341]
 [0.00941331 0.51334393 0.47724277]
 [0.8018316  0.12592465 0.07224375]
 [0.27750382 0.69091797 0.03157822]]
probabilities: [[0.43232852 0.07465439 0.4930171 ]
 [0.11085639 0.23628001 0.6528636 ]
 [0.32747045 0.6039074  0.06862215]
 [0.12118018 0.32518595 0.55363387]
 [0.10140028 0.5929633  0.3056364 ]]
probabilities: [[1. 0. 0.]
 [1. 0. 0.]
 [1. 0. 0.]
 [1. 0. 0.]
 [1. 0. 0.]]
probabilities: [[0.60266846 0.23107073 0.16626078]
 [0.2782943  0.4841387  0.23756701]
 [0.01206146 0.5345337  0.45340484]
 [0.27471936 0.40017322 0.32510743]
 [0.09885447 0.885715   0.01543053]]
probabilities: [[0.6632206  0.01331266 0.32346672]
 [0.624839   0.2151332  0.1600278 ]
 [0.59538454 0.3024544  0.10216106]
 [0.1618237  0.29991734 0.53825897]
 [0.27049845 0.59137    0.13813153]]
probabilities: [[0.04058006 0.8267317  0.13268824]
 [0.18349291 0.26633134 0.5501757 ]
 [0.19363996 0.10640085 0.69995916]
 [0.33584446 0.6289979  0.03515761]
 [0.33696887 0.16299571 0.5000354 ]]
probabilities: [[0. 0. 1.]
 [0. 1. 0.]
 [0. 0. 1.]
 [0. 0. 1.]
 [0. 0. 1.]]
probabilities: [[0.38280526 0.22048834 0.3967064 ]
 [0.25872594 0.67791504 0.06335904]
 [0.45708007 0.40013126 0.1427887 ]
 [0.42730945 0.09151319 0.48117733]
 [0.06198713 0.767439   0.17057388]]
probabilities: [[0.7567351  0.16564089 0.07762404]
 [0.49067    0.20090534 0.30842465]
 [0.26273897 0.20986807 0.527393  ]
 [0.02709097 0.95659685 0.01631218]
 [0.38458985 0.1447665  0.47064364]]
probabilities: [[0.29178077 0.34306872 0.36515048]
 [0.20777261 0.24300425 0.5492231 ]
 [0.09386009 0.3990808  0.5070591 ]
 [0.12098646 0.55539304 0.32362047]
 [0.5094189  0.11686566 0.37371543]]
probabilities: [[0. 0. 1.]
 [0. 1. 0.]
 [0. 0. 1.]
 [0. 0. 1.]
 [0. 0. 1.]]
probabilities: [[0.03313851 0.24000992 0.7268516 ]
 [0.3129286  0.06119788 0.6258735 ]
 [0.5681935  0.00867648 0.42313   ]
 [0.1998557  0.08658164 0.71356267]
 [0.30530703 0.2536542  0.44103876]]
probabilities: [[0.7694704  0.22601007 0.00451955]
 [0.7461035  0.0882957  0.16560076]
 [0.6287355  0.14269586 0.22856869]
 [0.6386641  0.21437079 0.14696506]
 [0.4444555  0.37377    0.18177448]]
probabilities: [[0.19998935 0.13670003 0.6633106 ]
 [0.16732866 0.7624934  0.07017799]
 [0.6558848  0.16647099 0.1776442 ]
 [0.7060515  0.1425295  0.15141894]
 [0.43126908 0.47907    0.08966094]]
probabilities: [[1. 0. 0.]
 [1. 0. 0.]
 [1. 0. 0.]
 [1. 0. 0.]
 [1. 0. 0.]]
probabilities: [[0.22177908 0.17531866 0.60290223]
 [0.8275147  0.13188277 0.04060249]
 [0.54113173 0.35927695 0.0995913 ]
 [0.07429899 0.74742264 0.17827836]
 [0.00139969 0.18324968 0.81535065]]
probabilities: [[0.03051554 0.4116348  0.55784965]
 [0.00298642 0.8189318  0.17808177]
 [0.01341223 0.04121529 0.94537246]
 [0.96395606 0.03307596 0.00296796]
 [0.87565833 0.06842554 0.0559161 ]]
probabilities: [[0.475795   0.05651199 0.467693  ]
 [0.24765196 0.40158567 0.35076237]
 [0.1266436  0.3966897  0.4766667 ]
 [0.76915056 0.17432846 0.05652099]
 [0.27834985 0.19837588 0.52327424]]
probabilities: [[1. 0. 0.]
 [1. 0. 0.]
 [1. 0. 0.]
 [1. 0. 0.]
 [1. 0. 0.]]
probabilities: [[0.3649965  0.52113765 0.11386588]
 [0.48301357 0.31443363 0.20255281]
 [0.65425575 0.30046582 0.04527847]
 [0.7379146  0.2089363  0.05314911]
 [0.6960312  0.23852181 0.065447  ]]
probabilities: [[0.00950842 0.50665593 0.48383564]
 [0.5646483  0.04695947 0.38839227]
 [0.01145869 0.86060315 0.12793818]
 [0.51306355 0.24406795 0.24286853]
 [0.41960144 0.0079319  0.5724667 ]]
probabilities: [[0.0554643  0.0449595  0.8995762 ]
 [0.07464702 0.80559105 0.11976194]
 [0.22718841 0.43552476 0.33728683]
 [0.7191226  0.02459124 0.25628614]
 [0.25883505 0.29910666 0.44205827]]
probabilities: [[0. 0. 1.]
 [0. 1. 0.]
 [0. 0. 1.]
 [0. 0. 1.]
 [0. 0. 1.]]
probabilities: [[0.18729898 0.36964652 0.4430545 ]
 [0.39947072 0.3420155  0.25851378]
 [0.7811397  0.07457349 0.14428684]
 [0.6799094  0.01946664 0.30062395]
 [0.66626537 0.0588487  0.27488595]]
probabilities: [[0.7639187  0.1461414  0.0899399 ]
 [0.07924508 0.1566407  0.76411426]
 [0.3969093  0.45824465 0.14484604]
 [0.8803635  0.11056981 0.00906668]
 [0.33053517 0.6233441  0.04612069]]
probabilities: [[0.5300942  0.1298451  0.3400607 ]
 [0.64591753 0.05843581 0.2956467 ]
 [0.08148385 0.50762695 0.41088918]
 [0.05878097 0.57131815 0.36990088]
 [0.3609235  0.07361045 0.56546605]]
probabilities: [[0. 0. 1.]
 [0. 1. 0.]
 [0. 1. 0.]
 [0. 0. 1.]
 [0. 0. 1.]]
probabilities: [[0.09066776 0.4481725  0.4611597 ]
 [0.8755544  0.04195005 0.08249556]
 [0.58813417 0.08465643 0.32720938]
 [0.01912096 0.53755695 0.44332212]
 [0.45467907 0.15096563 0.3943553 ]]
probabilities: [[0.20134051 0.7184978  0.08016165]
 [0.25677165 0.6580994  0.0851289 ]
 [0.0023332  0.63529783 0.36236894]
 [0.57939386 0.28119943 0.13940674]
 [0.6804266  0.00611429 0.3134591 ]]
probabilities: [[0.00537712 0.50234485 0.49227804]
 [0.06872968 0.4161622  0.5151081 ]
 [0.05118651 0.19454484 0.75426865]
 [0.3685165  0.3896643  0.2418192 ]
 [0.45611945 0.11746295 0.42641762]]
probabilities: [[0. 0. 1.]
 [0. 1. 0.]
 [0. 0. 1.]
 [0. 0. 1.]
 [0. 0. 1.]]
probabilities: [[0.11608755 0.44766206 0.4362504 ]
 [0.3751694  0.29012823 0.33470234]
 [0.15418258 0.8177359  0.0280815 ]
 [0.12098558 0.2771292  0.6018852 ]
 [0.5233351  0.43656686 0.04009807]]
probabilities: [[0.45501935 0.26307598 0.2819047 ]
 [0.1203807  0.41846162 0.46115768]
 [0.33783892 0.22200832 0.44015276]
 [0.02057652 0.9558452  0.02357827]
 [0.13001236 0.15724859 0.71273905]]
probabilities: [[0.00492986 0.92247236 0.0725978 ]
 [0.6794771  0.28158197 0.03894097]
 [0.13948335 0.00318168 0.857335  ]
 [0.3498517  0.599935   0.05021328]
 [0.02558765 0.6514506  0.3229618 ]]
probabilities: [[0. 0. 1.]
 [0. 1. 0.]
 [0. 0. 1.]
 [0. 0. 1.]
 [0. 0. 1.]]
probabilities: [[0.8530121  0.0966488  0.0503391 ]
 [0.19169731 0.2535715  0.55473113]
 [0.50378394 0.4413823  0.05483377]
 [0.04593402 0.02698397 0.927082  ]
 [0.08973783 0.8948082  0.015454  ]]
probabilities: [[0.340508   0.52400756 0.13548441]
 [0.25409886 0.228938   0.5169631 ]
 [0.16616714 0.2688192  0.56501365]
 [0.6128375  0.24406119 0.14310129]
 [0.29971603 0.10047781 0.59980613]]
probabilities: [[0.2967696  0.6038319  0.09939854]
 [0.1595397  0.54403025 0.29643005]
 [0.09721907 0.4902886  0.41249233]
 [0.00792005 0.7871946  0.20488532]
 [0.06052956 0.30785668 0.63161373]]
probabilities: [[0. 0. 1.]
 [0. 1. 0.]
 [0. 0. 1.]
 [0. 0. 1.]
 [0. 0. 1.]]
probabilities: [[0.7245585  0.24912964 0.02631188]
 [0.24865323 0.14339213 0.6079546 ]
 [0.60890067 0.24687013 0.14422922]
 [0.61609894 0.20423736 0.17966369]
 [0.3351164  0.10018706 0.56469655]]
probabilities: [[0.5398611  0.3329445  0.12719439]
 [0.0455872  0.44719473 0.50721806]
 [0.5314383  0.28084227 0.18771942]
 [0.15576433 0.6608212  0.18341447]
 [0.70714027 0.09816296 0.19469674]]
probabilities: [[0.09091141 0.09830405 0.8107845 ]
 [0.00365759 0.79961    0.19673237]
 [0.12761006 0.7444737  0.12791622]
 [0.3509798  0.3982225  0.25079772]
 [0.02077698 0.492197   0.48702604]]
probabilities: [[0. 0. 1.]
 [0. 1. 0.]
 [0. 1. 0.]
 [0. 0. 1.]
 [0. 0. 1.]]
probabilities: [[0.31519413 0.24468714 0.44011873]
 [0.6647275  0.13375837 0.20151412]
 [0.42482647 0.544314   0.03085949]
 [0.44314903 0.07791118 0.4789398 ]
 [0.7172593  0.05956554 0.22317515]]
probabilities: [[0.10432971 0.8736618  0.02200846]
 [0.71875495 0.08785613 0.19338894]
 [0.6160813  0.36500308 0.01891562]
 [0.35501432 0.51940423 0.12558144]
 [0.30602747 0.6850357  0.00893685]]
probabilities: [[0.02785738 0.5509765  0.42116612]
 [0.0249954  0.7003003  0.27470434]
 [0.36943072 0.47267836 0.15789092]
 [0.33863825 0.23490489 0.42645687]
 [0.09744629 0.8345101  0.06804366]]
probabilities: [[0. 0. 1.]
 [0. 1. 0.]
 [0. 0. 1.]
 [0. 0. 1.]
 [0. 0. 1.]]
probabilities: [[0.28259075 0.63388187 0.0835274 ]
 [0.40138903 0.11657383 0.48203716]
 [0.00339985 0.0195479  0.9770523 ]
 [0.49949303 0.06989085 0.4306161 ]
 [0.34562835 0.0173549  0.6370168 ]]
probabilities: [[0.6691302  0.09868814 0.23218167]
 [0.11664903 0.6890695  0.19428144]
 [0.57069284 0.10720017 0.322107  ]
 [0.08592303 0.85182923 0.06224773]
 [0.15271448 0.6662325  0.18105297]]
probabilities: [[0.6690403  0.2602623  0.07069737]
 [0.42523417 0.48164085 0.09312498]
 [0.36866552 0.31802693 0.31330755]
 [0.11385163 0.40657255 0.47957584]
 [0.21634501 0.6729776  0.11067737]]
probabilities: [[0. 0. 1.]
 [0. 1. 0.]
 [0. 0. 1.]
 [0. 0. 1.]
 [0. 0. 1.]]
probabilities: [[0.12600584 0.2032774  0.67071676]
 [0.34670937 0.21682702 0.43646362]
 [0.00796953 0.5433732  0.44865724]
 [0.34776103 0.14509502 0.507144  ]
 [0.22714362 0.09528518 0.67757124]]
probabilities: [[0.6225907  0.35989645 0.01751285]
 [0.2182635  0.44248962 0.33924687]
 [0.2827977  0.59444237 0.12275998]
 [0.6446429  0.2297471  0.12561001]
 [0.08218274 0.2877279  0.6300894 ]]
probabilities: [[0.40266114 0.2975374  0.29980147]
 [0.14597519 0.26743332 0.5865915 ]
 [0.21134382 0.30773097 0.4809252 ]
 [0.06696957 0.65358096 0.27944946]
 [0.07852957 0.38664043 0.53483   ]]
probabilities: [[1. 0. 0.]
 [1. 0. 0.]
 [1. 0. 0.]
 [1. 0. 0.]
 [1. 0. 0.]]
probabilities: [[0.22998072 0.6593276  0.11069167]
 [0.32719442 0.6113879  0.06141767]
 [0.15361464 0.16378856 0.6825968 ]
 [0.07012833 0.4834171  0.44645458]
 [0.84986687 0.12922195 0.02091121]]
probabilities: [[0.07213265 0.44638485 0.4814825 ]
 [0.10278023 0.8171776  0.08004215]
 [0.2313498  0.3440722  0.424578  ]
 [0.04926817 0.4401033  0.5106285 ]
 [0.07133096 0.30445722 0.62421185]]
probabilities: [[0.14053704 0.69675916 0.16270383]
 [0.1225073  0.6608981  0.21659459]
 [0.16502398 0.31191897 0.52305704]
 [0.346051   0.463723   0.190226  ]
 [0.40311626 0.2575703  0.33931348]]
probabilities: [[0. 0. 1.]
 [0. 1. 0.]
 [0. 1. 0.]
 [0. 0. 1.]
 [0. 0. 1.]]
probabilities: [[0.51552856 0.4698293  0.01464218]
 [0.27975225 0.5012862  0.21896154]
 [0.23698209 0.26979503 0.49322286]
 [0.05547088 0.38914716 0.55538195]
 [0.5962725  0.00567653 0.3980509 ]]
probabilities: [[0.05992557 0.48673755 0.45333686]
 [0.23422322 0.74807364 0.01770317]
 [0.21044077 0.6170843  0.17247492]
 [0.7978954  0.04646144 0.1556432 ]
 [0.49426082 0.38741738 0.1183218 ]]
probabilities: [[8.1337088e-01 4.5920705e-04 1.8616989e-01]
 [5.4071818e-02 4.6597353e-01 4.7995466e-01]
 [4.0508577e-01 1.8898948e-01 4.0592477e-01]
 [1.9929506e-01 5.5759251e-01 2.4311244e-01]
 [4.7146299e-01 1.5521155e-01 3.7332547e-01]]
probabilities: [[1. 0. 0.]
 [1. 0. 0.]
 [1. 0. 0.]
 [1. 0. 0.]
 [1. 0. 0.]]
probabilities: [[0.01095589 0.8091161  0.17992796]
 [0.87202793 0.11477924 0.01319282]
 [0.15949455 0.5781752  0.26233026]
 [0.19479787 0.31879124 0.4864109 ]
 [0.28764895 0.4810931  0.23125795]]
probabilities: [[0.09992889 0.2799447  0.6201264 ]
 [0.678118   0.13762842 0.1842536 ]
 [0.3955881  0.11647181 0.48794007]
 [0.10004936 0.367355   0.53259563]
 [0.7669549  0.02403079 0.20901433]]
probabilities: [[0.4921634  0.00379991 0.50403666]
 [0.55925417 0.2593952  0.18135059]
 [0.9309709  0.02123696 0.04779215]
 [0.5078062  0.09430023 0.3978936 ]
 [0.3848027  0.50661194 0.10858539]]
probabilities: [[1. 0. 0.]
 [1. 0. 0.]
 [1. 0. 0.]
 [1. 0. 0.]
 [1. 0. 0.]]
probabilities: [[0.07036574 0.03182763 0.89780664]
 [0.36163017 0.3406569  0.29771292]
 [0.07566404 0.8406094  0.08372657]
 [0.00782761 0.02852842 0.96364397]
 [0.13767481 0.4282081  0.43411708]]
probabilities: [[0.46211517 0.33137697 0.20650786]
 [0.47646645 0.04835037 0.4751832 ]
 [0.05743879 0.2216697  0.72089154]
 [0.30188262 0.22001287 0.4781045 ]
 [0.5548018  0.09884758 0.3463506 ]]
probabilities: [[0.44066715 0.07366956 0.4856633 ]
 [0.12281816 0.10528174 0.7719001 ]
 [0.17817035 0.4200598  0.40176985]
 [0.32861418 0.36538744 0.3059984 ]
 [0.78810793 0.10436743 0.10752461]]
probabilities: [[0. 0. 1.]
 [0. 1. 0.]
 [0. 1. 0.]
 [0. 0. 1.]
 [0. 0. 1.]]
probabilities: [[0.13054532 0.8158402  0.05361447]
 [0.2840677  0.5566391  0.1592932 ]
 [0.3019281  0.64194095 0.05613096]
 [0.34794807 0.3343824  0.31766948]
 [0.09586736 0.8253185  0.07881411]]
probabilities: [[0.036537   0.63956475 0.32389823]
 [0.6930701  0.01808464 0.28884527]
 [0.8569262  0.09634531 0.04672848]
 [0.00174938 0.69489795 0.30335268]
 [0.24867351 0.11010782 0.64121866]]
probabilities: [[0.0016168  0.35519874 0.6431845 ]
 [0.09429116 0.02089374 0.8848151 ]
 [0.08605973 0.6333551  0.2805852 ]
 [0.3806492  0.49054915 0.12880164]
 [0.2864526  0.46935755 0.24418986]]
probabilities: [[0. 0. 1.]
 [0. 1. 0.]
 [0. 0. 1.]
 [0. 0. 1.]
 [0. 0. 1.]]
probabilities: [[0.04634075 0.5849733  0.36868596]
 [0.32787076 0.06070371 0.6114255 ]
 [0.27760038 0.6851998  0.03719983]
 [0.2653776  0.61583966 0.11878276]
 [0.30390358 0.49828812 0.1978083 ]]
probabilities: [[0.24549086 0.6846386  0.06987052]
 [0.20240276 0.6341948  0.16340247]
 [0.2128145  0.51090133 0.27628416]
 [0.4077753  0.01593025 0.5762944 ]
 [0.37645376 0.13899253 0.48455372]]
probabilities: [[0.8660117  0.10678875 0.02719959]
 [0.35465962 0.3066348  0.33870557]
 [0.62994593 0.13798152 0.23207253]
 [0.21992624 0.6155304  0.1645434 ]
 [0.06457528 0.711268   0.22415671]]
probabilities: [[0. 1. 0.]
 [0. 1. 0.]
 [0. 1. 0.]
 [0. 1. 0.]
 [0. 1. 0.]]
probabilities: [[0.16914584 0.07363003 0.75722414]
 [0.6474241  0.21554197 0.13703392]
 [0.10023946 0.8409899  0.05877065]
 [0.440109   0.17790952 0.38198146]
 [0.28444162 0.63728696 0.07827143]]
probabilities: [[0.42021483 0.3236177  0.25616747]
 [0.18037842 0.77594745 0.0436741 ]
 [0.49335346 0.1055852  0.40106136]
 [0.11605961 0.19797179 0.6859686 ]
 [0.03562689 0.26098168 0.70339143]]
probabilities: [[0.25311872 0.5113679  0.23551336]
 [0.80608165 0.15363856 0.04027978]
 [0.17802545 0.09403358 0.727941  ]
 [0.04153994 0.7761715  0.18228857]
 [0.6576371  0.23131248 0.11105039]]
probabilities: [[0. 1. 0.]
 [0. 1. 0.]
 [0. 1. 0.]
 [0. 1. 0.]
 [0. 1. 0.]]
probabilities: [[0.01237508 0.35688448 0.63074046]
 [0.13677724 0.0422899  0.82093287]
 [0.12576818 0.29623887 0.5779929 ]
 [0.21247649 0.5183258  0.26919767]
 [0.52814996 0.01072517 0.46112484]]
probabilities: [[0.12993897 0.3708906  0.49917042]
 [0.36227253 0.1385298  0.49919763]
 [0.08980007 0.8327805  0.07741945]
 [0.29721722 0.46184567 0.24093713]
 [0.21738626 0.24141498 0.54119873]]
probabilities: [[0.5467267  0.31115437 0.14211893]
 [0.13235813 0.15095381 0.71668804]
 [0.43971634 0.12222808 0.43805557]
 [0.9013559  0.01780934 0.08083475]
 [0.01137814 0.21592115 0.7727007 ]]
probabilities: [[0. 0. 1.]
 [0. 1. 0.]
 [0. 1. 0.]
 [0. 0. 1.]
 [0. 0. 1.]]
probabilities: [[0.32668582 0.48191613 0.19139805]
 [0.03997885 0.9383573  0.02166386]
 [0.21718152 0.73324776 0.0495707 ]
 [0.06961206 0.7418199  0.18856801]
 [0.5303733  0.19746785 0.2721589 ]]
probabilities: [[0.01685823 0.35964686 0.6234949 ]
 [0.6528268  0.26411062 0.08306261]
 [0.3189671  0.36719918 0.31383374]
 [0.09193487 0.25666174 0.65140337]
 [0.22792768 0.17755528 0.59451705]]
probabilities: [[0.44805482 0.16014138 0.3918038 ]
 [0.35137442 0.40648147 0.24214411]
 [0.38033772 0.28427163 0.33539066]
 [0.44674245 0.5378371  0.01542045]
 [0.5691034  0.07786827 0.35302833]]
probabilities: [[0. 0. 1.]
 [0. 1. 0.]
 [0. 1. 0.]
 [0. 0. 1.]
 [0. 0. 1.]]
probabilities: [[0.26908195 0.29971477 0.43120328]
 [0.01966225 0.2757287  0.70460904]
 [0.5202371  0.05623752 0.42352536]
 [0.21423575 0.4523284  0.33343583]
 [0.1981888  0.03659252 0.7652187 ]]
probabilities: [[0.37945697 0.40491506 0.21562795]
 [0.5260268  0.3657391  0.10823414]
 [0.56074435 0.31428424 0.1249714 ]
 [0.0357715  0.15615539 0.8080731 ]
 [0.6600349  0.0866373  0.25332785]]
probabilities: [[0.02823555 0.755581   0.21618341]
 [0.0010108  0.27259827 0.72639096]
 [0.08742608 0.47303122 0.4395427 ]
 [0.07421029 0.04205183 0.88373786]
 [0.70491874 0.06534564 0.2297356 ]]
probabilities: [[0. 0. 1.]
 [0. 1. 0.]
 [0. 1. 0.]
 [0. 0. 1.]
 [0. 0. 1.]]
probabilities: [[0.52282786 0.2792121  0.19796003]
 [0.86913735 0.04197372 0.08888893]
 [0.6520623  0.02978504 0.31815267]
 [0.5309772  0.3123164  0.15670642]
 [0.33934116 0.12736063 0.5332982 ]]
probabilities: [[0.92157114 0.02373369 0.05469516]
 [0.45079145 0.02177385 0.5274347 ]
 [0.16378629 0.78717035 0.04904338]
 [0.65824425 0.21249858 0.1292572 ]
 [0.01342125 0.2738072  0.71277153]]
probabilities: [[0.3209523  0.18418139 0.4948663 ]
 [0.5682764  0.1367156  0.29500797]
 [0.02906595 0.83756685 0.13336723]
 [0.65531737 0.2750494  0.06963326]
 [0.1715769  0.46863306 0.35979006]]
probabilities: [[0. 0. 1.]
 [0. 1. 0.]
 [0. 0. 1.]
 [0. 0. 1.]
 [0. 0. 1.]]
probabilities: [[0.03629308 0.51949394 0.444213  ]
 [0.23911175 0.48294207 0.27794617]
 [0.27208474 0.23242202 0.49549323]
 [0.25452757 0.10770347 0.637769  ]
 [0.0144637  0.5070591  0.4784772 ]]
probabilities: [[0.47433227 0.09607106 0.42959666]
 [0.15092266 0.15174103 0.6973363 ]
 [0.26408228 0.55195826 0.18395945]
 [0.5017815  0.02262671 0.47559178]
 [0.38898373 0.4265619  0.18445438]]
probabilities: [[0.56195694 0.06390287 0.37414017]
 [0.20631494 0.23425785 0.5594272 ]
 [0.26113498 0.24914564 0.48971936]
 [0.02629258 0.42990297 0.54380447]
 [0.04532376 0.66264063 0.29203564]]
probabilities: [[0. 0. 1.]
 [0. 1. 0.]
 [0. 0. 1.]
 [0. 0. 1.]
 [0. 0. 1.]]
probabilities: [[6.0217345e-01 3.2811031e-01 6.9716208e-02]
 [4.4326618e-01 3.4188826e-04 5.5639195e-01]
 [2.8680038e-01 2.9598442e-01 4.1721523e-01]
 [5.3438294e-01 3.3409306e-01 1.3152401e-01]
 [1.2861700e-01 4.4764155e-01 4.2374143e-01]]
probabilities: [[0.03146516 0.6872119  0.28132296]
 [0.30050185 0.5286241  0.17087406]
 [0.05961059 0.4569186  0.4834708 ]
 [0.6522997  0.28767797 0.06002232]
 [0.31833383 0.50162345 0.18004273]]
probabilities: [[0.24668403 0.52283454 0.23048143]
 [0.11308195 0.70117134 0.18574671]
 [0.55515593 0.2192317  0.22561237]
 [0.65343934 0.08518098 0.2613797 ]
 [0.811312   0.09962908 0.08905888]]
probabilities: [[1. 0. 0.]
 [1. 0. 0.]
 [1. 0. 0.]
 [1. 0. 0.]
 [1. 0. 0.]]
probabilities: [[0.91035235 0.04362158 0.04602605]
 [0.22307181 0.50016594 0.27676225]
 [0.48551306 0.2817328  0.23275414]
 [0.37082547 0.39465672 0.23451781]
 [0.11618831 0.27205044 0.6117612 ]]
probabilities: [[0.62501824 0.36621505 0.00876668]
 [0.6685261  0.00462961 0.32684427]
 [0.34526032 0.46459427 0.1901454 ]
 [0.55025095 0.0682603  0.38148877]
 [0.357337   0.25251648 0.39014652]]
probabilities: [[0.00357564 0.95830506 0.03811929]
 [0.44207236 0.5085558  0.0493718 ]
 [0.46519405 0.09976368 0.4350423 ]
 [0.92036766 0.03548735 0.04414499]
 [0.32886744 0.26781803 0.40331453]]
probabilities: [[0. 0. 1.]
 [0. 1. 0.]
 [0. 0. 1.]
 [0. 0. 1.]
 [0. 0. 1.]]
probabilities: [[0.12158286 0.5550132  0.32340398]
 [0.32817346 0.11875799 0.5530686 ]
 [0.06066375 0.7030045  0.23633179]
 [0.3550017  0.6061723  0.03882598]
 [0.48133215 0.17713448 0.34153333]]
probabilities: [[0.10178274 0.06632255 0.8318947 ]
 [0.11610554 0.31323287 0.5706616 ]
 [0.02153783 0.8948898  0.08357237]
 [0.29532927 0.3969893  0.30768144]
 [0.0248981  0.39969325 0.57540864]]
probabilities: [[0.70367366 0.11354472 0.1827816 ]
 [0.00423215 0.81207526 0.18369259]
 [0.032227   0.38420328 0.5835697 ]
 [0.41471738 0.42059687 0.16468576]
 [0.05921238 0.3008759  0.6399117 ]]
probabilities: [[1. 0. 0.]
 [1. 0. 0.]
 [1. 0. 0.]
 [1. 0. 0.]
 [1. 0. 0.]]
probabilities: [[0.07991199 0.27701002 0.64307797]
 [0.15820038 0.7834669  0.05833276]
 [0.8976081  0.08531024 0.01708166]
 [0.06648895 0.03716767 0.89634335]
 [0.79281336 0.01012376 0.1970629 ]]
probabilities: [[0.05674445 0.3487438  0.59451175]
 [0.3193673  0.6078126  0.07282013]
 [0.8514177  0.06367508 0.08490721]
 [0.06578742 0.60628414 0.32792842]
 [0.20071167 0.6145861  0.1847022 ]]
probabilities: [[0.3072726  0.2434906  0.44923678]
 [0.5905155  0.2570855  0.15239903]
 [0.46731448 0.21824089 0.31444463]
 [0.43147728 0.5024474  0.06607528]
 [0.20659761 0.24275777 0.55064464]]
probabilities: [[0. 0. 1.]
 [0. 1. 0.]
 [0. 1. 0.]
 [0. 0. 1.]
 [0. 0. 1.]]
probabilities: [[0.5209449  0.01178333 0.46727178]
 [0.07958442 0.29468906 0.6257265 ]
 [0.01546882 0.800041   0.18449013]
 [0.48665887 0.25039712 0.262944  ]
 [0.21929173 0.22817898 0.5525293 ]]
probabilities: [[0.33777767 0.4693824  0.19283992]
 [0.53280663 0.05094564 0.41624776]
 [0.38773787 0.5359824  0.07627977]
 [0.12985794 0.37634942 0.49379265]
 [0.6001597  0.3179587  0.08188157]]
probabilities: [[0.00904824 0.42678478 0.56416696]
 [0.21589744 0.17130172 0.61280084]
 [0.24895859 0.56729376 0.18374765]
 [0.3412518  0.5516387  0.10710949]
 [0.9348519  0.06368744 0.00146067]]
probabilities: [[0. 0. 1.]
 [0. 1. 0.]
 [0. 0. 1.]
 [0. 0. 1.]
 [0. 0. 1.]]
probabilities: [[0.41744763 0.01934491 0.56320745]
 [0.4586094  0.50605893 0.03533166]
 [0.21646692 0.5285948  0.25493827]
 [0.10981464 0.7580607  0.13212465]
 [0.1532779  0.6996176  0.14710446]]
probabilities: [[0.38943207 0.06604638 0.5445215 ]
 [0.39753982 0.02544712 0.5770131 ]
 [0.39475265 0.40290466 0.20234269]
 [0.77580684 0.1819113  0.04228187]
 [0.5582148  0.22601037 0.21577488]]
probabilities: [[0.09010115 0.02262946 0.8872694 ]
 [0.41912836 0.53553164 0.04534001]
 [0.31291494 0.12352436 0.5635607 ]
 [0.535453   0.35868236 0.1058646 ]
 [0.06203733 0.81123656 0.12672614]]
probabilities: [[0. 0. 1.]
 [0. 1. 0.]
 [0. 0. 1.]
 [0. 0. 1.]
 [0. 0. 1.]]
probabilities: [[0.38612562 0.5760688  0.03780552]
 [0.16199364 0.06082226 0.77718407]
 [0.3024339  0.13748239 0.5600837 ]
 [0.39118302 0.0911717  0.5176453 ]
 [0.4783339  0.45419523 0.06747089]]
probabilities: [[0.5250544  0.11162602 0.36331958]
 [0.03339529 0.61648434 0.35012037]
 [0.01260064 0.91361046 0.0737889 ]
 [0.26032418 0.50804263 0.23163316]
 [0.55541295 0.258181   0.18640605]]
probabilities: [[0.01265412 0.6783033  0.3090426 ]
 [0.12493193 0.24357404 0.63149405]
 [0.05204835 0.91219217 0.03575949]
 [0.39421514 0.21973896 0.3860459 ]
 [0.96607834 0.02974914 0.0041725 ]]
probabilities: [[0. 0. 1.]
 [0. 1. 0.]
 [0. 1. 0.]
 [0. 0. 1.]
 [0. 0. 1.]]
probabilities: [[0.03096359 0.8767985  0.09223791]
 [0.4695502  0.3720657  0.15838413]
 [0.17909797 0.49681494 0.3240871 ]
 [0.14467688 0.41113085 0.4441923 ]
 [0.07837696 0.1950723  0.72655076]]
probabilities: [[2.0062226e-01 4.1016909e-01 3.8920861e-01]
 [8.0673434e-02 2.4499385e-01 6.7433274e-01]
 [6.9195382e-02 2.3044659e-02 9.0775996e-01]
 [5.1419550e-01 2.4909799e-01 2.3670654e-01]
 [5.6396639e-01 6.1723083e-04 4.3541640e-01]]
probabilities: [[0.22684516 0.10833066 0.6648242 ]
 [0.05576379 0.28518263 0.65905356]
 [0.6436565  0.09509879 0.2612447 ]
 [0.3947976  0.2629901  0.34221232]
 [0.9189127  0.04720986 0.03387744]]
probabilities: [[1. 0. 0.]
 [1. 0. 0.]
 [1. 0. 0.]
 [1. 0. 0.]
 [1. 0. 0.]]
probabilities: [[0.03320355 0.86681706 0.09997942]
 [0.07344305 0.63618094 0.290376  ]
 [0.8212888  0.05716368 0.12154753]
 [0.34929398 0.02307983 0.6276262 ]
 [0.23280899 0.01060147 0.75658953]]
probabilities: [[0.135021   0.8191032  0.04587584]
 [0.28366    0.2966645  0.4196755 ]
 [0.12399539 0.26427695 0.61172765]
 [0.25241375 0.2127565  0.53482974]
 [0.3775729  0.5884034  0.03402371]]
probabilities: [[0.23281907 0.5158211  0.25135985]
 [0.58627445 0.32883662 0.08488897]
 [0.13007085 0.12014464 0.7497845 ]
 [0.5702679  0.09836001 0.33137205]
 [0.07303222 0.3681896  0.55877817]]
probabilities: [[1. 0. 0.]
 [1. 0. 0.]
 [1. 0. 0.]
 [1. 0. 0.]
 [1. 0. 0.]]
probabilities: [[0.03302435 0.24192917 0.72504646]
 [0.01298711 0.86470014 0.12231278]
 [0.1627237  0.6481863  0.18908994]
 [0.775412   0.2078858  0.01670216]
 [0.4204421  0.34524634 0.23431155]]
probabilities: [[0.15866177 0.30321229 0.53812593]
 [0.47401375 0.23179872 0.29418755]
 [0.2879192  0.45952553 0.25255528]
 [0.7908711  0.05045315 0.15867576]
 [0.72172374 0.10288714 0.17538911]]
probabilities: [[0.24573104 0.31800374 0.43626523]
 [0.47146672 0.45550647 0.07302681]
 [0.59625757 0.17132452 0.23241793]
 [0.78947884 0.16031784 0.0502033 ]
 [0.31331336 0.4560102  0.23067646]]
probabilities: [[0. 0. 1.]
 [0. 1. 0.]
 [0. 1. 0.]
 [0. 0. 1.]
 [0. 0. 1.]]
probabilities: [[5.5131358e-01 4.4809178e-01 5.9461850e-04]
 [6.4314254e-02 2.4320452e-01 6.9248122e-01]
 [7.2467899e-01 2.2611994e-01 4.9201075e-02]
 [2.9137447e-01 1.1849322e-01 5.9013230e-01]
 [3.9171112e-01 1.3136315e-01 4.7692573e-01]]
probabilities: [[0.22087114 0.6220826  0.15704626]
 [0.23423566 0.51202327 0.25374106]
 [0.48224026 0.08472976 0.43302998]
 [0.24041456 0.15252724 0.60705817]
 [0.646618   0.27932224 0.07405974]]
probabilities: [[0.15316455 0.6855742  0.16126129]
 [0.26630026 0.47741905 0.2562807 ]
 [0.26778084 0.45251307 0.2797061 ]
 [0.51200885 0.31663507 0.17135607]
 [0.50666815 0.27605146 0.21728039]]
probabilities: [[0. 0. 1.]
 [0. 1. 0.]
 [0. 0. 1.]
 [0. 0. 1.]
 [0. 0. 1.]]
probabilities: [[0.30028954 0.49088407 0.20882641]
 [0.09227245 0.19305712 0.7146704 ]
 [0.492195   0.44577742 0.06202755]
 [0.38682604 0.41313168 0.20004228]
 [0.01381202 0.5775926  0.40859535]]
probabilities: [[0.27191353 0.43472943 0.29335704]
 [0.40744674 0.5397235  0.05282973]
 [0.05246537 0.46658665 0.48094797]
 [0.47091314 0.13796929 0.39111757]
 [0.03587045 0.10950011 0.85462946]]
probabilities: [[0.11363881 0.2192259  0.6671353 ]
 [0.51323444 0.235178   0.25158754]
 [0.11455143 0.2381113  0.64733726]
 [0.02969418 0.3418359  0.62846994]
 [0.15012464 0.7310166  0.1188588 ]]
probabilities: [[0. 1. 0.]
 [0. 1. 0.]
 [0. 1. 0.]
 [0. 1. 0.]
 [0. 1. 0.]]
probabilities: [[0.64108604 0.3243321  0.03458187]
 [0.29107472 0.0986811  0.61024415]
 [0.63296515 0.24538174 0.12165313]
 [0.46871585 0.24685858 0.28442556]
 [0.25020748 0.42948726 0.32030526]]
probabilities: [[0.41650194 0.4366302  0.1468679 ]
 [0.05817429 0.5120551  0.42977062]
 [0.60056204 0.32117686 0.0782611 ]
 [0.57027245 0.3065582  0.12316935]
 [0.17294353 0.18010637 0.64695007]]
probabilities: [[0.21456996 0.2827073  0.50272274]
 [0.39256507 0.24262421 0.3648107 ]
 [0.15872562 0.31335473 0.52791965]
 [0.67497987 0.12135097 0.20366918]
 [0.54348004 0.02290052 0.43361947]]
probabilities: [[0. 1. 0.]
 [0. 1. 0.]
 [0. 1. 0.]
 [0. 1. 0.]
 [0. 1. 0.]]
probabilities: [[0.40507662 0.26687962 0.32804376]
 [0.7399963  0.22981937 0.0301843 ]
 [0.38033924 0.05776921 0.56189156]
 [0.45588943 0.34297028 0.20114027]
 [0.15338127 0.20170718 0.6449115 ]]
probabilities: [[0.7016974  0.17462267 0.12367991]
 [0.6589257  0.29018667 0.05088761]
 [0.29009473 0.255129   0.45477626]
 [0.14532332 0.513728   0.3409486 ]
 [0.30017462 0.17802674 0.5217987 ]]
probabilities: [[0.23517805 0.19353226 0.57128966]
 [0.7806859  0.10591363 0.11340044]
 [0.25447953 0.22478226 0.52073824]
 [0.97919166 0.00110417 0.01970418]
 [0.53995854 0.37016237 0.08987907]]
probabilities: [[1. 0. 0.]
 [1. 0. 0.]
 [1. 0. 0.]
 [1. 0. 0.]
 [1. 0. 0.]]
probabilities: [[0.11711721 0.09800477 0.784878  ]
 [0.7475575  0.20934097 0.0431015 ]
 [0.8763657  0.00855977 0.11507449]
 [0.14260423 0.8255131  0.03188263]
 [0.67507315 0.310954   0.01397285]]
probabilities: [[0.12296797 0.8390421  0.03798993]
 [0.36573258 0.26327544 0.37099198]
 [0.8321051  0.13518155 0.03271338]
 [0.2429825  0.01154012 0.7454774 ]
 [0.6508432  0.23456505 0.11459175]]
probabilities: [[0.13667908 0.41442773 0.4488932 ]
 [0.08473701 0.81979    0.09547296]
 [0.34233597 0.5441985  0.11346553]
 [0.67307353 0.06598204 0.26094446]
 [0.43819752 0.19468631 0.36711615]]
probabilities: [[1. 0. 0.]
 [1. 0. 0.]
 [1. 0. 0.]
 [1. 0. 0.]
 [1. 0. 0.]]
probabilities: [[0.4501178  0.34867787 0.20120433]
 [0.25696242 0.3723035  0.37073413]
 [0.36317626 0.08195516 0.5548686 ]
 [0.27685854 0.39258003 0.33056143]
 [0.14262922 0.10573527 0.7516355 ]]
probabilities: [[0.37948343 0.15398438 0.4665322 ]
 [0.3288287  0.37774602 0.2934253 ]
 [0.7451371  0.03470081 0.22016211]
 [0.10843164 0.18096289 0.7106055 ]
 [0.777329   0.16087414 0.06179684]]
probabilities: [[0.82276356 0.03866557 0.13857086]
 [0.07138623 0.26512215 0.6634916 ]
 [0.19656013 0.5087233  0.29471657]
 [0.3736982  0.38758633 0.23871548]
 [0.13259651 0.16302636 0.7043771 ]]
probabilities: [[0. 0. 1.]
 [0. 1. 0.]
 [0. 1. 0.]
 [0. 0. 1.]
 [0. 0. 1.]]
probabilities: [[0.38901338 0.5759745  0.03501208]
 [0.2713784  0.44553822 0.28308335]
 [0.18509378 0.15158293 0.6633233 ]
 [0.16806242 0.135243   0.6966946 ]
 [0.10798229 0.49191496 0.40010273]]
probabilities: [[0.06088487 0.83591986 0.10319526]
 [0.7509494  0.13088673 0.11816386]
 [0.30279347 0.17420277 0.52300376]
 [0.25248787 0.6421045  0.10540761]
 [0.2907191  0.24597985 0.46330106]]
probabilities: [[0.21227127 0.06344038 0.72428834]
 [0.33290488 0.12659284 0.54050225]
 [0.31624147 0.63133335 0.05242517]
 [0.37865987 0.17112021 0.4502199 ]
 [0.02550561 0.9370296  0.03746481]]
probabilities: [[1. 0. 0.]
 [1. 0. 0.]
 [1. 0. 0.]
 [1. 0. 0.]
 [1. 0. 0.]]
probabilities: [[0.05052884 0.35684466 0.5926265 ]
 [0.63116246 0.11510742 0.25373015]
 [0.32167882 0.11669578 0.5616254 ]
 [0.18223992 0.55364054 0.26411954]
 [0.39479923 0.0740068  0.531194  ]]
probabilities: [[0.8361584  0.03819301 0.12564857]
 [0.1432705  0.2650709  0.5916586 ]
 [0.01072746 0.01402151 0.975251  ]
 [0.72010905 0.17321512 0.10667585]
 [0.23829411 0.75515175 0.00655414]]
probabilities: [[0.29841608 0.6777519  0.02383202]
 [0.2536447  0.5888353  0.15751998]
 [0.3305742  0.6059366  0.06348922]
 [0.05985494 0.56161547 0.37852958]
 [0.45990518 0.46201327 0.07808154]]
probabilities: [[0. 1. 0.]
 [0. 1. 0.]
 [0. 1. 0.]
 [0. 1. 0.]
 [0. 1. 0.]]
probabilities: [[0.57684845 0.2964351  0.12671646]
 [0.26942647 0.07648668 0.6540868 ]
 [0.7341739  0.07505336 0.19077273]
 [0.05336835 0.04242151 0.90421015]
 [0.94189423 0.03705727 0.02104851]]
probabilities: [[0.21603428 0.37532148 0.40864423]
 [0.27976522 0.50242925 0.21780552]
 [0.037818   0.05756913 0.9046129 ]
 [0.21004574 0.3686426  0.42131168]
 [0.6263674  0.09818769 0.27544492]]
probabilities: [[0.47025502 0.36919573 0.16054927]
 [0.6775079  0.2648532  0.05763891]
 [0.41750574 0.45645624 0.12603801]
 [0.6975006  0.03842339 0.26407602]
 [0.5231742  0.14500621 0.33181956]]
probabilities: [[0. 1. 0.]
 [0. 1. 0.]
 [0. 1. 0.]
 [0. 1. 0.]
 [0. 1. 0.]]
probabilities: [[0.1879834  0.6897743  0.12224232]
 [0.10756908 0.49446446 0.39796647]
 [0.01781147 0.5539714  0.42821714]
 [0.23617569 0.02187186 0.7419525 ]
 [0.05355531 0.6078794  0.33856526]]
probabilities: [[0.36430597 0.0027629  0.6329311 ]
 [0.5619076  0.25647622 0.1816162 ]
 [0.19166793 0.7209253  0.08740681]
 [0.82111144 0.1014563  0.07743228]
 [0.6217451  0.2797281  0.09852678]]
probabilities: [[0.7299318  0.09982694 0.17024127]
 [0.18549833 0.2395125  0.57498914]
 [0.06800202 0.8594784  0.07251955]
 [0.04875216 0.85023147 0.10101636]
 [0.8666876  0.04025619 0.09305619]]
probabilities: [[1. 0. 0.]
 [1. 0. 0.]
 [1. 0. 0.]
 [1. 0. 0.]
 [1. 0. 0.]]
probabilities: [[0.2616577  0.6883056  0.05003665]
 [0.36492747 0.4933165  0.14175603]
 [0.2314404  0.51718587 0.25137377]
 [0.5499653  0.3970399  0.05299479]
 [0.04636722 0.8991226  0.05451017]]
probabilities: [[0.28570876 0.33509558 0.37919566]
 [0.75936055 0.16386177 0.07677769]
 [0.75834006 0.17046629 0.07119362]
 [0.22798222 0.41303372 0.35898405]
 [0.05241315 0.12235173 0.8252351 ]]
probabilities: [[0.3308162  0.12363888 0.5455449 ]
 [0.02712578 0.34382007 0.6290542 ]
 [0.49417806 0.05423718 0.45158476]
 [0.01419604 0.53387237 0.45193157]
