probabilities: [[0. 0. 1.]
 [0. 1. 0.]
 [0. 1. 0.]
 [0. 0. 1.]
 [0. 0. 1.]]
probabilities: [[0.7685725  0.14554356 0.08588395]
 [0.39991286 0.4229633  0.17712386]
 [0.4670574  0.0531364  0.47980618]
 [0.06081771 0.80433685 0.13484545]
 [0.35968333 0.07658555 0.56373113]]
probabilities: [[0.16844003 0.34871036 0.4828496 ]
 [0.23308781 0.6565383  0.11037391]
 [0.06215107 0.07769281 0.8601561 ]
 [0.12279508 0.28476527 0.59243965]
 [0.2865552  0.07800385 0.63544095]]
probabilities: [[0.67657775 0.06933039 0.25409183]
 [0.46642745 0.48347515 0.0500974 ]
 [0.14190458 0.7229028  0.13519262]
 [0.03980413 0.41616288 0.544033  ]
 [0.04457316 0.5933162  0.36211064]]
probabilities: [[1. 0. 0.]
 [1. 0. 0.]
 [1. 0. 0.]
 [1. 0. 0.]
 [1. 0. 0.]]
probabilities: [[0.21371739 0.6995817  0.08670092]
 [0.49719074 0.04610536 0.4567039 ]
 [0.547411   0.15884852 0.29374048]
 [0.1456259  0.57022256 0.28415155]
 [0.69725966 0.2467937  0.0559466 ]]
probabilities: [[0.6854884  0.20680386 0.10770777]
 [0.0627489  0.1818949  0.7553562 ]
 [0.4751926  0.4621232  0.06268421]
 [0.01475738 0.2630283  0.72221434]
 [0.7421012  0.181326   0.07657282]]
probabilities: [[0.31804657 0.59109545 0.090858  ]
 [0.78599006 0.11687215 0.09713776]
 [0.13455302 0.6794342  0.18601277]
 [0.43406764 0.43568826 0.13024412]
 [0.05432925 0.16577373 0.77989703]]
probabilities: [[0. 1. 0.]
 [0. 1. 0.]
 [0. 1. 0.]
 [0. 1. 0.]
 [0. 1. 0.]]
probabilities: [[0.4114915  0.3508342  0.2376743 ]
 [0.7548236  0.09921868 0.14595768]
 [0.70899266 0.1586497  0.13235764]
 [0.2624564  0.00446662 0.733077  ]
 [0.17884454 0.21322092 0.60793453]]
probabilities: [[0.02296185 0.20216587 0.77487224]
 [0.25174925 0.39679685 0.3514539 ]
 [0.81607026 0.1015907  0.08233903]
 [0.59263086 0.34294847 0.06442068]
 [0.23134245 0.25278252 0.515875  ]]
probabilities: [[0.10745352 0.35509655 0.53744996]
 [0.07588457 0.45050478 0.47361067]
 [0.36376414 0.281494   0.35474187]
 [0.05456836 0.89122754 0.05420408]
 [0.15748447 0.43765426 0.40486127]]
probabilities: [[0. 0. 1.]
 [0. 1. 0.]
 [0. 1. 0.]
 [0. 0. 1.]
 [0. 0. 1.]]
probabilities: [[0.2605923  0.56659824 0.17280944]
 [0.3540287  0.19272803 0.45324326]
 [0.2764961  0.46802795 0.25547597]
 [0.70030314 0.22138582 0.07831103]
 [0.04463128 0.5708215  0.3845472 ]]
probabilities: [[0.09234462 0.28250673 0.62514865]
 [0.50475633 0.01756125 0.47768244]
 [0.28456476 0.33004862 0.38538665]
 [0.22996032 0.7093115  0.06072818]
 [0.5412411  0.39335936 0.06539953]]
probabilities: [[0.50650823 0.08952846 0.4039633 ]
 [0.50127596 0.44553944 0.05318459]
 [0.25466976 0.32613868 0.41919154]
 [0.22118461 0.32562342 0.45319197]
 [0.33577064 0.2416112  0.42261818]]
probabilities: [[1. 0. 0.]
 [1. 0. 0.]
 [1. 0. 0.]
 [1. 0. 0.]
 [1. 0. 0.]]
probabilities: [[0.08966723 0.22555095 0.68478185]
 [0.37996963 0.48431078 0.1357196 ]
 [0.83781695 0.11883778 0.04334525]
 [0.56199276 0.16476034 0.27324688]
 [0.19687851 0.19021338 0.6129081 ]]
probabilities: [[0.66831976 0.01276945 0.31891078]
 [0.05542759 0.6846837  0.25988877]
 [0.3332494  0.22619808 0.44055253]
 [0.48155698 0.25313076 0.26531225]
 [0.30569202 0.24478984 0.44951814]]
probabilities: [[3.2313558e-01 6.1427903e-01 6.2585406e-02]
 [2.2365883e-01 7.8678690e-04 7.7555442e-01]
 [6.7017096e-01 1.9692682e-01 1.3290220e-01]
 [6.9421865e-02 9.0886158e-01 2.1716552e-02]
 [3.3310524e-01 3.2675442e-01 3.4014034e-01]]
probabilities: [[0. 0. 1.]
 [0. 1. 0.]
 [0. 1. 0.]
 [0. 0. 1.]
 [0. 0. 1.]]
probabilities: [[0.35468456 0.29423693 0.3510785 ]
 [0.07440585 0.5610724  0.36452177]
 [0.1998521  0.3853211  0.4148268 ]
 [0.2933005  0.38014156 0.32655793]
 [0.07253334 0.20707652 0.72039014]]
probabilities: [[0.30998138 0.34602243 0.3439962 ]
 [0.08644558 0.22159806 0.69195634]
 [0.08407656 0.387232   0.5286914 ]
 [0.0954647  0.78927726 0.11525807]
 [0.23962153 0.1875249  0.57285357]]
probabilities: [[0.8536554  0.01430179 0.13204278]
 [0.72087437 0.08655921 0.19256641]
 [0.21168965 0.01967726 0.76863307]
 [0.00729052 0.9342103  0.0584992 ]
 [0.43740726 0.52789146 0.03470129]]
probabilities: [[0. 1. 0.]
 [0. 1. 0.]
 [0. 1. 0.]
 [0. 1. 0.]
 [0. 1. 0.]]
probabilities: [[0.67487496 0.19246441 0.1326606 ]
 [0.00418191 0.54530007 0.450518  ]
 [0.2991335  0.6600026  0.04086393]
 [0.03179526 0.85237396 0.11583081]
 [0.14505118 0.84445566 0.01049315]]
probabilities: [[0.09097374 0.25601175 0.6530145 ]
 [0.41256118 0.13539688 0.45204192]
 [0.10937207 0.40686744 0.48376048]
 [0.78379756 0.18852726 0.02767519]
 [0.07861551 0.57365215 0.34773237]]
probabilities: [[0.3637568  0.1663801  0.4698631 ]
 [0.30907267 0.22558928 0.46533808]
 [0.699947   0.04795627 0.25209674]
 [0.2680187  0.18228091 0.5497004 ]
 [0.2703859  0.6548811  0.07473301]]
probabilities: [[0. 0. 1.]
 [0. 1. 0.]
 [0. 1. 0.]
 [0. 0. 1.]
 [0. 0. 1.]]
probabilities: [[0.36621943 0.57466847 0.0591121 ]
 [0.5874555  0.05123942 0.36130506]
 [0.06385763 0.08003169 0.8561107 ]
 [0.1709692  0.4211332  0.40789762]
 [0.15930863 0.5039599  0.3367315 ]]
probabilities: [[0.70446765 0.09939675 0.19613563]
 [0.96961707 0.02842022 0.00196274]
 [0.42803517 0.27210554 0.2998593 ]
 [0.05438725 0.77472997 0.17088276]
 [0.05249029 0.80590385 0.14160587]]
probabilities: [[0.153743   0.46798903 0.37826797]
 [0.1366493  0.33345613 0.5298946 ]
 [0.23018314 0.10883813 0.66097873]
 [0.08538282 0.07030349 0.8443137 ]
 [0.09207906 0.66185963 0.2460613 ]]
probabilities: [[0. 1. 0.]
 [0. 1. 0.]
 [0. 1. 0.]
 [0. 1. 0.]
 [0. 1. 0.]]
probabilities: [[0.20914245 0.49081585 0.3000417 ]
 [0.05341655 0.9143013  0.03228216]
 [0.11575731 0.64214486 0.24209781]
 [0.512464   0.30119088 0.18634515]
 [0.42897254 0.04467    0.5263575 ]]
probabilities: [[0.07528856 0.3444176  0.58029383]
 [0.13894916 0.22768681 0.633364  ]
 [0.7232568  0.02047205 0.2562711 ]
 [0.19896781 0.26831412 0.53271806]
 [0.2316728  0.5462861  0.2220411 ]]
probabilities: [[0.40570804 0.04651374 0.54777825]
 [0.08417122 0.48705268 0.4287761 ]
 [0.2724554  0.00127522 0.72626936]
 [0.00091816 0.56699425 0.4320876 ]
 [0.7740601  0.14224689 0.08369305]]
probabilities: [[1. 0. 0.]
 [1. 0. 0.]
 [1. 0. 0.]
 [1. 0. 0.]
 [1. 0. 0.]]
probabilities: [[0.14037018 0.62023073 0.23939908]
 [0.05990363 0.8075038  0.13259254]
 [0.4856155  0.39028937 0.12409515]
 [0.10859945 0.18409304 0.7073075 ]
 [0.6155121  0.16116568 0.22332226]]
probabilities: [[0.5538739  0.21588185 0.23024425]
 [0.06555261 0.5443371  0.39011028]
 [0.46674994 0.06413677 0.4691133 ]
 [0.6440021  0.07338987 0.28260806]
 [0.20472571 0.73669225 0.05858201]]
probabilities: [[0.4691216  0.51750743 0.01337095]
 [0.04046732 0.01001648 0.9495162 ]
 [0.592017   0.15101424 0.25696877]
 [0.14866258 0.46125233 0.39008507]
 [0.07559342 0.17098644 0.7534201 ]]
probabilities: [[1. 0. 0.]
 [1. 0. 0.]
 [1. 0. 0.]
 [1. 0. 0.]
 [1. 0. 0.]]
probabilities: [[0.0683488  0.69757426 0.23407692]
 [0.32525685 0.16324282 0.51150036]
 [0.06550431 0.7065647  0.227931  ]
 [0.7859984  0.07642277 0.13757885]
 [0.13357638 0.16249645 0.70392716]]
probabilities: [[0.02901215 0.9392852  0.03170264]
 [0.7243336  0.1696008  0.10606562]
 [0.5029852  0.29640922 0.20060559]
 [0.53992915 0.1861481  0.27392277]
 [0.2168941  0.36065352 0.42245236]]
probabilities: [[0.08534856 0.23978855 0.6748629 ]
 [0.11907887 0.8171209  0.06380022]
 [0.10606775 0.12460187 0.7693304 ]
 [0.07500269 0.27425614 0.65074116]
 [0.59745765 0.21302953 0.18951282]]
probabilities: [[0. 0. 1.]
 [0. 1. 0.]
 [0. 1. 0.]
 [0. 0. 1.]
 [0. 0. 1.]]
probabilities: [[0.36751223 0.01376397 0.6187238 ]
 [0.05550179 0.5932591  0.35123911]
 [0.14329654 0.34131256 0.5153909 ]
 [0.8989967  0.07621733 0.02478594]
 [0.6864487  0.14663665 0.16691467]]
probabilities: [[0.43336168 0.5084437  0.05819459]
 [0.04324811 0.43321794 0.52353394]
 [0.15619843 0.37257576 0.47122583]
 [0.19582088 0.65963733 0.1445418 ]
 [0.06171151 0.04540726 0.8928812 ]]
probabilities: [[0.8342476  0.04825645 0.11749596]
 [0.5316657  0.2649896  0.20334469]
 [0.8782653  0.02185252 0.09988217]
 [0.41775516 0.44993967 0.13230518]
 [0.02230022 0.49025196 0.48744783]]
probabilities: [[0. 0. 1.]
 [0. 1. 0.]
 [0. 1. 0.]
 [0. 0. 1.]
 [0. 0. 1.]]
probabilities: [[0.197683   0.11896188 0.6833551 ]
 [0.69902414 0.05010007 0.2508758 ]
 [0.57876843 0.32774347 0.09348811]
 [0.21021084 0.14353763 0.6462515 ]
 [0.64479053 0.18430406 0.1709054 ]]
probabilities: [[0.17483741 0.6420231  0.18313953]
 [0.59505904 0.0844958  0.32044518]
 [0.03888065 0.62892073 0.3321986 ]
 [0.25439867 0.58189857 0.16370276]
 [0.20762938 0.48816448 0.30420613]]
probabilities: [[0.12430916 0.6031354  0.2725554 ]
 [0.27291143 0.17321368 0.5538749 ]
 [0.30807364 0.3738053  0.31812105]
 [0.27480966 0.72344273 0.00174763]
 [0.15229931 0.4987113  0.3489894 ]]
probabilities: [[1. 0. 0.]
 [1. 0. 0.]
 [1. 0. 0.]
 [1. 0. 0.]
 [1. 0. 0.]]
probabilities: [[0.209178   0.38144103 0.40938097]
 [0.19484915 0.46506542 0.34008542]
 [0.17405333 0.07784531 0.74810135]
 [0.10666727 0.3498875  0.5434452 ]
 [0.31825215 0.3784866  0.30326125]]
probabilities: [[0.39890864 0.26203713 0.33905423]
 [0.398684   0.41491488 0.18640114]
 [0.3353923  0.474614   0.18999371]
 [0.10529725 0.05850307 0.8361997 ]
 [0.2638471  0.02948922 0.70666367]]
probabilities: [[0.29056072 0.31047457 0.3989647 ]
 [0.78936726 0.12842569 0.08220706]
 [0.15517911 0.01549772 0.8293232 ]
 [0.03595286 0.3490108  0.61503637]
 [0.35358238 0.00929115 0.63712645]]
probabilities: [[1. 0. 0.]
 [1. 0. 0.]
 [1. 0. 0.]
 [1. 0. 0.]
 [1. 0. 0.]]
probabilities: [[0.28236154 0.2888013  0.42883715]
 [0.5754021  0.03829845 0.38629946]
 [0.10875885 0.5500407  0.34120047]
 [0.39884117 0.36238396 0.23877485]
 [0.05347702 0.9138156  0.03270734]]
probabilities: [[0.26794368 0.24234794 0.48970836]
 [0.7638764  0.03481859 0.20130506]
 [0.65075725 0.21427236 0.13497038]
 [0.04996437 0.5252593  0.42477632]
 [0.7247581  0.15220308 0.12303884]]
probabilities: [[0.2216424  0.6043349  0.17402269]
 [0.22094658 0.45173755 0.32731587]
 [0.12833373 0.5029986  0.36866766]
 [0.4931313  0.08326278 0.4236059 ]
 [0.8261881  0.08980697 0.08400495]]
probabilities: [[0. 1. 0.]
 [0. 1. 0.]
 [0. 1. 0.]
 [0. 1. 0.]
 [0. 1. 0.]]
probabilities: [[0.18122779 0.48949406 0.32927817]
 [0.01258884 0.79971546 0.18769573]
 [0.30247277 0.11931948 0.57820773]
 [0.22958854 0.56926554 0.2011459 ]
 [0.22966985 0.26031396 0.5100162 ]]
probabilities: [[0.13964832 0.5632888  0.29706284]
 [0.37622744 0.33318326 0.2905893 ]
 [0.16087086 0.5027683  0.33636087]
 [0.2548923  0.47434738 0.27076036]
 [0.70849574 0.28911904 0.00238522]]
probabilities: [[0.47835472 0.3471897  0.1744556 ]
 [0.12990493 0.54387647 0.3262186 ]
 [0.13231148 0.05559019 0.8120983 ]
 [0.28700662 0.50372934 0.20926405]
 [0.28938738 0.6768188  0.03379383]]
probabilities: [[0. 0. 1.]
 [0. 1. 0.]
 [0. 1. 0.]
 [0. 0. 1.]
 [0. 0. 1.]]
probabilities: [[0.02235054 0.8835026  0.09414683]
 [0.00321408 0.7477222  0.24906373]
 [0.11430029 0.738221   0.14747874]
 [0.2190557  0.22947562 0.5514687 ]
 [0.33997446 0.38888374 0.2711418 ]]
probabilities: [[0.08060718 0.33512932 0.5842635 ]
 [0.2274846  0.47258425 0.29993117]
 [0.20125233 0.6435878  0.15515983]
 [0.8175624  0.00120921 0.18122838]
 [0.6972362  0.05165295 0.25111085]]
probabilities: [[1.9026309e-01 7.1682566e-01 9.2911258e-02]
 [9.6627831e-02 1.7808233e-01 7.2528982e-01]
 [8.5331374e-01 7.8601314e-04 1.4590026e-01]
 [2.4900690e-01 6.2093133e-01 1.3006181e-01]
 [1.2239422e-01 2.1916343e-01 6.5844232e-01]]
probabilities: [[0. 0. 1.]
 [0. 1. 0.]
 [0. 0. 1.]
 [0. 0. 1.]
 [0. 0. 1.]]
probabilities: [[0.0592261  0.6721581  0.26861578]
 [0.0534761  0.22271226 0.7238116 ]
 [0.5045453  0.02064547 0.4748093 ]
 [0.0796909  0.89974445 0.02056467]
 [0.0758028  0.36163646 0.56256074]]
probabilities: [[0.47590157 0.09227389 0.43182454]
 [0.01490327 0.7650761  0.22002062]
 [0.24679798 0.07951085 0.67369115]
 [0.15405844 0.6238735  0.22206809]
 [0.00757724 0.5701635  0.42225927]]
probabilities: [[0.12786794 0.1917847  0.6803474 ]
 [0.4046226  0.05710546 0.5382719 ]
 [0.37313595 0.30555496 0.32130906]
 [0.11943496 0.02982404 0.85074097]
 [0.4357934  0.42550212 0.13870448]]
probabilities: [[1. 0. 0.]
 [1. 0. 0.]
 [1. 0. 0.]
 [1. 0. 0.]
 [1. 0. 0.]]
probabilities: [[0.41484737 0.39393517 0.19121747]
 [0.64845234 0.02571722 0.32583046]
 [0.82526624 0.16935512 0.00537863]
 [0.12576208 0.01320722 0.8610307 ]
 [0.15793033 0.04803204 0.79403764]]
probabilities: [[0.55301416 0.02028258 0.42670327]
 [0.7140654  0.20846514 0.0774695 ]
 [0.45167038 0.20079643 0.34753323]
 [0.30012423 0.61506605 0.0848097 ]
 [0.31304052 0.1642503  0.5227092 ]]
probabilities: [[0.47315893 0.30737835 0.21946272]
 [0.16677871 0.74332577 0.08989552]
 [0.16511375 0.08494726 0.74993896]
 [0.26391804 0.4054353  0.33064666]
 [0.15079989 0.28338155 0.56581855]]
probabilities: [[0. 0. 1.]
 [0. 1. 0.]
 [0. 1. 0.]
 [0. 0. 1.]
 [0. 0. 1.]]
probabilities: [[0.00506489 0.02884496 0.96609014]
 [0.7688008  0.20523344 0.02596574]
 [0.01190214 0.23068735 0.7574105 ]
 [0.51460356 0.33418736 0.15120906]
 [0.10831431 0.784604   0.1070817 ]]
probabilities: [[4.6877030e-01 1.3323662e-01 3.9799309e-01]
 [1.0541059e-01 1.6188161e-01 7.3270780e-01]
 [5.8577543e-01 3.0819604e-01 1.0602854e-01]
 [7.6764399e-01 1.7476962e-04 2.3218124e-01]
 [2.7693573e-01 4.7513548e-01 2.4792878e-01]]
probabilities: [[0.4149196  0.23025416 0.3548262 ]
 [0.59139866 0.38779527 0.02080608]
 [0.10285654 0.61425835 0.28288513]
 [0.1470062  0.05460822 0.79838556]
 [0.32734075 0.07983827 0.592821  ]]
probabilities: [[1. 0. 0.]
 [1. 0. 0.]
 [1. 0. 0.]
 [1. 0. 0.]
 [1. 0. 0.]]
probabilities: [[0.18300344 0.38676664 0.43022993]
 [0.12987201 0.10983374 0.76029426]
 [0.74217427 0.04260256 0.21522315]
 [0.16759956 0.768356   0.06404443]
 [0.31204313 0.13330825 0.55464864]]
probabilities: [[0.6557346  0.31030437 0.03396103]
 [0.56906617 0.16746543 0.26346838]
 [0.56442803 0.41657987 0.01899211]
 [0.22488521 0.6977408  0.07737401]
 [0.15007067 0.04832751 0.8016018 ]]
probabilities: [[0.11652748 0.80456275 0.07890974]
 [0.11396924 0.33465967 0.5513711 ]
 [0.18585865 0.4595068  0.35463452]
 [0.5704932  0.19375616 0.2357506 ]
 [0.60199857 0.21372116 0.1842803 ]]
probabilities: [[0. 1. 0.]
 [0. 1. 0.]
 [0. 1. 0.]
 [0. 1. 0.]
 [0. 1. 0.]]
probabilities: [[0.19679728 0.18188278 0.62131995]
 [0.03558505 0.7399273  0.22448766]
 [0.04587823 0.59837294 0.35574886]
 [0.6736881  0.29666618 0.02964569]
 [0.5225062  0.01324731 0.4642465 ]]
probabilities: [[0.11070752 0.36667132 0.52262115]
 [0.21308275 0.40134257 0.38557467]
 [0.20268722 0.20056611 0.5967467 ]
 [0.0038708  0.3960398  0.6000894 ]
 [0.64376944 0.03482981 0.32140073]]
probabilities: [[0.46645093 0.23883994 0.29470912]
 [0.40300515 0.34100652 0.25598836]
 [0.7255675  0.1335192  0.1409133 ]
 [0.14325696 0.1492664  0.7074766 ]
 [0.20816651 0.49917766 0.29265583]]
probabilities: [[0. 1. 0.]
 [0. 1. 0.]
 [0. 1. 0.]
 [0. 1. 0.]
 [0. 1. 0.]]
probabilities: [[0.02049509 0.11040401 0.86910087]
 [0.04078005 0.10303818 0.8561818 ]
 [0.3107316  0.3051644  0.384104  ]
 [0.07937494 0.3206301  0.59999496]
 [0.12938786 0.60002923 0.27058294]]
probabilities: [[0.7122565  0.13482499 0.15291852]
 [0.10574304 0.4708323  0.42342466]
 [0.3334627  0.07051443 0.5960229 ]
 [0.29921347 0.6696669  0.03111963]
 [0.16887568 0.4921925  0.33893183]]
probabilities: [[0.5798642  0.37098402 0.04915175]
 [0.5561295  0.33936545 0.10450502]
 [0.32290593 0.47961897 0.1974751 ]
 [0.2434532  0.51767737 0.23886944]
 [0.71187514 0.26006433 0.02806051]]
probabilities: [[0. 0. 1.]
 [0. 1. 0.]
 [0. 0. 1.]
 [0. 0. 1.]
 [0. 0. 1.]]
probabilities: [[0.07453506 0.64993346 0.27553144]
 [0.24335904 0.09965295 0.656988  ]
 [0.41839978 0.22035457 0.36124563]
 [0.38033837 0.02591982 0.59374183]
 [0.4470306  0.09461519 0.4583542 ]]
probabilities: [[0.8418783  0.14217632 0.0159454 ]
 [0.03532159 0.6317782  0.3329002 ]
 [0.00422004 0.02191073 0.97386926]
 [0.02285564 0.58434254 0.3928018 ]
 [0.01722459 0.31008992 0.6726855 ]]
probabilities: [[0.03530623 0.03094109 0.93375266]
 [0.77448785 0.08911105 0.1364011 ]
 [0.33784437 0.17704026 0.48511535]
 [0.00249595 0.9565818  0.0409223 ]
 [0.06946181 0.4037356  0.5268026 ]]
probabilities: [[0. 1. 0.]
 [0. 1. 0.]
 [0. 1. 0.]
 [0. 1. 0.]
 [0. 1. 0.]]
probabilities: [[6.8298465e-01 5.1011842e-02 2.6600352e-01]
 [5.4371357e-01 3.9581901e-01 6.0467407e-02]
 [2.4907270e-01 2.4270715e-01 5.0822014e-01]
 [3.8856309e-04 6.3714045e-01 3.6247095e-01]
 [2.0823531e-01 5.2835774e-01 2.6340696e-01]]
probabilities: [[0.6426345  0.32349595 0.03386954]
 [0.1431497  0.16161467 0.6952356 ]
 [0.6633603  0.32284853 0.01379118]
 [0.29458734 0.5885315  0.11688115]
 [0.19384971 0.01375681 0.7923935 ]]
probabilities: [[0.40329385 0.43248937 0.1642168 ]
 [0.24801522 0.45830336 0.2936814 ]
 [0.28730416 0.6352186  0.07747723]
 [0.5608796  0.17657831 0.26254213]
 [0.50936216 0.24947503 0.24116279]]
probabilities: [[0. 0. 1.]
 [0. 1. 0.]
 [0. 1. 0.]
 [0. 0. 1.]
 [0. 0. 1.]]
probabilities: [[0.34342965 0.01916295 0.6374074 ]
 [0.03513623 0.33889914 0.62596464]
 [0.20460525 0.51176035 0.28363436]
 [0.9069088  0.00574081 0.0873504 ]
 [0.08763651 0.34623283 0.5661307 ]]
probabilities: [[0.21245281 0.6162107  0.17133652]
 [0.1918889  0.02230791 0.7858032 ]
 [0.3625536  0.46784562 0.16960078]
 [0.56509316 0.07952936 0.3553775 ]
 [0.02453135 0.00703711 0.96843153]]
probabilities: [[0.03868212 0.52303016 0.4382877 ]
 [0.29794797 0.6686724  0.03337963]
 [0.0856882  0.34863505 0.56567675]
 [0.10459906 0.55755174 0.3378492 ]
 [0.24206495 0.59606004 0.161875  ]]
probabilities: [[0. 1. 0.]
 [0. 1. 0.]
 [0. 1. 0.]
 [0. 1. 0.]
 [0. 1. 0.]]
probabilities: [[0.09313256 0.2963122  0.61055523]
 [0.5002843  0.09246776 0.40724793]
 [0.35636148 0.5993998  0.04423875]
 [0.0036793  0.30759543 0.6887253 ]
 [0.03995661 0.8543533  0.10569008]]
probabilities: [[0.26158938 0.11798455 0.62042606]
 [0.41507393 0.48888028 0.09604578]
 [0.09475669 0.69883406 0.20640922]
 [0.87499803 0.00448456 0.12051743]
 [0.8462019  0.1500378  0.00376032]]
probabilities: [[0.64425457 0.21953459 0.13621084]
 [0.20430747 0.68155146 0.11414109]
 [0.42397422 0.29552707 0.2804987 ]
 [0.14195703 0.16195413 0.69608885]
 [0.30795282 0.19347107 0.4985761 ]]
probabilities: [[0. 1. 0.]
 [0. 1. 0.]
 [0. 1. 0.]
 [0. 1. 0.]
 [0. 1. 0.]]
probabilities: [[0.07903659 0.5745296  0.3464338 ]
 [0.38413233 0.61178386 0.00408381]
 [0.03012832 0.8526959  0.1171758 ]
 [0.32973936 0.185743   0.48451763]
 [0.29282382 0.03720633 0.66996986]]
probabilities: [[0.21077119 0.23063172 0.5585971 ]
 [0.7896381  0.06492024 0.14544164]
 [0.11571316 0.8551173  0.02916949]
 [0.5808095  0.3871076  0.03208291]
 [0.7704827  0.18430355 0.04521374]]
probabilities: [[0.362146   0.0491795  0.5886745 ]
 [0.59609115 0.12282709 0.28108174]
 [0.66626745 0.3152542  0.0184783 ]
 [0.40171278 0.4705639  0.12772334]
 [0.7641281  0.21697241 0.01889952]]
probabilities: [[0. 0. 1.]
 [0. 1. 0.]
 [0. 0. 1.]
 [0. 0. 1.]
 [0. 0. 1.]]
probabilities: [[0.3037931  0.07549772 0.6207092 ]
 [0.36336884 0.40601262 0.23061855]
 [0.41244134 0.11136366 0.476195  ]
 [0.54511565 0.3291472  0.12573719]
 [0.01440367 0.62784606 0.3577503 ]]
probabilities: [[0.11146309 0.24160707 0.64692986]
 [0.23980682 0.13045834 0.6297349 ]
 [0.21254766 0.5983258  0.18912654]
 [0.71295536 0.24954696 0.03749771]
 [0.24316305 0.05986454 0.6969724 ]]
probabilities: [[0.25116625 0.447196   0.30163774]
 [0.25692618 0.10053609 0.6425377 ]
 [0.60912913 0.26320148 0.12766942]
 [0.750796   0.08335317 0.16585082]
 [0.14498605 0.0312714  0.82374257]]
probabilities: [[0. 1. 0.]
 [0. 1. 0.]
 [0. 1. 0.]
 [0. 1. 0.]
 [0. 1. 0.]]
probabilities: [[0.75703776 0.06183868 0.18112355]
 [0.8368103  0.0595556  0.10363409]
 [0.532594   0.3433364  0.12406955]
 [0.06168815 0.6704568  0.26785505]
 [0.46659046 0.42998433 0.10342519]]
probabilities: [[0.3847309  0.46269593 0.15257317]
 [0.24779439 0.52847224 0.22373335]
 [0.48389646 0.37071207 0.14539146]
 [0.29345238 0.65712804 0.04941957]
 [0.10185562 0.09164982 0.8064946 ]]
probabilities: [[0.00694679 0.8429766  0.15007657]
 [0.31751567 0.25133526 0.43114907]
 [0.6362204  0.11000495 0.25377467]
 [0.4379348  0.06416154 0.49790367]
 [0.01897565 0.7314771  0.24954727]]
probabilities: [[0. 1. 0.]
 [0. 1. 0.]
 [0. 1. 0.]
 [0. 1. 0.]
 [0. 1. 0.]]
probabilities: [[0.21008532 0.5206595  0.2692552 ]
 [0.29371756 0.01482293 0.6914595 ]
 [0.20286468 0.14856987 0.6485655 ]
 [0.30221134 0.3614325  0.33635616]
 [0.18799041 0.7891203  0.02288924]]
probabilities: [[3.8888004e-01 1.0543314e-02 6.0057664e-01]
 [7.9285151e-01 1.9959685e-04 2.0694889e-01]
 [5.5005974e-01 4.2165425e-01 2.8286001e-02]
 [1.6863708e-01 6.3606787e-01 1.9529504e-01]
 [4.4803325e-02 3.8991321e-02 9.1620535e-01]]
probabilities: [[0.61245275 0.06696268 0.32058454]
 [0.19539979 0.61913645 0.18546374]
 [0.2431534  0.6815194  0.07532724]
 [0.36809453 0.21630682 0.41559863]
 [0.12579787 0.29466045 0.5795417 ]]
probabilities: [[0. 0. 1.]
 [0. 1. 0.]
 [0. 0. 1.]
 [0. 0. 1.]
 [0. 0. 1.]]
probabilities: [[0.5004262  0.4835539  0.01601991]
 [0.19400294 0.30626467 0.4997324 ]
 [0.7860619  0.11762208 0.09631606]
 [0.43896407 0.10407899 0.45695692]
 [0.8979866  0.08063564 0.02137776]]
probabilities: [[0.35737652 0.61041033 0.03221319]
 [0.51540077 0.13664952 0.3479497 ]
 [0.35056683 0.57334447 0.07608869]
 [0.15090144 0.02479148 0.8243071 ]
 [0.628622   0.01887946 0.35249853]]
probabilities: [[0.94984716 0.01322957 0.03692324]
 [0.1722368  0.6053633  0.22239986]
 [0.17945486 0.15745802 0.6630871 ]
 [0.15135585 0.51112765 0.33751652]
 [0.6887291  0.12495966 0.18631124]]
probabilities: [[0. 1. 0.]
 [0. 1. 0.]
 [0. 1. 0.]
 [0. 1. 0.]
 [0. 1. 0.]]
probabilities: [[0.38058078 0.00384411 0.6155751 ]
 [0.2161331  0.3329313  0.45093557]
 [0.14245747 0.37530252 0.48224002]
 [0.03238693 0.7252795  0.24233355]
 [0.09997792 0.5814997  0.3185224 ]]
probabilities: [[0.08838307 0.04380247 0.8678145 ]
 [0.39410228 0.50738823 0.09850948]
 [0.6584887  0.00419575 0.33731556]
 [0.53108567 0.3477647  0.1211496 ]
 [0.50695884 0.3027946  0.19024655]]
probabilities: [[0.2194218  0.42975026 0.35082793]
 [0.5164366  0.39379457 0.08976883]
 [0.00133871 0.42888057 0.5697807 ]
 [0.316397   0.18316312 0.5004399 ]
 [0.53586143 0.03785954 0.426279  ]]
probabilities: [[0. 0. 1.]
 [0. 1. 0.]
 [0. 1. 0.]
 [0. 0. 1.]
 [0. 0. 1.]]
probabilities: [[0.24675797 0.0142811  0.7389609 ]
 [0.2046642  0.3223145  0.4730213 ]
 [0.1135336  0.46886048 0.41760594]
 [0.4162135  0.15245071 0.43133578]
 [0.16216761 0.30306524 0.53476715]]
probabilities: [[0.06363592 0.65674406 0.27962005]
 [0.2862517  0.00894312 0.7048052 ]
 [0.12544484 0.45322376 0.42133138]
 [0.49687394 0.03766296 0.4654631 ]
 [0.5985913  0.20840606 0.1930026 ]]
probabilities: [[0.14214498 0.3563382  0.5015168 ]
 [0.42450368 0.4609287  0.11456763]
 [0.23944461 0.17610289 0.5844525 ]
 [0.44093278 0.4430456  0.11602165]
 [0.310212   0.23898208 0.45080593]]
probabilities: [[0. 0. 1.]
 [0. 1. 0.]
 [0. 0. 1.]
 [0. 0. 1.]
 [0. 0. 1.]]
probabilities: [[0.79583454 0.05368423 0.15048122]
 [0.07476459 0.6392915  0.2859439 ]
 [0.47237226 0.27292362 0.25470412]
 [0.23234615 0.67263573 0.09501815]
 [0.41676265 0.50747764 0.07575972]]
probabilities: [[0.56712174 0.09633522 0.33654302]
 [0.59810805 0.39850536 0.00338657]
 [0.4312795  0.05935613 0.50936437]
 [0.22258648 0.68775594 0.0896576 ]
 [0.00344108 0.9646507  0.03190822]]
probabilities: [[0.31238782 0.6402887  0.04732346]
 [0.08279138 0.1439452  0.7732634 ]
 [0.17517379 0.36577263 0.45905358]
 [0.58231515 0.24986914 0.1678157 ]
 [0.11189471 0.6364579  0.25164735]]
probabilities: [[0. 1. 0.]
 [0. 1. 0.]
 [0. 1. 0.]
 [0. 1. 0.]
 [0. 1. 0.]]
probabilities: [[0.09213134 0.03241801 0.8754507 ]
 [0.12092383 0.6834349  0.19564126]
 [0.0539553  0.37385952 0.57218516]
 [0.16278933 0.7721595  0.06505115]
 [0.20965889 0.15563935 0.6347018 ]]
probabilities: [[0.22587372 0.40680254 0.36732373]
 [0.1573464  0.7215831  0.12107044]
 [0.26887694 0.6095362  0.12158686]
 [0.20549206 0.15846136 0.6360466 ]
 [0.07953806 0.70264906 0.21781285]]
probabilities: [[0.33085263 0.36156246 0.3075849 ]
 [0.33152094 0.4502029  0.21827616]
 [0.48159498 0.47115082 0.04725419]
 [0.6462076  0.03966742 0.314125  ]
 [0.17956151 0.62127393 0.19916457]]
probabilities: [[0. 0. 1.]
 [0. 1. 0.]
 [0. 0. 1.]
 [0. 0. 1.]
 [0. 0. 1.]]
probabilities: [[0.4644136  0.53275996 0.00282645]
 [0.02232624 0.4169652  0.5607086 ]
 [0.44327387 0.16301641 0.39370972]
 [0.33261788 0.4238337  0.24354844]
 [0.33057344 0.5249259  0.14450069]]
probabilities: [[0.09824384 0.34505817 0.55669796]
 [0.01348133 0.9328806  0.05363806]
 [0.42449486 0.2375156  0.33798954]
 [0.26454353 0.64326227 0.09219418]
 [0.28321204 0.32164654 0.39514142]]
probabilities: [[0.63779205 0.28176498 0.08044296]
 [0.15813245 0.46324456 0.378623  ]
 [0.01827267 0.7271692  0.2545581 ]
 [0.15280116 0.67209136 0.17510746]
 [0.04190353 0.2174555  0.74064094]]
probabilities: [[0. 0. 1.]
 [0. 1. 0.]
 [0. 1. 0.]
 [0. 0. 1.]
 [0. 0. 1.]]
probabilities: [[0.16275316 0.59886944 0.2383774 ]
 [0.08758221 0.5668283  0.3455895 ]
 [0.3949112  0.01436078 0.590728  ]
 [0.33493635 0.19224165 0.47282198]
 [0.6752321  0.21963117 0.10513674]]
probabilities: [[0.344521   0.54283756 0.11264143]
 [0.51762235 0.08203481 0.40034285]
 [0.34332386 0.29843557 0.35824057]
 [0.23054446 0.20202054 0.56743497]
 [0.48039982 0.06319533 0.45640486]]
probabilities: [[0.56886697 0.10740904 0.32372397]
 [0.1784485  0.02004551 0.801506  ]
 [0.31969047 0.6298518  0.05045769]
 [0.3728701  0.13621065 0.49091926]
 [0.22320665 0.68699855 0.08979479]]
probabilities: [[1. 0. 0.]
 [1. 0. 0.]
 [1. 0. 0.]
 [1. 0. 0.]
 [1. 0. 0.]]
probabilities: [[0.49127954 0.29681665 0.21190383]
 [0.18872847 0.39780703 0.41346452]
 [0.46334442 0.28625974 0.25039583]
 [0.20512572 0.5206444  0.27422982]
 [0.6469085  0.14054063 0.21255085]]
probabilities: [[0.02226894 0.42201883 0.5557122 ]
 [0.20732553 0.5370089  0.2556656 ]
 [0.55447006 0.3903806  0.05514936]
 [0.6729687  0.14095628 0.18607505]
 [0.11386341 0.13053375 0.75560284]]
probabilities: [[0.17696065 0.64964455 0.17339478]
 [0.19394721 0.32798883 0.47806394]
 [0.33633512 0.25077018 0.41289473]
 [0.03259696 0.70111924 0.26628378]
 [0.36816898 0.43964052 0.19219051]]
probabilities: [[0. 0. 1.]
 [0. 1. 0.]
 [0. 0. 1.]
 [0. 0. 1.]
 [0. 0. 1.]]
probabilities: [[0.05814066 0.8350054  0.10685396]
 [0.05915986 0.8860231  0.05481704]
 [0.7412972  0.12992854 0.12877426]
 [0.43993068 0.2059661  0.35410324]
 [0.33426398 0.43495178 0.23078424]]
probabilities: [[0.5515356  0.13986012 0.30860427]
 [0.15828149 0.36185798 0.4798605 ]
 [0.25286552 0.542641   0.2044935 ]
 [0.49275216 0.50525117 0.00199668]
 [0.10869761 0.11912341 0.772179  ]]
probabilities: [[0.56347567 0.2372553  0.19926903]
 [0.55214953 0.00536701 0.44248343]
 [0.04110608 0.5992319  0.35966206]
 [0.6892671  0.27881956 0.03191336]
 [0.15259601 0.09703451 0.7503695 ]]
probabilities: [[0. 0. 1.]
 [0. 1. 0.]
 [0. 0. 1.]
 [0. 0. 1.]
 [0. 0. 1.]]
probabilities: [[0.54911774 0.02471288 0.4261694 ]
 [0.2512337  0.422715   0.3260513 ]
 [0.17259927 0.59798986 0.22941086]
 [0.15155476 0.3291726  0.5192726 ]
 [0.3363981  0.31886446 0.34473744]]
probabilities: [[0.39992005 0.5427727  0.05730724]
 [0.05906768 0.1348206  0.80611175]
 [0.24519694 0.42943314 0.32536992]
 [0.70539707 0.01768908 0.27691385]
 [0.15582862 0.09541743 0.74875396]]
probabilities: [[0.21481594 0.2926543  0.49252975]
 [0.48362708 0.42479107 0.09158186]
 [0.82392156 0.02850088 0.14757757]
 [0.08213399 0.23114778 0.6867182 ]
 [0.77724546 0.04131043 0.18144414]]
probabilities: [[0. 0. 1.]
 [0. 1. 0.]
 [0. 1. 0.]
 [0. 0. 1.]
 [0. 0. 1.]]
probabilities: [[0.35463685 0.02198347 0.6233797 ]
 [0.59963167 0.05943812 0.34093022]
 [0.5280115  0.24920915 0.22277936]
 [0.00813367 0.7911972  0.20066912]
 [0.28061903 0.46250284 0.25687814]]
probabilities: [[0.1322878  0.8003318  0.06738044]
 [0.5743296  0.09800266 0.3276677 ]
 [0.6400207  0.01593391 0.34404534]
 [0.642627   0.23858683 0.11878616]
 [0.02442299 0.77493393 0.20064308]]
probabilities: [[0.03115342 0.05724837 0.9115982 ]
 [0.42436382 0.04840596 0.5272302 ]
 [0.252881   0.3145932  0.43252584]
 [0.23828694 0.47604343 0.28566962]
 [0.16411453 0.21025129 0.6256342 ]]
probabilities: [[0. 1. 0.]
 [0. 1. 0.]
 [0. 1. 0.]
 [0. 1. 0.]
 [0. 1. 0.]]
probabilities: [[0.18035947 0.7526983  0.06694221]
 [0.4126731  0.47017226 0.11715465]
 [0.3925766  0.05917091 0.54825246]
 [0.26290712 0.45820343 0.27888945]
 [0.64394265 0.00434919 0.35170814]]
probabilities: [[0.31617072 0.23796795 0.4458613 ]
 [0.6884089  0.28087604 0.03071506]
 [0.07164086 0.25943804 0.6689211 ]
 [0.19131166 0.1781442  0.6305441 ]
 [0.6239025  0.12135229 0.25474524]]
probabilities: [[0.0071731  0.1996653  0.79316163]
 [0.17821532 0.6134845  0.2083002 ]
 [0.47107968 0.22731654 0.3016038 ]
 [0.43182048 0.40291634 0.16526318]
 [0.69926435 0.16024709 0.14048856]]
probabilities: [[1. 0. 0.]
 [1. 0. 0.]
 [1. 0. 0.]
 [1. 0. 0.]
 [1. 0. 0.]]
probabilities: [[0.07091799 0.8686231  0.06045894]
 [0.8603039  0.13368449 0.00601161]
 [0.06749321 0.08399519 0.8485116 ]
 [0.80954325 0.15834972 0.03210705]
 [0.29364702 0.43320036 0.27315265]]
probabilities: [[0.8393933  0.0029695  0.15763718]
 [0.19417119 0.5231456  0.28268322]
 [0.13384591 0.30178657 0.56436753]
 [0.48555943 0.12006059 0.39437997]
 [0.6042098  0.34735146 0.04843873]]
probabilities: [[0.34814095 0.23814295 0.41371608]
 [0.00146061 0.3324798  0.6660596 ]
 [0.12517613 0.32726967 0.5475542 ]
 [0.41981614 0.54657793 0.03360595]
 [0.5934555  0.35325396 0.05329057]]
probabilities: [[1. 0. 0.]
 [1. 0. 0.]
 [1. 0. 0.]
 [1. 0. 0.]
 [1. 0. 0.]]
probabilities: [[0.50773376 0.2436635  0.24860275]
 [0.05067065 0.44389218 0.50543714]
 [0.81772435 0.06715444 0.11512122]
 [0.11344968 0.8201865  0.06636381]
 [0.3471654  0.33215058 0.32068402]]
probabilities: [[0.7036682  0.2691322  0.02719964]
 [0.37438354 0.35383314 0.2717833 ]
 [0.7802779  0.0324563  0.18726577]
 [0.5764883  0.09927141 0.3242403 ]
 [0.585671   0.08591375 0.32841522]]
probabilities: [[0.2117716  0.65867996 0.12954843]
 [0.5337094  0.28492457 0.18136606]
 [0.213338   0.6254789  0.16118304]
 [0.12960164 0.6799164  0.19048199]
 [0.32517952 0.2945482  0.38027224]]
probabilities: [[1. 0. 0.]
 [1. 0. 0.]
 [1. 0. 0.]
 [1. 0. 0.]
 [1. 0. 0.]]
probabilities: [[0.6212365  0.36808056 0.01068292]
 [0.47703794 0.4360831  0.08687894]
 [0.2855394  0.5519527  0.16250788]
 [0.42292437 0.3311369  0.24593872]
 [0.52396715 0.1171217  0.35891113]]
probabilities: [[0.7228883  0.07877783 0.19833387]
 [0.39124376 0.39417943 0.21457681]
 [0.50008726 0.16763191 0.3322808 ]
 [0.15452494 0.52090025 0.3245748 ]
 [0.12223448 0.7437801  0.13398542]]
probabilities: [[0.71345574 0.09442184 0.19212243]
 [0.14982484 0.32037935 0.5297958 ]
 [0.55495214 0.08996279 0.3550851 ]
 [0.09768517 0.18914716 0.71316767]
 [0.31572852 0.11930634 0.5649651 ]]
probabilities: [[0. 0. 1.]
 [0. 1. 0.]
 [0. 1. 0.]
 [0. 0. 1.]
 [0. 0. 1.]]
probabilities: [[0.2792309  0.4898892  0.2308799 ]
 [0.34819493 0.2528471  0.39895794]
 [0.38698727 0.39826947 0.21474326]
 [0.6179102  0.16054899 0.22154082]
 [0.26173177 0.41122186 0.32704636]]
probabilities: [[0.43144006 0.15792261 0.41063735]
 [0.24092127 0.6042046  0.15487413]
 [0.22195257 0.20642768 0.57161975]
 [0.5277813  0.13874239 0.3334763 ]
 [0.10023989 0.69769794 0.20206219]]
probabilities: [[0.19994496 0.54892707 0.251128  ]
 [0.12596713 0.10571878 0.76831406]
 [0.76599014 0.16175061 0.07225927]
 [0.18438125 0.3228765  0.49274224]
 [0.6426533  0.17731816 0.18002856]]
probabilities: [[0. 1. 0.]
 [0. 1. 0.]
 [0. 1. 0.]
 [0. 1. 0.]
 [0. 1. 0.]]
probabilities: [[0.16028285 0.7154691  0.12424802]
 [0.2734786  0.4319477  0.2945737 ]
 [0.02606018 0.5678635  0.4060763 ]
 [0.41086733 0.01897009 0.5701626 ]
 [0.3559096  0.09029106 0.5537994 ]]
probabilities: [[0.7555539  0.04018563 0.20426048]
 [0.154914   0.21138576 0.63370025]
 [0.30032304 0.22430696 0.47537   ]
 [0.4894462  0.49112433 0.01942947]
 [0.11148565 0.23330833 0.655206  ]]
probabilities: [[0.63112074 0.12558784 0.2432914 ]
 [0.23107271 0.09610416 0.67282313]
 [0.27708045 0.62132967 0.10158989]
 [0.02343624 0.7684358  0.208128  ]
 [0.10016377 0.79192543 0.10791082]]
probabilities: [[0. 0. 1.]
 [0. 1. 0.]
 [0. 1. 0.]
 [0. 0. 1.]
 [0. 0. 1.]]
probabilities: [[0.19990814 0.0897631  0.71032876]
 [0.0992132  0.74756604 0.15322076]
 [0.08247495 0.825722   0.09180305]
 [0.2879276  0.19607577 0.51599663]
 [0.27767098 0.68593    0.03639901]]
probabilities: [[0.15815061 0.73023003 0.11161935]
 [0.5096317  0.44989505 0.04047328]
 [0.3516662  0.5604256  0.08790822]
 [0.5749747  0.12023176 0.3047935 ]
 [0.36316878 0.49318033 0.14365087]]
probabilities: [[0.44447222 0.5204565  0.0350713 ]
 [0.35759574 0.30027428 0.34212998]
 [0.1537427  0.80265176 0.04360551]
 [0.05518241 0.05077141 0.8940462 ]
 [0.08719335 0.24951275 0.6632939 ]]
probabilities: [[0. 0. 1.]
 [0. 1. 0.]
 [0. 0. 1.]
 [0. 0. 1.]
 [0. 0. 1.]]
probabilities: [[0.8503811  0.08996842 0.05965053]
 [0.18601237 0.7676055  0.04638212]
 [0.7368852  0.05354992 0.20956488]
 [0.50526416 0.03323174 0.46150407]
 [0.266746   0.5548411  0.17841287]]
probabilities: [[0.1682766  0.24958019 0.58214325]
 [0.05979397 0.5069141  0.4332919 ]
 [0.18092969 0.5104472  0.3086231 ]
 [0.11916008 0.31360078 0.5672391 ]
 [0.4232047  0.02735266 0.54944265]]
probabilities: [[0.95074296 0.03170769 0.01754934]
 [0.18351246 0.38651153 0.42997602]
 [0.05708776 0.2765755  0.6663367 ]
 [0.14935572 0.61348057 0.23716372]
 [0.13371058 0.4768417  0.38944775]]
probabilities: [[0. 1. 0.]
 [0. 1. 0.]
 [0. 1. 0.]
 [0. 1. 0.]
 [0. 1. 0.]]
probabilities: [[0.34508932 0.15816411 0.49674657]
 [0.5120433  0.20284337 0.28511336]
 [0.3036545  0.6215123  0.07483321]
 [0.23862217 0.6594488  0.10192903]
 [0.04514008 0.47505963 0.47980028]]
probabilities: [[0.1959405  0.6220272  0.18203227]
 [0.41709456 0.46138322 0.12152223]
 [0.38533893 0.49080503 0.12385605]
 [0.2699899  0.53087187 0.19913824]
 [0.5604502  0.3315816  0.1079682 ]]
probabilities: [[0.68792003 0.07656807 0.23551187]
 [0.06423351 0.5954655  0.340301  ]
 [0.11923102 0.2239374  0.65683156]
 [0.5037358  0.0983867  0.39787748]
 [0.41109136 0.5178032  0.07110543]]
probabilities: [[0. 0. 1.]
 [0. 1. 0.]
 [0. 1. 0.]
 [0. 0. 1.]
 [0. 0. 1.]]
probabilities: [[0.21535447 0.29974973 0.4848958 ]
 [0.26415092 0.06939752 0.6664516 ]
 [0.06000195 0.8061421  0.13385598]
 [0.1695833  0.3162431  0.51417357]
 [0.14340389 0.36551565 0.49108046]]
probabilities: [[0.26855466 0.32517117 0.40627417]
 [0.12238857 0.4139406  0.46367082]
 [0.18955754 0.16405532 0.64638716]
 [0.4444194  0.39592275 0.15965784]
 [0.09831455 0.12275565 0.77892977]]
probabilities: [[0.6514632  0.09846602 0.25007075]
 [0.17495723 0.50886774 0.31617504]
 [0.04771984 0.46497735 0.48730278]
 [0.11723796 0.83561337 0.04714867]
 [0.10324056 0.880017   0.01674248]]
probabilities: [[0. 1. 0.]
 [0. 1. 0.]
 [0. 1. 0.]
 [0. 1. 0.]
 [0. 1. 0.]]
probabilities: [[0.10262398 0.32888174 0.56849426]
 [0.03647527 0.07902122 0.8845035 ]
 [0.25009394 0.48688966 0.2630164 ]
 [0.67980343 0.24830875 0.0718878 ]
 [0.24171102 0.60720384 0.15108514]]
probabilities: [[0.20036009 0.5966553  0.2029846 ]
 [0.12245866 0.8454143  0.03212705]
 [0.0203247  0.4539762  0.5256991 ]
 [0.15954143 0.3058966  0.534562  ]
 [0.7989237  0.18870372 0.0123726 ]]
probabilities: [[0.01108031 0.06325391 0.9256658 ]
 [0.5138639  0.48035344 0.00578266]
 [0.86830574 0.10985263 0.02184161]
 [0.25413907 0.02235423 0.7235067 ]
 [0.68265104 0.00586798 0.31148097]]
probabilities: [[1. 0. 0.]
 [1. 0. 0.]
 [1. 0. 0.]
 [1. 0. 0.]
 [1. 0. 0.]]
probabilities: [[0.46282092 0.3957038  0.14147528]
 [0.15817697 0.46092972 0.38089332]
 [0.80306053 0.1506366  0.04630287]
 [0.06773406 0.4294284  0.50283754]
 [0.08061429 0.7250055  0.1943802 ]]
probabilities: [[0.11350013 0.11079209 0.7757078 ]
 [0.15864253 0.5658034  0.27555406]
 [0.39313942 0.29820165 0.30865896]
 [0.72865885 0.0408926  0.23044856]
 [0.11716282 0.38860002 0.49423715]]
probabilities: [[0.33719793 0.59636635 0.06643575]
 [0.2944498  0.6575126  0.0480376 ]
 [0.5930296  0.01140828 0.3955621 ]
 [0.21637678 0.49890056 0.28472266]
 [0.44247028 0.15618439 0.40134534]]
probabilities: [[0. 1. 0.]
 [0. 1. 0.]
 [0. 1. 0.]
 [0. 1. 0.]
 [0. 1. 0.]]
probabilities: [[0.56384873 0.1396953  0.29645595]
 [0.5490003  0.2067145  0.24428521]
 [0.40954632 0.47123542 0.11921826]
 [0.319146   0.30316597 0.37768805]
 [0.23315597 0.04354941 0.7232946 ]]
probabilities: [[0.8181392  0.01342523 0.16843556]
 [0.27581054 0.50568473 0.21850473]
 [0.5203015  0.47281048 0.00688801]
 [0.146221   0.02709262 0.8266864 ]
 [0.18174845 0.25409386 0.56415766]]
probabilities: [[0.54394907 0.02870644 0.4273445 ]
 [0.04777529 0.5221286  0.43009612]
 [0.10025552 0.1254234  0.7743211 ]
 [0.48511848 0.11932941 0.39555213]
 [0.42073268 0.21801166 0.36125565]]
probabilities: [[0. 1. 0.]
 [0. 1. 0.]
 [0. 1. 0.]
 [0. 1. 0.]
 [0. 1. 0.]]
probabilities: [[0.45805472 0.03197578 0.50996953]
 [0.21279821 0.7162446  0.07095722]
 [0.8603931  0.00698203 0.13262485]
 [0.27776515 0.6848262  0.03740867]
 [0.5253041  0.01426671 0.4604292 ]]
probabilities: [[0.04467626 0.13673577 0.81858796]
 [0.01974675 0.39154008 0.58871317]
 [0.88698745 0.06009843 0.0529141 ]
 [0.42337498 0.01828722 0.5583378 ]
 [0.5183418  0.47690722 0.00475102]]
probabilities: [[0.45696232 0.4999157  0.04312199]
 [0.45942208 0.23244141 0.3081365 ]
 [0.36133423 0.11104939 0.5276164 ]
 [0.18964264 0.10873713 0.7016202 ]
 [0.01913751 0.8207874  0.16007511]]
probabilities: [[0. 1. 0.]
 [0. 1. 0.]
 [0. 1. 0.]
 [0. 1. 0.]
 [0. 1. 0.]]
probabilities: [[0.24791226 0.31285024 0.43923748]
 [0.00958078 0.9196233  0.07079592]
 [0.6404462  0.12972446 0.22982934]
 [0.15267071 0.36968124 0.47764805]
 [0.3878319  0.59133947 0.02082866]]
probabilities: [[0.17475113 0.21146296 0.6137859 ]
 [0.06114813 0.63833404 0.3005178 ]
 [0.06801961 0.2916185  0.6403619 ]
 [0.03459649 0.88161    0.08379352]
 [0.00939759 0.15165313 0.83894926]]
probabilities: [[0.16265291 0.01519853 0.82214856]
 [0.23186131 0.4158565  0.35228217]
 [0.50138736 0.09644528 0.40216735]
 [0.5490065  0.3127647  0.13822879]
 [0.10747388 0.69322115 0.19930498]]
probabilities: [[1. 0. 0.]
 [1. 0. 0.]
 [1. 0. 0.]
 [1. 0. 0.]
 [1. 0. 0.]]
probabilities: [[0.52496034 0.05099618 0.4240435 ]
 [0.46694204 0.09149737 0.44156057]
 [0.2913392  0.06062157 0.6480393 ]
 [0.2857226  0.36976776 0.34450963]
 [0.11319352 0.15534468 0.7314618 ]]
probabilities: [[0.29947898 0.6652249  0.03529613]
 [0.5380386  0.04891843 0.41304296]
 [0.55462587 0.10517959 0.34019455]
 [0.6612689  0.11026058 0.2284705 ]
 [0.57447696 0.33438042 0.09114263]]
probabilities: [[0.29643342 0.22089949 0.4826671 ]
 [0.05904796 0.09960873 0.8413433 ]
 [0.39437947 0.36592093 0.23969962]
 [0.02663659 0.76782703 0.2055364 ]
 [0.21580757 0.06120858 0.72298384]]
probabilities: [[1. 0. 0.]
 [1. 0. 0.]
 [1. 0. 0.]
 [1. 0. 0.]
 [1. 0. 0.]]
probabilities: [[0.02227504 0.6569751  0.32074985]
 [0.04251721 0.10581511 0.8516677 ]
 [0.35417306 0.61860615 0.02722076]
 [0.4965883  0.01267787 0.49073383]
 [0.0460934  0.9482756  0.00563098]]
probabilities: [[0.13687725 0.79362047 0.06950229]
 [0.29611334 0.4379871  0.26589957]
 [0.04257039 0.4084271  0.5490025 ]
 [0.01629657 0.3498249  0.6338785 ]
 [0.39526162 0.10087369 0.5038647 ]]
probabilities: [[0.16042799 0.46759075 0.37198126]
 [0.15616412 0.40481403 0.43902183]
 [0.65073967 0.06745827 0.28180206]
 [0.2746354  0.44895488 0.27640975]
 [0.23602147 0.14018978 0.6237888 ]]
probabilities: [[0. 0. 1.]
 [0. 1. 0.]
 [0. 0. 1.]
 [0. 0. 1.]
 [0. 0. 1.]]
probabilities: [[0.10510238 0.2519244  0.64297324]
 [0.0691933  0.8705838  0.0602229 ]
 [0.16910437 0.15337767 0.67751795]
 [0.00233437 0.66937613 0.3282895 ]
 [0.16671908 0.22516067 0.60812026]]
probabilities: [[0.11879236 0.53108263 0.350125  ]
 [0.5394887  0.05555074 0.40496057]
 [0.24814777 0.07663693 0.6752153 ]
 [0.26456317 0.73120475 0.0042321 ]
 [0.18544193 0.04785362 0.76670444]]
probabilities: [[0.7533649  0.01591128 0.23072381]
 [0.4144512  0.11957774 0.46597105]
 [0.40582615 0.4625437  0.13163017]
