probabilities: [[0. 1. 0.]
 [0. 1. 0.]
 [0. 1. 0.]
 [0. 1. 0.]
 [0. 1. 0.]]
probabilities: [[0.55408424 0.43246973 0.01344603]
 [0.15703964 0.3696555  0.47330487]
 [0.24765962 0.56993616 0.18240419]
 [0.8426451  0.08238728 0.07496763]
 [0.13781239 0.49692008 0.36526752]]
probabilities: [[4.6994436e-01 8.1382595e-02 4.4867307e-01]
 [4.0086448e-01 2.4505349e-01 3.5408205e-01]
 [2.0847291e-01 7.9122597e-01 3.0115695e-04]
 [2.3404510e-01 4.2175832e-01 3.4419659e-01]
 [5.5693793e-01 3.6013323e-01 8.2928821e-02]]
probabilities: [[0.26982623 0.38125893 0.34891483]
 [0.5563135  0.23886766 0.2048188 ]
 [0.21657437 0.02330315 0.7601225 ]
 [0.40371627 0.39299193 0.20329179]
 [0.24556713 0.35774833 0.39668456]]
probabilities: [[0. 0. 1.]
 [0. 1. 0.]
 [0. 1. 0.]
 [0. 0. 1.]
 [0. 0. 1.]]
probabilities: [[0.7785914  0.04786177 0.17354682]
 [0.3985735  0.2833997  0.3180268 ]
 [0.24846739 0.43285728 0.3186753 ]
 [0.17305128 0.28644833 0.5405004 ]
 [0.17203458 0.793425   0.03454039]]
probabilities: [[0.13879247 0.12641421 0.7347933 ]
 [0.3252241  0.28964022 0.38513568]
 [0.849162   0.06201107 0.08882693]
 [0.49365276 0.21369067 0.29265657]
 [0.84376526 0.10809126 0.0481435 ]]
probabilities: [[0.08993554 0.75409615 0.1559683 ]
 [0.00081879 0.7810036  0.21817762]
 [0.3867264  0.50467104 0.10860254]
 [0.02326965 0.66728044 0.30944994]
 [0.25259236 0.227005   0.52040267]]
probabilities: [[0. 0. 1.]
 [0. 1. 0.]
 [0. 0. 1.]
 [0. 0. 1.]
 [0. 0. 1.]]
probabilities: [[0.07609379 0.508993   0.41491318]
 [0.71887714 0.20958722 0.07153565]
 [0.06458776 0.4341605  0.50125176]
 [0.07350685 0.22956045 0.6969327 ]
 [0.4732461  0.4246453  0.10210861]]
probabilities: [[0.0398939  0.31982276 0.64028335]
 [0.08089432 0.88160735 0.03749831]
 [0.5364452  0.2276734  0.23588142]
 [0.41533658 0.37343252 0.2112309 ]
 [0.18276839 0.66984683 0.1473848 ]]
probabilities: [[0.42857465 0.4446662  0.12675914]
 [0.25886548 0.05699399 0.68414056]
 [0.02056286 0.07748678 0.90195036]
 [0.10214103 0.63058573 0.26727322]
 [0.47167277 0.5067604  0.02156679]]
probabilities: [[1. 0. 0.]
 [1. 0. 0.]
 [1. 0. 0.]
 [1. 0. 0.]
 [1. 0. 0.]]
probabilities: [[0.13597243 0.15228878 0.71173877]
 [0.4002107  0.09658828 0.503201  ]
 [0.7834813  0.13248608 0.0840326 ]
 [0.5421118  0.3591606  0.09872761]
 [0.3500665  0.31188783 0.33804566]]
probabilities: [[0.44570857 0.26979133 0.2845001 ]
 [0.46595016 0.21141796 0.3226319 ]
 [0.1275998  0.8702672  0.00213297]
 [0.00215723 0.90495807 0.09288468]
 [0.38116857 0.28707254 0.3317589 ]]
probabilities: [[0.10745971 0.19160485 0.7009354 ]
 [0.07837305 0.38300434 0.5386226 ]
 [0.20192772 0.35007548 0.4479968 ]
 [0.19267653 0.04528629 0.76203716]
 [0.58432364 0.17465925 0.24101707]]
probabilities: [[0. 1. 0.]
 [0. 1. 0.]
 [0. 1. 0.]
 [0. 1. 0.]
 [0. 1. 0.]]
probabilities: [[0.949636   0.0183629  0.03200111]
 [0.6365263  0.03513959 0.3283341 ]
 [0.739546   0.17166743 0.08878659]
 [0.04030205 0.12022771 0.83947027]
 [0.04037565 0.88720673 0.07241761]]
probabilities: [[0.63589036 0.29996434 0.06414531]
 [0.46393272 0.10404799 0.4320193 ]
 [0.43052545 0.5197563  0.04971823]
 [0.13636678 0.26704714 0.59658605]
 [0.37650722 0.40380123 0.21969157]]
probabilities: [[0.03185976 0.54789376 0.42024648]
 [0.48379782 0.4050917  0.11111047]
 [0.5139322  0.2738737  0.21219406]
 [0.25525725 0.73011154 0.01463125]
 [0.10820574 0.09705056 0.7947437 ]]
probabilities: [[1. 0. 0.]
 [1. 0. 0.]
 [1. 0. 0.]
 [1. 0. 0.]
 [1. 0. 0.]]
probabilities: [[0.11329548 0.83592093 0.05078361]
 [0.13188872 0.00748055 0.86063075]
 [0.40677944 0.45712402 0.13609657]
 [0.42249703 0.55970484 0.01779811]
 [0.8744269  0.0596396  0.06593351]]
probabilities: [[0.2595171  0.33681452 0.40366834]
 [0.49283752 0.34267646 0.164486  ]
 [0.11689808 0.41597733 0.46712458]
 [0.4169628  0.17756324 0.40547398]
 [0.08270478 0.22962883 0.6876664 ]]
probabilities: [[0.3461139  0.3479412  0.30594495]
 [0.25890046 0.5994964  0.14160311]
 [0.3260521  0.12024516 0.5537028 ]
 [0.11117835 0.09664968 0.79217196]
 [0.03232403 0.09519307 0.8724829 ]]
probabilities: [[1. 0. 0.]
 [1. 0. 0.]
 [1. 0. 0.]
 [1. 0. 0.]
 [1. 0. 0.]]
probabilities: [[0.48643878 0.09225713 0.42130408]
 [0.02457563 0.48944035 0.48598403]
 [0.29396075 0.57521564 0.13082358]
 [0.09562489 0.11318585 0.79118925]
 [0.63743955 0.2287155  0.13384496]]
probabilities: [[0.02207772 0.03215865 0.94576365]
 [0.34203938 0.5178538  0.14010686]
 [0.02317232 0.95325863 0.02356906]
 [0.0750361  0.56924826 0.35571566]
 [0.45546997 0.1962754  0.34825462]]
probabilities: [[0.509614   0.28568164 0.20470439]
 [0.08011506 0.16551006 0.75437486]
 [0.10127144 0.36032715 0.5384014 ]
 [0.72239876 0.2568519  0.02074937]
 [0.01798496 0.80902934 0.17298567]]
probabilities: [[0. 1. 0.]
 [0. 1. 0.]
 [0. 1. 0.]
 [0. 1. 0.]
 [0. 1. 0.]]
probabilities: [[0.0039247  0.9551375  0.04093783]
 [0.74193805 0.24795581 0.01010613]
 [0.7915944  0.0389629  0.16944268]
 [0.0594165  0.5348525  0.40573102]
 [0.5413326  0.42211345 0.03655396]]
probabilities: [[0.57042927 0.25311303 0.17645773]
 [0.10527595 0.6619641  0.23275995]
 [0.26982856 0.25703064 0.4731408 ]
 [0.36678034 0.12353805 0.5096816 ]
 [0.3659193  0.35012072 0.28395998]]
probabilities: [[0.16643474 0.15068817 0.68287706]
 [0.13175033 0.35138968 0.51686   ]
 [0.41544402 0.48450592 0.10005006]
 [0.30790702 0.3081822  0.38391078]
 [0.4260714  0.09047565 0.48345295]]
probabilities: [[0. 1. 0.]
 [0. 1. 0.]
 [0. 1. 0.]
 [0. 1. 0.]
 [0. 1. 0.]]
probabilities: [[0.29126126 0.5346367  0.17410205]
 [0.59906954 0.30622423 0.09470624]
 [0.10501307 0.5466078  0.34837914]
 [0.03822745 0.81293565 0.14883688]
 [0.22181794 0.6516055  0.12657656]]
probabilities: [[0.4554201  0.34575614 0.19882374]
 [0.80737513 0.1903204  0.00230449]
 [0.2563422  0.42564282 0.31801498]
 [0.4580445  0.47269097 0.06926452]
 [0.15486388 0.76457465 0.08056144]]
probabilities: [[0.31891143 0.40648523 0.2746033 ]
 [0.56749827 0.14648673 0.28601503]
 [0.10590994 0.00606864 0.8880214 ]
 [0.30182236 0.5601807  0.13799691]
 [0.2577152  0.54954875 0.19273604]]
probabilities: [[0. 1. 0.]
 [0. 1. 0.]
 [0. 1. 0.]
 [0. 1. 0.]
 [0. 1. 0.]]
probabilities: [[0.5131139  0.30022824 0.18665788]
 [0.33028215 0.3464839  0.32323396]
 [0.5493875  0.3797265  0.07088598]
 [0.65313125 0.09902615 0.24784262]
 [0.25715727 0.5395918  0.20325093]]
probabilities: [[6.8564636e-01 1.4026774e-01 1.7408590e-01]
 [4.8144472e-01 2.3842840e-01 2.8012690e-01]
 [1.8098988e-01 4.8364647e-02 7.7064550e-01]
 [9.0998292e-01 5.5446138e-04 8.9462616e-02]
 [1.2621117e-01 2.9784086e-01 5.7594794e-01]]
probabilities: [[0.03900896 0.25374228 0.70724875]
 [0.3487555  0.4673261  0.1839184 ]
 [0.21596518 0.17121847 0.61281633]
 [0.0234788  0.5448534  0.43166783]
 [0.8388963  0.00218968 0.15891403]]
probabilities: [[0. 0. 1.]
 [0. 1. 0.]
 [0. 1. 0.]
 [0. 0. 1.]
 [0. 0. 1.]]
probabilities: [[0.1204031  0.8137181  0.06587882]
 [0.6689979  0.24032612 0.09067598]
 [0.01838694 0.60945094 0.37216213]
 [0.7305012  0.14686081 0.12263801]
 [0.36647174 0.6083179  0.02521033]]
probabilities: [[0.44253755 0.4139941  0.14346835]
 [0.76492137 0.19851267 0.03656595]
 [0.40530744 0.5845784  0.01011419]
 [0.30001947 0.4082556  0.29172492]
 [0.05327364 0.07373501 0.8729913 ]]
probabilities: [[0.02707166 0.12363407 0.84929425]
 [0.733699   0.25579318 0.01050779]
 [0.19361831 0.05253408 0.7538476 ]
 [0.47276685 0.03403471 0.49319842]
 [0.36819094 0.3367488  0.29506028]]
probabilities: [[1. 0. 0.]
 [1. 0. 0.]
 [1. 0. 0.]
 [1. 0. 0.]
 [1. 0. 0.]]
probabilities: [[0.6356413  0.21093349 0.1534252 ]
 [0.30525598 0.47317708 0.22156695]
 [0.24804868 0.18918663 0.5627647 ]
 [0.4992789  0.37126192 0.12945917]
 [0.4592188  0.25306478 0.28771642]]
probabilities: [[0.19157824 0.41518635 0.39323542]
 [0.44250458 0.25563997 0.30185544]
 [0.49094826 0.27905187 0.22999988]
 [0.16729073 0.47715917 0.3555501 ]
 [0.00596532 0.5881422  0.40589243]]
probabilities: [[0.04073285 0.16179703 0.7974701 ]
 [0.1189218  0.8084389  0.07263929]
 [0.17089486 0.5306573  0.29844785]
 [0.62137294 0.3274534  0.05117367]
 [0.0172467  0.71494347 0.26780984]]
probabilities: [[0. 1. 0.]
 [0. 1. 0.]
 [0. 1. 0.]
 [0. 1. 0.]
 [0. 1. 0.]]
probabilities: [[0.07388792 0.29632577 0.6297863 ]
 [0.06605708 0.5206276  0.41331533]
 [0.28371966 0.57721317 0.13906713]
 [0.1626137  0.6529411  0.1844452 ]
 [0.35637966 0.6031465  0.04047387]]
probabilities: [[0.5402098  0.33585888 0.12393136]
 [0.5242137  0.18141723 0.29436913]
 [0.3773517  0.6100063  0.01264201]
 [0.5115401  0.04224697 0.4462129 ]
 [0.07273638 0.84883255 0.07843106]]
probabilities: [[0.07723153 0.40519485 0.51757365]
 [0.5570332  0.09317745 0.34978935]
 [0.5361028  0.46076682 0.00313043]
 [0.52311087 0.3713051  0.10558404]
 [0.15299788 0.554559   0.29244313]]
probabilities: [[1. 0. 0.]
 [1. 0. 0.]
 [1. 0. 0.]
 [1. 0. 0.]
 [1. 0. 0.]]
probabilities: [[0.5493949  0.29122308 0.15938199]
 [0.19336303 0.7633667  0.0432703 ]
 [0.03469682 0.4056077  0.5596955 ]
 [0.04742685 0.44015637 0.5124168 ]
 [0.15994208 0.7602089  0.07984899]]
probabilities: [[0.04180323 0.27408567 0.6841111 ]
 [0.14158899 0.53414184 0.32426918]
 [0.24723084 0.2343788  0.51839036]
 [0.04691771 0.14550276 0.8075795 ]
 [0.0163194  0.84921366 0.13446693]]
probabilities: [[0.5102148  0.40584165 0.08394355]
 [0.00236502 0.6462308  0.3514042 ]
 [0.6886851  0.17298539 0.13832946]
 [0.04693069 0.26966467 0.6834046 ]
 [0.281041   0.32232347 0.39663553]]
probabilities: [[1. 0. 0.]
 [1. 0. 0.]
 [1. 0. 0.]
 [1. 0. 0.]
 [1. 0. 0.]]
probabilities: [[0.61747164 0.15204988 0.23047851]
 [0.89296645 0.0644739  0.04255966]
 [0.5944761  0.35363623 0.05188764]
 [0.2362557  0.3155487  0.4481956 ]
 [0.78397524 0.04129136 0.1747334 ]]
probabilities: [[0.2021023  0.26411495 0.5337827 ]
 [0.12577753 0.3080623  0.5661602 ]
 [0.9536927  0.03380979 0.01249751]
 [0.39435843 0.4136444  0.19199717]
 [0.51470774 0.28932565 0.1959666 ]]
probabilities: [[0.30463573 0.01698026 0.678384  ]
 [0.44875816 0.29415423 0.25708762]
 [0.33618477 0.24773572 0.41607952]
 [0.73368084 0.02896492 0.23735426]
 [0.00329129 0.61729354 0.37941515]]
probabilities: [[0. 0. 1.]
 [0. 1. 0.]
 [0. 0. 1.]
 [0. 0. 1.]
 [0. 0. 1.]]
probabilities: [[0.8459877  0.04737405 0.10663828]
 [0.27486587 0.02006818 0.70506597]
 [0.13595553 0.12709042 0.73695403]
 [0.50583816 0.01862005 0.47554177]
 [0.5982174  0.31350604 0.08827651]]
probabilities: [[0.6981147  0.04468095 0.25720432]
 [0.24346758 0.66304326 0.09348916]
 [0.3815585  0.10603218 0.5124093 ]
 [0.13099644 0.3137599  0.5552437 ]
 [0.07593375 0.62124455 0.30282173]]
probabilities: [[0.17002639 0.69749177 0.13248181]
 [0.19554146 0.22582665 0.5786319 ]
 [0.11430147 0.45002282 0.4356757 ]
 [0.5840542  0.39319274 0.02275309]
 [0.45427024 0.5362692  0.00946058]]
probabilities: [[0. 0. 1.]
 [0. 1. 0.]
 [0. 1. 0.]
 [0. 0. 1.]
 [0. 0. 1.]]
probabilities: [[0.54695284 0.09577876 0.35726836]
 [0.35399425 0.5432881  0.10271765]
 [0.13034518 0.8595005  0.01015427]
 [0.8637934  0.12555194 0.01065467]
 [0.02581372 0.9621168  0.01206952]]
probabilities: [[0.61300296 0.32095063 0.06604644]
 [0.2502115  0.5695014  0.18028708]
 [0.0160748  0.52255225 0.46137297]
 [0.21909054 0.43732166 0.3435878 ]
 [0.15603222 0.43723935 0.40672845]]
probabilities: [[0.40167907 0.20780323 0.39051768]
 [0.5192134  0.27776855 0.20301808]
 [0.35490498 0.07889888 0.56619614]
 [0.10753387 0.49098074 0.40148538]
 [0.43441957 0.24383382 0.3217466 ]]
probabilities: [[0. 1. 0.]
 [0. 1. 0.]
 [0. 1. 0.]
 [0. 1. 0.]
 [0. 1. 0.]]
probabilities: [[0.08301558 0.9136228  0.00336162]
 [0.4793812  0.4536877  0.06693111]
 [0.10593463 0.1972767  0.69678867]
 [0.16657852 0.75389457 0.07952692]
 [0.1898574  0.5290656  0.28107703]]
probabilities: [[0.16817757 0.20756035 0.6242621 ]
 [0.18178388 0.8073071  0.01090902]
 [0.34397125 0.38785633 0.2681724 ]
 [0.7015757  0.20841685 0.09000744]
 [0.6300064  0.34850335 0.02149026]]
probabilities: [[0.5463357  0.25440687 0.19925746]
 [0.75737244 0.12307952 0.11954805]
 [0.27635095 0.25303245 0.4706166 ]
 [0.32632133 0.14995041 0.52372825]
 [0.07946786 0.7984475  0.12208468]]
probabilities: [[1. 0. 0.]
 [1. 0. 0.]
 [1. 0. 0.]
 [1. 0. 0.]
 [1. 0. 0.]]
probabilities: [[0.3523942  0.2528787  0.3947271 ]
 [0.17304131 0.2051276  0.62183106]
 [0.2936265  0.31900576 0.38736776]
 [0.44413245 0.2240031  0.33186445]
 [0.48143297 0.42944765 0.0891194 ]]
probabilities: [[0.47420615 0.3348344  0.19095948]
 [0.00939593 0.12458322 0.86602086]
 [0.2743752  0.06332225 0.66230255]
 [0.00367113 0.24539794 0.75093096]
 [0.42701456 0.3591046  0.21388085]]
probabilities: [[0.2535274  0.5566311  0.1898415 ]
 [0.02748032 0.06526998 0.9072497 ]
 [0.02561455 0.6894904  0.28489506]
 [0.33090556 0.55297697 0.11611746]
 [0.81517595 0.00781679 0.17700729]]
probabilities: [[0. 0. 1.]
 [0. 1. 0.]
 [0. 0. 1.]
 [0. 0. 1.]
 [0. 0. 1.]]
probabilities: [[0.13789766 0.7801482  0.08195416]
 [0.29429868 0.20609    0.4996113 ]
 [0.18136345 0.29273835 0.5258982 ]
 [0.61679584 0.07887037 0.30433378]
 [0.01266493 0.7763469  0.21098816]]
probabilities: [[7.0145333e-01 2.9842210e-01 1.2457800e-04]
 [2.0054497e-01 4.5522740e-01 3.4422764e-01]
 [3.4216100e-01 1.8680860e-01 4.7103041e-01]
 [3.2631484e-01 1.0366584e-01 5.7001936e-01]
 [2.2778744e-02 5.7632190e-01 4.0089938e-01]]
probabilities: [[0.03313153 0.402448   0.56442046]
 [0.36219218 0.02610159 0.6117062 ]
 [0.23894826 0.19066662 0.5703851 ]
 [0.14210287 0.66395485 0.19394225]
 [0.06283208 0.57784784 0.35932007]]
probabilities: [[0. 0. 1.]
 [0. 1. 0.]
 [0. 0. 1.]
 [0. 0. 1.]
 [0. 0. 1.]]
probabilities: [[0.3518758  0.5255325  0.12259173]
 [0.49077055 0.26278588 0.24644357]
 [0.2865835  0.15192923 0.56148726]
 [0.11722347 0.7532837  0.12949286]
 [0.20544352 0.33464998 0.45990652]]
probabilities: [[0.22841325 0.72011626 0.05147051]
 [0.26289517 0.00716005 0.7299448 ]
 [0.25135192 0.27600232 0.47264576]
 [0.24387218 0.12941453 0.6267133 ]
 [0.1507521  0.66558826 0.18365963]]
probabilities: [[0.6820385  0.2976108  0.02035076]
 [0.4356529  0.30646813 0.25787893]
 [0.48283288 0.41026768 0.10689941]
 [0.04043239 0.91219294 0.04737469]
 [0.01456721 0.51680547 0.4686273 ]]
probabilities: [[0. 0. 1.]
 [0. 1. 0.]
 [0. 0. 1.]
 [0. 0. 1.]
 [0. 0. 1.]]
probabilities: [[0.05577174 0.82434237 0.11988591]
 [0.4083761  0.547541   0.04408288]
 [0.18315989 0.536715   0.28012514]
 [0.39664373 0.18282673 0.42052954]
 [0.09430898 0.01003674 0.89565426]]
probabilities: [[0.2968681  0.4839629  0.21916902]
 [0.6280263  0.24643564 0.12553807]
 [0.44020054 0.44834152 0.11145794]
 [0.5937976  0.3581185  0.04808385]
 [0.1381409  0.66097724 0.20088185]]
probabilities: [[0.61205906 0.2036901  0.18425083]
 [0.01262552 0.4332654  0.5541091 ]
 [0.21602204 0.6245345  0.15944348]
 [0.5303516  0.04617022 0.4234782 ]
 [0.25957382 0.1023307  0.6380955 ]]
probabilities: [[1. 0. 0.]
 [1. 0. 0.]
 [1. 0. 0.]
 [1. 0. 0.]
 [1. 0. 0.]]
probabilities: [[4.3745580e-01 3.9976618e-01 1.6277802e-01]
 [3.1484839e-01 2.8866041e-01 3.9649120e-01]
 [4.1752264e-01 3.6943159e-01 2.1304578e-01]
 [5.6963986e-01 1.4618495e-03 4.2889830e-01]
 [7.3306459e-05 4.2869088e-01 5.7123584e-01]]
probabilities: [[0.27220854 0.39468923 0.33310223]
 [0.7533364  0.02593065 0.22073291]
 [0.29809216 0.32235909 0.37954873]
 [0.19481099 0.38643825 0.4187508 ]
 [0.07492699 0.06909364 0.8559794 ]]
probabilities: [[0.07126179 0.4694684  0.4592698 ]
 [0.30984145 0.4204624  0.26969615]
 [0.8062328  0.18086238 0.01290483]
 [0.63247365 0.01431285 0.3532135 ]
 [0.00197004 0.4981442  0.49988574]]
probabilities: [[0. 0. 1.]
 [0. 1. 0.]
 [0. 1. 0.]
 [0. 0. 1.]
 [0. 0. 1.]]
probabilities: [[0.7616083  0.21553904 0.02285268]
 [0.6639739  0.26527607 0.07075   ]
 [0.11527605 0.67663497 0.208089  ]
 [0.07357696 0.17043146 0.7559916 ]
 [0.3040705  0.24861355 0.44731596]]
probabilities: [[0.27259964 0.57835805 0.14904234]
 [0.15630345 0.48677045 0.3569261 ]
 [0.01450214 0.31662336 0.6688745 ]
 [0.19679822 0.269316   0.5338858 ]
 [0.08361933 0.21338792 0.70299274]]
probabilities: [[0.42107794 0.3821232  0.19679888]
 [0.05253836 0.6703352  0.27712646]
 [0.06424738 0.00764505 0.92810756]
 [0.29272535 0.6777903  0.02948437]
 [0.5605257  0.1723254  0.26714888]]
probabilities: [[0. 0. 1.]
 [0. 1. 0.]
 [0. 1. 0.]
 [0. 0. 1.]
 [0. 0. 1.]]
probabilities: [[0.38109878 0.5277493  0.09115189]
 [0.18967123 0.24161744 0.56871134]
 [0.23294975 0.35438558 0.41266465]
 [0.7382721  0.09653364 0.1651943 ]
 [0.01278912 0.37451053 0.61270034]]
probabilities: [[1.9414314e-04 2.2399904e-02 9.7740597e-01]
 [2.1576579e-01 7.4816465e-01 3.6069572e-02]
 [8.1585050e-01 1.3343672e-01 5.0712768e-02]
 [1.4968605e-01 1.0339716e-01 7.4691677e-01]
 [4.9223262e-01 7.3118128e-02 4.3464926e-01]]
probabilities: [[0.5097714  0.0528201  0.4374085 ]
 [0.56700826 0.2603767  0.17261507]
 [0.08075295 0.13026804 0.78897905]
 [0.32909957 0.24457099 0.42632943]
 [0.7599261  0.04453764 0.19553632]]
probabilities: [[0. 1. 0.]
 [0. 1. 0.]
 [0. 1. 0.]
 [0. 1. 0.]
 [0. 1. 0.]]
probabilities: [[0.3568911  0.19644563 0.4466633 ]
 [0.05644776 0.13943072 0.8041215 ]
 [0.8032376  0.07396661 0.12279579]
 [0.22436294 0.3586865  0.41695055]
 [0.02671007 0.44965345 0.52363646]]
probabilities: [[0.20421739 0.71848303 0.07729957]
 [0.12380303 0.11620972 0.75998724]
 [0.3627808  0.49755874 0.13966046]
 [0.06015867 0.8299241  0.10991722]
 [0.17788148 0.57232314 0.24979539]]
probabilities: [[0.57484037 0.22170024 0.20345941]
 [0.05492425 0.1854689  0.75960684]
 [0.3065524  0.3613947  0.33205292]
 [0.49817333 0.20138961 0.30043706]
 [0.16345336 0.3628014  0.47374523]]
probabilities: [[0. 0. 1.]
 [0. 1. 0.]
 [0. 0. 1.]
 [0. 0. 1.]
 [0. 0. 1.]]
probabilities: [[0.6415663  0.24115872 0.11727502]
 [0.33559912 0.443162   0.22123887]
 [0.02551726 0.06633242 0.9081503 ]
 [0.34415156 0.4473217  0.20852673]
 [0.6192633  0.2605267  0.12021004]]
probabilities: [[0.8582463  0.02094573 0.12080792]
 [0.05036767 0.18365788 0.76597446]
 [0.22385687 0.10637927 0.66976386]
 [0.30448875 0.3194585  0.37605274]
 [0.37771904 0.16596428 0.45631668]]
probabilities: [[0.4835899  0.27910915 0.23730096]
 [0.10434496 0.35535404 0.54030097]
 [0.5600637  0.32411453 0.11582175]
 [0.20872226 0.7731084  0.01816928]
 [0.70565856 0.28815517 0.00618626]]
probabilities: [[0. 1. 0.]
 [0. 1. 0.]
 [0. 1. 0.]
 [0. 1. 0.]
 [0. 1. 0.]]
probabilities: [[0.30555546 0.11806203 0.5763825 ]
 [0.3007859  0.21246253 0.4867516 ]
 [0.2977288  0.12650841 0.5757628 ]
 [0.14710337 0.08423679 0.76865983]
 [0.42972863 0.5073354  0.06293594]]
probabilities: [[0.69154495 0.0735229  0.23493214]
 [0.23677164 0.25247735 0.510751  ]
 [0.673884   0.3063064  0.0198096 ]
 [0.18899648 0.22089869 0.5901048 ]
 [0.78386456 0.18455577 0.03157966]]
probabilities: [[0.94072515 0.02336374 0.0359111 ]
 [0.28031206 0.44916773 0.2705202 ]
 [0.3094175  0.68685573 0.00372677]
 [0.34568956 0.3700589  0.28425154]
 [0.24285398 0.67538565 0.08176036]]
probabilities: [[0. 0. 1.]
 [0. 1. 0.]
 [0. 1. 0.]
 [0. 0. 1.]
 [0. 0. 1.]]
probabilities: [[0.73009443 0.21614684 0.05375874]
 [0.053029   0.40805584 0.53891516]
 [0.23651727 0.47332555 0.2901572 ]
 [0.69439304 0.19034733 0.11525966]
 [0.28902906 0.575194   0.13577694]]
probabilities: [[0.31895784 0.13921487 0.54182726]
 [0.07699772 0.33337077 0.5896315 ]
 [0.2714234  0.5226648  0.20591179]
 [0.29751784 0.40900806 0.2934741 ]
 [0.03095087 0.3871515  0.5818976 ]]
probabilities: [[0.8246085  0.03700786 0.1383836 ]
 [0.6173265  0.10353118 0.27914232]
 [0.7337901  0.15900443 0.10720547]
 [0.17317826 0.52121085 0.30561087]
 [0.02103617 0.97092605 0.00803778]]
probabilities: [[0. 0. 1.]
 [0. 1. 0.]
 [0. 0. 1.]
 [0. 0. 1.]
 [0. 0. 1.]]
probabilities: [[0.3127727  0.2217931  0.46543422]
 [0.29724228 0.01228097 0.6904767 ]
 [0.24970308 0.39726183 0.35303506]
 [0.00870771 0.91270363 0.07858863]
 [0.16492087 0.6576083  0.17747088]]
probabilities: [[7.7079940e-01 1.2136740e-02 2.1706389e-01]
 [1.9414786e-03 6.9695884e-01 3.0109966e-01]
 [7.0578301e-01 5.8225538e-05 2.9415879e-01]
 [2.3338149e-01 3.3924320e-01 4.2737529e-01]
 [2.1683823e-01 6.0433125e-01 1.7883052e-01]]
probabilities: [[0.657744   0.08601592 0.25624007]
 [0.24900876 0.697539   0.05345228]
 [0.35115075 0.45085144 0.19799782]
 [0.15797007 0.51340085 0.32862905]
 [0.10252965 0.09264215 0.8048282 ]]
probabilities: [[1. 0. 0.]
 [1. 0. 0.]
 [1. 0. 0.]
 [1. 0. 0.]
 [1. 0. 0.]]
probabilities: [[0.50864995 0.336388   0.15496205]
 [0.44655207 0.41358095 0.13986696]
 [0.9118107  0.07635509 0.01183423]
 [0.5163274  0.31253508 0.17113754]
 [0.4226341  0.17046817 0.40689775]]
probabilities: [[0.67550385 0.24743444 0.07706171]
 [0.7289328  0.18797949 0.08308772]
 [0.0964243  0.39693138 0.5066443 ]
 [0.08847367 0.85758966 0.05393665]
 [0.36698723 0.20897906 0.4240337 ]]
probabilities: [[0.38762614 0.00551156 0.6068623 ]
 [0.71629083 0.00331496 0.2803942 ]
 [0.14763327 0.7414509  0.11091581]
 [0.42796126 0.36751288 0.20452586]
 [0.11266391 0.49247023 0.39486584]]
probabilities: [[1. 0. 0.]
 [1. 0. 0.]
 [1. 0. 0.]
 [1. 0. 0.]
 [1. 0. 0.]]
probabilities: [[0.5139787  0.4793069  0.00671436]
 [0.3620966  0.5000949  0.13780852]
 [0.05760148 0.79690605 0.14549245]
 [0.9894108  0.004149   0.00644018]
 [0.23082955 0.7202413  0.04892914]]
probabilities: [[0.01179199 0.8215544  0.16665362]
 [0.7110612  0.17798409 0.1109547 ]
 [0.50335723 0.2673117  0.22933108]
 [0.2899818  0.24301974 0.46699846]
 [0.71868867 0.1940983  0.08721304]]
probabilities: [[0.21762569 0.428858   0.35351628]
 [0.3073015  0.25383583 0.43886268]
 [0.66214776 0.09322482 0.24462745]
 [0.00202023 0.45744127 0.5405385 ]
 [0.16634159 0.6294823  0.20417611]]
probabilities: [[0. 1. 0.]
 [0. 1. 0.]
 [0. 1. 0.]
 [0. 1. 0.]
 [0. 1. 0.]]
probabilities: [[0.3787476  0.02002248 0.6012299 ]
 [0.44400755 0.13814269 0.41784978]
 [0.24695492 0.5300289  0.22301622]
 [0.00921545 0.44359517 0.5471894 ]
 [0.60946554 0.04252402 0.34801042]]
probabilities: [[0.22017288 0.32407403 0.4557531 ]
 [0.89805555 0.0425831  0.05936136]
 [0.21907076 0.672629   0.10830025]
 [0.02266415 0.1811659  0.79616994]
 [0.6652344  0.06303204 0.27173358]]
probabilities: [[0.57116693 0.24870063 0.18013245]
 [0.07367542 0.72716093 0.19916363]
 [0.44751948 0.12437759 0.42810294]
 [0.1023916  0.6348625  0.26274592]
 [0.02138439 0.02455468 0.9540609 ]]
probabilities: [[0. 0. 1.]
 [0. 1. 0.]
 [0. 0. 1.]
 [0. 0. 1.]
 [0. 0. 1.]]
probabilities: [[0.18274619 0.36686802 0.4503858 ]
 [0.6770066  0.04149104 0.28150234]
 [0.4847889  0.08240902 0.43280208]
 [0.11602987 0.26092437 0.62304574]
 [0.30054697 0.5037351  0.19571792]]
probabilities: [[0.10057225 0.36033723 0.5390905 ]
 [0.21804152 0.575782   0.20617647]
 [0.6591362  0.17259194 0.1682719 ]
 [0.4034004  0.4001065  0.19649312]
 [0.09122448 0.8024446  0.10633093]]
probabilities: [[0.07396518 0.63545567 0.29057914]
 [0.8526435  0.10574222 0.0416143 ]
 [0.01916905 0.2549404  0.7258906 ]
 [0.07270242 0.2554828  0.6718148 ]
 [0.5600479  0.37774378 0.06220829]]
probabilities: [[0. 0. 1.]
 [0. 1. 0.]
 [0. 0. 1.]
 [0. 0. 1.]
 [0. 0. 1.]]
probabilities: [[0.42715353 0.39035347 0.182493  ]
 [0.21542488 0.06602559 0.71854955]
 [0.21235636 0.19347057 0.5941731 ]
 [0.34825128 0.33847132 0.3132774 ]
 [0.32966045 0.3938247  0.27651486]]
probabilities: [[0.03627288 0.8707081  0.09301899]
 [0.03269691 0.8514047  0.11589839]
 [0.4474944  0.39210007 0.16040556]
 [0.14313966 0.0014962  0.85536414]
 [0.7752338  0.12399022 0.10077596]]
probabilities: [[0.51464194 0.3458982  0.13945985]
 [0.51051795 0.27694562 0.21253641]
 [0.58640105 0.00777509 0.40582386]
 [0.00669517 0.19958772 0.7937171 ]
 [0.13703139 0.6076352  0.2553334 ]]
probabilities: [[0. 1. 0.]
 [0. 1. 0.]
 [0. 1. 0.]
 [0. 1. 0.]
 [0. 1. 0.]]
probabilities: [[0.32995614 0.54751784 0.12252603]
 [0.17889677 0.44435045 0.37675276]
 [0.8551654  0.05933626 0.08549833]
 [0.77493936 0.164416   0.06064467]
 [0.76002514 0.21570489 0.02426998]]
probabilities: [[0.56284106 0.07107137 0.3660876 ]
 [0.6397343  0.13191098 0.22835472]
 [0.5030328  0.19961904 0.29734814]
 [0.61731225 0.17479187 0.20789589]
 [0.07510228 0.6835622  0.2413355 ]]
probabilities: [[0.64849305 0.1328692  0.21863776]
 [0.52819526 0.17354153 0.2982632 ]
 [0.5346924  0.12864767 0.33665994]
 [0.14047536 0.46080518 0.39871946]
 [0.04162863 0.5881795  0.37019184]]
probabilities: [[1. 0. 0.]
 [1. 0. 0.]
 [1. 0. 0.]
 [1. 0. 0.]
 [1. 0. 0.]]
probabilities: [[0.23346601 0.448039   0.31849498]
 [0.7726063  0.01133725 0.2160564 ]
 [0.8198866  0.10936072 0.07075267]
 [0.3768663  0.19614649 0.4269872 ]
 [0.8072257  0.08287763 0.10989665]]
probabilities: [[0.18124013 0.15472023 0.6640396 ]
 [0.7315037  0.03071882 0.23777743]
 [0.61337    0.14572582 0.24090417]
 [0.5630055  0.01789103 0.41910347]
 [0.6390003  0.2693622  0.09163749]]
probabilities: [[0.6188123  0.2997234  0.08146425]
 [0.71621096 0.17528175 0.1085073 ]
 [0.08035045 0.33208054 0.587569  ]
 [0.13974255 0.59641284 0.2638446 ]
 [0.09507804 0.8035713  0.10135068]]
probabilities: [[0. 0. 1.]
 [0. 1. 0.]
 [0. 0. 1.]
 [0. 0. 1.]
 [0. 0. 1.]]
probabilities: [[0.27359444 0.01439688 0.7120087 ]
 [0.32467768 0.32256064 0.3527617 ]
 [0.14714178 0.24273159 0.6101266 ]
 [0.09288267 0.77014816 0.13696916]
 [0.47377643 0.13841692 0.38780665]]
probabilities: [[0.3340747  0.60778254 0.05814277]
 [0.52930236 0.14163662 0.329061  ]
 [0.213731   0.683527   0.10274201]
 [0.3290735  0.255228   0.4156985 ]
 [0.16798908 0.60441846 0.22759247]]
probabilities: [[0.48805735 0.01259933 0.4993433 ]
 [0.43071544 0.30781984 0.26146472]
 [0.16999102 0.7777529  0.05225612]
 [0.27715713 0.5697368  0.15310606]
 [0.06729935 0.12501355 0.8076871 ]]
probabilities: [[0. 0. 1.]
 [0. 1. 0.]
 [0. 0. 1.]
 [0. 0. 1.]
 [0. 0. 1.]]
probabilities: [[0.10529989 0.73278755 0.16191256]
 [0.23338835 0.40142137 0.3651903 ]
 [0.1522246  0.7481516  0.09962381]
 [0.62784946 0.03343556 0.338715  ]
 [0.8238668  0.12980069 0.0463325 ]]
probabilities: [[0.24988566 0.5614119  0.18870242]
 [0.6679427  0.08367143 0.24838588]
 [0.42009902 0.20714548 0.37275547]
 [0.46844667 0.4002321  0.13132124]
 [0.8050191  0.03948386 0.15549704]]
probabilities: [[0.11438837 0.32601064 0.559601  ]
 [0.58515626 0.13608131 0.27876243]
 [0.4144328  0.45275697 0.13281025]
 [0.7760434  0.16091925 0.06303734]
 [0.2640442  0.5461506  0.18980516]]
probabilities: [[0. 0. 1.]
 [0. 1. 0.]
 [0. 1. 0.]
 [0. 0. 1.]
 [0. 0. 1.]]
probabilities: [[0.79894704 0.1701987  0.03085424]
 [0.8855303  0.05017428 0.0642954 ]
 [0.23199806 0.23516493 0.53283703]
 [0.52139276 0.1070641  0.37154314]
 [0.40012264 0.48151863 0.11835875]]
probabilities: [[0.38607675 0.04820858 0.56571466]
 [0.00116892 0.00100382 0.9978273 ]
 [0.78696257 0.16823728 0.04480013]
 [0.17409973 0.26590133 0.5599989 ]
 [0.65563995 0.07594094 0.2684191 ]]
probabilities: [[0.16102915 0.0642227  0.77474815]
 [0.4102631  0.46586627 0.12387063]
 [0.07068446 0.28605744 0.6432581 ]
 [0.02302288 0.4734469  0.5035302 ]
 [0.58832175 0.24312925 0.16854897]]
probabilities: [[0. 0. 1.]
 [0. 1. 0.]
 [0. 0. 1.]
 [0. 0. 1.]
 [0. 0. 1.]]
probabilities: [[0.9131837  0.0074904  0.07932592]
 [0.0905757  0.6285928  0.28083152]
 [0.32578394 0.49941453 0.17480153]
 [0.04042442 0.10895703 0.85061854]
 [0.13741194 0.01539887 0.8471892 ]]
probabilities: [[0.39627263 0.37640786 0.2273195 ]
 [0.06431315 0.06656838 0.86911845]
 [0.26340654 0.39961928 0.33697417]
 [0.30094498 0.11268549 0.5863695 ]
 [0.49674368 0.48985147 0.01340486]]
probabilities: [[0.57673794 0.41762203 0.00564004]
 [0.05792787 0.59850013 0.34357202]
 [0.01274657 0.54979676 0.4374567 ]
 [0.00929942 0.24451616 0.7461844 ]
 [0.75895244 0.10821576 0.13283181]]
probabilities: [[0. 0. 1.]
 [0. 1. 0.]
 [0. 0. 1.]
 [0. 0. 1.]
 [0. 0. 1.]]
probabilities: [[0.4389942  0.42581153 0.13519429]
 [0.6246476  0.31804407 0.05730828]
 [0.49867067 0.33723122 0.16409813]
 [0.2514616  0.08754317 0.66099524]
 [0.12423151 0.54614675 0.32962173]]
probabilities: [[0.04012042 0.8104047  0.14947487]
 [0.04354947 0.12310483 0.8333457 ]
 [0.18489024 0.79375196 0.02135782]
 [0.33017555 0.11606394 0.5537605 ]
 [0.12412054 0.339442   0.53643745]]
probabilities: [[0.19588962 0.27165568 0.5324547 ]
 [0.74625736 0.20712186 0.0466208 ]
 [0.23546298 0.54529995 0.21923707]
 [0.4624462  0.22152041 0.31603336]
 [0.48509642 0.12434041 0.39056316]]
probabilities: [[0. 1. 0.]
 [0. 1. 0.]
 [0. 1. 0.]
 [0. 1. 0.]
 [0. 1. 0.]]
probabilities: [[0.19344904 0.3605059  0.44604504]
 [0.7434005  0.20042923 0.05617027]
 [0.9622016  0.02742957 0.01036883]
 [0.23633367 0.46004704 0.3036193 ]
 [0.12771176 0.41539174 0.4568965 ]]
probabilities: [[0.1705174  0.49601305 0.33346954]
 [0.18621151 0.64718676 0.16660172]
 [0.4107581  0.48598334 0.10325854]
 [0.00075096 0.35052177 0.6487273 ]
 [0.24743636 0.17265071 0.57991296]]
probabilities: [[0.45058885 0.2625993  0.28681186]
 [0.50043833 0.27281436 0.22674732]
 [0.43899316 0.32069767 0.24030918]
 [0.30299494 0.20746213 0.48954293]
 [0.67467433 0.06999832 0.25532737]]
probabilities: [[0. 0. 1.]
 [0. 1. 0.]
 [0. 1. 0.]
 [0. 0. 1.]
 [0. 0. 1.]]
probabilities: [[0.09212497 0.8807634  0.02711162]
 [0.64285845 0.20680515 0.15033641]
 [0.04830172 0.04953176 0.90216655]
 [0.8320519  0.01257463 0.15537348]
 [0.34803876 0.15872332 0.4932379 ]]
probabilities: [[0.8125492  0.17238067 0.01507013]
 [0.01122096 0.8601553  0.12862377]
 [0.21560149 0.06349283 0.72090566]
 [0.23507753 0.42652047 0.338402  ]
 [0.91267306 0.07798877 0.00933817]]
probabilities: [[0.16447075 0.7224792  0.11305001]
 [0.28348684 0.40869197 0.30782115]
 [0.5667122  0.41260526 0.02068255]
 [0.3109765  0.31897873 0.37004477]
 [0.2074873  0.15329348 0.6392192 ]]
probabilities: [[0. 1. 0.]
 [0. 1. 0.]
 [0. 1. 0.]
 [0. 1. 0.]
 [0. 1. 0.]]
probabilities: [[0.36992648 0.5905149  0.03955865]
 [0.54533917 0.29863468 0.15602615]
 [0.10931203 0.19768192 0.69300604]
 [0.24521568 0.09483912 0.6599452 ]
 [0.12320688 0.10924813 0.767545  ]]
probabilities: [[0.28786737 0.21201922 0.5001134 ]
 [0.42986476 0.4481114  0.12202387]
 [0.2899125  0.39715993 0.31292757]
 [0.3205608  0.5932142  0.08622499]
 [0.22134908 0.410629   0.3680219 ]]
probabilities: [[0.02899263 0.13001505 0.84099233]
 [0.08750729 0.6318003  0.2806924 ]
 [0.5644567  0.20447646 0.23106684]
 [0.53054404 0.3051343  0.16432169]
 [0.5410818  0.13688491 0.32203332]]
probabilities: [[0. 0. 1.]
 [0. 1. 0.]
 [0. 1. 0.]
 [0. 0. 1.]
 [0. 0. 1.]]
probabilities: [[0.49815843 0.19213563 0.30970594]
 [0.25135744 0.6495817  0.09906093]
 [0.6712339  0.05898038 0.2697857 ]
 [0.2504323  0.04426718 0.7053005 ]
 [0.06546421 0.31131735 0.6232184 ]]
probabilities: [[0.25153556 0.32128304 0.4271814 ]
 [0.42711332 0.22714746 0.34573922]
 [0.2302272  0.6737839  0.09598887]
 [0.04958017 0.74288756 0.20753229]
 [0.0677031  0.35392892 0.57836795]]
probabilities: [[0.61686194 0.08538142 0.2977566 ]
 [0.7846725  0.06595568 0.14937185]
 [0.2871518  0.36710483 0.34574336]
 [0.5369257  0.03309245 0.4299819 ]
 [0.64573157 0.15899198 0.19527645]]
probabilities: [[0. 0. 1.]
 [0. 1. 0.]
 [0. 1. 0.]
 [0. 0. 1.]
 [0. 0. 1.]]
probabilities: [[0.09870037 0.17852506 0.72277457]
 [0.36379826 0.02815375 0.60804796]
 [0.43937865 0.5327896  0.02783175]
 [0.7546685  0.22352785 0.0218037 ]
 [0.07002322 0.1956173  0.7343595 ]]
probabilities: [[0.728262   0.16440164 0.10733639]
 [0.11288054 0.2964265  0.59069294]
 [0.62513596 0.02472298 0.35014105]
 [0.11128014 0.49826133 0.39045852]
 [0.6230397  0.20556894 0.17139132]]
probabilities: [[0.6326243  0.24650517 0.12087052]
 [0.37540188 0.1945667  0.43003142]
 [0.20184068 0.26388568 0.5342736 ]
 [0.3726798  0.01958609 0.6077341 ]
 [0.18921852 0.12294867 0.68783283]]
probabilities: [[1. 0. 0.]
 [1. 0. 0.]
 [1. 0. 0.]
 [1. 0. 0.]
 [1. 0. 0.]]
probabilities: [[0.27991787 0.4095544  0.31052774]
 [0.08467149 0.9063121  0.00901641]
 [0.95846623 0.00295488 0.03857888]
 [0.04114192 0.51547444 0.44338366]
 [0.05566656 0.6810976  0.2632358 ]]
probabilities: [[0.29919842 0.48326194 0.21753964]
 [0.46359164 0.42628887 0.11011951]
 [0.32275102 0.64091414 0.03633483]
 [0.35256734 0.3473771  0.30005556]
 [0.15233657 0.03864894 0.8090145 ]]
probabilities: [[0.40326762 0.38188577 0.21484663]
 [0.13584696 0.80009824 0.06405481]
 [0.6193801  0.2936847  0.08693518]
 [0.6843799  0.29106528 0.02455487]
 [0.3981485  0.16526578 0.43658572]]
probabilities: [[0. 0. 1.]
 [0. 1. 0.]
 [0. 0. 1.]
 [0. 0. 1.]
 [0. 0. 1.]]
probabilities: [[0.80650574 0.10539962 0.08809467]
 [0.07298537 0.60704213 0.31997252]
 [0.07733484 0.36099166 0.5616735 ]
 [0.04219902 0.81634086 0.14146014]
 [0.6356648  0.11656291 0.24777225]]
probabilities: [[0.12488119 0.29692015 0.5781987 ]
 [0.02611987 0.9102363  0.06364381]
 [0.89550376 0.03911925 0.06537696]
 [0.4473214  0.2242813  0.32839733]
 [0.04419743 0.06892634 0.8868762 ]]
probabilities: [[0.44145957 0.47759795 0.0809425 ]
 [0.4216233  0.13550846 0.44286823]
 [0.59454226 0.20048986 0.2049679 ]
 [0.22921543 0.364246   0.40653858]
 [0.42662123 0.4547043  0.11867446]]
probabilities: [[1. 0. 0.]
 [1. 0. 0.]
 [1. 0. 0.]
 [1. 0. 0.]
 [1. 0. 0.]]
probabilities: [[0.20397027 0.4124715  0.38355824]
 [0.12413863 0.10095044 0.7749109 ]
 [0.17909463 0.6917831  0.1291223 ]
 [0.30500335 0.290699   0.40429765]
 [0.13983645 0.82131267 0.03885092]]
probabilities: [[0.43523526 0.01484455 0.5499202 ]
 [0.20550503 0.7757359  0.01875905]
 [0.3375412  0.3915168  0.270942  ]
 [0.20885605 0.65857047 0.13257349]
 [0.21194442 0.05737318 0.7306824 ]]
probabilities: [[0.51957583 0.02680642 0.45361772]
 [0.151704   0.06321666 0.78507936]
 [0.79379904 0.02692071 0.17928025]
 [0.22030114 0.37541825 0.4042806 ]
 [0.11983638 0.4632787  0.41688493]]
probabilities: [[1. 0. 0.]
 [1. 0. 0.]
 [1. 0. 0.]
 [1. 0. 0.]
 [1. 0. 0.]]
probabilities: [[0.49086362 0.48623437 0.02290202]
 [0.07039119 0.02083336 0.90877545]
 [0.653268   0.02178938 0.32494265]
 [0.2615701  0.09696174 0.64146817]
 [0.49712208 0.06739774 0.43548018]]
probabilities: [[0.02191624 0.82854265 0.1495411 ]
 [0.36391464 0.24054874 0.39553663]
 [0.5059966  0.4331585  0.06084495]
 [0.71022135 0.03789084 0.25188783]
 [0.0039082  0.2855961  0.7104957 ]]
probabilities: [[0.04755119 0.3147176  0.63773125]
 [0.06766898 0.1968743  0.7354567 ]
 [0.57858914 0.39823735 0.02317351]
 [0.19441026 0.71623534 0.08935437]
 [0.23871896 0.12920426 0.6320768 ]]
probabilities: [[0. 0. 1.]
 [0. 1. 0.]
 [0. 0. 1.]
 [0. 0. 1.]
 [0. 0. 1.]]
probabilities: [[0.16424447 0.78662807 0.04912745]
 [0.5657121  0.11274263 0.32154527]
 [0.25944814 0.19581571 0.54473615]
 [0.6286637  0.2608058  0.11053049]
 [0.06108613 0.04241354 0.89650035]]
probabilities: [[0.3971844  0.33798048 0.26483512]
 [0.39502937 0.21377543 0.3911952 ]
 [0.07694298 0.5454253  0.37763172]
 [0.00172047 0.94774425 0.05053525]
 [0.37215608 0.60378826 0.02405563]]
probabilities: [[0.27420744 0.02656595 0.6992266 ]
 [0.71281564 0.02487147 0.2623129 ]
 [0.383825   0.00884523 0.6073298 ]
 [0.19628529 0.00207149 0.8016432 ]
 [0.64072555 0.02880895 0.3304655 ]]
probabilities: [[1. 0. 0.]
 [1. 0. 0.]
 [1. 0. 0.]
 [1. 0. 0.]
 [1. 0. 0.]]
probabilities: [[0.3317641  0.3323331  0.3359028 ]
 [0.26319426 0.20253249 0.53427327]
 [0.15215127 0.7174578  0.13039093]
 [0.10251929 0.09167139 0.8058093 ]
 [0.53000367 0.07490359 0.39509276]]
probabilities: [[0.5924771  0.05508156 0.35244137]
 [0.4004469  0.05474878 0.54480433]
 [0.27953494 0.15580098 0.56466407]
 [0.2300805  0.13066722 0.63925225]
 [0.18260609 0.6108392  0.2065547 ]]
probabilities: [[0.30431208 0.28600597 0.40968198]
 [0.08398056 0.48878244 0.427237  ]
 [0.62491554 0.12427703 0.25080746]
 [0.17368667 0.49906263 0.32725072]
 [0.29139796 0.29919833 0.40940374]]
probabilities: [[0. 0. 1.]
 [0. 1. 0.]
 [0. 1. 0.]
 [0. 0. 1.]
 [0. 0. 1.]]
probabilities: [[0.01614466 0.67884505 0.3050103 ]
 [0.16937295 0.14954314 0.6810839 ]
 [0.48797816 0.12301803 0.3890038 ]
 [0.33833984 0.02151873 0.6401414 ]
 [0.08750416 0.83074033 0.08175553]]
probabilities: [[0.17499453 0.51997274 0.30503273]
 [0.0340891  0.02461774 0.9412932 ]
 [0.23674674 0.5341909  0.22906236]
 [0.3958791  0.08631784 0.5178031 ]
 [0.60541874 0.3187344  0.07584683]]
probabilities: [[0.49437496 0.35133436 0.15429068]
 [0.14990206 0.65376884 0.1963291 ]
 [0.24436936 0.74191856 0.01371208]
 [0.6896263  0.11468799 0.19568573]
 [0.04312879 0.13170941 0.8251618 ]]
probabilities: [[1. 0. 0.]
 [1. 0. 0.]
 [1. 0. 0.]
 [1. 0. 0.]
 [1. 0. 0.]]
probabilities: [[0.7634955  0.03750614 0.19899833]
 [0.47996768 0.4910357  0.02899659]
 [0.56490505 0.37721276 0.05788218]
 [0.33354944 0.56890815 0.09754244]
 [0.43793997 0.1606849  0.40137514]]
probabilities: [[0.30900693 0.21434344 0.47664964]
 [0.8470045  0.02459722 0.1283983 ]
 [0.36090443 0.25183502 0.38726056]
 [0.17606889 0.58090043 0.24303068]
 [0.5088612  0.08659911 0.40453973]]
probabilities: [[0.1100859  0.7058369  0.18407717]
 [0.03255846 0.74446696 0.22297458]
 [0.18830714 0.14151447 0.6701784 ]
 [0.2655307  0.68858963 0.04587965]
 [0.22910185 0.64527917 0.12561898]]
probabilities: [[0. 1. 0.]
 [0. 1. 0.]
 [0. 1. 0.]
 [0. 1. 0.]
 [0. 1. 0.]]
probabilities: [[0.28070357 0.02587122 0.6934252 ]
 [0.35112563 0.4204402  0.22843416]
 [0.58381903 0.40164584 0.01453515]
 [0.35147148 0.4976024  0.15092613]
 [0.05560627 0.68951714 0.2548766 ]]
probabilities: [[0.38159162 0.58094054 0.03746782]
 [0.28400287 0.10529482 0.61070234]
 [0.0447537  0.41252545 0.54272085]
 [0.12865548 0.5781376  0.29320693]
 [0.70139855 0.21103364 0.0875678 ]]
probabilities: [[0.87036943 0.02339257 0.10623798]
 [0.41546512 0.19795904 0.38657588]
 [0.19091682 0.07424908 0.7348341 ]
 [0.75255084 0.02545056 0.22199859]
 [0.3276149  0.5078273  0.1645578 ]]
probabilities: [[0. 0. 1.]
 [0. 1. 0.]
 [0. 1. 0.]
 [0. 0. 1.]
 [0. 0. 1.]]
probabilities: [[0.61347    0.14410852 0.24242148]
 [0.36017123 0.33757308 0.30225566]
 [0.22814298 0.10993136 0.6619257 ]
 [0.3950767  0.16542207 0.43950126]
 [0.52697897 0.07458404 0.39843696]]
probabilities: [[0.08902158 0.908751   0.00222741]
 [0.33692577 0.2200033  0.44307092]
 [0.73391426 0.2055176  0.06056813]
 [0.65292877 0.1976471  0.14942414]
 [0.7251563  0.01556831 0.2592754 ]]
probabilities: [[0.5245417  0.02441739 0.45104095]
 [0.30033213 0.00330164 0.69636625]
 [0.4515719  0.2044929  0.3439352 ]
 [0.70262736 0.05297222 0.24440043]
 [0.23469281 0.13085411 0.63445306]]
probabilities: [[0. 0. 1.]
 [0. 1. 0.]
 [0. 1. 0.]
 [0. 0. 1.]
 [0. 0. 1.]]
probabilities: [[0.48563635 0.08785729 0.42650637]
 [0.03410158 0.55683166 0.40906677]
 [0.03986698 0.15145046 0.80868256]
 [0.40957907 0.34120896 0.249212  ]
 [0.88586766 0.04288638 0.07124597]]
probabilities: [[0.54672897 0.19769181 0.25557923]
 [0.36958802 0.27081168 0.35960028]
 [0.2528032  0.5975611  0.1496357 ]
 [0.33958936 0.35930896 0.30110168]
 [0.5005912  0.38456047 0.1148483 ]]
probabilities: [[0.4340034  0.31096852 0.25502807]
 [0.04945903 0.4647754  0.48576558]
 [0.20854911 0.08815184 0.70329905]
 [0.39773607 0.14817789 0.45408604]
 [0.14044498 0.3021673  0.5573877 ]]
probabilities: [[1. 0. 0.]
 [1. 0. 0.]
 [1. 0. 0.]
 [1. 0. 0.]
 [1. 0. 0.]]
probabilities: [[0.5930987  0.25214007 0.15476124]
 [0.6115935  0.3778208  0.01058575]
 [0.08253614 0.38600177 0.53146213]
 [0.17610009 0.18075249 0.6431474 ]
 [0.02883884 0.39538994 0.5757712 ]]
probabilities: [[0.41258556 0.15437679 0.43303764]
 [0.4396142  0.30933145 0.25105435]
 [0.05696841 0.82267517 0.12035643]
 [0.03398305 0.0241986  0.94181836]
 [0.5474023  0.39570454 0.05689315]]
probabilities: [[0.28265506 0.07699746 0.6403475 ]
 [0.48589116 0.3360294  0.17807944]
 [0.6314788  0.23374519 0.13477604]
 [0.56035584 0.3509143  0.08872985]
 [0.21824405 0.52406263 0.25769332]]
probabilities: [[1. 0. 0.]
 [1. 0. 0.]
 [1. 0. 0.]
 [1. 0. 0.]
 [1. 0. 0.]]
probabilities: [[0.14722554 0.4154803  0.4372942 ]
 [0.04399834 0.13342346 0.8225782 ]
 [0.07054168 0.47166634 0.45779198]
 [0.14175315 0.42527714 0.4329697 ]
 [0.08898795 0.3234019  0.5876101 ]]
probabilities: [[0.28692997 0.22836922 0.48470083]
 [0.68368113 0.27674353 0.03957532]
 [0.09068305 0.8270221  0.08229484]
 [0.3938436  0.11756855 0.48858786]
 [0.67900014 0.206436   0.1145639 ]]
probabilities: [[0.01074598 0.92671174 0.06254226]
