probabilities: [[0. 0. 1.]
 [0. 1. 0.]
 [0. 1. 0.]
 [0. 0. 1.]
 [0. 0. 1.]]
probabilities: [[0.61804736 0.00879175 0.3731609 ]
 [0.00344257 0.17087032 0.8256871 ]
 [0.37663427 0.18666299 0.43670276]
 [0.23635048 0.2274318  0.53621775]
 [0.03112059 0.06269467 0.90618473]]
probabilities: [[0.39038238 0.09920526 0.51041234]
 [0.24891268 0.21065357 0.54043376]
 [0.00186555 0.6722287  0.32590574]
 [0.5016243  0.40008825 0.09828749]
 [0.22829327 0.20352204 0.5681847 ]]
probabilities: [[0.02424017 0.457236   0.5185238 ]
 [0.13904025 0.49829072 0.36266902]
 [0.49959275 0.3682913  0.13211598]
 [0.5899797  0.07941144 0.33060887]
 [0.15428081 0.12260447 0.7231147 ]]
probabilities: [[0. 1. 0.]
 [0. 1. 0.]
 [0. 1. 0.]
 [0. 1. 0.]
 [0. 1. 0.]]
probabilities: [[0.53028965 0.09780499 0.37190536]
 [0.72915155 0.12787953 0.14296892]
 [0.26783666 0.55748814 0.17467518]
 [0.20684971 0.63029057 0.16285972]
 [0.57594335 0.2536059  0.17045078]]
probabilities: [[0.7261296  0.23049782 0.0433726 ]
 [0.33154446 0.03699045 0.6314651 ]
 [0.73833597 0.08460204 0.17706202]
 [0.02184414 0.44648746 0.5316684 ]
 [0.0361032  0.26740038 0.6964964 ]]
probabilities: [[0.13757668 0.7066082  0.15581515]
 [0.31024876 0.6647991  0.02495213]
 [0.43902117 0.4261754  0.13480343]
 [0.145779   0.0607734  0.7934476 ]
 [0.24155924 0.04135628 0.71708447]]
probabilities: [[0. 0. 1.]
 [0. 1. 0.]
 [0. 1. 0.]
 [0. 0. 1.]
 [0. 0. 1.]]
probabilities: [[0.88321614 0.04011521 0.07666866]
 [0.81637007 0.11493569 0.06869424]
 [0.01572116 0.9652532  0.01902568]
 [0.6881036  0.18703225 0.12486415]
 [0.18198399 0.08779343 0.7302226 ]]
probabilities: [[0.15116693 0.65557    0.19326311]
 [0.16582741 0.3243252  0.5098474 ]
 [0.07102124 0.6175441  0.31143463]
 [0.45560706 0.29987338 0.24451956]
 [0.13180137 0.5573385  0.3108602 ]]
probabilities: [[0.18328798 0.4120499  0.40466213]
 [0.11521384 0.77902985 0.10575631]
 [0.8792267  0.04675017 0.07402314]
 [0.1680257  0.34283376 0.48914054]
 [0.04882361 0.7722987  0.1788777 ]]
probabilities: [[0. 0. 1.]
 [0. 1. 0.]
 [0. 0. 1.]
 [0. 0. 1.]
 [0. 0. 1.]]
probabilities: [[0.12629557 0.15957285 0.7141316 ]
 [0.22535099 0.6047729  0.1698761 ]
 [0.0744475  0.84835035 0.07720213]
 [0.8204888  0.13783273 0.04167848]
 [0.07624398 0.7432044  0.18055159]]
probabilities: [[0.42606026 0.52641845 0.04752127]
 [0.32084158 0.02900081 0.65015763]
 [0.6340721  0.22498435 0.14094353]
 [0.05389977 0.83601487 0.11008538]
 [0.00118667 0.6754462  0.32336712]]
probabilities: [[0.27261084 0.31872374 0.40866542]
 [0.5046657  0.47324896 0.02208536]
 [0.01778264 0.522798   0.45941934]
 [0.32075348 0.2576027  0.42164382]
 [0.43966043 0.35898408 0.2013555 ]]
probabilities: [[0. 0. 1.]
 [0. 1. 0.]
 [0. 0. 1.]
 [0. 0. 1.]
 [0. 0. 1.]]
probabilities: [[0.71748006 0.2508434  0.0316765 ]
 [0.82382303 0.08947634 0.0867006 ]
 [0.7850341  0.04138706 0.1735788 ]
 [0.8110085  0.03385065 0.15514086]
 [0.29615784 0.28144836 0.4223938 ]]
probabilities: [[0.1805474  0.2104603  0.6089923 ]
 [0.54434043 0.3345427  0.12111688]
 [0.20214285 0.5421781  0.25567904]
 [0.8063665  0.06491141 0.12872212]
 [0.2297142  0.16436516 0.6059207 ]]
probabilities: [[0.0010795  0.4267557  0.57216483]
 [0.06929591 0.6890393  0.24166478]
 [0.04512976 0.42486167 0.53000855]
 [0.33370647 0.47806975 0.1882238 ]
 [0.31000498 0.35403055 0.33596447]]
probabilities: [[0. 1. 0.]
 [0. 1. 0.]
 [0. 1. 0.]
 [0. 1. 0.]
 [0. 1. 0.]]
probabilities: [[0.76186407 0.11497001 0.12316592]
 [0.0435383  0.05095541 0.9055063 ]
 [0.07687832 0.7016818  0.2214399 ]
 [0.41927186 0.09622074 0.4845074 ]
 [0.1292814  0.37337008 0.49734852]]
probabilities: [[0.13455656 0.6621321  0.20331138]
 [0.59452546 0.39866808 0.00680648]
 [0.46470812 0.31477612 0.22051574]
 [0.4308477  0.5469121  0.0222402 ]
 [0.6561412  0.00501168 0.33884713]]
probabilities: [[0.3905075  0.5075314  0.10196111]
 [0.06581356 0.20571828 0.7284682 ]
 [0.01671254 0.4627709  0.5205166 ]
 [0.19618823 0.74807    0.05574178]
 [0.11400718 0.12521179 0.76078105]]
probabilities: [[0. 1. 0.]
 [0. 1. 0.]
 [0. 1. 0.]
 [0. 1. 0.]
 [0. 1. 0.]]
probabilities: [[0.04234096 0.4414143  0.5162447 ]
 [0.03595283 0.7846499  0.17939726]
 [0.30785438 0.5184933  0.1736523 ]
 [0.18212675 0.2933179  0.5245553 ]
 [0.037822   0.2080201  0.7541579 ]]
probabilities: [[0.30865338 0.26833445 0.42301214]
 [0.02049011 0.5221369  0.45737296]
 [0.44491547 0.09034403 0.4647405 ]
 [0.33536908 0.4121412  0.25248972]
 [0.12190628 0.03845683 0.8396369 ]]
probabilities: [[0.75425583 0.21889019 0.02685396]
 [0.06742435 0.52988386 0.4026918 ]
 [0.55916333 0.2994864  0.14135024]
 [0.19182873 0.06990058 0.7382707 ]
 [0.3000432  0.44341558 0.25654122]]
probabilities: [[0. 0. 1.]
 [0. 1. 0.]
 [0. 1. 0.]
 [0. 0. 1.]
 [0. 0. 1.]]
probabilities: [[0.09895003 0.8873262  0.01372381]
 [0.02143729 0.85801923 0.12054347]
 [0.735382   0.03909488 0.22552313]
 [0.1971481  0.3627241  0.4401278 ]
 [0.33021396 0.63747597 0.03231005]]
probabilities: [[0.05524256 0.38249755 0.5622599 ]
 [0.22008526 0.05489725 0.7250175 ]
 [0.4039838  0.3475477  0.24846849]
 [0.85484785 0.11481194 0.03034019]
 [0.00882534 0.28432462 0.70685005]]
probabilities: [[0.3839175  0.20560661 0.41047588]
 [0.19781627 0.4590959  0.34308785]
 [0.698543   0.12465578 0.1768012 ]
 [0.1874683  0.6085477  0.20398402]
 [0.19247128 0.59260577 0.21492295]]
probabilities: [[0. 0. 1.]
 [0. 1. 0.]
 [0. 0. 1.]
 [0. 0. 1.]
 [0. 0. 1.]]
probabilities: [[0.2438482  0.5033078  0.252844  ]
 [0.5052347  0.47646445 0.01830087]
 [0.20847228 0.76504105 0.02648668]
 [0.30932826 0.29501402 0.39565772]
 [0.00229312 0.8316371  0.16606979]]
probabilities: [[0.76113296 0.12626228 0.11260475]
 [0.49548814 0.17804728 0.32646456]
 [0.00557938 0.8400428  0.15437779]
 [0.6634538  0.0886118  0.2479344 ]
 [0.20697238 0.39536136 0.39766625]]
probabilities: [[0.34593484 0.23995392 0.41411126]
 [0.29394284 0.69107795 0.01497924]
 [0.31485343 0.38777512 0.29737145]
 [0.01004435 0.04276859 0.94718707]
 [0.49889204 0.12103711 0.38007087]]
probabilities: [[0. 0. 1.]
 [0. 1. 0.]
 [0. 1. 0.]
 [0. 0. 1.]
 [0. 0. 1.]]
probabilities: [[2.3439042e-04 4.4817117e-01 5.5159444e-01]
 [3.4972426e-01 5.6894457e-01 8.1331171e-02]
 [1.6814400e-01 4.3905771e-01 3.9279830e-01]
 [5.3382605e-02 6.9261670e-01 2.5400072e-01]
 [4.1241193e-01 2.9726470e-01 2.9032338e-01]]
probabilities: [[0.4930831  0.1409452  0.3659717 ]
 [0.18193872 0.798858   0.01920327]
 [0.23426603 0.6753726  0.09036138]
 [0.14860348 0.32996753 0.521429  ]
 [0.2793474  0.06987558 0.65077704]]
probabilities: [[0.94352853 0.0050567  0.05141475]
 [0.29735297 0.45837992 0.24426709]
 [0.5149658  0.21514076 0.2698935 ]
 [0.6315725  0.08354548 0.284882  ]
 [0.5524807  0.29364714 0.15387216]]
probabilities: [[1. 0. 0.]
 [1. 0. 0.]
 [1. 0. 0.]
 [1. 0. 0.]
 [1. 0. 0.]]
probabilities: [[0.8472863  0.04715125 0.10556246]
 [0.05158857 0.8897395  0.05867192]
 [0.36435142 0.46932444 0.16632414]
 [0.19542542 0.11539764 0.6891769 ]
 [0.16519564 0.57544243 0.25936192]]
probabilities: [[0.07978734 0.10360342 0.81660926]
 [0.25664622 0.38164788 0.3617059 ]
 [0.1255404  0.32951638 0.5449432 ]
 [0.20180301 0.08840234 0.70979464]
 [0.07690927 0.608609   0.3144817 ]]
probabilities: [[0.35341147 0.37174636 0.27484214]
 [0.23872747 0.49725276 0.2640198 ]
 [0.08677198 0.24476197 0.66846603]
 [0.6686701  0.04841653 0.2829134 ]
 [0.3317901  0.12680826 0.5414017 ]]
probabilities: [[0. 1. 0.]
 [0. 1. 0.]
 [0. 1. 0.]
 [0. 1. 0.]
 [0. 1. 0.]]
probabilities: [[0.27282235 0.5546601  0.17251758]
 [0.46888644 0.49749485 0.03361873]
 [0.4814136  0.0453781  0.47320828]
 [0.20766659 0.37177643 0.42055696]
 [0.5090948  0.03100181 0.45990342]]
probabilities: [[0.66938436 0.03172128 0.29889435]
 [0.60487014 0.13964869 0.25548115]
 [0.45937243 0.05056    0.49006757]
 [0.28817335 0.06814109 0.6436856 ]
 [0.48532018 0.10839883 0.406281  ]]
probabilities: [[0.5317808  0.09067383 0.3775454 ]
 [0.51801896 0.01283746 0.4691436 ]
 [0.51881176 0.21573164 0.2654566 ]
 [0.5422769  0.14959498 0.3081281 ]
 [0.36107287 0.4641191  0.17480801]]
probabilities: [[0. 0. 1.]
 [0. 1. 0.]
 [0. 0. 1.]
 [0. 0. 1.]
 [0. 0. 1.]]
probabilities: [[0.44703194 0.31150237 0.2414657 ]
 [0.29535452 0.04208113 0.66256434]
 [0.29289588 0.17827162 0.5288325 ]
 [0.05889646 0.7485262  0.19257732]
 [0.08415885 0.6258314  0.29000974]]
probabilities: [[0.02067207 0.10916835 0.87015957]
 [0.5342899  0.4054832  0.06022692]
 [0.2918478  0.4074262  0.300726  ]
 [0.20412894 0.33276102 0.46311006]
 [0.2447298  0.70370907 0.05156111]]
probabilities: [[0.49087423 0.04963974 0.459486  ]
 [0.65781325 0.271829   0.07035774]
 [0.8416688  0.09877933 0.05955188]
 [0.2120283  0.05456608 0.73340565]
 [0.02820626 0.41949847 0.55229527]]
probabilities: [[0. 1. 0.]
 [0. 1. 0.]
 [0. 1. 0.]
 [0. 1. 0.]
 [0. 1. 0.]]
probabilities: [[0.2351934  0.5564313  0.20837532]
 [0.67429984 0.22644661 0.09925356]
 [0.22170918 0.30234084 0.47594997]
 [0.02653839 0.3021273  0.6713343 ]
 [0.4865337  0.3689648  0.1445015 ]]
probabilities: [[0.16424218 0.7249313  0.11082654]
 [0.29643047 0.6311466  0.07242295]
 [0.5489357  0.29508466 0.1559796 ]
 [0.10586952 0.10683542 0.78729504]
 [0.10001525 0.77485573 0.12512903]]
probabilities: [[0.20946099 0.6052303  0.18530872]
 [0.23801716 0.38062456 0.38135827]
 [0.34193623 0.47899234 0.17907141]
 [0.62383723 0.07529794 0.30086485]
 [0.22029634 0.0152733  0.76443034]]
probabilities: [[1. 0. 0.]
 [1. 0. 0.]
 [1. 0. 0.]
 [1. 0. 0.]
 [1. 0. 0.]]
probabilities: [[0.59270763 0.30957368 0.09771869]
 [0.42134574 0.33418703 0.24446721]
 [0.6707688  0.21143629 0.11779492]
 [0.05120301 0.8011822  0.14761476]
 [0.22473972 0.7022426  0.07301766]]
probabilities: [[0.7629357  0.06761677 0.16944756]
 [0.11353364 0.40617698 0.4802894 ]
 [0.45598453 0.11677283 0.42724264]
 [0.82636726 0.0053385  0.16829424]
 [0.56135553 0.18993853 0.24870595]]
probabilities: [[0.1420754  0.7729364  0.08498821]
 [0.28529212 0.05899541 0.6557125 ]
 [0.34984985 0.5668586  0.08329156]
 [0.10566738 0.09878814 0.7955445 ]
 [0.70942634 0.12956744 0.1610062 ]]
probabilities: [[0. 0. 1.]
 [0. 1. 0.]
 [0. 1. 0.]
 [0. 0. 1.]
 [0. 0. 1.]]
probabilities: [[0.23401093 0.7367634  0.02922565]
 [0.29657626 0.5952292  0.10819453]
 [0.01454737 0.20414391 0.7813087 ]
 [0.17941368 0.5475678  0.27301854]
 [0.24623775 0.19775003 0.5560122 ]]
probabilities: [[0.2692151  0.47806552 0.25271937]
 [0.09913527 0.09111773 0.809747  ]
 [0.73345715 0.02877503 0.23776782]
 [0.15978824 0.61820453 0.22200724]
 [0.16878687 0.31810617 0.51310694]]
probabilities: [[0.8992722  0.03691941 0.06380837]
 [0.20388016 0.35627934 0.4398405 ]
 [0.90432394 0.04122068 0.05445537]
 [0.4403288  0.33164138 0.22802982]
 [0.48270723 0.4999945  0.0172983 ]]
probabilities: [[0. 0. 1.]
 [0. 1. 0.]
 [0. 1. 0.]
 [0. 0. 1.]
 [0. 0. 1.]]
probabilities: [[0.52106726 0.31959412 0.15933864]
 [0.4104847  0.44646648 0.14304882]
 [0.35313573 0.3213952  0.32546908]
 [0.63067955 0.26668376 0.1026367 ]
 [0.51206046 0.24876083 0.23917872]]
probabilities: [[0.10843068 0.5306596  0.3609097 ]
 [0.08092885 0.57781655 0.34125462]
 [0.02487341 0.60625356 0.368873  ]
 [0.6625042  0.01069644 0.32679936]
 [0.3404509  0.48948514 0.17006396]]
probabilities: [[0.5320321  0.30492637 0.16304156]
 [0.53507423 0.19460349 0.2703223 ]
 [0.4307565  0.08303003 0.48621345]
 [0.81217027 0.11473443 0.0730953 ]
 [0.2706     0.50513774 0.22426225]]
probabilities: [[0. 0. 1.]
 [0. 1. 0.]
 [0. 1. 0.]
 [0. 0. 1.]
 [0. 0. 1.]]
probabilities: [[3.6752453e-01 2.4208903e-01 3.9038643e-01]
 [2.4972904e-01 6.7085409e-01 7.9416856e-02]
 [8.5743868e-01 6.6307649e-02 7.6253675e-02]
 [7.0384413e-01 7.3941017e-04 2.9541644e-01]
 [6.7224763e-02 2.5016993e-01 6.8260533e-01]]
probabilities: [[0.37477103 0.33098003 0.29424897]
 [0.00586266 0.01739542 0.9767419 ]
 [0.43142617 0.455172   0.11340185]
 [0.21296969 0.32614604 0.46088427]
 [0.70838994 0.02146151 0.27014855]]
probabilities: [[0.27227798 0.46040007 0.26732194]
 [0.6150284  0.29500535 0.08996624]
 [0.19440885 0.03883177 0.7667594 ]
 [0.43243355 0.13320147 0.434365  ]
 [0.20532979 0.69997805 0.09469217]]
probabilities: [[0. 0. 1.]
 [0. 1. 0.]
 [0. 1. 0.]
 [0. 0. 1.]
 [0. 0. 1.]]
probabilities: [[0.512699   0.13118695 0.35611406]
 [0.13852935 0.17827731 0.6831933 ]
 [0.04330019 0.19003393 0.7666659 ]
 [0.04532688 0.839161   0.11551214]
 [0.47734737 0.38448402 0.1381686 ]]
probabilities: [[0.19622709 0.34585324 0.45791966]
 [0.13509573 0.36684594 0.49805835]
 [0.70101166 0.2954582  0.00353014]
 [0.26703963 0.55222374 0.18073663]
 [0.65622497 0.08696166 0.2568134 ]]
probabilities: [[0.35601264 0.2955231  0.34846425]
 [0.6346728  0.19266957 0.17265762]
 [0.11851025 0.5561387  0.3253511 ]
 [0.00292867 0.27948615 0.7175852 ]
 [0.41757727 0.26246357 0.31995916]]
probabilities: [[0. 1. 0.]
 [0. 1. 0.]
 [0. 1. 0.]
 [0. 1. 0.]
 [0. 1. 0.]]
probabilities: [[0.7995102  0.039946   0.16054381]
 [0.5009623  0.31964046 0.17939721]
 [0.7106886  0.13685247 0.15245895]
 [0.37440568 0.16598834 0.45960596]
 [0.04088102 0.81004715 0.14907186]]
probabilities: [[0.5903379  0.22687258 0.18278958]
 [0.48146343 0.10738523 0.41115135]
 [0.700534   0.05439743 0.2450686 ]
 [0.10582089 0.72658724 0.1675919 ]
 [0.31551892 0.20527008 0.479211  ]]
probabilities: [[0.7231432  0.15286449 0.12399231]
 [0.7260956  0.10388897 0.1700154 ]
 [0.0870968  0.9106264  0.00227681]
 [0.09242685 0.09892952 0.80864364]
 [0.13419615 0.00561305 0.8601908 ]]
probabilities: [[0. 0. 1.]
 [0. 1. 0.]
 [0. 0. 1.]
 [0. 0. 1.]
 [0. 0. 1.]]
probabilities: [[0.07883548 0.13937972 0.7817848 ]
 [0.6246588  0.21443173 0.16090944]
 [0.16617703 0.5730083  0.2608147 ]
 [0.49543843 0.33810532 0.16645625]
 [0.38818112 0.40673232 0.20508656]]
probabilities: [[0.322352   0.6077071  0.06994092]
 [0.4671905  0.36997718 0.16283232]
 [0.36937028 0.3917241  0.2389056 ]
 [0.610491   0.36123887 0.02827015]
 [0.42151007 0.19992416 0.37856576]]
probabilities: [[0.49910223 0.4542625  0.04663528]
 [0.7442194  0.1050512  0.15072934]
 [0.51520187 0.12688126 0.35791686]
 [0.66196656 0.20026149 0.13777196]
 [0.37022904 0.29600713 0.3337638 ]]
probabilities: [[0. 1. 0.]
 [0. 1. 0.]
 [0. 1. 0.]
 [0. 1. 0.]
 [0. 1. 0.]]
probabilities: [[0.19051301 0.3899732  0.41951382]
 [0.3227819  0.67521393 0.00200414]
 [0.14089923 0.06717917 0.7919216 ]
 [0.0338595  0.04034417 0.92579633]
 [0.3098497  0.07149241 0.6186579 ]]
probabilities: [[0.15027623 0.7803868  0.06933696]
 [0.5149706  0.36587662 0.11915283]
 [0.22046277 0.6982461  0.08129109]
 [0.01287431 0.44606096 0.54106474]
 [0.19741502 0.04755929 0.7550257 ]]
probabilities: [[0.10249986 0.28152847 0.6159717 ]
 [0.4828444  0.07148542 0.4456702 ]
 [0.67713344 0.18942939 0.13343716]
 [0.3716318  0.35716176 0.27120644]
 [0.01804551 0.15009764 0.83185685]]
probabilities: [[0. 0. 1.]
 [0. 1. 0.]
 [0. 1. 0.]
 [0. 0. 1.]
 [0. 0. 1.]]
probabilities: [[0.08628296 0.38181433 0.53190273]
 [0.21420887 0.755264   0.03052715]
 [0.37218    0.37374187 0.2540781 ]
 [0.2981673  0.18188511 0.5199476 ]
 [0.10391206 0.09827387 0.7978141 ]]
probabilities: [[0.6284657  0.3627684  0.00876587]
 [0.37962687 0.00259759 0.61777556]
 [0.02883887 0.03212296 0.93903816]
 [0.13344017 0.4113683  0.45519152]
 [0.37837216 0.50281215 0.11881569]]
probabilities: [[0.98978186 0.00301785 0.00720031]
 [0.23940174 0.6361103  0.12448793]
 [0.5636378  0.17160334 0.26475886]
 [0.12166187 0.33801144 0.54032665]
 [0.2885442  0.46726024 0.24419557]]
probabilities: [[0. 0. 1.]
 [0. 1. 0.]
 [0. 1. 0.]
 [0. 0. 1.]
 [0. 0. 1.]]
probabilities: [[0.08169274 0.55841464 0.35989267]
 [0.07567617 0.6726364  0.25168744]
 [0.45953554 0.01331023 0.5271542 ]
 [0.6007956  0.34539673 0.05380766]
 [0.33728403 0.17504756 0.48766842]]
probabilities: [[0.1669008  0.217333   0.61576617]
 [0.157044   0.11090383 0.7320522 ]
 [0.8192326  0.13708836 0.04367904]
 [0.06056708 0.6392027  0.30023018]
 [0.83702034 0.05241171 0.11056795]]
probabilities: [[0.04363118 0.10381845 0.8525504 ]
 [0.9744314  0.01913908 0.0064295 ]
 [0.5326488  0.08422603 0.38312516]
 [0.50687927 0.19948007 0.29364064]
 [0.68070346 0.2079734  0.11132314]]
probabilities: [[0. 0. 1.]
 [0. 1. 0.]
 [0. 0. 1.]
 [0. 0. 1.]
 [0. 0. 1.]]
probabilities: [[0.14148764 0.01558229 0.8429301 ]
 [0.48374203 0.39978722 0.11647073]
 [0.3221801  0.36222243 0.31559747]
 [0.05071975 0.2905844  0.6586959 ]
 [0.09016322 0.77925843 0.13057838]]
probabilities: [[0.885501   0.07539741 0.03910154]
 [0.33402878 0.12774374 0.5382275 ]
 [0.07844641 0.6695542  0.2519994 ]
 [0.10303334 0.53444076 0.36252594]
 [0.6242537  0.29181802 0.08392828]]
probabilities: [[0.60485476 0.3472839  0.04786136]
 [0.07543408 0.8144296  0.11013636]
 [0.40375468 0.04313443 0.5531109 ]
 [0.6057048  0.0670026  0.32729262]
 [0.05534476 0.40873635 0.5359189 ]]
probabilities: [[0. 0. 1.]
 [0. 1. 0.]
 [0. 1. 0.]
 [0. 0. 1.]
 [0. 0. 1.]]
probabilities: [[0.70629114 0.12099967 0.17270917]
 [0.46664807 0.3400892  0.1932627 ]
 [0.7115348  0.1902233  0.09824193]
 [0.8337344  0.16294128 0.00332431]
 [0.27182585 0.42719764 0.3009765 ]]
probabilities: [[0.01848312 0.5551293  0.42638758]
 [0.13136627 0.13516134 0.7334724 ]
 [0.891194   0.04410964 0.06469639]
 [0.477363   0.4802662  0.04237081]
 [0.28141716 0.50114673 0.2174361 ]]
probabilities: [[0.4500408  0.12565424 0.42430496]
 [0.1752312  0.39439303 0.43037575]
 [0.6561919  0.16677403 0.17703407]
 [0.3105337  0.47429892 0.21516736]
 [0.45955768 0.17278175 0.36766058]]
probabilities: [[0. 0. 1.]
 [0. 1. 0.]
 [0. 1. 0.]
 [0. 0. 1.]
 [0. 0. 1.]]
probabilities: [[0.41883317 0.2873988  0.29376802]
 [0.10521578 0.69685346 0.19793075]
 [0.28630587 0.25638342 0.45731068]
 [0.32595655 0.545253   0.12879045]
 [0.12234429 0.51410705 0.36354864]]
probabilities: [[0.10624287 0.13879201 0.7549651 ]
 [0.05015129 0.6621964  0.2876523 ]
 [0.01960593 0.44486308 0.535531  ]
 [0.7036797  0.19681568 0.09950462]
 [0.38210902 0.4527801  0.16511089]]
probabilities: [[0.10024704 0.8101105  0.08964245]
 [0.40752226 0.587897   0.00458073]
 [0.17116958 0.08928999 0.73954046]
 [0.10792497 0.8208253  0.07124975]
 [0.18548982 0.5998957  0.21461444]]
probabilities: [[1. 0. 0.]
 [1. 0. 0.]
 [1. 0. 0.]
 [1. 0. 0.]
 [1. 0. 0.]]
probabilities: [[0.25560945 0.7125402  0.0318503 ]
 [0.16590117 0.08801965 0.7460792 ]
 [0.40606457 0.2593559  0.3345795 ]
 [0.08052396 0.05473338 0.86474264]
 [0.03296734 0.0637657  0.90326697]]
probabilities: [[0.32143036 0.26630956 0.41226006]
 [0.16793641 0.03448521 0.7975784 ]
 [0.56821996 0.17079425 0.26098576]
 [0.642018   0.24143739 0.11654456]
 [0.49664623 0.36911306 0.1342407 ]]
probabilities: [[0.38352728 0.48352674 0.132946  ]
 [0.3999681  0.40956676 0.19046517]
 [0.41439265 0.07870577 0.50690156]
 [0.20130967 0.6679816  0.13070872]
 [0.4612165  0.28918272 0.24960075]]
probabilities: [[1. 0. 0.]
 [1. 0. 0.]
 [1. 0. 0.]
 [1. 0. 0.]
 [1. 0. 0.]]
probabilities: [[0.38198754 0.3981661  0.21984635]
 [0.30986345 0.47898528 0.21115127]
 [0.3890562  0.4345115  0.17643228]
 [0.3485536  0.5878693  0.06357708]
 [0.3209996  0.24624093 0.43275946]]
probabilities: [[0.07194797 0.8227801  0.10527197]
 [0.58302104 0.38081285 0.03616611]
 [0.89658403 0.00241824 0.10099772]
 [0.6530359  0.12568769 0.22127646]
 [0.21742824 0.05914214 0.7234296 ]]
probabilities: [[0.5340182  0.12832803 0.33765376]
 [0.5262389  0.07108989 0.40267116]
 [0.725882   0.04835036 0.22576763]
 [0.12491594 0.5884596  0.28662446]
 [0.63665783 0.14667274 0.21666944]]
probabilities: [[0. 1. 0.]
 [0. 1. 0.]
 [0. 1. 0.]
 [0. 1. 0.]
 [0. 1. 0.]]
probabilities: [[0.13065876 0.6478778  0.22146344]
 [0.11148136 0.38540247 0.5031162 ]
 [0.40805683 0.02065186 0.5712913 ]
 [0.488299   0.391321   0.12038   ]
 [0.00687322 0.29671836 0.6964084 ]]
probabilities: [[0.7667181  0.15876536 0.07451657]
 [0.6705812  0.2809902  0.04842855]
 [0.2512959  0.16153532 0.58716875]
 [0.8874477  0.01246646 0.10008585]
 [0.5553996  0.27483547 0.16976492]]
probabilities: [[0.46074986 0.27795884 0.26129133]
 [0.8701797  0.10211182 0.02770845]
 [0.69963676 0.20442764 0.09593561]
 [0.18583651 0.08885926 0.72530425]
 [0.17466672 0.4993044  0.32602888]]
probabilities: [[0. 0. 1.]
 [0. 1. 0.]
 [0. 1. 0.]
 [0. 0. 1.]
 [0. 0. 1.]]
probabilities: [[0.23879032 0.31766832 0.44354138]
 [0.4864146  0.4359758  0.07760961]
 [0.04604428 0.5483328  0.40562287]
 [0.06911823 0.16286309 0.76801866]
 [0.34675586 0.6385487  0.01469546]]
probabilities: [[0.8308115  0.04832024 0.12086829]
 [0.5852102  0.23060314 0.18418664]
 [0.4359265  0.26860628 0.2954672 ]
 [0.43175882 0.314027   0.25421417]
 [0.1561047  0.06273929 0.781156  ]]
probabilities: [[0.28511187 0.10873815 0.60615   ]
 [0.14959952 0.29276204 0.5576384 ]
 [0.04453294 0.32371128 0.63175577]
 [0.15648885 0.6625172  0.18099396]
 [0.1413525  0.02532949 0.833318  ]]
probabilities: [[0. 0. 1.]
 [0. 1. 0.]
 [0. 1. 0.]
 [0. 0. 1.]
 [0. 0. 1.]]
probabilities: [[0.113427   0.20916723 0.6774058 ]
 [0.25040534 0.31750658 0.43208808]
 [0.4424291  0.27922937 0.27834153]
 [0.3549029  0.39237303 0.25272405]
 [0.82662964 0.06464802 0.10872235]]
probabilities: [[0.05147986 0.81938285 0.12913729]
 [0.3189932  0.61619294 0.06481383]
 [0.47575253 0.49209154 0.03215593]
 [0.2926331  0.6796021  0.02776484]
 [0.41816702 0.184901   0.39693198]]
probabilities: [[0.69383174 0.14815372 0.1580145 ]
 [0.06547203 0.3513051  0.58322287]
 [0.20318714 0.26249582 0.5343171 ]
 [0.39709222 0.5687481  0.03415962]
 [0.03661326 0.68881565 0.27457112]]
probabilities: [[1. 0. 0.]
 [1. 0. 0.]
 [1. 0. 0.]
 [1. 0. 0.]
 [1. 0. 0.]]
probabilities: [[0.6266731  0.06263337 0.31069353]
 [0.19018012 0.18752162 0.62229824]
 [0.23944116 0.13332568 0.62723315]
 [0.25211346 0.5002382  0.24764834]
 [0.33783442 0.5950972  0.06706842]]
probabilities: [[0.7140004  0.21255976 0.07343982]
 [0.07493357 0.10272996 0.8223365 ]
 [0.18553941 0.03666776 0.7777928 ]
 [0.2822336  0.00730402 0.7104624 ]
 [0.03345301 0.5861874  0.38035953]]
probabilities: [[0.18782526 0.7791452  0.03302956]
 [0.4575888  0.199205   0.34320623]
 [0.7176077  0.21904966 0.06334266]
 [0.28473482 0.21081537 0.50444984]
 [0.2089667  0.51062447 0.28040886]]
probabilities: [[0. 1. 0.]
 [0. 1. 0.]
 [0. 1. 0.]
 [0. 1. 0.]
 [0. 1. 0.]]
probabilities: [[0.68876874 0.21289797 0.09833327]
 [0.8437415  0.10058221 0.0556763 ]
 [0.19499159 0.18426126 0.62074715]
 [0.0069454  0.65511084 0.33794373]
 [0.03075983 0.5432872  0.42595297]]
probabilities: [[0.22876506 0.4077401  0.36349484]
 [0.03226547 0.01069827 0.95703626]
 [0.7234312  0.19152197 0.08504681]
 [0.3038368  0.5181971  0.17796609]
 [0.1453026  0.4449905  0.4097069 ]]
probabilities: [[0.68444866 0.0711571  0.24439426]
 [0.10181291 0.35078844 0.5473987 ]
 [0.43749276 0.33910283 0.2234044 ]
 [0.37916204 0.57993674 0.04090124]
 [0.57993734 0.05965767 0.36040497]]
probabilities: [[0. 0. 1.]
 [0. 1. 0.]
 [0. 1. 0.]
 [0. 0. 1.]
 [0. 0. 1.]]
probabilities: [[0.65837824 0.23263545 0.1089863 ]
 [0.06421392 0.5661584  0.36962765]
 [0.6716246  0.20623371 0.12214165]
 [0.096176   0.27035382 0.6334702 ]
 [0.175198   0.44341862 0.3813834 ]]
probabilities: [[0.14496633 0.03668455 0.8183491 ]
 [0.43648455 0.45754963 0.10596583]
 [0.11823788 0.75444067 0.12732148]
 [0.60333997 0.2491173  0.14754274]
 [0.24649687 0.6877492  0.06575393]]
probabilities: [[0.51349217 0.28165686 0.20485099]
 [0.28947446 0.5911782  0.11934737]
 [0.01731439 0.13050853 0.8521771 ]
 [0.6154788  0.04201995 0.34250125]
 [0.52605253 0.2514539  0.22249356]]
probabilities: [[0. 1. 0.]
 [0. 1. 0.]
 [0. 1. 0.]
 [0. 1. 0.]
 [0. 1. 0.]]
probabilities: [[0.10568924 0.11765062 0.77666014]
 [0.25045717 0.42938372 0.3201591 ]
 [0.85081977 0.05004825 0.09913196]
 [0.20559792 0.11813265 0.6762694 ]
 [0.33752808 0.1787456  0.4837263 ]]
probabilities: [[0.00403757 0.38984618 0.60611624]
 [0.28807205 0.4841889  0.22773902]
 [0.43180794 0.31188697 0.25630513]
 [0.7184208  0.11141633 0.17016286]
 [0.3677583  0.15593742 0.47630426]]
probabilities: [[0.56002706 0.11154863 0.3284243 ]
 [0.15815301 0.27119085 0.5706561 ]
 [0.7886149  0.12181811 0.08956697]
 [0.4942853  0.03671143 0.4690033 ]
 [0.19662775 0.66083634 0.14253592]]
probabilities: [[0. 0. 1.]
 [0. 1. 0.]
 [0. 0. 1.]
 [0. 0. 1.]
 [0. 0. 1.]]
probabilities: [[0.16628903 0.6137471  0.21996383]
 [0.10596994 0.5648951  0.32913494]
 [0.41011107 0.34759334 0.2422956 ]
 [0.35004833 0.578032   0.07191965]
 [0.20932236 0.6252001  0.16547753]]
probabilities: [[0.42065704 0.10596762 0.47337535]
 [0.42207816 0.07019847 0.50772333]
 [0.278407   0.00361167 0.7179813 ]
 [0.3881245  0.31461442 0.2972611 ]
 [0.02381509 0.6701573  0.3060276 ]]
probabilities: [[0.06205306 0.21873383 0.7192131 ]
 [0.03039937 0.8364925  0.13310817]
 [0.20588255 0.1934481  0.6006693 ]
 [0.39706963 0.5346539  0.06827646]
 [0.5583911  0.08218028 0.3594286 ]]
probabilities: [[0. 1. 0.]
 [0. 1. 0.]
 [0. 1. 0.]
 [0. 1. 0.]
 [0. 1. 0.]]
probabilities: [[0.30117375 0.3385861  0.36024016]
 [0.14222825 0.441504   0.41626775]
 [0.72616804 0.2532836  0.02054838]
 [0.52787703 0.07243117 0.3996918 ]
 [0.28315872 0.0803536  0.63648766]]
probabilities: [[0.31067902 0.20649265 0.48282832]
 [0.31301066 0.3951024  0.29188693]
 [0.14426824 0.06585948 0.7898723 ]
 [0.15729739 0.72396624 0.1187364 ]
 [0.41263834 0.3927901  0.19457158]]
probabilities: [[0.63227004 0.32562655 0.04210341]
 [0.44568428 0.25795174 0.29636398]
 [0.2997075  0.2819464  0.41834614]
 [0.36713058 0.2088816  0.4239878 ]
 [0.5304101  0.05339951 0.4161904 ]]
probabilities: [[0. 0. 1.]
 [0. 1. 0.]
 [0. 0. 1.]
 [0. 0. 1.]
 [0. 0. 1.]]
probabilities: [[0.2272092  0.22606513 0.5467257 ]
 [0.0604113  0.75830775 0.18128094]
 [0.00980585 0.00866436 0.9815298 ]
 [0.16189817 0.61889744 0.21920438]
 [0.35306624 0.53137404 0.11555973]]
probabilities: [[0.0614481  0.8375062  0.10104572]
 [0.08080202 0.2706716  0.6485264 ]
 [0.47999418 0.28912124 0.23088457]
 [0.0864848  0.2112843  0.70223093]
 [0.3411534  0.57794327 0.0809033 ]]
probabilities: [[0.33403495 0.24041574 0.4255493 ]
 [0.24272642 0.55718124 0.20009238]
 [0.03538229 0.63690233 0.32771537]
 [0.11791451 0.58578825 0.29629725]
 [0.26158154 0.5617712  0.17664726]]
probabilities: [[1. 0. 0.]
 [1. 0. 0.]
 [1. 0. 0.]
 [1. 0. 0.]
 [1. 0. 0.]]
probabilities: [[0.1895377  0.36756238 0.4428999 ]
 [0.70174956 0.12146572 0.1767847 ]
 [0.4658866  0.30436766 0.22974575]
 [0.0923012  0.69186264 0.21583618]
 [0.1678766  0.20856924 0.62355417]]
probabilities: [[0.6664207  0.20023336 0.13334593]
 [0.8215701  0.09381601 0.0846139 ]
 [0.11983898 0.8282303  0.05193066]
 [0.10809105 0.3933689  0.49854004]
 [0.7725608  0.15022391 0.07721533]]
probabilities: [[0.7088211  0.2740985  0.01708041]
 [0.42177185 0.41071278 0.16751537]
 [0.08326013 0.82378733 0.09295256]
 [0.80406195 0.16344033 0.0324977 ]
 [0.19896804 0.39789578 0.40313616]]
probabilities: [[0. 0. 1.]
 [0. 1. 0.]
 [0. 0. 1.]
 [0. 0. 1.]
 [0. 0. 1.]]
probabilities: [[9.4766714e-02 9.0463781e-01 5.9544411e-04]
 [2.5974619e-01 5.1876473e-01 2.2148907e-01]
 [1.1710401e-01 4.1302273e-01 4.6987328e-01]
 [4.3936229e-01 4.4368809e-01 1.1694962e-01]
 [3.4457979e-01 6.2371582e-01 3.1704385e-02]]
probabilities: [[0.30867323 0.12717888 0.5641479 ]
 [0.28510132 0.19104025 0.5238584 ]
 [0.22539695 0.20842324 0.5661798 ]
 [0.74765193 0.07712987 0.17521821]
 [0.24031436 0.74489045 0.01479519]]
probabilities: [[0.01244415 0.35021383 0.63734204]
 [0.49688303 0.43886966 0.06424731]
 [0.09996707 0.44425163 0.4557813 ]
 [0.56280065 0.339646   0.09755334]
 [0.16580345 0.31719655 0.517     ]]
probabilities: [[1. 0. 0.]
 [1. 0. 0.]
 [1. 0. 0.]
 [1. 0. 0.]
 [1. 0. 0.]]
probabilities: [[0.3702019  0.02816126 0.6016368 ]
 [0.13532937 0.3205328  0.54413784]
 [0.83517426 0.15247184 0.01235388]
 [0.35487685 0.02725251 0.6178706 ]
 [0.28963745 0.36993554 0.340427  ]]
probabilities: [[0.5659064  0.11255652 0.32153708]
 [0.50404    0.3873912  0.10856877]
 [0.70995593 0.01421858 0.2758255 ]
 [0.0142154  0.15846477 0.82731986]
 [0.00677686 0.6895256  0.30369753]]
probabilities: [[0.06951488 0.20578136 0.7247038 ]
 [0.02576511 0.8046065  0.16962841]
 [0.33399394 0.08794604 0.57806003]
 [0.86456853 0.05984919 0.07558225]
 [0.31319007 0.08913185 0.59767807]]
probabilities: [[0. 1. 0.]
 [0. 1. 0.]
 [0. 1. 0.]
 [0. 1. 0.]
 [0. 1. 0.]]
probabilities: [[0.24662736 0.62427366 0.129099  ]
 [0.24121766 0.06984564 0.6889367 ]
 [0.04219542 0.5940341  0.36377048]
 [0.11869618 0.7509817  0.13032216]
 [0.90503496 0.01608234 0.07888268]]
probabilities: [[0.1864797  0.19920447 0.6143158 ]
 [0.38764045 0.588993   0.02336654]
 [0.31690198 0.25184757 0.43125048]
 [0.44032747 0.38708857 0.17258397]
 [0.25176266 0.21781601 0.5304213 ]]
probabilities: [[0.5616987  0.33403242 0.10426889]
 [0.20613721 0.32547474 0.46838805]
 [0.02878777 0.06937701 0.9018352 ]
 [0.02258879 0.58826596 0.38914528]
 [0.4740619  0.2324956  0.2934425 ]]
probabilities: [[0. 0. 1.]
 [0. 1. 0.]
 [0. 1. 0.]
 [0. 0. 1.]
 [0. 0. 1.]]
probabilities: [[0.17074256 0.38459367 0.44466376]
 [0.6100615  0.08911385 0.30082464]
 [0.64877427 0.17351837 0.17770736]
 [0.19501415 0.33659813 0.46838772]
 [0.45730287 0.00656124 0.53613585]]
probabilities: [[0.33460903 0.5244847  0.1409063 ]
 [0.60599643 0.36968365 0.02431993]
 [0.21509923 0.63811904 0.1467817 ]
 [0.04960047 0.19150333 0.75889623]
 [0.5624092  0.05707531 0.38051546]]
probabilities: [[0.59256744 0.20498793 0.20244461]
 [0.9600003  0.03832989 0.00166983]
 [0.21606047 0.11196724 0.6719723 ]
 [0.17550555 0.6554756  0.16901882]
 [0.78852904 0.01426024 0.19721074]]
probabilities: [[1. 0. 0.]
 [1. 0. 0.]
 [1. 0. 0.]
 [1. 0. 0.]
 [1. 0. 0.]]
probabilities: [[0.04142914 0.91123754 0.04733332]
 [0.35385013 0.6412846  0.00486531]
 [0.6378362  0.34231418 0.01984958]
 [0.3264215  0.2146023  0.4589762 ]
 [0.46510464 0.47014865 0.06474672]]
probabilities: [[0.08925872 0.11376856 0.79697275]
 [0.14926818 0.5389473  0.31178457]
 [0.27396467 0.43874088 0.28729442]
 [0.5178411  0.04452043 0.43763843]
 [0.01121191 0.90121394 0.08757414]]
probabilities: [[0.2231399  0.06978279 0.7070773 ]
 [0.15445015 0.7955588  0.04999102]
 [0.00881102 0.78910553 0.20208341]
 [0.00423574 0.36820242 0.62756187]
 [0.20501266 0.7275229  0.06746441]]
probabilities: [[0. 1. 0.]
 [0. 1. 0.]
 [0. 1. 0.]
 [0. 1. 0.]
 [0. 1. 0.]]
probabilities: [[0.50474495 0.47700435 0.01825071]
 [0.32224134 0.05571094 0.6220477 ]
 [0.11395273 0.66908514 0.21696213]
 [0.36543113 0.22227749 0.41229138]
 [0.6321307  0.10350378 0.26436552]]
probabilities: [[0.83558315 0.01895053 0.14546631]
 [0.3799704  0.31290913 0.30712047]
 [0.03118764 0.6323279  0.33648446]
 [0.25539783 0.243929   0.5006732 ]
 [0.73145354 0.00111384 0.26743263]]
probabilities: [[0.70762324 0.11069024 0.18168652]
 [0.35330698 0.21941985 0.42727315]
 [0.4069642  0.17357993 0.4194559 ]
 [0.12039241 0.8024717  0.07713587]
 [0.9826917  0.01324569 0.00406262]]
probabilities: [[0. 1. 0.]
 [0. 1. 0.]
 [0. 1. 0.]
 [0. 1. 0.]
 [0. 1. 0.]]
probabilities: [[0.19268133 0.23007622 0.57724243]
 [0.10127131 0.10929143 0.78943723]
 [0.677046   0.15253662 0.17041737]
 [0.8576025  0.0857299  0.05666762]
 [0.01462002 0.66767454 0.31770545]]
probabilities: [[1.2201281e-01 5.3934091e-01 3.3864626e-01]
 [1.7444897e-04 7.0951569e-01 2.9030985e-01]
 [4.1407835e-01 3.9688191e-01 1.8903974e-01]
 [2.1981134e-01 5.4278314e-01 2.3740549e-01]
 [6.8651405e-03 2.3953690e-01 7.5359797e-01]]
probabilities: [[0.545304   0.12804022 0.3266558 ]
 [0.08006755 0.79529685 0.12463562]
 [0.29395255 0.531888   0.17415941]
 [0.05517283 0.5925773  0.35224986]
 [0.12598889 0.74698216 0.12702893]]
probabilities: [[1. 0. 0.]
 [1. 0. 0.]
 [1. 0. 0.]
 [1. 0. 0.]
 [1. 0. 0.]]
probabilities: [[0.13051824 0.81146216 0.05801959]
 [0.03873922 0.04839671 0.9128641 ]
 [0.41990936 0.35199657 0.22809409]
 [0.8212969  0.111363   0.06734014]
 [0.30687216 0.07132339 0.6218045 ]]
probabilities: [[0.26698858 0.2994246  0.43358684]
 [0.11340958 0.03868155 0.84790885]
 [0.41769528 0.21714503 0.3651597 ]
 [0.31589895 0.424231   0.25987005]
 [0.73343796 0.1378962  0.12866588]]
probabilities: [[0.19154632 0.5240666  0.28438705]
 [0.07688803 0.5410332  0.38207874]
 [0.639454   0.26196292 0.09858309]
 [0.49691054 0.16303742 0.34005204]
 [0.0871118  0.7328534  0.18003477]]
probabilities: [[0. 0. 1.]
 [0. 1. 0.]
 [0. 0. 1.]
 [0. 0. 1.]
 [0. 0. 1.]]
probabilities: [[0.5350983  0.42118606 0.04371563]
 [0.23955874 0.56264323 0.197798  ]
 [0.46825206 0.4298101  0.10193784]
 [0.27582493 0.6073877  0.11678733]
 [0.4204474  0.32221943 0.25733313]]
probabilities: [[0.66997385 0.0844467  0.24557947]
 [0.38956577 0.17044923 0.439985  ]
 [0.23267046 0.4048196  0.3625099 ]
 [0.40828112 0.16310231 0.42861655]
 [0.50494325 0.05861707 0.43643966]]
probabilities: [[0.4932339  0.29947692 0.20728919]
 [0.6579478  0.2494026  0.0926496 ]
 [0.1617408  0.10301609 0.73524314]
 [0.04405684 0.72204256 0.23390059]
 [0.3753959  0.5935841  0.03101996]]
probabilities: [[1. 0. 0.]
 [1. 0. 0.]
 [1. 0. 0.]
 [1. 0. 0.]
 [1. 0. 0.]]
probabilities: [[0.00323346 0.508388   0.48837858]
 [0.13819899 0.02356468 0.83823633]
 [0.01512472 0.3197098  0.6651655 ]
 [0.15422407 0.7970519  0.04872401]
 [0.10496864 0.41839045 0.4766409 ]]
probabilities: [[7.67344952e-01 2.31903449e-01 7.51577260e-04]
 [2.87017524e-01 1.20089009e-01 5.92893481e-01]
 [1.47133935e-02 8.30271021e-02 9.02259529e-01]
 [4.49868262e-01 5.45073330e-01 5.05837705e-03]
 [4.83035833e-01 3.54778618e-02 4.81486320e-01]]
probabilities: [[0.24901617 0.73005134 0.02093247]
 [0.37553725 0.5691314  0.05533138]
 [0.6050794  0.2991858  0.09573475]
 [0.3028898  0.35576567 0.34134454]
 [0.29693106 0.3129574  0.39011154]]
probabilities: [[0. 0. 1.]
 [0. 1. 0.]
 [0. 1. 0.]
 [0. 0. 1.]
 [0. 0. 1.]]
probabilities: [[0.63066673 0.0111661  0.35816717]
 [0.11322833 0.5723922  0.31437942]
 [0.557977   0.11131266 0.33071032]
 [0.36649016 0.11096741 0.5225424 ]
 [0.33155394 0.5753312  0.09311484]]
probabilities: [[0.13407275 0.32290542 0.54302186]
 [0.05119862 0.80357796 0.1452234 ]
 [0.313193   0.6362029  0.05060412]
 [0.24104498 0.19932033 0.5596347 ]
 [0.08352028 0.64400357 0.27247617]]
probabilities: [[0.6733483  0.22731416 0.09933752]
 [0.13962376 0.14139584 0.71898043]
 [0.08546459 0.54611355 0.36842182]
 [0.15125947 0.70707536 0.14166516]
 [0.07680929 0.6932959  0.2298948 ]]
probabilities: [[0. 0. 1.]
 [0. 1. 0.]
 [0. 0. 1.]
 [0. 0. 1.]
 [0. 0. 1.]]
probabilities: [[0.3684051  0.24447075 0.38712418]
 [0.1561136  0.55973256 0.28415385]
 [0.58906573 0.34529823 0.06563605]
 [0.13558604 0.19674824 0.6676657 ]
 [0.03937166 0.7136521  0.24697627]]
probabilities: [[0.6786429  0.16964242 0.15171462]
 [0.49107698 0.25983596 0.2490871 ]
 [0.5976344  0.27827594 0.12408967]
 [0.02183726 0.64499617 0.33316657]
 [0.2673902  0.66226286 0.07034698]]
probabilities: [[0.3627688  0.37432382 0.2629074 ]
 [0.02856082 0.8888115  0.08262767]
 [0.3746043  0.3956298  0.22976588]
 [0.09685846 0.68612427 0.21701725]
 [0.01145878 0.6706596  0.3178816 ]]
probabilities: [[1. 0. 0.]
 [1. 0. 0.]
 [1. 0. 0.]
 [1. 0. 0.]
 [1. 0. 0.]]
probabilities: [[0.05793424 0.22212128 0.7199445 ]
 [0.12013061 0.68521494 0.19465448]
 [0.2310641  0.39903012 0.36990577]
 [0.04723707 0.5672974  0.38546553]
 [0.01617435 0.03151278 0.9523129 ]]
probabilities: [[0.17272006 0.72658724 0.10069271]
 [0.44561827 0.31395334 0.24042837]
 [0.09994369 0.49382648 0.40622982]
 [0.04602734 0.7186708  0.23530188]
 [0.4851345  0.39635295 0.11851257]]
probabilities: [[0.1496819  0.20436789 0.6459502 ]
 [0.35620448 0.01604753 0.62774795]
 [0.5851874  0.14306487 0.27174774]
 [0.24664897 0.21829025 0.53506076]
 [0.09607046 0.17883103 0.7250985 ]]
probabilities: [[1. 0. 0.]
 [1. 0. 0.]
 [1. 0. 0.]
 [1. 0. 0.]
 [1. 0. 0.]]
probabilities: [[0.5804093  0.13353553 0.2860552 ]
 [0.29221013 0.22814895 0.4796409 ]
 [0.44736156 0.13572176 0.4169167 ]
 [0.08965653 0.6726332  0.23771028]
 [0.53021723 0.43007046 0.03971232]]
probabilities: [[0.7827841  0.01369979 0.2035161 ]
 [0.2767088  0.6768745  0.04641666]
 [0.35994908 0.61795044 0.02210049]
 [0.32644302 0.5166071  0.15694991]
 [0.18391852 0.5570081  0.25907344]]
probabilities: [[0.15521778 0.63632655 0.20845567]
 [0.37823564 0.00991894 0.61184543]
 [0.459488   0.43701577 0.1034962 ]
 [0.34840778 0.45889074 0.19270149]
 [0.30991495 0.00926118 0.68082386]]
probabilities: [[1. 0. 0.]
 [1. 0. 0.]
 [1. 0. 0.]
 [1. 0. 0.]
 [1. 0. 0.]]
probabilities: [[0.5661052  0.13904391 0.2948509 ]
 [0.26335812 0.21697745 0.51966447]
 [0.3121036  0.3386119  0.3492845 ]
 [0.49747598 0.46069315 0.04183087]
 [0.51442957 0.40530443 0.08026598]]
probabilities: [[0.16972896 0.6953993  0.13487174]
 [0.23921442 0.09927968 0.6615059 ]
 [0.12468813 0.6974217  0.17789015]
 [0.42015377 0.0455681  0.53427815]
 [0.00704188 0.1584649  0.8344932 ]]
probabilities: [[0.7148527  0.17436126 0.11078604]
 [0.7079355  0.13517638 0.1568881 ]
 [0.12326579 0.28221026 0.59452397]
 [0.4229777  0.38071087 0.19631146]
 [0.14959288 0.6079375  0.24246961]]
probabilities: [[0. 1. 0.]
 [0. 1. 0.]
 [0. 1. 0.]
 [0. 1. 0.]
 [0. 1. 0.]]
probabilities: [[0.70634395 0.03140672 0.26224935]
 [0.31771493 0.36905116 0.3132339 ]
 [0.14023806 0.56797206 0.29178986]
 [0.09392852 0.44624248 0.45982897]
 [0.16100597 0.62250286 0.21649118]]
probabilities: [[0.6751141  0.19200175 0.13288416]
 [0.18752451 0.5347763  0.2776992 ]
 [0.23026906 0.50951976 0.26021117]
 [0.8154048  0.06598313 0.1186121 ]
 [0.3354887  0.54717267 0.11733861]]
probabilities: [[0.4546431  0.49075586 0.05460104]
 [0.37038156 0.10080656 0.5288119 ]
 [0.33192748 0.15422018 0.51385236]
 [0.7736967  0.1329879  0.09331539]
 [0.8819127  0.01720164 0.10088563]]
probabilities: [[0. 0. 1.]
 [0. 1. 0.]
 [0. 0. 1.]
 [0. 0. 1.]
 [0. 0. 1.]]
probabilities: [[0.11798593 0.59602875 0.28598532]
 [0.27816516 0.17635798 0.54547685]
 [0.00871376 0.10246412 0.88882214]
 [0.09174579 0.13651548 0.7717387 ]
 [0.18767473 0.744141   0.06818429]]
probabilities: [[0.73267823 0.14273444 0.12458733]
 [0.2071896  0.7010825  0.09172785]
 [0.25061896 0.70892394 0.04045711]
 [0.32421002 0.5233326  0.1524574 ]
 [0.35287404 0.52119833 0.1259276 ]]
probabilities: [[0.28485292 0.13629262 0.57885444]
 [0.04719945 0.61893445 0.33386612]
 [0.1925663  0.13794638 0.6694873 ]
 [0.36545128 0.03432721 0.6002215 ]
 [0.3908956  0.5562413  0.0528631 ]]
probabilities: [[0. 0. 1.]
 [0. 1. 0.]
 [0. 1. 0.]
 [0. 0. 1.]
 [0. 0. 1.]]
probabilities: [[0.84361655 0.09513807 0.0612454 ]
 [0.04552182 0.46285212 0.49162605]
 [0.19571269 0.6391903  0.16509701]
 [0.16039726 0.7614353  0.07816746]
 [0.6213185  0.14353804 0.23514344]]
probabilities: [[0.3150707  0.00623827 0.678691  ]
 [0.3983522  0.31471917 0.28692862]
 [0.5974053  0.3553109  0.04728382]
 [0.7416437  0.060568   0.19778825]
 [0.7927312  0.02962524 0.17764352]]
probabilities: [[0.13197428 0.7681995  0.0998262 ]
 [0.4700339  0.0244049  0.5055612 ]
 [0.17842487 0.28786367 0.5337115 ]
 [0.97548574 0.01392172 0.01059254]
 [0.07463228 0.81345713 0.11191062]]
probabilities: [[0. 1. 0.]
 [0. 1. 0.]
 [0. 1. 0.]
 [0. 1. 0.]
 [0. 1. 0.]]
probabilities: [[0.6526278  0.24041258 0.10695958]
 [0.4027443  0.44155416 0.15570153]
 [0.6496361  0.17332579 0.17703815]
 [0.8668202  0.09480532 0.03837447]
 [0.4514399  0.01822269 0.53033745]]
probabilities: [[0.40653932 0.3317219  0.26173878]
 [0.5151748  0.3919898  0.09283543]
 [0.3641963  0.0476753  0.5881284 ]
 [0.06411675 0.10592919 0.8299541 ]
 [0.20395152 0.40354922 0.39249924]]
probabilities: [[0.16731942 0.73882514 0.09385542]
 [0.33240452 0.09065445 0.5769411 ]
 [0.37180066 0.6118241  0.01637523]
 [0.5374897  0.38577288 0.07673743]
 [0.11501276 0.7929947  0.09199255]]
probabilities: [[0. 0. 1.]
 [0. 1. 0.]
 [0. 0. 1.]
 [0. 0. 1.]
 [0. 0. 1.]]
probabilities: [[0.68534803 0.17064404 0.1440079 ]
 [0.46832317 0.33755264 0.1941242 ]
 [0.13776633 0.30260786 0.5596258 ]
 [0.36528453 0.62013197 0.01458351]
 [0.63661236 0.2891144  0.07427323]]
probabilities: [[0.2267268  0.1248782  0.648395  ]
 [0.3432053  0.5860732  0.07072145]
 [0.00863834 0.8262676  0.16509409]
 [0.48578858 0.44046235 0.07374908]
 [0.05465262 0.60207003 0.34327736]]
probabilities: [[0.09762664 0.66907805 0.23329529]
 [0.23282686 0.6700774  0.09709574]
