probabilities: [[1. 0. 0.]
 [1. 0. 0.]
 [1. 0. 0.]
 [1. 0. 0.]
 [1. 0. 0.]]
probabilities: [[0.3076946  0.5909747  0.10133069]
 [0.06346133 0.5420408  0.3944978 ]
 [0.78979534 0.09940021 0.11080447]
 [0.02783566 0.03644105 0.9357233 ]
 [0.14978868 0.69543284 0.15477845]]
probabilities: [[0.00349405 0.53979003 0.45671594]
 [0.8694031  0.04979786 0.08079901]
 [0.01952929 0.91636235 0.06410836]
 [0.62175757 0.30208725 0.07615522]
 [0.3503637  0.525402   0.12423426]]
probabilities: [[0.06842265 0.43995377 0.49162358]
 [0.23385367 0.50052696 0.26561934]
 [0.62471837 0.12375995 0.25152168]
 [0.32750568 0.35018325 0.32231107]
 [0.15188913 0.7690305  0.07908034]]
probabilities: [[0. 1. 0.]
 [0. 1. 0.]
 [0. 1. 0.]
 [0. 1. 0.]
 [0. 1. 0.]]
probabilities: [[0.6683096  0.18524306 0.14644735]
 [0.02108517 0.33270353 0.6462113 ]
 [0.1669662  0.14156099 0.6914728 ]
 [0.11486786 0.13093616 0.754196  ]
 [0.34576806 0.59389365 0.0603383 ]]
probabilities: [[0.36755773 0.15831415 0.47412813]
 [0.10416488 0.74794716 0.14788796]
 [0.04799684 0.7752326  0.17677057]
 [0.70286256 0.0845959  0.21254155]
 [0.600751   0.24279433 0.1564547 ]]
probabilities: [[0.47328693 0.39038786 0.13632521]
 [0.49960613 0.3118064  0.18858744]
 [0.35056823 0.29557416 0.35385764]
 [0.7887962  0.13303876 0.07816505]
 [0.10138487 0.298692   0.59992313]]
probabilities: [[1. 0. 0.]
 [1. 0. 0.]
 [1. 0. 0.]
 [1. 0. 0.]
 [1. 0. 0.]]
probabilities: [[0.67049    0.04609782 0.28341216]
 [0.84358686 0.00672402 0.14968914]
 [0.32597217 0.67222506 0.00180276]
 [0.24051775 0.40009186 0.35939038]
 [0.21449915 0.08643118 0.6990697 ]]
probabilities: [[0.58148247 0.2441014  0.17441615]
 [0.11953288 0.18449925 0.69596785]
 [0.0432077  0.80289257 0.15389976]
 [0.26359943 0.02059249 0.7158081 ]
 [0.00463772 0.98153335 0.01382893]]
probabilities: [[0.4478338  0.24837251 0.30379367]
 [0.6151923  0.12453213 0.26027557]
 [0.14757606 0.2391314  0.6132925 ]
 [0.39457306 0.07987303 0.5255539 ]
 [0.48152277 0.34907517 0.16940206]]
probabilities: [[0. 0. 1.]
 [0. 1. 0.]
 [0. 1. 0.]
 [0. 0. 1.]
 [0. 0. 1.]]
probabilities: [[0.20888695 0.04655154 0.7445615 ]
 [0.40392002 0.34083524 0.25524473]
 [0.30614823 0.13959326 0.5542585 ]
 [0.27340773 0.464945   0.26164728]
 [0.34130597 0.6569075  0.00178653]]
probabilities: [[0.02396384 0.7854248  0.19061133]
 [0.18287103 0.7522085  0.06492049]
 [0.7583313  0.04427133 0.19739738]
 [0.21805102 0.62780935 0.15413967]
 [0.6545685  0.09107465 0.2543569 ]]
probabilities: [[0.0453165  0.05862856 0.8960549 ]
 [0.44954273 0.4144633  0.13599396]
 [0.9115156  0.02705421 0.0614302 ]
 [0.26544374 0.0842104  0.65034586]
 [0.06309076 0.7774899  0.15941936]]
probabilities: [[0. 0. 1.]
 [0. 1. 0.]
 [0. 0. 1.]
 [0. 0. 1.]
 [0. 0. 1.]]
probabilities: [[0.16298659 0.1710512  0.6659622 ]
 [0.5501802  0.25356212 0.19625768]
 [0.393615   0.4904901  0.11589488]
 [0.19373938 0.49842435 0.3078363 ]
 [0.7707409  0.11818355 0.11107553]]
probabilities: [[0.0555888  0.02183099 0.9225802 ]
 [0.08787907 0.89342076 0.01870018]
 [0.6181678  0.12576556 0.25606662]
 [0.49157146 0.40584964 0.10257889]
 [0.2722541  0.39663422 0.33111167]]
probabilities: [[0.00928896 0.11654449 0.87416655]
 [0.71114975 0.00250412 0.2863461 ]
 [0.55452734 0.34891534 0.09655733]
 [0.6458995  0.15707424 0.19702631]
 [0.44572333 0.01367716 0.5405995 ]]
probabilities: [[0. 1. 0.]
 [0. 1. 0.]
 [0. 1. 0.]
 [0. 1. 0.]
 [0. 1. 0.]]
probabilities: [[0.39342615 0.360008   0.24656585]
 [0.49282587 0.12522614 0.381948  ]
 [0.31917349 0.05659279 0.6242337 ]
 [0.3103068  0.4620733  0.22761993]
 [0.23284385 0.16015905 0.6069971 ]]
probabilities: [[0.29648784 0.5016794  0.20183276]
 [0.31336075 0.17088273 0.51575655]
 [0.26919776 0.2634982  0.46730405]
 [0.0449319  0.6643672  0.29070088]
 [0.10264787 0.7248908  0.1724613 ]]
probabilities: [[0.35243532 0.21557571 0.43198895]
 [0.16025746 0.6011871  0.23855542]
 [0.5544669  0.1471197  0.29841343]
 [0.45977956 0.02122547 0.518995  ]
 [0.32332638 0.29238495 0.38428867]]
probabilities: [[1. 0. 0.]
 [1. 0. 0.]
 [1. 0. 0.]
 [1. 0. 0.]
 [1. 0. 0.]]
probabilities: [[0.09516211 0.49523664 0.40960127]
 [0.25733665 0.12790748 0.61475587]
 [0.45524997 0.54151845 0.00323157]
 [0.14870128 0.49657544 0.35472327]
 [0.6577964  0.13456568 0.20763795]]
probabilities: [[0.02328118 0.89448005 0.08223874]
 [0.29288164 0.3066312  0.40048715]
 [0.96782225 0.02586888 0.00630885]
 [0.71268183 0.0923273  0.19499086]
 [0.00880548 0.1805118  0.8106827 ]]
probabilities: [[0.01916585 0.3228518  0.65798235]
 [0.61474127 0.35349816 0.03176057]
 [0.81200075 0.12538029 0.06261893]
 [0.13180862 0.76483774 0.10335361]
 [0.7049673  0.03021752 0.26481518]]
probabilities: [[0. 0. 1.]
 [0. 1. 0.]
 [0. 1. 0.]
 [0. 0. 1.]
 [0. 0. 1.]]
probabilities: [[0.5784384  0.27769306 0.14386852]
 [0.01862722 0.13972257 0.8416502 ]
 [0.4879343  0.48332885 0.02873686]
 [0.2302255  0.49929142 0.27048308]
 [0.05400178 0.27984673 0.6661515 ]]
probabilities: [[0.22243842 0.6771449  0.10041672]
 [0.1033379  0.01347389 0.8831882 ]
 [0.16911784 0.18620445 0.6446777 ]
 [0.15777409 0.7120633  0.13016257]
 [0.01063764 0.97918415 0.01017819]]
probabilities: [[0.48547253 0.49958608 0.0149414 ]
 [0.13792737 0.56015724 0.30191538]
 [0.5967336  0.2528552  0.15041116]
 [0.10661603 0.8600986  0.03328538]
 [0.44603255 0.23211686 0.3218506 ]]
probabilities: [[1. 0. 0.]
 [1. 0. 0.]
 [1. 0. 0.]
 [1. 0. 0.]
 [1. 0. 0.]]
probabilities: [[0.22861086 0.2596119  0.5117772 ]
 [0.00608921 0.58950555 0.40440527]
 [0.03516081 0.6348376  0.33000156]
 [0.84252846 0.15266176 0.00480975]
 [0.1824958  0.31142712 0.5060771 ]]
probabilities: [[0.19625218 0.59008116 0.21366663]
 [0.35670972 0.17476805 0.46852222]
 [0.5369415  0.37057135 0.09248713]
 [0.62814415 0.17410983 0.19774604]
 [0.06672285 0.39279085 0.5404863 ]]
probabilities: [[0.1174998  0.01242972 0.87007046]
 [0.39222282 0.20799914 0.39977804]
 [0.09556276 0.40798673 0.4964505 ]
 [0.15332702 0.5118965  0.33477652]
 [0.36733842 0.16592303 0.46673855]]
probabilities: [[0. 0. 1.]
 [0. 1. 0.]
 [0. 0. 1.]
 [0. 0. 1.]
 [0. 0. 1.]]
probabilities: [[0.5358893  0.04076293 0.42334777]
 [0.3458711  0.10182901 0.5522999 ]
 [0.86219734 0.03803225 0.09977041]
 [0.51460755 0.23117767 0.25421476]
 [0.6633368  0.07961776 0.25704542]]
probabilities: [[0.1335463  0.7618206  0.10463308]
 [0.4334178  0.24011286 0.32646936]
 [0.59082776 0.1416155  0.26755673]
 [0.89052606 0.10569354 0.00378041]
 [0.08019451 0.01247378 0.9073317 ]]
probabilities: [[0.26088136 0.15402211 0.58509654]
 [0.67824656 0.28914937 0.03260409]
 [0.04786316 0.6041253  0.34801152]
 [0.27105272 0.43945107 0.2894962 ]
 [0.2485383  0.7146394  0.03682226]]
probabilities: [[0. 1. 0.]
 [0. 1. 0.]
 [0. 1. 0.]
 [0. 1. 0.]
 [0. 1. 0.]]
probabilities: [[0.10227322 0.14889365 0.7488331 ]
 [0.05328959 0.55724597 0.3894644 ]
 [0.22094947 0.32362804 0.45542252]
 [0.1974557  0.76209813 0.04044616]
 [0.28282475 0.68421406 0.03296123]]
probabilities: [[0.66186243 0.11185078 0.22628678]
 [0.24018121 0.0084304  0.7513884 ]
 [0.5701467  0.15114245 0.27871084]
 [0.53518975 0.36074287 0.10406741]
 [0.572093   0.2021955  0.2257115 ]]
probabilities: [[0.01595046 0.24554141 0.7385081 ]
 [0.45440143 0.12670606 0.4188925 ]
 [0.3816786  0.24508595 0.3732354 ]
 [0.25255692 0.5802734  0.16716972]
 [0.65745753 0.31263512 0.02990737]]
probabilities: [[0. 1. 0.]
 [0. 1. 0.]
 [0. 1. 0.]
 [0. 1. 0.]
 [0. 1. 0.]]
probabilities: [[0.2350214  0.20528583 0.55969274]
 [0.5618182  0.10846663 0.32971516]
 [0.10320374 0.42908773 0.4677085 ]
 [0.06502331 0.6203859  0.3145908 ]
 [0.5770073  0.29744628 0.12554643]]
probabilities: [[0.16883314 0.28571117 0.5454557 ]
 [0.22171615 0.5224935  0.25579035]
 [0.16369048 0.6955705  0.14073898]
 [0.13928284 0.36465302 0.49606416]
 [0.38358504 0.2005149  0.41590008]]
probabilities: [[0.3685266  0.20086813 0.43060526]
 [0.12486356 0.285216   0.5899204 ]
 [0.02986127 0.20919725 0.76094145]
 [0.76173353 0.20786358 0.03040287]
 [0.26846212 0.45344424 0.27809364]]
probabilities: [[0. 0. 1.]
 [0. 1. 0.]
 [0. 1. 0.]
 [0. 0. 1.]
 [0. 0. 1.]]
probabilities: [[0.315968   0.6771368  0.00689525]
 [0.7511375  0.20122686 0.04763565]
 [0.2791672  0.29486707 0.42596576]
 [0.32582188 0.6062617  0.06791644]
 [0.52987283 0.36483333 0.10529384]]
probabilities: [[0.8052704  0.01365397 0.18107568]
 [0.509888   0.15342003 0.33669195]
 [0.12836921 0.06974803 0.80188274]
 [0.34305832 0.54080266 0.11613905]
 [0.33302408 0.3857932  0.28118274]]
probabilities: [[0.6375558  0.08183768 0.28060654]
 [0.5633987  0.11895122 0.31765002]
 [0.04021414 0.7184494  0.24133645]
 [0.77233404 0.16938134 0.05828465]
 [0.18904881 0.48183712 0.32911405]]
probabilities: [[0. 0. 1.]
 [0. 1. 0.]
 [0. 1. 0.]
 [0. 0. 1.]
 [0. 0. 1.]]
probabilities: [[0.7590861  0.23677382 0.00414013]
 [0.1427188  0.55112004 0.30616117]
 [0.30950576 0.512463   0.17803125]
 [0.2888571  0.33114114 0.38000175]
 [0.42178506 0.33767885 0.2405361 ]]
probabilities: [[0.50848067 0.23331629 0.25820303]
 [0.18139595 0.73870766 0.07989639]
 [0.33064613 0.1330596  0.5362943 ]
 [0.10219642 0.2838953  0.6139083 ]
 [0.25821728 0.31447437 0.42730838]]
probabilities: [[0.06309198 0.46902943 0.4678786 ]
 [0.25442225 0.3909578  0.35461995]
 [0.53433746 0.42864764 0.03701491]
 [0.7012093  0.1973833  0.1014074 ]
 [0.24868795 0.39525196 0.3560601 ]]
probabilities: [[0. 0. 1.]
 [0. 1. 0.]
 [0. 0. 1.]
 [0. 0. 1.]
 [0. 0. 1.]]
probabilities: [[0.1962722  0.41054404 0.39318377]
 [0.2921757  0.579011   0.12881328]
 [0.01547753 0.7568097  0.22771277]
 [0.00551673 0.11403326 0.88045   ]
 [0.32793596 0.6179014  0.05416264]]
probabilities: [[0.2771651  0.18559311 0.53724176]
 [0.17623667 0.5977389  0.22602439]
 [0.4491519  0.32570598 0.22514214]
 [0.03435392 0.25860655 0.70703954]
 [0.03636629 0.7518167  0.211817  ]]
probabilities: [[0.80181783 0.05118277 0.14699937]
 [0.51667446 0.12318496 0.3601406 ]
 [0.8914185  0.0469653  0.06161619]
 [0.00193049 0.6227485  0.37532103]
 [0.22540905 0.5468104  0.22778055]]
probabilities: [[0. 0. 1.]
 [0. 1. 0.]
 [0. 1. 0.]
 [0. 0. 1.]
 [0. 0. 1.]]
probabilities: [[0.77730924 0.19540398 0.0272868 ]
 [0.01713282 0.03648862 0.9463785 ]
 [0.2392596  0.620007   0.14073344]
 [0.06333278 0.59626466 0.34040254]
 [0.24321006 0.30844527 0.44834468]]
probabilities: [[0.74401593 0.03927882 0.21670528]
 [0.53265    0.44568434 0.02166565]
 [0.6660888  0.02734723 0.30656394]
 [0.5039718  0.49304152 0.00298666]
 [0.03315482 0.13437709 0.8324681 ]]
probabilities: [[0.7510419  0.15599847 0.09295967]
 [0.520413   0.06607942 0.41350758]
 [0.43845636 0.53332525 0.02821835]
 [0.01090712 0.5012598  0.48783305]
 [0.34534043 0.2627844  0.3918752 ]]
probabilities: [[0. 0. 1.]
 [0. 1. 0.]
 [0. 0. 1.]
 [0. 0. 1.]
 [0. 0. 1.]]
probabilities: [[0.18512739 0.19028911 0.6245835 ]
 [0.04836296 0.03362705 0.91801   ]
 [0.0078625  0.14839193 0.8437456 ]
 [0.35996437 0.5142146  0.12582104]
 [0.14523552 0.45575005 0.3990144 ]]
probabilities: [[0.40913185 0.02175134 0.56911683]
 [0.08442219 0.5379666  0.3776112 ]
 [0.12703198 0.82172364 0.05124438]
 [0.4911345  0.42218122 0.08668429]
 [0.07124963 0.4651483  0.46360204]]
probabilities: [[0.5720263  0.41594103 0.01203265]
 [0.49994224 0.41732857 0.08272918]
 [0.17196177 0.59575856 0.23227967]
 [0.1268279  0.3145691  0.55860305]
 [0.41246727 0.39861205 0.18892068]]
probabilities: [[0. 0. 1.]
 [0. 1. 0.]
 [0. 0. 1.]
 [0. 0. 1.]
 [0. 0. 1.]]
probabilities: [[0.4968702  0.18213849 0.3209913 ]
 [0.3807478  0.5459593  0.0732929 ]
 [0.05851073 0.26983735 0.6716519 ]
 [0.07806249 0.17896114 0.74297637]
 [0.31501606 0.5179009  0.16708305]]
probabilities: [[0.34185565 0.5443392  0.1138052 ]
 [0.6702565  0.05180766 0.27793586]
 [0.26778957 0.7244449  0.00776552]
 [0.4413867  0.04679405 0.51181924]
 [0.20579876 0.4913722  0.30282906]]
probabilities: [[0.03090559 0.55389327 0.41520116]
 [0.5492751  0.38306874 0.06765618]
 [0.02033151 0.8359586  0.14370988]
 [0.37761247 0.17850274 0.4438848 ]
 [0.5446331  0.14763126 0.30773565]]
probabilities: [[1. 0. 0.]
 [1. 0. 0.]
 [1. 0. 0.]
 [1. 0. 0.]
 [1. 0. 0.]]
probabilities: [[0.12776951 0.3819047  0.49032578]
 [0.13340802 0.69891995 0.16767201]
 [0.65428585 0.24573302 0.09998111]
 [0.6051942  0.16815262 0.22665316]
 [0.32322586 0.26471904 0.4120551 ]]
probabilities: [[0.33029187 0.20035847 0.46934965]
 [0.19111502 0.013597   0.79528797]
 [0.6830063  0.01431393 0.30267978]
 [0.6566497  0.18048516 0.1628651 ]
 [0.23311225 0.29172143 0.47516632]]
probabilities: [[0.48165783 0.28681004 0.23153211]
 [0.05476656 0.6209726  0.32426086]
 [0.06002074 0.86719924 0.07278   ]
 [0.14854527 0.7414931  0.1099616 ]
 [0.8363503  0.08179455 0.08185511]]
probabilities: [[1. 0. 0.]
 [1. 0. 0.]
 [1. 0. 0.]
 [1. 0. 0.]
 [1. 0. 0.]]
probabilities: [[0.4348796  0.3994396  0.16568078]
 [0.21382262 0.7229717  0.06320567]
 [0.35466015 0.24715629 0.39818355]
 [0.13451315 0.6477745  0.21771233]
 [0.21381934 0.41151538 0.37466526]]
probabilities: [[0.58978426 0.28969976 0.12051596]
 [0.01078402 0.2710772  0.7181388 ]
 [0.34249055 0.6156445  0.04186497]
 [0.21446602 0.55500966 0.23052433]
 [0.16972813 0.35823497 0.4720369 ]]
probabilities: [[0.41835552 0.01564012 0.56600434]
 [0.13165908 0.5126791  0.35566184]
 [0.4945093  0.29392257 0.21156813]
 [0.35841957 0.6060494  0.03553104]
 [0.2762291  0.66767937 0.05609148]]
probabilities: [[0. 0. 1.]
 [0. 1. 0.]
 [0. 0. 1.]
 [0. 0. 1.]
 [0. 0. 1.]]
probabilities: [[0.43039474 0.3482714  0.22133386]
 [0.09195475 0.2677331  0.64031214]
 [0.564348   0.27168614 0.16396587]
 [0.09277363 0.35843548 0.5487909 ]
 [0.09516527 0.0837047  0.82113004]]
probabilities: [[0.4817017  0.35001662 0.16828167]
 [0.09525168 0.75484455 0.14990377]
 [0.3349586  0.25260374 0.41243765]
 [0.4464543  0.34510693 0.20843877]
 [0.96357745 0.00600745 0.0304151 ]]
probabilities: [[0.25263575 0.08699382 0.6603704 ]
 [0.2304708  0.67317927 0.09634991]
 [0.48718226 0.32905346 0.1837643 ]
 [0.29390278 0.6951976  0.01089965]
 [0.38906345 0.51827693 0.09265961]]
probabilities: [[0. 0. 1.]
 [0. 1. 0.]
 [0. 1. 0.]
 [0. 0. 1.]
 [0. 0. 1.]]
probabilities: [[0.62550926 0.3308588  0.04363191]
 [0.33204126 0.13849846 0.5294603 ]
 [0.20279537 0.3619849  0.4352197 ]
 [0.6675357  0.09060472 0.24185956]
 [0.6880162  0.0260449  0.28593892]]
probabilities: [[0.08476893 0.3650853  0.5501458 ]
 [0.017982   0.18060362 0.8014144 ]
 [0.28386515 0.5370161  0.17911875]
 [0.03194148 0.92160654 0.04645197]
 [0.03321448 0.19417131 0.7726142 ]]
probabilities: [[0.34485978 0.15052181 0.5046184 ]
 [0.21172431 0.3436788  0.4445969 ]
 [0.42482024 0.04634409 0.52883565]
 [0.35610825 0.3712643  0.2726274 ]
 [0.1400361  0.8181339  0.04183   ]]
probabilities: [[1. 0. 0.]
 [1. 0. 0.]
 [1. 0. 0.]
 [1. 0. 0.]
 [1. 0. 0.]]
probabilities: [[0.20444034 0.5404706  0.25508904]
 [0.0930186  0.6540323  0.25294912]
 [0.05762148 0.11212856 0.83024997]
 [0.6998145  0.21366681 0.08651872]
 [0.07384221 0.00687069 0.9192871 ]]
probabilities: [[0.4882857  0.13260129 0.37911302]
 [0.34788802 0.30424163 0.34787032]
 [0.55754775 0.13239865 0.31005362]
 [0.4119065  0.41656017 0.17153332]
 [0.2981687  0.30391675 0.3979146 ]]
probabilities: [[0.64154947 0.00140941 0.35704112]
 [0.045948   0.31117147 0.6428805 ]
 [0.05024173 0.4038178  0.54594046]
 [0.11436316 0.27282643 0.61281043]
 [0.3193572  0.13952695 0.5411159 ]]
probabilities: [[1. 0. 0.]
 [1. 0. 0.]
 [1. 0. 0.]
 [1. 0. 0.]
 [1. 0. 0.]]
probabilities: [[7.9504138e-01 1.9846454e-01 6.4940499e-03]
 [9.0055943e-01 5.6477606e-02 4.2962991e-02]
 [3.0213544e-01 6.5765625e-01 4.0208332e-02]
 [6.9765136e-02 7.8487587e-01 1.4535896e-01]
 [9.3255687e-01 6.7383260e-02 5.9884827e-05]]
probabilities: [[0.6313884  0.18765508 0.18095651]
 [0.42047814 0.40699565 0.17252621]
 [0.28499728 0.17983711 0.5351656 ]
 [0.259707   0.10347103 0.636822  ]
 [0.06320018 0.29301545 0.6437844 ]]
probabilities: [[0.69304985 0.19665284 0.11029729]
 [0.00782424 0.24649784 0.7456779 ]
 [0.03675514 0.05790405 0.9053408 ]
 [0.34236142 0.50057554 0.15706302]
 [0.06861793 0.3520353  0.5793468 ]]
probabilities: [[0. 1. 0.]
 [0. 1. 0.]
 [0. 1. 0.]
 [0. 1. 0.]
 [0. 1. 0.]]
probabilities: [[0.21372378 0.41384012 0.3724361 ]
 [0.15566005 0.4891209  0.35521907]
 [0.8118554  0.07821486 0.10992976]
 [0.5638969  0.38836044 0.04774265]
 [0.07966951 0.80602473 0.11430574]]
probabilities: [[0.39860684 0.5243157  0.07707741]
 [0.13963544 0.8542689  0.00609567]
 [0.5568855  0.06101057 0.38210395]
 [0.2193778  0.6979538  0.08266837]
 [0.77956766 0.18153413 0.03889819]]
probabilities: [[0.1030857  0.36177218 0.5351421 ]
 [0.08570821 0.89042014 0.02387164]
 [0.8669384  0.03497176 0.09808981]
 [0.40058833 0.210514   0.38889766]
 [0.15840118 0.5928458  0.24875306]]
probabilities: [[0. 0. 1.]
 [0. 1. 0.]
 [0. 0. 1.]
 [0. 0. 1.]
 [0. 0. 1.]]
probabilities: [[0.16861953 0.80105674 0.03032373]
 [0.8058002  0.01371275 0.18048705]
 [0.5138974  0.22169897 0.2644036 ]
 [0.32943526 0.5463788  0.12418595]
 [0.26518798 0.09816388 0.6366481 ]]
probabilities: [[0.15575191 0.45448685 0.38976124]
 [0.6447478  0.02982112 0.3254311 ]
 [0.2338533  0.58551675 0.18062994]
 [0.40123656 0.56208503 0.0366784 ]
 [0.07570862 0.7479609  0.17633048]]
probabilities: [[0.7266696  0.09135539 0.18197502]
 [0.5301086  0.46242332 0.00746807]
 [0.35174587 0.6137579  0.03449624]
 [0.40379345 0.47235817 0.12384836]
 [0.45656553 0.27607486 0.2673596 ]]
probabilities: [[0. 0. 1.]
 [0. 1. 0.]
 [0. 0. 1.]
 [0. 0. 1.]
 [0. 0. 1.]]
probabilities: [[0.39975634 0.22038583 0.3798578 ]
 [0.35568196 0.44522074 0.1990973 ]
 [0.268216   0.1921106  0.5396734 ]
 [0.5784792  0.39801517 0.02350567]
 [0.07569266 0.17313245 0.75117487]]
probabilities: [[0.44460207 0.46449295 0.090905  ]
 [0.2853009  0.4400554  0.2746437 ]
 [0.62995285 0.21242751 0.15761967]
 [0.11801028 0.86170816 0.02028156]
 [0.20476374 0.5390307  0.2562056 ]]
probabilities: [[0.47987682 0.08588706 0.4342361 ]
 [0.60777885 0.16972767 0.22249347]
 [0.3523862  0.41080773 0.23680606]
 [0.8735146  0.12045661 0.00602878]
 [0.02090518 0.46859246 0.51050234]]
probabilities: [[0. 0. 1.]
 [0. 1. 0.]
 [0. 1. 0.]
 [0. 0. 1.]
 [0. 0. 1.]]
probabilities: [[0.04087921 0.8929488  0.06617197]
 [0.15594651 0.7278352  0.11621834]
 [0.21077144 0.11672073 0.6725078 ]
 [0.16172713 0.49792653 0.34034634]
 [0.18628639 0.3518623  0.46185133]]
probabilities: [[0.2876208  0.35552678 0.3568524 ]
 [0.01181226 0.60306644 0.38512132]
 [0.32460535 0.5134583  0.16193634]
 [0.33314246 0.10916021 0.55769736]
 [0.43592703 0.3906247  0.17344825]]
probabilities: [[0.46705568 0.21323013 0.3197142 ]
 [0.05996304 0.04430645 0.8957305 ]
 [0.76053435 0.00711102 0.23235466]
 [0.14816502 0.56697184 0.28486314]
 [0.34819457 0.06259334 0.5892121 ]]
probabilities: [[0. 0. 1.]
 [0. 1. 0.]
 [0. 1. 0.]
 [0. 0. 1.]
 [0. 0. 1.]]
probabilities: [[0.90853393 0.00985745 0.08160859]
 [0.07988984 0.6484833  0.2716269 ]
 [0.0284213  0.10000447 0.8715742 ]
 [0.93039304 0.03522719 0.03437977]
 [0.20451683 0.53458256 0.26090062]]
probabilities: [[0.44270214 0.20240504 0.35489282]
 [0.02319054 0.48165002 0.49515942]
 [0.21799628 0.62296265 0.15904108]
 [0.43555    0.14752363 0.41692638]
 [0.02028974 0.6355811  0.34412917]]
probabilities: [[0.14930712 0.28903225 0.56166065]
 [0.1713255  0.49078977 0.33788472]
 [0.69762737 0.20248611 0.09988652]
 [0.7348246  0.18419673 0.08097871]
 [0.00473814 0.87361664 0.1216452 ]]
probabilities: [[1. 0. 0.]
 [1. 0. 0.]
 [1. 0. 0.]
 [1. 0. 0.]
 [1. 0. 0.]]
probabilities: [[0.4237458  0.5054172  0.07083695]
 [0.7566734  0.2202243  0.02310227]
 [0.6508856  0.09779468 0.25131974]
 [0.745031   0.08261351 0.1723555 ]
 [0.5603247  0.28157657 0.1580987 ]]
probabilities: [[3.2525367e-01 5.3051180e-01 1.4423451e-01]
 [6.4850891e-01 1.6745301e-02 3.3474579e-01]
 [5.3411484e-01 8.4136824e-05 4.6580106e-01]
 [3.6475202e-01 2.9916387e-02 6.0533160e-01]
 [9.2950851e-01 5.1496793e-02 1.8994687e-02]]
probabilities: [[0.04510425 0.3796503  0.57524544]
 [0.40495965 0.50417674 0.09086359]
 [0.2648636  0.55500025 0.18013616]
 [0.6750234  0.05931905 0.26565757]
 [0.38396567 0.24662204 0.3694123 ]]
probabilities: [[0. 0. 1.]
 [0. 1. 0.]
 [0. 1. 0.]
 [0. 0. 1.]
 [0. 0. 1.]]
probabilities: [[0.78482896 0.10051835 0.1146527 ]
 [0.25529462 0.31779355 0.42691183]
 [0.4510692  0.34952435 0.19940643]
 [0.17430516 0.42709616 0.39859867]
 [0.9732834  0.0022649  0.0244517 ]]
probabilities: [[0.5935238  0.25111008 0.15536614]
 [0.6984066  0.16447043 0.137123  ]
 [0.06272009 0.5039551  0.4333248 ]
 [0.22414541 0.48447582 0.29137874]
 [0.23755479 0.6096551  0.15279014]]
probabilities: [[0.31397054 0.5854424  0.10058702]
 [0.05780492 0.02189124 0.9203038 ]
 [0.61778176 0.33314577 0.04907246]
 [0.91660225 0.06730505 0.01609268]
 [0.10128841 0.78838724 0.11032438]]
probabilities: [[1. 0. 0.]
 [1. 0. 0.]
 [1. 0. 0.]
 [1. 0. 0.]
 [1. 0. 0.]]
probabilities: [[0.11088188 0.61486506 0.27425304]
 [0.45772907 0.45579967 0.08647125]
 [0.19361162 0.2817905  0.5245979 ]
 [0.03639387 0.79244906 0.17115705]
 [0.086454   0.54885125 0.36469477]]
probabilities: [[0.30202165 0.25133026 0.4466481 ]
 [0.85204756 0.10861742 0.03933503]
 [0.7717451  0.17536281 0.05289211]
 [0.5905538  0.31070274 0.09874345]
 [0.21674076 0.16767816 0.6155811 ]]
probabilities: [[0.05648321 0.424291   0.5192258 ]
 [0.0070156  0.6742612  0.3187232 ]
 [0.40087876 0.13122211 0.4678991 ]
 [0.13227876 0.6369958  0.23072544]
 [0.25338337 0.56117374 0.18544288]]
probabilities: [[1. 0. 0.]
 [1. 0. 0.]
 [1. 0. 0.]
 [1. 0. 0.]
 [1. 0. 0.]]
probabilities: [[0.40321004 0.4242169  0.17257304]
 [0.3890392  0.16099721 0.44996357]
 [0.04257802 0.16487642 0.79254556]
 [0.38787973 0.44094387 0.17117639]
 [0.14037772 0.63553303 0.22408928]]
probabilities: [[0.30667722 0.4039437  0.2893791 ]
 [0.6926053  0.3058271  0.00156759]
 [0.4525556  0.24712798 0.30031642]
 [0.12987027 0.4292898  0.44083992]
 [0.41079456 0.15767133 0.4315341 ]]
probabilities: [[0.06297383 0.3071707  0.6298555 ]
 [0.418497   0.13320352 0.4482995 ]
 [0.47417018 0.18050809 0.3453217 ]
 [0.22779115 0.516121   0.2560879 ]
 [0.55629075 0.17792152 0.26578772]]
probabilities: [[0. 0. 1.]
 [0. 1. 0.]
 [0. 0. 1.]
 [0. 0. 1.]
 [0. 0. 1.]]
probabilities: [[8.6933922e-04 8.1249796e-02 9.1788089e-01]
 [4.3463251e-01 1.2323702e-02 5.5304378e-01]
 [9.4344780e-02 2.5731978e-01 6.4833546e-01]
 [5.0067598e-01 2.4689999e-01 2.5242403e-01]
 [6.1728448e-01 5.3339805e-02 3.2937571e-01]]
probabilities: [[0.488439   0.2126726  0.2988884 ]
 [0.40347877 0.27926508 0.31725615]
 [0.59036475 0.3197062  0.08992907]
 [0.65675926 0.02718626 0.3160545 ]
 [0.1778231  0.45443702 0.3677399 ]]
probabilities: [[0.90025955 0.09168035 0.00806009]
 [0.10662971 0.88800037 0.0053699 ]
 [0.08318397 0.19938369 0.7174323 ]
 [0.16354227 0.74921453 0.08724319]
 [0.6772927  0.2643497  0.05835759]]
probabilities: [[0. 0. 1.]
 [0. 1. 0.]
 [0. 0. 1.]
 [0. 0. 1.]
 [0. 0. 1.]]
probabilities: [[0.85730684 0.08440839 0.05828477]
 [0.625983   0.08459652 0.2894205 ]
 [0.32756367 0.43799883 0.2344375 ]
 [0.62687033 0.25758994 0.11553972]
 [0.3175352  0.09272462 0.58974016]]
probabilities: [[0.22739455 0.15718593 0.6154195 ]
 [0.20348988 0.42446423 0.37204587]
 [0.47678745 0.42707062 0.09614193]
 [0.17032568 0.79228586 0.03738846]
 [0.2039524  0.31504986 0.48099774]]
probabilities: [[0.08060201 0.49651733 0.42288065]
 [0.40068388 0.13242936 0.46688673]
 [0.3462865  0.48247144 0.17124207]
 [0.3433836  0.21121538 0.44540104]
 [0.3606622  0.5772831  0.06205474]]
probabilities: [[1. 0. 0.]
 [1. 0. 0.]
 [1. 0. 0.]
 [1. 0. 0.]
 [1. 0. 0.]]
probabilities: [[0.12693883 0.5299702  0.34309092]
 [0.20363703 0.6173021  0.17906083]
 [0.12406403 0.22692934 0.6490066 ]
 [0.13575679 0.6516116  0.2126316 ]
 [0.01704209 0.58606404 0.39689386]]
probabilities: [[0.11764336 0.29863477 0.5837219 ]
 [0.58066547 0.16424195 0.25509256]
 [0.11816484 0.81364435 0.06819084]
 [0.2251332  0.5097244  0.26514244]
 [0.45798957 0.4205041  0.12150634]]
probabilities: [[0.20262009 0.45840994 0.33896998]
 [0.8671215  0.1301753  0.00270319]
 [0.5168584  0.25493985 0.22820176]
 [0.12633424 0.818205   0.05546077]
 [0.05540594 0.7049352  0.23965883]]
probabilities: [[0. 0. 1.]
 [0. 1. 0.]
 [0. 1. 0.]
 [0. 0. 1.]
 [0. 0. 1.]]
probabilities: [[0.46181113 0.19624802 0.34194085]
 [0.63511556 0.30410337 0.06078106]
 [0.04542471 0.03905473 0.91552055]
 [0.6040793  0.18705352 0.2088672 ]
 [0.15106091 0.40962365 0.43931544]]
probabilities: [[0.59259087 0.25227338 0.15513578]
 [0.6207453  0.09356456 0.28569016]
 [0.01450534 0.7167383  0.2687564 ]
 [0.68169606 0.29134434 0.02695957]
 [0.31621978 0.5072153  0.17656492]]
probabilities: [[0.30055264 0.52306676 0.17638062]
 [0.1186478  0.8574327  0.02391945]
 [0.27616924 0.14719406 0.5766367 ]
 [0.21280411 0.7027078  0.08448807]
 [0.1495979  0.8437419  0.00666021]]
probabilities: [[0. 0. 1.]
 [0. 1. 0.]
 [0. 0. 1.]
 [0. 0. 1.]
 [0. 0. 1.]]
probabilities: [[0.65881217 0.00107134 0.3401165 ]
 [0.3700449  0.47810036 0.15185475]
 [0.04675437 0.8977943  0.0554513 ]
 [0.03178057 0.41627535 0.5519441 ]
 [0.8676151  0.1110348  0.02135007]]
probabilities: [[0.03963614 0.8479666  0.11239722]
 [0.09086457 0.8085904  0.100545  ]
 [0.72890806 0.07088294 0.20020899]
 [0.09880099 0.46528366 0.43591535]
 [0.35441703 0.6197906  0.0257924 ]]
probabilities: [[0.23881954 0.16115408 0.60002637]
 [0.7219405  0.08847646 0.189583  ]
 [0.24666946 0.35532984 0.39800072]
 [0.0549239  0.44163048 0.5034456 ]
 [0.00890681 0.74022776 0.25086546]]
probabilities: [[0. 0. 1.]
 [0. 1. 0.]
 [0. 1. 0.]
 [0. 0. 1.]
 [0. 0. 1.]]
probabilities: [[0.58829105 0.25170875 0.1600002 ]
 [0.38939556 0.27352    0.33708444]
 [0.53851634 0.12463295 0.3368507 ]
 [0.47323155 0.45091346 0.07585496]
 [0.34207013 0.29669067 0.36123922]]
probabilities: [[0.2343091  0.13848433 0.62720656]
 [0.02875281 0.4489722  0.522275  ]
 [0.5794596  0.33451006 0.08603037]
 [0.16911165 0.6818935  0.14899483]
 [0.1995563  0.43284884 0.36759484]]
probabilities: [[0.37602282 0.49111944 0.13285774]
 [0.19707817 0.47466692 0.3282549 ]
 [0.08586164 0.90766907 0.00646927]
 [0.19837226 0.6674623  0.13416545]
 [0.35880387 0.55816054 0.0830356 ]]
probabilities: [[0. 1. 0.]
 [0. 1. 0.]
 [0. 1. 0.]
 [0. 1. 0.]
 [0. 1. 0.]]
probabilities: [[0.731157   0.2384253  0.0304177 ]
 [0.26677185 0.07630312 0.656925  ]
 [0.1606867  0.4421722  0.39714113]
 [0.00887689 0.24423203 0.7468911 ]
 [0.43669888 0.11861674 0.44468436]]
probabilities: [[0.7554452  0.05123227 0.19332255]
 [0.5630335  0.37102693 0.06593954]
 [0.29334107 0.56876564 0.13789327]
 [0.3244296  0.46827182 0.20729858]
 [0.47372967 0.47809342 0.04817691]]
probabilities: [[0.43118957 0.02089293 0.5479175 ]
 [0.5514591  0.36690152 0.08163945]
 [0.6230107  0.33000654 0.04698275]
 [0.66694707 0.17895065 0.1541023 ]
 [0.13120784 0.2582562  0.610536  ]]
probabilities: [[0. 0. 1.]
 [0. 1. 0.]
 [0. 1. 0.]
 [0. 0. 1.]
 [0. 0. 1.]]
probabilities: [[0.18779297 0.2486473  0.5635597 ]
 [0.2002258  0.04872681 0.7510474 ]
 [0.10905631 0.5370364  0.35390726]
 [0.06088966 0.25361925 0.6854911 ]
 [0.64274323 0.02421066 0.3330461 ]]
probabilities: [[0.8360541  0.05135963 0.11258627]
 [0.69445163 0.0630425  0.2425059 ]
 [0.23294671 0.72855014 0.03850313]
 [0.755517   0.2090575  0.0354255 ]
 [0.6382294  0.13428392 0.22748666]]
probabilities: [[0.12882647 0.04211364 0.8290599 ]
 [0.14054729 0.06828191 0.7911708 ]
 [0.00867345 0.9570877  0.03423884]
 [0.06551592 0.88541317 0.04907089]
 [0.4876708  0.16934028 0.3429889 ]]
probabilities: [[0. 0. 1.]
 [0. 1. 0.]
 [0. 0. 1.]
 [0. 0. 1.]
 [0. 0. 1.]]
probabilities: [[0.5789178  0.1986935  0.22238868]
 [0.3431734  0.11530517 0.54152143]
 [0.69536424 0.08303525 0.22160053]
 [0.18903132 0.45871603 0.35225266]
 [0.33153647 0.335375   0.33308852]]
probabilities: [[0.71304584 0.24395248 0.0430017 ]
 [0.02515033 0.15774874 0.81710094]
 [0.56505233 0.38126922 0.05367846]
 [0.4374543  0.3463589  0.21618679]
 [0.1497146  0.76430243 0.08598297]]
probabilities: [[0.80442065 0.10102178 0.09455756]
 [0.65772873 0.23659402 0.10567722]
 [0.22909382 0.3685366  0.4023696 ]
 [0.02520649 0.29643166 0.6783619 ]
 [0.6117582  0.22899806 0.15924376]]
probabilities: [[0. 0. 1.]
 [0. 1. 0.]
 [0. 0. 1.]
 [0. 0. 1.]
 [0. 0. 1.]]
probabilities: [[0.49788955 0.35746777 0.14464267]
 [0.3623916  0.60733026 0.03027815]
 [0.1412279  0.18309551 0.6756766 ]
 [0.5472075  0.15315513 0.29963738]
 [0.10091776 0.50278485 0.3962974 ]]
probabilities: [[0.10018041 0.667644   0.23217559]
 [0.01025415 0.53286576 0.4568801 ]
 [0.13495421 0.17206626 0.6929795 ]
 [0.46397442 0.47461757 0.06140802]
 [0.45814335 0.37903836 0.16281828]]
probabilities: [[0.07138841 0.3813074  0.5473042 ]
 [0.4896024  0.33694616 0.17345144]
 [0.6458118  0.13622472 0.21796349]
 [0.49564555 0.23388322 0.27047122]
 [0.47204807 0.36741686 0.16053508]]
probabilities: [[1. 0. 0.]
 [1. 0. 0.]
 [1. 0. 0.]
 [1. 0. 0.]
 [1. 0. 0.]]
probabilities: [[0.03409725 0.08731823 0.8785845 ]
 [0.3774768  0.5265442  0.09597894]
 [0.5379611  0.4483017  0.01373716]
 [0.69377136 0.19221574 0.11401291]
 [0.32430995 0.5870644  0.08862569]]
probabilities: [[0.3639004  0.3362212  0.29987842]
 [0.1695436  0.69489974 0.1355567 ]
 [0.08493871 0.00154198 0.9135193 ]
 [0.26447824 0.23253004 0.50299174]
 [0.08034409 0.7308475  0.18880843]]
probabilities: [[0.6650667  0.30469847 0.03023483]
 [0.35063586 0.08813002 0.5612341 ]
 [0.66541725 0.17130658 0.16327614]
 [0.8525505  0.02110406 0.1263454 ]
 [0.06492351 0.49113837 0.4439381 ]]
probabilities: [[0. 0. 1.]
 [0. 1. 0.]
 [0. 1. 0.]
 [0. 0. 1.]
 [0. 0. 1.]]
probabilities: [[0.2833404  0.2421546  0.474505  ]
 [0.6231302  0.07400924 0.30286053]
 [0.1730578  0.10192978 0.7250124 ]
 [0.5298235  0.02345483 0.4467217 ]
 [0.38700977 0.18446359 0.42852664]]
probabilities: [[0.218293   0.68439317 0.09731384]
 [0.12725879 0.6041872  0.268554  ]
 [0.22489238 0.40830463 0.366803  ]
 [0.02617474 0.5892693  0.38455597]
 [0.49194613 0.14020988 0.367844  ]]
probabilities: [[0.5267748  0.15127479 0.3219504 ]
 [0.5168974  0.21468951 0.2684131 ]
 [0.4332696  0.10724543 0.45948496]
 [0.1356126  0.5484427  0.31594467]
 [0.2600089  0.5718741  0.16811705]]
probabilities: [[1. 0. 0.]
 [1. 0. 0.]
 [1. 0. 0.]
 [1. 0. 0.]
 [1. 0. 0.]]
probabilities: [[0.26201493 0.09545244 0.64253265]
 [0.22697677 0.09378051 0.67924273]
 [0.02506375 0.19852766 0.7764086 ]
 [0.27597603 0.6611966  0.06282739]
 [0.11425023 0.2000518  0.685698  ]]
probabilities: [[3.3803934e-01 2.8030172e-01 3.8165897e-01]
 [2.5800523e-01 1.1216981e-04 7.4188262e-01]
 [1.7273410e-01 4.5169175e-01 3.7557414e-01]
 [3.9736643e-02 3.0578753e-01 6.5447581e-01]
 [6.9074970e-01 4.3496959e-02 2.6575336e-01]]
probabilities: [[0.06995396 0.90767276 0.02237326]
 [0.18603788 0.03379059 0.7801715 ]
 [0.13253799 0.21902843 0.64843357]
 [0.56665105 0.2731091  0.16023985]
 [0.03071732 0.16294895 0.8063337 ]]
probabilities: [[1. 0. 0.]
 [1. 0. 0.]
 [1. 0. 0.]
 [1. 0. 0.]
 [1. 0. 0.]]
probabilities: [[0.05312239 0.21923828 0.7276393 ]
 [0.50681734 0.01888387 0.4742988 ]
 [0.19182219 0.49188364 0.31629416]
 [0.05377975 0.82623756 0.1199827 ]
 [0.01926261 0.06704219 0.9136952 ]]
probabilities: [[0.60968477 0.24154183 0.1487734 ]
 [0.3059006  0.27321315 0.42088628]
 [0.2850723  0.17316505 0.54176265]
 [0.18091288 0.71110475 0.10798234]
 [0.19467574 0.74710095 0.05822333]]
probabilities: [[0.06549741 0.42452258 0.50998   ]
 [0.1412343  0.65737927 0.20138645]
 [0.05312081 0.827686   0.11919318]
 [0.13150288 0.31243214 0.55606496]
 [0.23006786 0.5756809  0.19425121]]
probabilities: [[0. 1. 0.]
 [0. 1. 0.]
 [0. 1. 0.]
 [0. 1. 0.]
 [0. 1. 0.]]
probabilities: [[0.26551887 0.12602775 0.6084534 ]
 [0.9640555  0.02413896 0.01180558]
 [0.321845   0.39602408 0.28213093]
 [0.74084276 0.09411511 0.16504216]
 [0.10265431 0.61240804 0.28493765]]
probabilities: [[0.05140347 0.89058787 0.05800869]
 [0.2633479  0.34783676 0.38881534]
 [0.23513462 0.6703397  0.09452569]
 [0.6141138  0.21051063 0.17537555]
 [0.61382616 0.04215994 0.34401393]]
probabilities: [[0.22984071 0.48819804 0.28196123]
 [0.3723747  0.6185107  0.00911456]
 [0.11998269 0.22643718 0.6535801 ]
 [0.10900695 0.7524811  0.13851194]
 [0.30609715 0.04269154 0.6512113 ]]
probabilities: [[0. 1. 0.]
 [0. 1. 0.]
 [0. 1. 0.]
 [0. 1. 0.]
 [0. 1. 0.]]
probabilities: [[0.47577977 0.4518047  0.07241554]
 [0.4411922  0.06915747 0.48965034]
 [0.89771223 0.07360359 0.0286842 ]
 [0.28622413 0.49776977 0.21600609]
 [0.09810744 0.3919706  0.50992197]]
probabilities: [[0.06643744 0.20482022 0.72874236]
 [0.5217483  0.04798651 0.43026516]
 [0.87324005 0.01705388 0.1097061 ]
 [0.05303142 0.76918066 0.17778791]
 [0.07839562 0.33427685 0.58732754]]
probabilities: [[0.34502926 0.16775835 0.4872124 ]
 [0.2315874  0.05924682 0.7091658 ]
 [0.25317895 0.5511504  0.19567063]
 [0.41856515 0.40908533 0.17234951]
 [0.19165243 0.48027596 0.3280716 ]]
probabilities: [[0. 0. 1.]
 [0. 1. 0.]
 [0. 0. 1.]
 [0. 0. 1.]
 [0. 0. 1.]]
probabilities: [[0.560337   0.10777912 0.33188388]
 [0.00746774 0.8035282  0.18900406]
 [0.1411887  0.05044304 0.80836827]
 [0.3579424  0.32590505 0.31615254]
 [0.09360289 0.16661452 0.7397826 ]]
probabilities: [[0.01222417 0.832107   0.15566882]
 [0.23336995 0.12216694 0.6444631 ]
 [0.7952386  0.18211782 0.02264354]
 [0.30903682 0.55675817 0.13420501]
 [0.17895734 0.6620614  0.15898128]]
probabilities: [[0.33738443 0.24166566 0.4209499 ]
 [0.00408141 0.97149515 0.02442342]
 [0.35736796 0.2011804  0.44145164]
 [0.16872866 0.802068   0.02920331]
 [0.6609179  0.2651586  0.07392355]]
probabilities: [[0. 1. 0.]
 [0. 1. 0.]
 [0. 1. 0.]
 [0. 1. 0.]
 [0. 1. 0.]]
probabilities: [[0.36308035 0.5926018  0.04431788]
 [0.00567553 0.8378286  0.15649593]
 [0.268266   0.42979956 0.30193442]
 [0.2707172  0.36017197 0.36911082]
 [0.29439938 0.12841657 0.5771841 ]]
probabilities: [[0.8623178  0.00277949 0.13490269]
 [0.15121634 0.6610851  0.18769851]
 [0.6180435  0.23639224 0.14556424]
 [0.36306056 0.06903763 0.5679018 ]
 [0.20044982 0.65324247 0.14630768]]
probabilities: [[0.5027342  0.07180639 0.42545944]
 [0.33288082 0.5999341  0.0671851 ]
 [0.5184357  0.33918414 0.14238018]
 [0.1362318  0.21698804 0.64678013]
 [0.07617016 0.7848485  0.13898134]]
probabilities: [[1. 0. 0.]
 [1. 0. 0.]
 [1. 0. 0.]
 [1. 0. 0.]
 [1. 0. 0.]]
probabilities: [[0.5464317  0.29710385 0.15646444]
 [0.15150626 0.65141255 0.1970812 ]
 [0.03054818 0.7595879  0.20986392]
 [0.1736536  0.4503199  0.3760265 ]
 [0.04704285 0.13653737 0.8164198 ]]
probabilities: [[0.4230081  0.01300882 0.5639831 ]
 [0.46296743 0.05544112 0.48159146]
 [0.41391838 0.37522787 0.21085374]
 [0.25510347 0.6609475  0.08394903]
 [0.09100182 0.4858613  0.4231369 ]]
probabilities: [[0.21715929 0.72067857 0.06216215]
 [0.5524376  0.4155109  0.0320515 ]
 [0.3601174  0.5880411  0.05184146]
 [0.35409543 0.44966817 0.19623642]
 [0.76892084 0.04902951 0.18204963]]
probabilities: [[0. 0. 1.]
 [0. 1. 0.]
 [0. 0. 1.]
 [0. 0. 1.]
 [0. 0. 1.]]
probabilities: [[0.7217802  0.02061881 0.25760102]
 [0.30188012 0.48814863 0.20997126]
 [0.23398077 0.5042153  0.26180393]
 [0.08665584 0.22089519 0.692449  ]
 [0.5957408  0.34638062 0.05787858]]
probabilities: [[0.03204925 0.36040115 0.6075496 ]
 [0.49701235 0.09119079 0.41179687]
 [0.14833541 0.15380692 0.6978577 ]
 [0.4233744  0.46380386 0.11282173]
 [0.4279579  0.43369073 0.13835138]]
probabilities: [[0.1527064  0.20848055 0.6388131 ]
 [0.32480392 0.2665079  0.4086882 ]
 [0.9124343  0.01697458 0.07059114]
 [0.42603678 0.09016575 0.48379746]
 [0.69358265 0.21399939 0.09241796]]
probabilities: [[1. 0. 0.]
 [1. 0. 0.]
 [1. 0. 0.]
 [1. 0. 0.]
 [1. 0. 0.]]
probabilities: [[0.44482514 0.05836882 0.49680606]
 [0.44735375 0.2500863  0.30255994]
 [0.6910321  0.00223894 0.30672893]
 [0.27298477 0.7261505  0.00086472]
 [0.83537275 0.06626429 0.09836295]]
probabilities: [[0.1977667  0.54650056 0.25573274]
 [0.22240682 0.11117557 0.6664176 ]
 [0.19468036 0.58191246 0.22340718]
 [0.5475033  0.11117581 0.34132087]
 [0.65016353 0.14311866 0.20671783]]
probabilities: [[0.06305002 0.04527    0.89168   ]
 [0.36239642 0.5531196  0.084484  ]
 [0.6191577  0.32021308 0.06062924]
 [0.47416228 0.5031625  0.02267521]
 [0.29592237 0.2586909  0.44538674]]
probabilities: [[0. 0. 1.]
 [0. 1. 0.]
 [0. 0. 1.]
 [0. 0. 1.]
 [0. 0. 1.]]
probabilities: [[0.00891332 0.85124844 0.13983823]
 [0.6310642  0.06409903 0.30483675]
 [0.40990213 0.548138   0.04195984]
 [0.19648513 0.22687371 0.57664114]
 [0.26622272 0.6109624  0.12281489]]
probabilities: [[0.02220679 0.8085474  0.16924584]
 [0.1492675  0.7741246  0.07660787]
 [0.35879877 0.5138638  0.12733743]
 [0.06992027 0.871816   0.05826377]
 [0.61521447 0.37577593 0.00900962]]
probabilities: [[0.03131092 0.16138923 0.80729985]
 [0.9408097  0.02594394 0.03324635]
 [0.10832725 0.5610872  0.33058554]
 [0.36384568 0.16243108 0.47372326]
 [0.29585126 0.08555436 0.6185944 ]]
probabilities: [[0. 0. 1.]
 [0. 1. 0.]
 [0. 1. 0.]
 [0. 0. 1.]
 [0. 0. 1.]]
probabilities: [[0.19575866 0.32967746 0.4745639 ]
 [0.53155595 0.19575043 0.2726936 ]
 [0.5749822  0.07012889 0.35488886]
 [0.28589392 0.6279673  0.08613878]
 [0.0138713  0.47738355 0.50874513]]
probabilities: [[0.34661588 0.5083917  0.14499247]
 [0.14932492 0.42740497 0.4232701 ]
 [0.19162168 0.22697335 0.581405  ]
 [0.33623818 0.02934721 0.6344146 ]
 [0.3017881  0.42275476 0.27545714]]
probabilities: [[0.90086424 0.04758865 0.05154711]
 [0.34442762 0.5808086  0.07476377]
 [0.31790474 0.52288085 0.15921438]
 [0.7524903  0.04076828 0.20674142]
 [0.15778671 0.29698592 0.54522735]]
probabilities: [[0. 0. 1.]
 [0. 1. 0.]
 [0. 1. 0.]
 [0. 0. 1.]
 [0. 0. 1.]]
probabilities: [[0.53177506 0.42594665 0.04227828]
 [0.03110899 0.37053373 0.59835726]
 [0.50370485 0.25893155 0.2373636 ]
 [0.46106452 0.41520703 0.12372845]
 [0.6835601  0.11133572 0.2051042 ]]
probabilities: [[0.721671   0.20094319 0.07738581]
 [0.07721064 0.45815012 0.46463922]
 [0.47586602 0.15850776 0.36562622]
 [0.00231249 0.4677719  0.52991563]
 [0.4187283  0.05671616 0.52455556]]
probabilities: [[0.35778242 0.17478672 0.46743086]
 [0.03997788 0.05157378 0.90844834]
 [0.11321425 0.87265545 0.01413028]
 [0.05917086 0.8664348  0.07439434]
 [0.8991403  0.08520922 0.01565045]]
probabilities: [[0. 0. 1.]
 [0. 1. 0.]
 [0. 0. 1.]
 [0. 0. 1.]
 [0. 0. 1.]]
probabilities: [[0.8527868  0.07668687 0.07052637]
 [0.26209685 0.53774315 0.20015998]
 [0.3355583  0.47233573 0.19210598]
 [0.9185468  0.07919937 0.00225385]
 [0.07613415 0.73991954 0.1839463 ]]
probabilities: [[0.22369796 0.545682   0.23062001]
 [0.15127443 0.05871193 0.7900136 ]
 [0.15421611 0.6897909  0.155993  ]
 [0.12427953 0.5002998  0.3754207 ]
 [0.23850593 0.4653709  0.29612318]]
probabilities: [[0.5453732  0.14463887 0.30998793]
 [0.5220972  0.44528988 0.03261292]
 [0.13166252 0.51776224 0.35057524]
 [0.02396703 0.2978602  0.67817277]
 [0.20824762 0.5747669  0.21698551]]
probabilities: [[0. 0. 1.]
 [0. 1. 0.]
 [0. 1. 0.]
 [0. 0. 1.]
 [0. 0. 1.]]
probabilities: [[0.1617006  0.08564756 0.7526518 ]
 [0.510248   0.03902243 0.45072955]
 [0.10211533 0.74163294 0.15625174]
 [0.42068502 0.43379718 0.1455178 ]
 [0.68889666 0.02575269 0.28535062]]
probabilities: [[0.58116186 0.03499764 0.3838405 ]
 [0.9135524  0.00273638 0.08371124]
 [0.5052359  0.45324117 0.04152294]
 [0.31705463 0.6329033  0.05004206]
 [0.16374287 0.7087639  0.12749323]]
probabilities: [[0.27035263 0.55393946 0.17570794]
 [0.21716365 0.36772966 0.41510668]
 [0.9514634  0.00530316 0.04323342]
 [0.2155403  0.37629616 0.40816355]
 [0.38271937 0.03051336 0.58676726]]
probabilities: [[0. 0. 1.]
 [0. 1. 0.]
 [0. 1. 0.]
 [0. 0. 1.]
 [0. 0. 1.]]
probabilities: [[0.22561976 0.20696718 0.5674131 ]
 [0.08115429 0.7955019  0.1233438 ]
 [0.20846456 0.00709416 0.7844413 ]
 [0.5464964  0.18686461 0.26663902]
 [0.69773287 0.04233026 0.2599369 ]]
probabilities: [[0.07901024 0.842422   0.07856774]
 [0.62854403 0.21136439 0.16009156]
 [0.69595385 0.0291191  0.27492708]
 [0.3299306  0.5681282  0.10194121]
 [0.54408276 0.41329715 0.04262011]]
probabilities: [[0.19316876 0.09626192 0.7105693 ]
 [0.08016219 0.4098092  0.5100286 ]
 [0.08240747 0.07338328 0.84420925]
 [0.15425761 0.4905778  0.3551646 ]
