probabilities: [[0. 0. 1.]
 [0. 1. 0.]
 [0. 0. 1.]
 [0. 0. 1.]
 [0. 0. 1.]]
probabilities: [[0.30324975 0.6104243  0.08632597]
 [0.6429909  0.13689753 0.2201116 ]
 [0.17555901 0.19736338 0.6270776 ]
 [0.6244334  0.02672569 0.3488409 ]
 [0.05449826 0.9078998  0.03760194]]
probabilities: [[0.0231875  0.739951   0.2368615 ]
 [0.77151346 0.20615068 0.02233583]
 [0.22106765 0.228678   0.55025434]
 [0.3768951  0.3290492  0.2940557 ]
 [0.29450628 0.28658208 0.41891164]]
probabilities: [[0.66312486 0.24141778 0.09545733]
 [0.4528085  0.47181597 0.07537553]
 [0.4758301  0.4903633  0.03380659]
 [0.52516687 0.06054842 0.41428474]
 [0.23659033 0.34721234 0.41619736]]
probabilities: [[1. 0. 0.]
 [1. 0. 0.]
 [1. 0. 0.]
 [1. 0. 0.]
 [1. 0. 0.]]
probabilities: [[0.10805616 0.4294302  0.46251366]
 [0.43386152 0.48274553 0.08339297]
 [0.28559977 0.19811706 0.51628315]
 [0.22950077 0.5458101  0.22468911]
 [0.604284   0.07152212 0.3241939 ]]
probabilities: [[0.56359184 0.13917883 0.29722935]
 [0.68663275 0.15699355 0.1563737 ]
 [0.33760616 0.44143137 0.22096246]
 [0.5597409  0.3462833  0.09397583]
 [0.70654356 0.05210871 0.24134775]]
probabilities: [[0.23553947 0.65402734 0.1104332 ]
 [0.16422027 0.37030432 0.4654754 ]
 [0.27135676 0.08378839 0.64485484]
 [0.01429697 0.55632114 0.4293819 ]
 [0.21660575 0.11877619 0.6646181 ]]
probabilities: [[0. 0. 1.]
 [0. 1. 0.]
 [0. 0. 1.]
 [0. 0. 1.]
 [0. 0. 1.]]
probabilities: [[0.22570881 0.34337622 0.430915  ]
 [0.22891714 0.36078253 0.4103003 ]
 [0.0796937  0.4815924  0.4387139 ]
 [0.31151262 0.50641906 0.18206835]
 [0.29506624 0.18350911 0.52142465]]
probabilities: [[0.43948594 0.10214245 0.4583716 ]
 [0.39838445 0.03010648 0.57150906]
 [0.25677258 0.63405615 0.10917126]
 [0.32254568 0.3926273  0.28482705]
 [0.2913837  0.65636605 0.05225023]]
probabilities: [[0.30712044 0.02563784 0.6672417 ]
 [0.07472283 0.15164872 0.7736285 ]
 [0.39082882 0.06112824 0.54804295]
 [0.39016634 0.15955617 0.4502775 ]
 [0.261234   0.6525625  0.08620353]]
probabilities: [[0. 1. 0.]
 [0. 1. 0.]
 [0. 1. 0.]
 [0. 1. 0.]
 [0. 1. 0.]]
probabilities: [[6.7430741e-01 9.6286036e-02 2.2940658e-01]
 [7.4535227e-01 2.2520080e-01 2.9446909e-02]
 [5.9724350e-02 5.0913799e-01 4.3113765e-01]
 [4.1416788e-01 5.4288965e-01 4.2942457e-02]
 [1.0484019e-01 8.9459187e-01 5.6795613e-04]]
probabilities: [[0.25716943 0.16772631 0.57510424]
 [0.13591658 0.6392832  0.22480026]
 [0.20711891 0.06949685 0.72338426]
 [0.38503867 0.00079041 0.6141709 ]
 [0.4117949  0.3497094  0.23849572]]
probabilities: [[0.2322818  0.20961457 0.5581036 ]
 [0.25872448 0.07275296 0.6685226 ]
 [0.26665145 0.44611186 0.2872367 ]
 [0.34962785 0.1098185  0.5405536 ]
 [0.5954659  0.1561139  0.24842021]]
probabilities: [[1. 0. 0.]
 [1. 0. 0.]
 [1. 0. 0.]
 [1. 0. 0.]
 [1. 0. 0.]]
probabilities: [[0.26848668 0.07125676 0.66025656]
 [0.12631348 0.8409674  0.03271912]
 [0.7962942  0.03089494 0.17281082]
 [0.4826377  0.4829758  0.03438649]
 [0.73542446 0.22949551 0.03508002]]
probabilities: [[0.11004615 0.2672983  0.6226555 ]
 [0.569898   0.1713312  0.25877082]
 [0.05431589 0.87984514 0.06583896]
 [0.2415305  0.18552178 0.57294774]
 [0.6282102  0.09962754 0.27216226]]
probabilities: [[0.13250878 0.30717587 0.5603153 ]
 [0.7616836  0.15575927 0.08255716]
 [0.04730606 0.42438418 0.52830976]
 [0.48538977 0.3474621  0.16714814]
 [0.43126613 0.20274608 0.3659878 ]]
probabilities: [[0. 0. 1.]
 [0. 1. 0.]
 [0. 1. 0.]
 [0. 0. 1.]
 [0. 0. 1.]]
probabilities: [[0.38496605 0.10630246 0.5087315 ]
 [0.5262771  0.3211021  0.15262075]
 [0.20602863 0.7886767  0.00529473]
 [0.3925118  0.1045692  0.50291896]
 [0.63451385 0.22094749 0.14453869]]
probabilities: [[0.4440093  0.55260324 0.00338748]
 [0.3682445  0.6040158  0.02773968]
 [0.22679876 0.21014468 0.5630565 ]
 [0.21825966 0.49069607 0.29104424]
 [0.0743885  0.40559033 0.52002114]]
probabilities: [[0.49464634 0.10025559 0.40509808]
 [0.02891181 0.8239447  0.14714348]
 [0.07129201 0.5532097  0.3754983 ]
 [0.23333815 0.58349    0.18317184]
 [0.1034518  0.01247717 0.884071  ]]
probabilities: [[1. 0. 0.]
 [1. 0. 0.]
 [1. 0. 0.]
 [1. 0. 0.]
 [1. 0. 0.]]
probabilities: [[0.31650612 0.2864144  0.39707947]
 [0.68429804 0.28750038 0.02820156]
 [0.6602893  0.14155774 0.19815296]
 [0.3096288  0.13317403 0.55719715]
 [0.02269906 0.73786515 0.23943582]]
probabilities: [[0.5248943  0.2576569  0.21744883]
 [0.26932877 0.29647878 0.43419245]
 [0.6530685  0.20288238 0.14404912]
 [0.7607862  0.2360394  0.00317442]
 [0.26537257 0.48302004 0.2516074 ]]
probabilities: [[0.03850877 0.00276523 0.958726  ]
 [0.38562268 0.45925528 0.15512204]
 [0.22434191 0.25250334 0.52315474]
 [0.03222848 0.61923474 0.3485368 ]
 [0.21263039 0.35601792 0.43135166]]
probabilities: [[1. 0. 0.]
 [1. 0. 0.]
 [1. 0. 0.]
 [1. 0. 0.]
 [1. 0. 0.]]
probabilities: [[0.04606163 0.7321682  0.22177014]
 [0.3218045  0.45243222 0.22576326]
 [0.7570755  0.12245578 0.12046874]
 [0.6433923  0.01491616 0.34169152]
 [0.8619724  0.00829301 0.12973459]]
probabilities: [[0.28046283 0.49796975 0.22156742]
 [0.3863562  0.18816838 0.42547542]
 [0.18339898 0.56040627 0.25619474]
 [0.36144218 0.45822984 0.180328  ]
 [0.20816348 0.04663383 0.74520266]]
probabilities: [[0.7713919  0.21924183 0.00936626]
 [0.11702495 0.04599847 0.8369766 ]
 [0.4267283  0.40412563 0.16914608]
 [0.41132912 0.3400174  0.24865349]
 [0.17906445 0.43546608 0.38546947]]
probabilities: [[1. 0. 0.]
 [1. 0. 0.]
 [1. 0. 0.]
 [1. 0. 0.]
 [1. 0. 0.]]
probabilities: [[0.0979212  0.489457   0.4126218 ]
 [0.19949006 0.42828068 0.37222925]
 [0.40841967 0.42687815 0.16470215]
 [0.37101525 0.26747915 0.3615056 ]
 [0.21618642 0.08712468 0.6966889 ]]
probabilities: [[0.3643789  0.53679883 0.09882228]
 [0.20565857 0.24730742 0.547034  ]
 [0.2407907  0.6330423  0.12616704]
 [0.14223826 0.7625852  0.09517653]
 [0.8102444  0.06039556 0.12936004]]
probabilities: [[0.6777736  0.25629252 0.06593387]
 [0.44758475 0.3262879  0.22612736]
 [0.17660575 0.4707201  0.35267413]
 [0.315638   0.42808884 0.25627315]
 [0.51474845 0.12493926 0.3603123 ]]
probabilities: [[0. 0. 1.]
 [0. 1. 0.]
 [0. 1. 0.]
 [0. 0. 1.]
 [0. 0. 1.]]
probabilities: [[0.40275964 0.20346425 0.39377612]
 [0.26514938 0.6628582  0.07199242]
 [0.01382686 0.9512155  0.03495761]
 [0.35204104 0.53041315 0.11754581]
 [0.4276292  0.51007724 0.06229357]]
probabilities: [[0.5589329  0.21230526 0.22876184]
 [0.39176273 0.1562329  0.45200437]
 [0.46882054 0.02979444 0.50138503]
 [0.41397676 0.32634827 0.25967497]
 [0.64043826 0.1576303  0.20193146]]
probabilities: [[0.351813   0.05346069 0.5947263 ]
 [0.4356097  0.40413302 0.16025728]
 [0.3282587  0.40150544 0.27023587]
 [0.15283023 0.27988917 0.5672806 ]
 [0.72612816 0.10633122 0.1675406 ]]
probabilities: [[0. 0. 1.]
 [0. 1. 0.]
 [0. 1. 0.]
 [0. 0. 1.]
 [0. 0. 1.]]
probabilities: [[0.2929669  0.04492055 0.66211253]
 [0.63269407 0.3242375  0.0430684 ]
 [0.44030675 0.08523113 0.47446212]
 [0.16781794 0.22512439 0.6070577 ]
 [0.00185568 0.06325642 0.9348879 ]]
probabilities: [[0.5768278  0.25265136 0.1705208 ]
 [0.05570658 0.33954483 0.6047486 ]
 [0.39352077 0.57623667 0.03024253]
 [0.26579884 0.63623583 0.09796534]
 [0.60122687 0.27472347 0.12404967]]
probabilities: [[0.48548952 0.4328021  0.08170836]
 [0.04395496 0.91542697 0.04061805]
 [0.16532242 0.02773994 0.80693763]
 [0.56270564 0.32538235 0.11191202]
 [0.0483008  0.4300593  0.5216399 ]]
probabilities: [[0. 0. 1.]
 [0. 1. 0.]
 [0. 1. 0.]
 [0. 0. 1.]
 [0. 0. 1.]]
probabilities: [[0.2878947  0.2940494  0.4180559 ]
 [0.95124954 0.00347614 0.04527432]
 [0.06170558 0.8131133  0.12518112]
 [0.08406869 0.49655312 0.4193782 ]
 [0.20036572 0.05631925 0.74331504]]
probabilities: [[0.11785191 0.4639905  0.41815758]
 [0.38820907 0.3494051  0.26238582]
 [0.24653864 0.2790638  0.47439757]
 [0.46281677 0.29998258 0.23720065]
 [0.94793576 0.04002759 0.01203665]]
probabilities: [[0.16089901 0.10358584 0.7355151 ]
 [0.17790884 0.00774403 0.81434715]
 [0.42326963 0.4600278  0.11670255]
 [0.09383547 0.2574919  0.64867264]
 [0.2865243  0.47665894 0.23681678]]
probabilities: [[0. 0. 1.]
 [0. 1. 0.]
 [0. 0. 1.]
 [0. 0. 1.]
 [0. 0. 1.]]
probabilities: [[0.0765129  0.80257154 0.12091558]
 [0.03386493 0.8839401  0.08219495]
 [0.03336985 0.01850842 0.9481217 ]
 [0.9211219  0.00504797 0.07383011]
 [0.08461632 0.39533377 0.5200499 ]]
probabilities: [[0.05491318 0.02046005 0.92462677]
 [0.03933039 0.4377136  0.522956  ]
 [0.06002695 0.7505254  0.18944764]
 [0.17388889 0.29086736 0.53524375]
 [0.11771011 0.33287534 0.5494145 ]]
probabilities: [[0.57313156 0.15215562 0.27471283]
 [0.26567993 0.40314555 0.3311745 ]
 [0.5366671  0.04751937 0.4158135 ]
 [0.7463798  0.01631824 0.23730196]
 [0.3943455  0.32611468 0.27953982]]
probabilities: [[0. 0. 1.]
 [0. 1. 0.]
 [0. 1. 0.]
 [0. 0. 1.]
 [0. 0. 1.]]
probabilities: [[0.2202488  0.262483   0.5172682 ]
 [0.40126136 0.3349248  0.26381388]
 [0.62251985 0.32504013 0.05244   ]
 [0.5414367  0.3406023  0.11796103]
 [0.17405543 0.46283582 0.36310875]]
probabilities: [[0.8320097  0.05294713 0.11504322]
 [0.01366225 0.14389911 0.84243864]
 [0.55822587 0.22386788 0.21790625]
 [0.05835345 0.2642811  0.6773655 ]
 [0.6780016  0.06219555 0.25980285]]
probabilities: [[0.03116324 0.7631992  0.20563754]
 [0.5644525  0.19665338 0.23889412]
 [0.14166209 0.55075234 0.3075856 ]
 [0.00971796 0.34806815 0.6422139 ]
 [0.06127356 0.48986116 0.44886526]]
probabilities: [[0. 0. 1.]
 [0. 1. 0.]
 [0. 0. 1.]
 [0. 0. 1.]
 [0. 0. 1.]]
probabilities: [[0.24019028 0.70212317 0.05768653]
 [0.19468209 0.64913696 0.15618098]
 [0.31710503 0.12091187 0.5619831 ]
 [0.7028081  0.00863869 0.2885532 ]
 [0.09215423 0.8990938  0.00875195]]
probabilities: [[0.7191999  0.1490796  0.13172051]
 [0.11690507 0.06630532 0.8167896 ]
 [0.27634126 0.16216975 0.561489  ]
 [0.3108955  0.2992166  0.3898879 ]
 [0.199894   0.11803026 0.68207574]]
probabilities: [[0.07410634 0.7066502  0.21924347]
 [0.25526688 0.68151385 0.06321929]
 [0.16217    0.64496064 0.19286935]
 [0.52727866 0.43564174 0.03707958]
 [0.15186852 0.4771453  0.37098616]]
probabilities: [[1. 0. 0.]
 [1. 0. 0.]
 [1. 0. 0.]
 [1. 0. 0.]
 [1. 0. 0.]]
probabilities: [[0.01590817 0.96938545 0.01470638]
 [0.45263445 0.09674788 0.45061767]
 [0.40206414 0.16396189 0.43397397]
 [0.25991392 0.34391287 0.3961732 ]
 [0.40967813 0.46433464 0.12598722]]
probabilities: [[0.2687172  0.57312685 0.15815593]
 [0.26558673 0.28932407 0.4450892 ]
 [0.12510855 0.2739001  0.60099137]
 [0.54869866 0.36930823 0.08199311]
 [0.06784772 0.23726219 0.6948901 ]]
probabilities: [[0.13731448 0.63805693 0.22462858]
 [0.06863376 0.30622876 0.6251375 ]
 [0.2138625  0.73014134 0.05599619]
 [0.2781539  0.5131673  0.20867877]
 [0.67125076 0.14877129 0.17997794]]
probabilities: [[0. 0. 1.]
 [0. 1. 0.]
 [0. 0. 1.]
 [0. 0. 1.]
 [0. 0. 1.]]
probabilities: [[0.4316992  0.05099108 0.5173097 ]
 [0.04887664 0.44259483 0.50852853]
 [0.41535532 0.48874196 0.0959027 ]
 [0.03799202 0.13294643 0.82906157]
 [0.44673145 0.4207709  0.13249764]]
probabilities: [[0.0154166  0.50296533 0.48161808]
 [0.21366775 0.22171478 0.56461746]
 [0.09300783 0.6164028  0.29058933]
 [0.03120529 0.36469436 0.60410035]
 [0.8227816  0.08458694 0.09263142]]
probabilities: [[0.3862811  0.5216227  0.09209614]
 [0.27698866 0.6388303  0.08418105]
 [0.48829776 0.422802   0.08890023]
 [0.25180036 0.31827718 0.42992243]
 [0.24949925 0.25542176 0.495079  ]]
probabilities: [[0. 0. 1.]
 [0. 1. 0.]
 [0. 0. 1.]
 [0. 0. 1.]
 [0. 0. 1.]]
probabilities: [[0.21051429 0.05519065 0.73429507]
 [0.28149444 0.11682559 0.60168   ]
 [0.59678084 0.24066299 0.16255619]
 [0.57115483 0.3114981  0.11734706]
 [0.02157708 0.6842939  0.294129  ]]
probabilities: [[0.02905106 0.7509151  0.22003384]
 [0.27110603 0.26821324 0.46068072]
 [0.72152907 0.06933755 0.20913337]
 [0.38753894 0.04478813 0.5676729 ]
 [0.0699576  0.52362454 0.40641785]]
probabilities: [[0.1005998  0.2603767  0.63902354]
 [0.05966758 0.08290473 0.8574277 ]
 [0.51777446 0.12368648 0.35853902]
 [0.34589198 0.5308452  0.12326282]
 [0.24471022 0.70303774 0.05225204]]
probabilities: [[0. 0. 1.]
 [0. 1. 0.]
 [0. 0. 1.]
 [0. 0. 1.]
 [0. 0. 1.]]
probabilities: [[0.13940735 0.2493465  0.61124617]
 [0.44838524 0.15909962 0.39251515]
 [0.06667209 0.36113113 0.5721968 ]
 [0.29031795 0.60155195 0.10813009]
 [0.3404489  0.17242149 0.48712963]]
probabilities: [[5.4161501e-01 4.4526815e-01 1.3116842e-02]
 [4.0804651e-01 5.6322020e-01 2.8733313e-02]
 [4.8116967e-02 9.3424064e-01 1.7642422e-02]
 [7.0747501e-01 2.9161930e-01 9.0572285e-04]
 [1.1748510e-01 8.2947868e-01 5.3036202e-02]]
probabilities: [[0.44978702 0.4284608  0.12175217]
 [0.27441224 0.4698033  0.25578445]
 [0.21862002 0.14292479 0.6384552 ]
 [0.37718925 0.09516906 0.5276417 ]
 [0.08769546 0.3170341  0.59527045]]
probabilities: [[0. 0. 1.]
 [0. 1. 0.]
 [0. 1. 0.]
 [0. 0. 1.]
 [0. 0. 1.]]
probabilities: [[0.3912635  0.04623329 0.5625032 ]
 [0.2921775  0.00653349 0.701289  ]
 [0.12676157 0.60389656 0.26934186]
 [0.11639369 0.8641698  0.01943653]
 [0.16186938 0.22890207 0.60922855]]
probabilities: [[0.13745874 0.5068364  0.35570484]
 [0.7368223  0.09305452 0.17012319]
 [0.24675961 0.11045494 0.6427855 ]
 [0.67993647 0.3122204  0.00784314]
 [0.19930595 0.6893902  0.11130387]]
probabilities: [[0.6447157  0.02840673 0.32687756]
 [0.20460783 0.1217398  0.67365235]
 [0.04340682 0.39282194 0.56377125]
 [0.46543467 0.21541895 0.31914636]
 [0.13617562 0.5033565  0.36046788]]
probabilities: [[0. 0. 1.]
 [0. 1. 0.]
 [0. 1. 0.]
 [0. 0. 1.]
 [0. 0. 1.]]
probabilities: [[0.32027626 0.33830434 0.3414194 ]
 [0.20445284 0.733886   0.06166117]
 [0.2579223  0.73308754 0.00899014]
 [0.45877475 0.26586276 0.2753625 ]
 [0.76291096 0.1047511  0.1323379 ]]
probabilities: [[1.04337633e-01 4.54228312e-01 4.41434056e-01]
 [7.15328455e-01 2.84200788e-01 4.70726081e-04]
 [6.78401709e-01 2.20404938e-01 1.01193376e-01]
 [7.08304882e-01 1.52880967e-01 1.38814136e-01]
 [3.30875739e-02 2.27241769e-01 7.39670634e-01]]
probabilities: [[6.1184824e-01 3.1075552e-01 7.7396214e-02]
 [5.5830610e-01 4.0481570e-01 3.6878180e-02]
 [3.7799284e-01 1.0090282e-01 5.2110434e-01]
 [1.0961964e-01 8.6999530e-01 2.0385079e-02]
 [5.4394585e-01 4.5533746e-01 7.1665068e-04]]
probabilities: [[1. 0. 0.]
 [1. 0. 0.]
 [1. 0. 0.]
 [1. 0. 0.]
 [1. 0. 0.]]
probabilities: [[0.02160178 0.833574   0.14482424]
 [0.7040863  0.1416845  0.15422922]
 [0.06815955 0.46196216 0.4698783 ]
 [0.51090205 0.47808862 0.01100932]
 [0.5455558  0.43769664 0.0167476 ]]
probabilities: [[0.35536665 0.5389579  0.10567547]
 [0.75501657 0.14859329 0.09639014]
 [0.25092548 0.3538983  0.39517623]
 [0.08795341 0.20193948 0.7101071 ]
 [0.32510597 0.6282635  0.04663057]]
probabilities: [[0.4168646  0.49965292 0.08348247]
 [0.49778536 0.25346535 0.2487493 ]
 [0.21366574 0.7640371  0.02229717]
 [0.26036966 0.5060455  0.23358487]
 [0.51962996 0.46101332 0.01935672]]
probabilities: [[0. 0. 1.]
 [0. 1. 0.]
 [0. 1. 0.]
 [0. 0. 1.]
 [0. 0. 1.]]
probabilities: [[0.26405954 0.6415522  0.09438826]
 [0.30472812 0.5508345  0.14443742]
 [0.02605755 0.3441004  0.62984204]
 [0.4499294  0.11796648 0.43210414]
 [0.23204172 0.08174025 0.686218  ]]
probabilities: [[0.2230696  0.33726463 0.43966576]
 [0.16335933 0.47264957 0.36399108]
 [0.00374934 0.5175116  0.47873902]
 [0.26451045 0.34153607 0.39395347]
 [0.04396464 0.8377722  0.11826318]]
probabilities: [[0.11044498 0.34873348 0.54082155]
 [0.24898098 0.20917338 0.5418456 ]
 [0.3902899  0.5029781  0.10673203]
 [0.2611734  0.39347523 0.34535137]
 [0.11083271 0.34949213 0.5396752 ]]
probabilities: [[0. 1. 0.]
 [0. 1. 0.]
 [0. 1. 0.]
 [0. 1. 0.]
 [0. 1. 0.]]
probabilities: [[0.1487884  0.08322036 0.76799124]
 [0.29174563 0.37041113 0.33784324]
 [0.16308165 0.43539563 0.40152273]
 [0.20290093 0.07238059 0.72471845]
 [0.29141673 0.29287192 0.41571137]]
probabilities: [[0.01763616 0.49294725 0.4894166 ]
 [0.0306878  0.3523093  0.6170029 ]
 [0.27456203 0.14946969 0.57596827]
 [0.06855062 0.57562894 0.35582042]
 [0.80402225 0.0563778  0.13959998]]
probabilities: [[0.56369287 0.11497845 0.32132867]
 [0.27773014 0.6908615  0.03140835]
 [0.5096513  0.16019896 0.33014974]
 [0.51897246 0.05254405 0.42848352]
 [0.31430614 0.55127466 0.1344192 ]]
probabilities: [[0. 0. 1.]
 [0. 1. 0.]
 [0. 0. 1.]
 [0. 0. 1.]
 [0. 0. 1.]]
probabilities: [[0.10304575 0.81908065 0.07787362]
 [0.15464173 0.58859885 0.2567594 ]
 [0.71134496 0.2874062  0.00124883]
 [0.43246764 0.19415364 0.37337872]
 [0.36002615 0.384603   0.25537086]]
probabilities: [[0.03771821 0.6717771  0.2905047 ]
 [0.47187507 0.14025919 0.38786572]
 [0.3646684  0.6286033  0.00672835]
 [0.70268434 0.09738643 0.1999292 ]
 [0.6951859  0.26988518 0.03492888]]
probabilities: [[0.75477195 0.01664342 0.22858462]
 [0.01661106 0.39369535 0.5896936 ]
 [0.25097662 0.6639666  0.08505681]
 [0.16260773 0.14250696 0.6948853 ]
 [0.04628444 0.83003646 0.12367911]]
probabilities: [[1. 0. 0.]
 [1. 0. 0.]
 [1. 0. 0.]
 [1. 0. 0.]
 [1. 0. 0.]]
probabilities: [[0.6296348  0.28468582 0.08567937]
 [0.38274214 0.19271861 0.42453927]
 [0.78864616 0.08761494 0.12373891]
 [0.00845268 0.77987677 0.21167055]
 [0.03075424 0.7880332  0.18121259]]
probabilities: [[0.1111503  0.64513296 0.24371676]
 [0.92517805 0.01157461 0.06324735]
 [0.27334753 0.5994214  0.12723108]
 [0.03223487 0.13621287 0.83155227]
 [0.6249739  0.27814955 0.09687652]]
probabilities: [[0.5708066  0.18354274 0.2456506 ]
 [0.2843605  0.24496292 0.47067657]
 [0.11961764 0.5625686  0.31781375]
 [0.475884   0.5190645  0.00505152]
 [0.21650998 0.34574804 0.43774197]]
probabilities: [[0. 1. 0.]
 [0. 1. 0.]
 [0. 1. 0.]
 [0. 1. 0.]
 [0. 1. 0.]]
probabilities: [[0.10886364 0.8436988  0.04743755]
 [0.21031132 0.5468055  0.24288319]
 [0.8956954  0.08787985 0.01642475]
 [0.5185977  0.32813025 0.15327206]
 [0.46056393 0.5078897  0.03154635]]
probabilities: [[0.3835215  0.35888973 0.25758877]
 [0.19997436 0.48929045 0.3107352 ]
 [0.07335375 0.712401   0.21424529]
 [0.7352943  0.20379192 0.06091382]
 [0.472017   0.37252912 0.15545389]]
probabilities: [[0.14320388 0.01984398 0.83695215]
 [0.36540627 0.08983504 0.5447587 ]
 [0.53613067 0.23269477 0.23117459]
 [0.73155653 0.16243802 0.10600546]
 [0.30371246 0.31393    0.38235754]]
probabilities: [[0. 0. 1.]
 [0. 1. 0.]
 [0. 0. 1.]
 [0. 0. 1.]
 [0. 0. 1.]]
probabilities: [[0.44733107 0.13889693 0.41377202]
 [0.55294514 0.36354405 0.08351079]
 [0.64746577 0.14895193 0.20358233]
 [0.03280658 0.59434336 0.37285006]
 [0.44155878 0.04709009 0.5113511 ]]
probabilities: [[0.063252   0.70977086 0.22697714]
 [0.44756588 0.06041252 0.4920216 ]
 [0.97915673 0.01758389 0.00325939]
 [0.11276286 0.22931755 0.6579196 ]
 [0.43493038 0.35393286 0.21113674]]
probabilities: [[0.09101274 0.31423143 0.5947558 ]
 [0.2243747  0.16347179 0.61215353]
 [0.677247   0.23180303 0.09094997]
 [0.3214571  0.31994084 0.35860208]
 [0.1418161  0.5204037  0.3377802 ]]
probabilities: [[0. 0. 1.]
 [0. 1. 0.]
 [0. 1. 0.]
 [0. 0. 1.]
 [0. 0. 1.]]
probabilities: [[0.7185546  0.1204918  0.16095358]
 [0.7462107  0.10563952 0.14814982]
 [0.02320842 0.5858522  0.39093935]
 [0.06054688 0.8652716  0.07418147]
 [0.1049419  0.5697635  0.32529464]]
probabilities: [[0.2128736  0.43566328 0.35146314]
 [0.2713419  0.20840831 0.5202498 ]
 [0.5657408  0.35170034 0.08255883]
 [0.14105752 0.17969179 0.6792507 ]
 [0.10070083 0.2935388  0.6057604 ]]
probabilities: [[0.68184024 0.27944025 0.03871948]
 [0.57085025 0.345985   0.08316472]
 [0.59064513 0.3926897  0.01666513]
 [0.1101561  0.7350505  0.15479338]
 [0.15961587 0.11776792 0.7226162 ]]
probabilities: [[0. 0. 1.]
 [0. 1. 0.]
 [0. 0. 1.]
 [0. 0. 1.]
 [0. 0. 1.]]
probabilities: [[0.15228386 0.02813548 0.8195807 ]
 [0.235475   0.06250486 0.70202017]
 [0.14286065 0.83516616 0.02197319]
 [0.02938781 0.5278097  0.44280252]
 [0.36301163 0.23710248 0.3998859 ]]
probabilities: [[0.04223745 0.7807179  0.17704466]
 [0.04232224 0.9304644  0.02721337]
 [0.1582519  0.83982456 0.00192357]
 [0.6946978  0.14992635 0.15537585]
 [0.26451555 0.6927668  0.04271764]]
probabilities: [[0.4009108  0.08388741 0.5152018 ]
 [0.18625557 0.7029024  0.11084206]
 [0.32033095 0.33897692 0.34069213]
 [0.3080662  0.4192935  0.27264032]
 [0.37114626 0.27365407 0.35519966]]
probabilities: [[1. 0. 0.]
 [1. 0. 0.]
 [1. 0. 0.]
 [1. 0. 0.]
 [1. 0. 0.]]
probabilities: [[6.5303624e-01 1.7118748e-01 1.7577629e-01]
 [7.8331389e-02 3.0810767e-04 9.2136049e-01]
 [3.4952644e-01 3.8141003e-01 2.6906353e-01]
 [9.5307529e-02 6.7304462e-01 2.3164785e-01]
 [1.7563102e-01 5.2815372e-01 2.9621527e-01]]
probabilities: [[0.21094166 0.02726074 0.7617976 ]
 [0.22802095 0.5048945  0.2670846 ]
 [0.31490657 0.27010646 0.41498697]
 [0.3056121  0.64460164 0.04978628]
 [0.15684518 0.79368603 0.0494688 ]]
probabilities: [[0.6854373  0.011296   0.30326667]
 [0.57420737 0.04598118 0.37981147]
 [0.5717418  0.2956024  0.13265577]
 [0.34399992 0.06937154 0.58662856]
 [0.08323238 0.48729193 0.4294757 ]]
probabilities: [[0. 0. 1.]
 [0. 1. 0.]
 [0. 1. 0.]
 [0. 0. 1.]
 [0. 0. 1.]]
probabilities: [[0.25256994 0.21201773 0.5354123 ]
 [0.6690539  0.13854764 0.19239844]
 [0.23714186 0.55051476 0.2123434 ]
 [0.42432928 0.00519924 0.57047147]
 [0.1860964  0.5411495  0.27275413]]
probabilities: [[0.2641961  0.63787127 0.09793265]
 [0.14427246 0.14821145 0.7075161 ]
 [0.04107266 0.90881807 0.05010929]
 [0.39978358 0.5440897  0.05612676]
 [0.26984122 0.31269258 0.4174662 ]]
probabilities: [[0.10818949 0.70924574 0.18256475]
 [0.3342667  0.11224387 0.55348945]
 [0.4409945  0.27444118 0.28456432]
 [0.27281588 0.38699585 0.34018826]
 [0.25952056 0.08589989 0.6545796 ]]
probabilities: [[1. 0. 0.]
 [1. 0. 0.]
 [1. 0. 0.]
 [1. 0. 0.]
 [1. 0. 0.]]
probabilities: [[2.7708760e-01 6.8837291e-01 3.4539495e-02]
 [2.9813367e-01 4.7469094e-01 2.2717538e-01]
 [5.4995769e-01 4.4980291e-01 2.3936166e-04]
 [3.9763667e-02 7.8279443e-02 8.8195688e-01]
 [5.4776616e-02 5.7051253e-01 3.7471083e-01]]
probabilities: [[0.28812373 0.22072953 0.49114674]
 [0.19067828 0.45055702 0.35876468]
 [0.06572656 0.2620781  0.6721953 ]
 [0.02803975 0.51454026 0.45742002]
 [0.21815789 0.50469416 0.27714795]]
probabilities: [[0.65983665 0.04511827 0.29504508]
 [0.4973032  0.30119163 0.2015052 ]
 [0.44666955 0.06240936 0.4909211 ]
 [0.40795848 0.3980264  0.19401509]
 [0.2033447  0.76830906 0.02834623]]
probabilities: [[0. 0. 1.]
 [0. 1. 0.]
 [0. 0. 1.]
 [0. 0. 1.]
 [0. 0. 1.]]
probabilities: [[0.24610896 0.39950365 0.3543874 ]
 [0.29884487 0.12982424 0.5713309 ]
 [0.31040365 0.6451305  0.04446582]
 [0.46838522 0.294333   0.23728175]
 [0.09519883 0.5054553  0.39934584]]
probabilities: [[0.39680466 0.56618184 0.0370135 ]
 [0.07309677 0.47821906 0.44868416]
 [0.48958528 0.23762034 0.2727944 ]
 [0.7016618  0.11023602 0.18810216]
 [0.41919288 0.10075454 0.48005256]]
probabilities: [[0.0661111  0.32781836 0.6060705 ]
 [0.3215937  0.06900026 0.60940605]
 [0.440038   0.30142236 0.25853965]
 [0.02246368 0.38587698 0.59165937]
 [0.5548165  0.3453526  0.09983095]]
probabilities: [[0. 0. 1.]
 [0. 1. 0.]
 [0. 0. 1.]
 [0. 0. 1.]
 [0. 0. 1.]]
probabilities: [[0.3612201  0.29193282 0.3468471 ]
 [0.813743   0.05694325 0.12931377]
 [0.64058006 0.13939407 0.22002587]
 [0.42482406 0.5050154  0.07016057]
 [0.08693308 0.4913142  0.42175272]]
probabilities: [[0.08273897 0.39670384 0.52055717]
 [0.32987845 0.16622037 0.5039012 ]
 [0.20825174 0.5419522  0.24979609]
 [0.36054543 0.46261495 0.17683963]
 [0.42347515 0.22884609 0.34767875]]
probabilities: [[0.3188644  0.01992502 0.66121054]
 [0.7540425  0.09687076 0.14908673]
 [0.00844317 0.5738974  0.4176594 ]
 [0.02697468 0.6465343  0.326491  ]
 [0.07939187 0.30606225 0.6145459 ]]
probabilities: [[0. 1. 0.]
 [0. 1. 0.]
 [0. 1. 0.]
 [0. 1. 0.]
 [0. 1. 0.]]
probabilities: [[0.3296298  0.04930197 0.62106824]
 [0.35924757 0.01659758 0.62415487]
 [0.84407806 0.04450679 0.11141517]
 [0.01112613 0.3835646  0.6053093 ]
 [0.04620206 0.6282279  0.32557005]]
probabilities: [[0.6555729  0.22866325 0.11576385]
 [0.13161393 0.81448096 0.05390512]
 [0.53288174 0.43161204 0.03550621]
 [0.2233939  0.42306417 0.35354194]
 [0.14151119 0.53578544 0.32270336]]
probabilities: [[0.64534974 0.14196862 0.21268164]
 [0.01355322 0.850509   0.13593782]
 [0.4364734  0.32798263 0.23554395]
 [0.5901602  0.03897424 0.37086558]
 [0.2665515  0.5624467  0.17100176]]
probabilities: [[1. 0. 0.]
 [1. 0. 0.]
 [1. 0. 0.]
 [1. 0. 0.]
 [1. 0. 0.]]
probabilities: [[0.17894772 0.4551468  0.3659055 ]
 [0.2000406  0.55590594 0.24405348]
 [0.4411918  0.40564716 0.15316102]
 [0.31404778 0.01747075 0.66848147]
 [0.05678717 0.82462233 0.1185905 ]]
probabilities: [[0.21176723 0.17845912 0.60977364]
 [0.5402477  0.45310834 0.00664397]
 [0.2909971  0.26263064 0.4463723 ]
 [0.68781984 0.0755576  0.23662257]
 [0.14535195 0.6274996  0.22714849]]
probabilities: [[0.29942137 0.42717454 0.2734041 ]
 [0.35787648 0.17618255 0.46594095]
 [0.431579   0.4662795  0.10214148]
 [0.14195366 0.47893366 0.3791127 ]
 [0.27473336 0.25820622 0.46706042]]
probabilities: [[0. 1. 0.]
 [0. 1. 0.]
 [0. 1. 0.]
 [0. 1. 0.]
 [0. 1. 0.]]
probabilities: [[0.72245824 0.23250285 0.04503892]
 [0.47722462 0.4976326  0.02514279]
 [0.0832656  0.04749318 0.86924124]
 [0.7240262  0.00296243 0.2730114 ]
 [0.74970686 0.19975427 0.05053886]]
probabilities: [[0.17588337 0.548124   0.2759926 ]
 [0.24314977 0.23511566 0.52173454]
 [0.14273843 0.27588654 0.581375  ]
 [0.28125095 0.45009285 0.2686562 ]
 [0.4727747  0.12137212 0.40585318]]
probabilities: [[0.10547646 0.7493363  0.14518726]
 [0.70874083 0.02806999 0.26318917]
 [0.44787332 0.3340871  0.21803957]
 [0.45754805 0.36237177 0.18008019]
 [0.08683776 0.8420164  0.07114582]]
probabilities: [[0. 0. 1.]
 [0. 1. 0.]
 [0. 1. 0.]
 [0. 0. 1.]
 [0. 0. 1.]]
probabilities: [[0.6688593  0.11751351 0.21362719]
 [0.7243476  0.05936031 0.21629208]
 [0.27656356 0.47044295 0.25299346]
 [0.80443627 0.15558824 0.03997547]
 [0.04975911 0.12458263 0.82565826]]
probabilities: [[0.60669357 0.28777042 0.10553603]
 [0.4255035  0.21071894 0.36377758]
 [0.3198831  0.59610623 0.08401067]
 [0.02848906 0.7762471  0.19526382]
 [0.68714005 0.12187798 0.19098198]]
probabilities: [[0.38240024 0.07630281 0.54129696]
 [0.85627645 0.11557326 0.0281503 ]
 [0.11657514 0.24382001 0.63960487]
 [0.48916176 0.31663775 0.19420047]
 [0.48690835 0.07693194 0.4361597 ]]
probabilities: [[0. 0. 1.]
 [0. 1. 0.]
 [0. 1. 0.]
 [0. 0. 1.]
 [0. 0. 1.]]
probabilities: [[0.24401154 0.44412115 0.3118673 ]
 [0.68100274 0.19911672 0.11988056]
 [0.27462953 0.47542155 0.24994892]
 [0.13180026 0.73069274 0.13750699]
 [0.05967695 0.45751113 0.48281193]]
probabilities: [[0.52102363 0.03610542 0.44287091]
 [0.10531898 0.2599691  0.634712  ]
 [0.60201836 0.16001488 0.23796676]
 [0.13656262 0.7806876  0.08274981]
 [0.7471856  0.18236925 0.07044514]]
probabilities: [[0.7040021  0.07074609 0.2252518 ]
 [0.46053764 0.06366143 0.47580093]
 [0.8291599  0.01805328 0.15278684]
 [0.15660332 0.32127142 0.5221253 ]
 [0.08634131 0.24206021 0.6715985 ]]
probabilities: [[0. 0. 1.]
 [0. 1. 0.]
 [0. 1. 0.]
 [0. 0. 1.]
 [0. 0. 1.]]
probabilities: [[0.9171571  0.02241193 0.06043097]
 [0.02881397 0.7214373  0.24974875]
 [0.5608615  0.1906184  0.2485201 ]
 [0.13838944 0.61189055 0.24972002]
 [0.8664561  0.06510571 0.06843822]]
probabilities: [[0.03892965 0.8572974  0.10377291]
 [0.2787497  0.65431356 0.06693673]
 [0.51742053 0.38562846 0.09695104]
 [0.4243569  0.27356294 0.30208015]
 [0.26416886 0.6895525  0.04627867]]
probabilities: [[0.58154887 0.40204012 0.01641103]
 [0.267853   0.36819026 0.36395675]
 [0.38799995 0.15002602 0.46197402]
 [0.13311887 0.7732198  0.09366131]
 [0.05333003 0.37063575 0.57603425]]
probabilities: [[1. 0. 0.]
 [1. 0. 0.]
 [1. 0. 0.]
 [1. 0. 0.]
 [1. 0. 0.]]
probabilities: [[0.1874212  0.28201577 0.53056306]
 [0.1495006  0.11025262 0.7402468 ]
 [0.28817347 0.08920023 0.6226263 ]
 [0.262464   0.62199605 0.11553995]
 [0.22513224 0.0764212  0.6984466 ]]
probabilities: [[0.59721476 0.03986268 0.36292255]
 [0.42669895 0.4555466  0.11775445]
 [0.64648217 0.17933133 0.17418648]
 [0.16167174 0.33304626 0.505282  ]
 [0.79334193 0.01606123 0.19059683]]
probabilities: [[0.27607334 0.53325814 0.19066852]
 [0.263121   0.2620315  0.4748475 ]
 [0.50905466 0.22146198 0.26948336]
 [0.18453926 0.44851798 0.36694276]
 [0.04715938 0.2902609  0.6625797 ]]
probabilities: [[0. 1. 0.]
 [0. 1. 0.]
 [0. 1. 0.]
 [0. 1. 0.]
 [0. 1. 0.]]
probabilities: [[0.28458032 0.53784335 0.1775763 ]
 [0.45074368 0.10845681 0.4407995 ]
 [0.47617176 0.42191333 0.10191491]
 [0.44772553 0.43266448 0.11960998]
 [0.42045867 0.21788195 0.36165938]]
probabilities: [[0.63476276 0.33686548 0.02837178]
 [0.14362189 0.3842306  0.4721475 ]
 [0.10640546 0.00597372 0.8876208 ]
 [0.47746754 0.0034003  0.5191322 ]
 [0.7208598  0.2698393  0.00930087]]
probabilities: [[0.09726175 0.6205028  0.2822354 ]
 [0.05753694 0.71177936 0.2306837 ]
 [0.79334086 0.20502548 0.00163368]
 [0.26746437 0.24975246 0.48278317]
 [0.3681108  0.09236904 0.53952014]]
probabilities: [[1. 0. 0.]
 [1. 0. 0.]
 [1. 0. 0.]
 [1. 0. 0.]
 [1. 0. 0.]]
probabilities: [[0.370659   0.56013614 0.06920488]
 [0.2524448  0.02606777 0.7214874 ]
 [0.25523713 0.1291504  0.61561245]
 [0.9520978  0.04595504 0.0019472 ]
 [0.68549967 0.04001844 0.27448186]]
probabilities: [[0.00183532 0.34625542 0.65190923]
 [0.29926684 0.06747837 0.63325477]
 [0.27240855 0.4677301  0.25986135]
 [0.01304306 0.05249736 0.93445957]
 [0.50308144 0.43847695 0.05844163]]
probabilities: [[0.5449038  0.31165555 0.14344065]
 [0.45789915 0.0700753  0.47202554]
 [0.45754427 0.25931877 0.28313696]
 [0.07543232 0.5508502  0.3737175 ]
 [0.30529454 0.6638906  0.03081486]]
probabilities: [[0. 1. 0.]
 [0. 1. 0.]
 [0. 1. 0.]
 [0. 1. 0.]
 [0. 1. 0.]]
probabilities: [[3.2916474e-01 5.6927651e-01 1.0155874e-01]
 [8.5585797e-01 4.3485586e-02 1.0065643e-01]
 [1.2833770e-01 3.8881147e-01 4.8285082e-01]
 [5.0004876e-01 2.1956317e-02 4.7799495e-01]
 [3.1805122e-01 6.8139315e-01 5.5563450e-04]]
probabilities: [[0.23698999 0.11394133 0.64906865]
 [0.00912399 0.2997852  0.6910908 ]
 [0.42937058 0.28909728 0.28153214]
 [0.6140946  0.11864504 0.26726034]
 [0.00826788 0.80414605 0.18758604]]
probabilities: [[0.21819179 0.49337626 0.28843194]
 [0.12019331 0.16620909 0.7135976 ]
 [0.9444267  0.01011234 0.04546097]
 [0.45386088 0.23934619 0.3067929 ]
 [0.05742004 0.61679083 0.32578912]]
probabilities: [[1. 0. 0.]
 [1. 0. 0.]
 [1. 0. 0.]
 [1. 0. 0.]
 [1. 0. 0.]]
probabilities: [[0.08790454 0.54036736 0.3717281 ]
 [0.06122455 0.8404495  0.09832597]
 [0.5210151  0.17968704 0.29929784]
 [0.81074363 0.16409422 0.02516218]
 [0.7389428  0.05581405 0.20524319]]
probabilities: [[0.25390926 0.26466787 0.48142287]
 [0.5660073  0.2081326  0.22586012]
 [0.11279502 0.11126273 0.77594227]
 [0.45131356 0.5095829  0.03910357]
 [0.2913069  0.27199754 0.43669555]]
probabilities: [[0.6162501  0.32668006 0.05706984]
 [0.5101498  0.33139586 0.15845434]
 [0.22039743 0.27001974 0.5095829 ]
 [0.31542554 0.6379389  0.04663555]
 [0.38423064 0.05470528 0.56106406]]
probabilities: [[1. 0. 0.]
 [1. 0. 0.]
 [1. 0. 0.]
 [1. 0. 0.]
 [1. 0. 0.]]
probabilities: [[0.42139086 0.17112525 0.4074839 ]
 [0.36230573 0.13912605 0.4985682 ]
 [0.10848919 0.2270902  0.6644206 ]
 [0.04673346 0.51255935 0.4407072 ]
 [0.5483256  0.1245269  0.32714754]]
probabilities: [[0.8936377  0.09314702 0.01321528]
 [0.47842562 0.31965554 0.20191883]
 [0.21700187 0.05871112 0.72428703]
 [0.11368076 0.7188658  0.16745341]
 [0.5486901  0.4008002  0.05050969]]
probabilities: [[0.01431411 0.73097295 0.25471294]
 [0.22026496 0.74285245 0.03688259]
 [0.17764843 0.00490012 0.8174515 ]
 [0.29082355 0.16483866 0.5443378 ]
 [0.50173414 0.01019453 0.48807132]]
probabilities: [[0. 1. 0.]
 [0. 1. 0.]
 [0. 1. 0.]
 [0. 1. 0.]
 [0. 1. 0.]]
probabilities: [[0.44156328 0.15459445 0.40384227]
 [0.48158237 0.35184032 0.16657731]
 [0.2871743  0.01027165 0.70255405]
 [0.42010534 0.5056793  0.07421533]
 [0.02388326 0.7877422  0.18837455]]
probabilities: [[0.42143446 0.4674017  0.11116384]
 [0.47956473 0.24657297 0.2738623 ]
 [0.11672429 0.3367503  0.5465254 ]
 [0.08956382 0.70909953 0.20133665]
 [0.74610746 0.19994028 0.05395227]]
probabilities: [[0.2924825  0.4339575  0.27356005]
 [0.04404896 0.03333005 0.922621  ]
 [0.17035502 0.5459374  0.28370756]
 [0.03107769 0.00385948 0.96506286]
 [0.20917869 0.56031907 0.23050225]]
probabilities: [[0. 0. 1.]
 [0. 1. 0.]
 [0. 1. 0.]
 [0. 0. 1.]
 [0. 0. 1.]]
probabilities: [[0.36359712 0.45776707 0.1786358 ]
 [0.3086509  0.0177966  0.67355245]
 [0.75222135 0.06712021 0.18065846]
 [0.12574527 0.02090317 0.85335153]
 [0.75065523 0.04356747 0.2057773 ]]
probabilities: [[0.08473188 0.34240076 0.57286733]
 [0.10397501 0.85165226 0.04437272]
 [0.6357774  0.05965541 0.3045672 ]
 [0.01823353 0.55585355 0.42591292]
 [0.12707363 0.44814903 0.42477733]]
probabilities: [[0.86203337 0.00255865 0.135408  ]
 [0.53659207 0.06444586 0.39896205]
 [0.7875788  0.01763629 0.19478488]
 [0.40482178 0.34895325 0.24622497]
 [0.43602568 0.5136972  0.05027712]]
probabilities: [[0. 1. 0.]
 [0. 1. 0.]
 [0. 1. 0.]
 [0. 1. 0.]
 [0. 1. 0.]]
probabilities: [[0.06790426 0.18656905 0.7455267 ]
 [0.38706627 0.15267432 0.4602594 ]
 [0.20181656 0.02314128 0.7750422 ]
 [0.23906946 0.43024257 0.33068794]
 [0.5547053  0.36986792 0.07542673]]
probabilities: [[0.15324944 0.6650773  0.18167321]
 [0.42851397 0.34683922 0.22464682]
 [0.3423066  0.22384855 0.43384483]
 [0.15889205 0.83922225 0.00188572]
 [0.2886329  0.3448127  0.3665544 ]]
probabilities: [[0.30224    0.30585602 0.391904  ]
 [0.88319033 0.11061393 0.00619572]
 [0.8400805  0.05771382 0.10220568]
 [0.14365853 0.36299857 0.4933429 ]
 [0.854083   0.05266189 0.0932551 ]]
probabilities: [[0. 0. 1.]
 [0. 1. 0.]
 [0. 0. 1.]
 [0. 0. 1.]
 [0. 0. 1.]]
probabilities: [[0.03417407 0.93359953 0.03222643]
 [0.31235224 0.18732278 0.50032496]
 [0.44306034 0.11403476 0.4429049 ]
 [0.8569244  0.05682019 0.08625536]
 [0.29479736 0.26883936 0.43636328]]
probabilities: [[0.44997168 0.2406247  0.30940363]
 [0.6650529  0.2587074  0.07623973]
 [0.38866505 0.25884062 0.35249433]
 [0.5457697  0.36467057 0.08955975]
 [0.12856352 0.502844   0.36859247]]
probabilities: [[0.37916204 0.08361383 0.5372241 ]
 [0.24159612 0.31906486 0.439339  ]
 [0.8177646  0.03367731 0.14855811]
 [0.18826671 0.23096861 0.5807647 ]
 [0.06489295 0.01643085 0.9186762 ]]
probabilities: [[0. 1. 0.]
 [0. 1. 0.]
 [0. 1. 0.]
 [0. 1. 0.]
 [0. 1. 0.]]
probabilities: [[0.363473   0.5479298  0.08859717]
 [0.11300261 0.13893703 0.74806035]
 [0.33085117 0.59933025 0.06981858]
 [0.6368249  0.1318055  0.2313696 ]
 [0.26222557 0.417127   0.32064742]]
probabilities: [[0.7245385  0.19083637 0.08462513]
 [0.27967152 0.28604922 0.43427926]
 [0.36960846 0.58642125 0.04397026]
 [0.764892   0.09533935 0.13976867]
 [0.12705901 0.51059794 0.362343  ]]
probabilities: [[0.23825034 0.07830046 0.6834492 ]
 [0.6147425  0.05628748 0.32897002]
 [0.5448531  0.45302165 0.00212526]
 [0.14213137 0.36649796 0.49137068]
 [0.48246384 0.27812815 0.23940802]]
probabilities: [[0. 1. 0.]
 [0. 1. 0.]
 [0. 1. 0.]
 [0. 1. 0.]
 [0. 1. 0.]]
probabilities: [[0.30230632 0.1490316  0.54866207]
 [0.08080617 0.8707065  0.04848736]
 [0.6361478  0.12560548 0.23824671]
 [0.80444705 0.1268662  0.06868676]
 [0.46685493 0.18298736 0.35015768]]
probabilities: [[0.37647215 0.37327537 0.25025252]
 [0.69635326 0.09344285 0.21020389]
 [0.3186945  0.06770684 0.61359864]
 [0.700945   0.06809562 0.23095939]
 [0.38405836 0.46871313 0.14722851]]
probabilities: [[0.04826747 0.32201648 0.62971604]
 [0.35530412 0.31880575 0.3258901 ]
 [0.5083153  0.47819865 0.01348601]
 [0.03911082 0.55450845 0.40638074]
 [0.1736836  0.38699162 0.4393248 ]]
probabilities: [[0. 0. 1.]
 [0. 1. 0.]
 [0. 0. 1.]
 [0. 0. 1.]
 [0. 0. 1.]]
probabilities: [[0.5266773  0.12465818 0.3486645 ]
 [0.6653528  0.06089234 0.27375484]
 [0.16131411 0.4200564  0.41862947]
 [0.55004644 0.20420559 0.24574795]
 [0.77808034 0.0722992  0.14962044]]
probabilities: [[0.6274815  0.18952487 0.18299362]
 [0.65529376 0.02201713 0.32268912]
 [0.41048357 0.03455755 0.5549589 ]
 [0.27720368 0.34349325 0.3793031 ]
 [0.94887394 0.01918484 0.0319412 ]]
probabilities: [[0.57091904 0.3963877  0.03269329]
 [0.09658892 0.02596666 0.8774444 ]
 [0.4076277  0.02066414 0.57170814]
 [0.08716378 0.52563834 0.38719785]
 [0.4925544  0.4985222  0.00892341]]
probabilities: [[1. 0. 0.]
 [1. 0. 0.]
 [1. 0. 0.]
 [1. 0. 0.]
 [1. 0. 0.]]
probabilities: [[0.03360473 0.7888047  0.17759056]
 [0.09932954 0.73973215 0.16093832]
 [0.13071284 0.49174777 0.3775394 ]
 [0.58421105 0.0501199  0.36566904]
 [0.25739172 0.21897742 0.52363086]]
probabilities: [[0.11499497 0.17928769 0.7057173 ]
 [0.2978009  0.11679278 0.5854063 ]
 [0.06550964 0.07475432 0.859736  ]
 [0.3420953  0.45290896 0.20499572]
 [0.57048    0.41056094 0.01895909]]
probabilities: [[0.42764142 0.04654046 0.5258181 ]
 [0.2924312  0.18256049 0.5250083 ]
 [0.48840845 0.24764754 0.263944  ]
 [0.32905668 0.46588108 0.20506224]
 [0.1505964  0.72903824 0.12036538]]
probabilities: [[0. 1. 0.]
 [0. 1. 0.]
 [0. 1. 0.]
 [0. 1. 0.]
 [0. 1. 0.]]
probabilities: [[0.1386583  0.8083324  0.05300932]
 [0.19873615 0.58237094 0.21889292]
 [0.48319453 0.0831129  0.43369257]
 [0.13579997 0.3489652  0.5152348 ]
 [0.00380598 0.5100913  0.48610273]]
probabilities: [[0.53027314 0.11500087 0.35472596]
 [0.44539732 0.37094927 0.1836534 ]
 [0.7169782  0.12110703 0.16191477]
 [0.16344815 0.08303156 0.75352025]
 [0.36918187 0.15033652 0.4804816 ]]
probabilities: [[0.4529743  0.34542045 0.20160525]
 [0.36448526 0.0381951  0.59731966]
 [0.59570545 0.35992947 0.04436506]
 [0.25242245 0.71860677 0.02897077]
 [0.28396273 0.535766   0.18027124]]
probabilities: [[1. 0. 0.]
 [1. 0. 0.]
 [1. 0. 0.]
 [1. 0. 0.]
 [1. 0. 0.]]
probabilities: [[0.02716727 0.05141552 0.92141724]
 [0.31807435 0.17337996 0.5085457 ]
 [0.0823926  0.2847007  0.63290673]
 [0.70111483 0.22564436 0.07324082]
 [0.37134382 0.5623913  0.06626489]]
probabilities: [[0.64469594 0.19412227 0.16118176]
 [0.6504407  0.1969652  0.15259409]
 [0.18293245 0.01952122 0.7975463 ]
 [0.15727648 0.6287571  0.21396641]
 [0.5485596  0.34498554 0.10645487]]
probabilities: [[0.2779679  0.41015086 0.3118812 ]
 [0.05129302 0.17668723 0.77201974]
 [0.01520435 0.86445254 0.12034309]
 [0.27443752 0.33353359 0.3920289 ]
 [0.38561493 0.41946673 0.19491833]]
probabilities: [[0. 1. 0.]
 [0. 1. 0.]
 [0. 1. 0.]
 [0. 1. 0.]
 [0. 1. 0.]]
probabilities: [[0.915074   0.07212383 0.01280218]
 [0.47671518 0.05296853 0.4703163 ]
 [0.34445924 0.4859862  0.16955456]
 [0.06603052 0.04788811 0.8860814 ]
 [0.82547563 0.01218349 0.16234088]]
probabilities: [[0.10125602 0.8205132  0.0782308 ]
 [0.6512037  0.2148521  0.13394421]
 [0.24356368 0.60146075 0.15497556]
 [0.29971257 0.53769356 0.16259386]
 [0.23489977 0.41442338 0.35067686]]
probabilities: [[0.19425151 0.38627738 0.41947109]
 [0.14014834 0.6955922  0.16425945]
 [0.05296855 0.07012304 0.8769084 ]
 [0.17894372 0.23260541 0.58845085]
 [0.42943794 0.43267202 0.13789004]]
probabilities: [[0. 0. 1.]
 [0. 1. 0.]
 [0. 0. 1.]
 [0. 0. 1.]
 [0. 0. 1.]]
probabilities: [[0.04686656 0.8582537  0.09487974]
 [0.23113327 0.24959126 0.5192755 ]
 [0.18593542 0.1757293  0.6383353 ]
 [0.17153451 0.19147754 0.6369879 ]
 [0.11508402 0.0670174  0.8178986 ]]
probabilities: [[0.15952267 0.17034206 0.67013526]
 [0.8760217  0.06385345 0.06012484]
 [0.2621006  0.61307615 0.12482321]
 [0.46962237 0.14712816 0.3832495 ]
 [0.38751987 0.46652013 0.14596002]]
probabilities: [[0.56120265 0.38286832 0.05592902]
 [0.45109436 0.5255623  0.02334332]
 [0.03932723 0.4458175  0.51485527]
 [0.1205766  0.3097978  0.5696256 ]
 [0.11994161 0.5343737  0.34568468]]
probabilities: [[1. 0. 0.]
 [1. 0. 0.]
 [1. 0. 0.]
 [1. 0. 0.]
 [1. 0. 0.]]
probabilities: [[0.40904528 0.45479286 0.13616185]
 [0.41545805 0.2709649  0.31357706]
 [0.34123397 0.20050326 0.45826277]
 [0.72230566 0.02204374 0.25565064]
 [0.47349298 0.44377387 0.08273316]]
probabilities: [[0.09170668 0.8603261  0.0479672 ]
 [0.0008743  0.54473966 0.45438603]
 [0.37736127 0.5797649  0.04287382]
 [0.3108461  0.43948758 0.24966633]
 [0.2431592  0.41181874 0.34502205]]
