probabilities: [[1. 0. 0.]
 [1. 0. 0.]
 [1. 0. 0.]
 [1. 0. 0.]
 [1. 0. 0.]]
probabilities: [[0.06175128 0.19495818 0.74329054]
 [0.250182   0.12269915 0.6271188 ]
 [0.44069365 0.15754691 0.40175945]
 [0.2447278  0.25575384 0.49951836]
 [0.1072826  0.08482013 0.80789727]]
probabilities: [[0.24842507 0.28659272 0.4649822 ]
 [0.8533119  0.05471037 0.09197772]
 [0.7848439  0.04090086 0.17425524]
 [0.5290917  0.29248697 0.17842129]
 [0.38108972 0.5691462  0.04976409]]
probabilities: [[0.15831028 0.77789336 0.06379633]
 [0.01626878 0.9182344  0.06549681]
 [0.11312341 0.4781061  0.40877047]
 [0.10384042 0.3728191  0.5233405 ]
 [0.78885466 0.05555038 0.15559497]]
probabilities: [[0. 1. 0.]
 [0. 1. 0.]
 [0. 1. 0.]
 [0. 1. 0.]
 [0. 1. 0.]]
probabilities: [[0.52920055 0.15362123 0.31717822]
 [0.28875157 0.49792814 0.21332027]
 [0.3786126  0.36335766 0.2580297 ]
 [0.44070208 0.36311287 0.19618505]
 [0.7987864  0.14165568 0.0595579 ]]
probabilities: [[0.20542392 0.5610912  0.23348488]
 [0.26847726 0.34928042 0.38224232]
 [0.58138436 0.25622323 0.16239242]
 [0.2994412  0.42463005 0.27592877]
 [0.8499647  0.06495724 0.08507807]]
probabilities: [[0.2170568  0.42246777 0.36047542]
 [0.31305632 0.22882389 0.45811978]
 [0.05272993 0.83175266 0.11551742]
 [0.40483525 0.4989047  0.09626002]
 [0.1356386  0.35181063 0.5125508 ]]
probabilities: [[0. 0. 1.]
 [0. 1. 0.]
 [0. 0. 1.]
 [0. 0. 1.]
 [0. 0. 1.]]
probabilities: [[0.08511651 0.84980506 0.06507841]
 [0.17193682 0.7032335  0.12482969]
 [0.7098027  0.16137874 0.12881859]
 [0.16930805 0.47068503 0.3600069 ]
 [0.04732255 0.4718469  0.48083055]]
probabilities: [[0.07268611 0.09225565 0.8350582 ]
 [0.6307781  0.3103771  0.05884485]
 [0.27132308 0.24438426 0.48429266]
 [0.02415656 0.05431657 0.92152685]
 [0.29579902 0.19725175 0.50694925]]
probabilities: [[0.2096702  0.2999649  0.4903649 ]
 [0.29321548 0.1513501  0.5554344 ]
 [0.11807926 0.679385   0.20253573]
 [0.06834979 0.44288749 0.4887627 ]
 [0.29359075 0.48453778 0.22187145]]
probabilities: [[0. 0. 1.]
 [0. 1. 0.]
 [0. 1. 0.]
 [0. 0. 1.]
 [0. 0. 1.]]
probabilities: [[0.30963582 0.29451266 0.39585152]
 [0.78443724 0.04659009 0.16897267]
 [0.00723325 0.34391782 0.64884895]
 [0.18652378 0.42749524 0.385981  ]
 [0.7175702  0.20515752 0.07727227]]
probabilities: [[0.8240622  0.04086904 0.13506873]
 [0.648903   0.00433351 0.34676346]
 [0.8694202  0.01051735 0.12006251]
 [0.27898735 0.10202404 0.61898863]
 [0.46884993 0.30903792 0.22211218]]
probabilities: [[0.43146676 0.12278333 0.4457499 ]
 [0.05966344 0.1307813  0.8095553 ]
 [0.45779344 0.0033655  0.53884107]
 [0.55758125 0.09314558 0.34927315]
 [0.66206014 0.1883088  0.14963107]]
probabilities: [[0. 0. 1.]
 [0. 1. 0.]
 [0. 1. 0.]
 [0. 0. 1.]
 [0. 0. 1.]]
probabilities: [[0.6667524  0.05454366 0.27870396]
 [0.51633465 0.18425325 0.2994121 ]
 [0.8649361  0.07392352 0.06114038]
 [0.41597146 0.2767231  0.30730546]
 [0.8488782  0.01538507 0.1357367 ]]
probabilities: [[0.66735697 0.29577994 0.03686305]
 [0.13724542 0.04271242 0.8200422 ]
 [0.65282273 0.09888606 0.24829121]
 [0.9356047  0.01565432 0.04874096]
 [0.13980149 0.49596718 0.36423135]]
probabilities: [[0.43012708 0.06285191 0.507021  ]
 [0.09952722 0.5889812  0.31149158]
 [0.23289987 0.5250782  0.24202198]
 [0.50064063 0.17591566 0.3234437 ]
 [0.8228631  0.02339421 0.1537427 ]]
probabilities: [[0. 1. 0.]
 [0. 1. 0.]
 [0. 1. 0.]
 [0. 1. 0.]
 [0. 1. 0.]]
probabilities: [[0.46108633 0.1418866  0.39702705]
 [0.42342377 0.45768717 0.11888906]
 [0.09440982 0.5519078  0.3536824 ]
 [0.6806796  0.01576724 0.30355313]
 [0.27683505 0.4837876  0.23937735]]
probabilities: [[0.02171868 0.43922746 0.53905386]
 [0.40590426 0.19244707 0.40164867]
 [0.14672895 0.5938373  0.25943372]
 [0.68230015 0.1968715  0.12082836]
 [0.79275393 0.04954431 0.15770178]]
probabilities: [[0.11341043 0.41502094 0.4715686 ]
 [0.12389594 0.77460796 0.10149612]
 [0.8598173  0.11451661 0.02566606]
 [0.27919334 0.09905507 0.6217516 ]
 [0.4760275  0.03279711 0.49117538]]
probabilities: [[1. 0. 0.]
 [1. 0. 0.]
 [1. 0. 0.]
 [1. 0. 0.]
 [1. 0. 0.]]
probabilities: [[0.3812889  0.20230894 0.4164022 ]
 [0.12426071 0.36371294 0.51202637]
 [0.18389802 0.61755115 0.19855082]
 [0.51360154 0.11303294 0.37336552]
 [0.53525215 0.0942741  0.3704737 ]]
probabilities: [[0.4401881  0.15961568 0.4001962 ]
 [0.4127929  0.3237732  0.2634339 ]
 [0.09608433 0.8345888  0.06932683]
 [0.02876747 0.16931273 0.8019198 ]
 [0.8557741  0.09677579 0.04745009]]
probabilities: [[0.39154992 0.523918   0.08453209]
 [0.7013904  0.29065093 0.00795868]
 [0.30892113 0.08939719 0.60168165]
 [0.07962599 0.5537215  0.36665252]
 [0.24278322 0.71120435 0.04601242]]
probabilities: [[0. 0. 1.]
 [0. 1. 0.]
 [0. 0. 1.]
 [0. 0. 1.]
 [0. 0. 1.]]
probabilities: [[0.56934047 0.29523143 0.1354281 ]
 [0.07061587 0.42768675 0.5016974 ]
 [0.04710985 0.3107124  0.64217776]
 [0.9190671  0.02171767 0.05921527]
 [0.5636555  0.0732379  0.36310664]]
probabilities: [[0.06346034 0.27086386 0.6656758 ]
 [0.19449687 0.02260042 0.7829027 ]
 [0.270837   0.2964911  0.4326719 ]
 [0.14449938 0.7869964  0.0685042 ]
 [0.25688776 0.47904286 0.26406938]]
probabilities: [[0.43927813 0.11992665 0.4407952 ]
 [0.38462067 0.2625825  0.35279682]
 [0.19325805 0.8016965  0.00504545]
 [0.3133615  0.578202   0.10843652]
 [0.05898586 0.8263764  0.11463775]]
probabilities: [[0. 0. 1.]
 [0. 1. 0.]
 [0. 1. 0.]
 [0. 0. 1.]
 [0. 0. 1.]]
probabilities: [[0.00469535 0.2268968  0.7684079 ]
 [0.06386635 0.7216512  0.21448247]
 [0.36344555 0.5420628  0.09449161]
 [0.13579749 0.48916823 0.3750343 ]
 [0.23162314 0.00777357 0.7606033 ]]
probabilities: [[0.250278   0.4110582  0.33866382]
 [0.00234634 0.50543094 0.4922227 ]
 [0.4616684  0.23411445 0.30421716]
 [0.00945781 0.3339144  0.6566278 ]
 [0.580571   0.3307661  0.08866286]]
probabilities: [[0.16359511 0.6635301  0.1728748 ]
 [0.28319582 0.64075303 0.07605117]
 [0.53954893 0.00824185 0.4522092 ]
 [0.1078788  0.56664103 0.3254802 ]
 [0.04607243 0.3960138  0.5579138 ]]
probabilities: [[1. 0. 0.]
 [1. 0. 0.]
 [1. 0. 0.]
 [1. 0. 0.]
 [1. 0. 0.]]
probabilities: [[0.40629718 0.02719157 0.5665113 ]
 [0.38011736 0.29357043 0.3263122 ]
 [0.4774233  0.09360671 0.42896998]
 [0.5029223  0.19308926 0.30398843]
 [0.278372   0.14233048 0.57929754]]
probabilities: [[0.07599939 0.26642254 0.65757805]
 [0.36653844 0.053531   0.5799306 ]
 [0.2997942  0.49901122 0.20119457]
 [0.80897176 0.18964393 0.00138433]
 [0.27496803 0.47266904 0.25236294]]
probabilities: [[0.2716415  0.634236   0.09412253]
 [0.2900456  0.6746355  0.03531889]
 [0.23348421 0.29871005 0.46780574]
 [0.09045374 0.00868332 0.90086293]
 [0.10203396 0.6928632  0.20510283]]
probabilities: [[0. 0. 1.]
 [0. 1. 0.]
 [0. 1. 0.]
 [0. 0. 1.]
 [0. 0. 1.]]
probabilities: [[0.39480466 0.4561012  0.14909412]
 [0.15585642 0.8258227  0.01832089]
 [0.05277742 0.6600744  0.28714818]
 [0.0678196  0.5906114  0.341569  ]
 [0.27769697 0.12423948 0.5980635 ]]
probabilities: [[0.06219596 0.508174   0.42963004]
 [0.36769813 0.44873697 0.18356489]
 [0.7072239  0.18022211 0.112554  ]
 [0.2187394  0.13710238 0.6441582 ]
 [0.167809   0.12631498 0.70587605]]
probabilities: [[0.29512626 0.3851416  0.31973213]
 [0.94268787 0.04470721 0.01260494]
 [0.15510853 0.7173154  0.12757611]
 [0.3996003  0.0566742  0.5437255 ]
 [0.13538817 0.06558141 0.7990304 ]]
probabilities: [[0. 0. 1.]
 [0. 1. 0.]
 [0. 1. 0.]
 [0. 0. 1.]
 [0. 0. 1.]]
probabilities: [[0.26388147 0.07973315 0.6563854 ]
 [0.65301186 0.07132815 0.27565998]
 [0.3309223  0.01602945 0.6530482 ]
 [0.29622453 0.54973644 0.15403903]
 [0.03210282 0.04246402 0.92543316]]
probabilities: [[0.4731035  0.48062584 0.04627067]
 [0.32349667 0.44603202 0.23047133]
 [0.4949753  0.47761044 0.02741426]
 [0.42604715 0.26487255 0.3090803 ]
 [0.35172248 0.22292218 0.42535535]]
probabilities: [[0.6099594  0.26455617 0.12548442]
 [0.21504529 0.62858707 0.15636763]
 [0.17924291 0.51958865 0.30116844]
 [0.20118351 0.335507   0.46330947]
 [0.16767992 0.03186775 0.80045235]]
probabilities: [[1. 0. 0.]
 [1. 0. 0.]
 [1. 0. 0.]
 [1. 0. 0.]
 [1. 0. 0.]]
probabilities: [[0.1528988  0.47748488 0.3696163 ]
 [0.71524143 0.04330172 0.24145684]
 [0.21564505 0.693853   0.09050192]
 [0.01855912 0.57553506 0.40590578]
 [0.671803   0.21683533 0.11136169]]
probabilities: [[0.6124337  0.03253481 0.3550315 ]
 [0.05017501 0.8069517  0.14287326]
 [0.5410117  0.21953797 0.23945034]
 [0.06504787 0.44052276 0.49442935]
 [0.22007042 0.6819945  0.0979351 ]]
probabilities: [[0.17962436 0.08116609 0.73920953]
 [0.13659215 0.01778723 0.84562063]
 [0.09575318 0.22910845 0.67513835]
 [0.41279417 0.00624591 0.5809599 ]
 [0.6202016  0.1446304  0.23516802]]
probabilities: [[0. 0. 1.]
 [0. 1. 0.]
 [0. 0. 1.]
 [0. 0. 1.]
 [0. 0. 1.]]
probabilities: [[0.09079953 0.7206066  0.18859388]
 [0.50066525 0.28064713 0.21868762]
 [0.5809939  0.33106554 0.08794057]
 [0.68030965 0.28854656 0.03114377]
 [0.5578067  0.42183867 0.02035469]]
probabilities: [[0.3002379  0.16476813 0.53499395]
 [0.0569159  0.58435214 0.35873199]
 [0.101615   0.7097821  0.18860285]
 [0.37333977 0.18950015 0.4371601 ]
 [0.59823024 0.22561574 0.17615399]]
probabilities: [[0.61694586 0.01121006 0.37184405]
 [0.03233347 0.2602852  0.7073813 ]
 [0.09261294 0.6368841  0.27050298]
 [0.06776917 0.27366585 0.658565  ]
 [0.19049466 0.7706856  0.03881972]]
probabilities: [[0. 0. 1.]
 [0. 1. 0.]
 [0. 0. 1.]
 [0. 0. 1.]
 [0. 0. 1.]]
probabilities: [[0.58439183 0.13142093 0.28418726]
 [0.4440593  0.338401   0.2175397 ]
 [0.8769389  0.03305576 0.09000536]
 [0.13738063 0.6971335  0.16548589]
 [0.8543769  0.14181712 0.00380596]]
probabilities: [[0.40827712 0.35711598 0.2346069 ]
 [0.50408053 0.01789032 0.47802916]
 [0.00385007 0.24682787 0.74932206]
 [0.32709903 0.22637065 0.4465303 ]
 [0.04146168 0.20101783 0.7575205 ]]
probabilities: [[0.32143903 0.58215076 0.09641023]
 [0.07665747 0.27727872 0.6460638 ]
 [0.16037105 0.57852024 0.2611087 ]
 [0.00537355 0.69196606 0.30266038]
 [0.1302342  0.08135839 0.7884074 ]]
probabilities: [[1. 0. 0.]
 [1. 0. 0.]
 [1. 0. 0.]
 [1. 0. 0.]
 [1. 0. 0.]]
probabilities: [[3.8369086e-01 5.2876663e-01 8.7542489e-02]
 [9.0363890e-02 2.1668379e-01 6.9295233e-01]
 [1.3582843e-02 5.0281590e-01 4.8360124e-01]
 [4.0034151e-01 1.9551194e-01 4.0414655e-01]
 [3.4985086e-01 6.4958817e-01 5.6096289e-04]]
probabilities: [[0.07485998 0.24702452 0.6781155 ]
 [0.03359369 0.29099673 0.67540956]
 [0.2269921  0.51532054 0.2576874 ]
 [0.7515008  0.04500096 0.20349824]
 [0.38900593 0.39147696 0.21951711]]
probabilities: [[0.03299771 0.48832864 0.47867367]
 [0.22342302 0.63397205 0.14260495]
 [0.6500095  0.05850227 0.2914882 ]
 [0.38318342 0.2240886  0.39272797]
 [0.00855383 0.93739283 0.05405334]]
probabilities: [[0. 0. 1.]
 [0. 1. 0.]
 [0. 0. 1.]
 [0. 0. 1.]
 [0. 0. 1.]]
probabilities: [[0.62883556 0.08015667 0.29100776]
 [0.71923673 0.09382483 0.18693843]
 [0.1565056  0.40304312 0.4404513 ]
 [0.10018507 0.520652   0.37916294]
 [0.21520431 0.67542136 0.10937435]]
probabilities: [[0.39033228 0.36813638 0.24153133]
 [0.04117036 0.5980362  0.36079338]
 [0.07907869 0.8914075  0.02951383]
 [0.36035275 0.21027215 0.42937508]
 [0.24580036 0.47379294 0.2804067 ]]
probabilities: [[0.7260395  0.12442486 0.14953561]
 [0.27404457 0.38213724 0.34381816]
 [0.34148905 0.05793473 0.6005762 ]
 [0.32112032 0.40640122 0.27247846]
 [0.28627068 0.5543779  0.15935141]]
probabilities: [[0. 0. 1.]
 [0. 1. 0.]
 [0. 1. 0.]
 [0. 0. 1.]
 [0. 0. 1.]]
probabilities: [[0.4525189  0.14764442 0.3998367 ]
 [0.14986138 0.30252957 0.54760903]
 [0.04070454 0.6516692  0.30762628]
 [0.5248174  0.31938055 0.15580204]
 [0.30776882 0.25666267 0.43556854]]
probabilities: [[0.7677312  0.06793853 0.16433026]
 [0.77335274 0.19879869 0.0278486 ]
 [0.0639464  0.02883051 0.9072231 ]
 [0.08024348 0.5579686  0.36178792]
 [0.27863654 0.10262329 0.61874014]]
probabilities: [[0.19352566 0.7955333  0.01094102]
 [0.3647251  0.22815496 0.40711993]
 [0.6591405  0.12327109 0.21758841]
 [0.2364069  0.7576637  0.00592934]
 [0.34117392 0.1755957  0.48323038]]
probabilities: [[0. 0. 1.]
 [0. 1. 0.]
 [0. 1. 0.]
 [0. 0. 1.]
 [0. 0. 1.]]
probabilities: [[0.1228686  0.5247468  0.35238466]
 [0.5514334  0.17383707 0.27472952]
 [0.47803295 0.5058707  0.01609633]
 [0.26379558 0.43159893 0.30460548]
 [0.52934766 0.46935743 0.00129489]]
probabilities: [[0.04436693 0.62502444 0.33060867]
 [0.4497641  0.13524745 0.41498843]
 [0.5870774  0.13560417 0.27731848]
 [0.6044283  0.02001465 0.37555707]
 [0.19650899 0.02715522 0.7763358 ]]
probabilities: [[0.5194413  0.09183376 0.38872492]
 [0.681826   0.1228208  0.19535322]
 [0.19242442 0.13618828 0.6713873 ]
 [0.05776607 0.24452217 0.69771177]
 [0.04870451 0.18984634 0.76144916]]
probabilities: [[1. 0. 0.]
 [1. 0. 0.]
 [1. 0. 0.]
 [1. 0. 0.]
 [1. 0. 0.]]
probabilities: [[0.07293152 0.56705874 0.3600097 ]
 [0.13183482 0.47377878 0.3943864 ]
 [0.7310803  0.06713435 0.20178537]
 [0.5501204  0.04471012 0.40516946]
 [0.02247373 0.5282437  0.4492826 ]]
probabilities: [[0.7764205  0.11649793 0.10708158]
 [0.2655693  0.32233965 0.41209105]
 [0.17515868 0.36813557 0.45670575]
 [0.6993883  0.2878686  0.01274308]
 [0.73958796 0.12749815 0.13291387]]
probabilities: [[0.10343207 0.85275537 0.04381257]
 [0.41789362 0.2421976  0.33990878]
 [0.15689643 0.00542479 0.8376788 ]
 [0.32207048 0.5618303  0.11609922]
 [0.04313638 0.70450807 0.25235555]]
probabilities: [[0. 0. 1.]
 [0. 1. 0.]
 [0. 0. 1.]
 [0. 0. 1.]
 [0. 0. 1.]]
probabilities: [[0.29878426 0.02845979 0.67275596]
 [0.28017277 0.01767165 0.7021556 ]
 [0.12580168 0.11278129 0.76141703]
 [0.4536122  0.3163     0.2300878 ]
 [0.38750935 0.55885124 0.0536394 ]]
probabilities: [[0.34505087 0.35273552 0.30221358]
 [0.5385718  0.0713845  0.3900437 ]
 [0.17285438 0.41547439 0.41167122]
 [0.1454159  0.83586395 0.01872014]
 [0.00227578 0.3928409  0.6048833 ]]
probabilities: [[0.22384225 0.04108591 0.73507184]
 [0.30958584 0.46087408 0.2295401 ]
 [0.47533852 0.5135031  0.01115842]
 [0.73814493 0.11666042 0.14519462]
 [0.3131176  0.23721768 0.44966474]]
probabilities: [[0. 1. 0.]
 [0. 1. 0.]
 [0. 1. 0.]
 [0. 1. 0.]
 [0. 1. 0.]]
probabilities: [[0.19400251 0.22360784 0.58238965]
 [0.25231728 0.51707524 0.2306075 ]
 [0.3335951  0.29678395 0.36962095]
 [0.39581844 0.5447553  0.05942628]
 [0.23364529 0.41727298 0.3490817 ]]
probabilities: [[0.4182977  0.507845   0.07385734]
 [0.03905841 0.5386139  0.42232767]
 [0.4300822  0.21519679 0.354721  ]
 [0.38807377 0.47410867 0.13781756]
 [0.4924221  0.43108067 0.07649723]]
probabilities: [[0.02205295 0.69849503 0.279452  ]
 [0.2290304  0.08547135 0.68549824]
 [0.38626435 0.18333228 0.43040335]
 [0.81632763 0.1759428  0.00772958]
 [0.54459435 0.43528745 0.02011821]]
probabilities: [[0. 0. 1.]
 [0. 1. 0.]
 [0. 0. 1.]
 [0. 0. 1.]
 [0. 0. 1.]]
probabilities: [[0.7961046  0.17092445 0.03297093]
 [0.37699828 0.5095907  0.11341104]
 [0.6909056  0.20114443 0.10794999]
 [0.9647192  0.01776171 0.01751913]
 [0.5974632  0.2710082  0.13152859]]
probabilities: [[0.22215532 0.59787667 0.17996801]
 [0.16683899 0.45092437 0.38223663]
 [0.33207068 0.15476573 0.5131636 ]
 [0.785243   0.08154948 0.13320757]
 [0.344847   0.63426906 0.02088394]]
probabilities: [[0.22435921 0.20361608 0.5720247 ]
 [0.21064799 0.05072946 0.73862255]
 [0.02633902 0.16955729 0.8041037 ]
 [0.43414024 0.13489223 0.43096754]
 [0.56265885 0.05162323 0.38571793]]
probabilities: [[0. 0. 1.]
 [0. 1. 0.]
 [0. 0. 1.]
 [0. 0. 1.]
 [0. 0. 1.]]
probabilities: [[0.29970673 0.16882132 0.53147197]
 [0.69262916 0.04395418 0.26341668]
 [0.14854294 0.56626266 0.28519443]
 [0.7821344  0.02798892 0.18987665]
 [0.1792686  0.33448255 0.48624885]]
probabilities: [[0.7522477  0.24556504 0.0021873 ]
 [0.0264931  0.68509567 0.28841123]
 [0.1259273  0.5948953  0.2791774 ]
 [0.30770698 0.4764181  0.21587491]
 [0.4072168  0.46483922 0.12794398]]
probabilities: [[0.20358683 0.77477336 0.02163979]
 [0.36211735 0.62089473 0.01698791]
 [0.06581847 0.8228673  0.11131428]
 [0.31754893 0.42065233 0.2617987 ]
 [0.3088417  0.4012409  0.2899174 ]]
probabilities: [[1. 0. 0.]
 [1. 0. 0.]
 [1. 0. 0.]
 [1. 0. 0.]
 [1. 0. 0.]]
probabilities: [[0.5803256  0.02801416 0.3916602 ]
 [0.5460189  0.3274623  0.12651885]
 [0.24490665 0.16773291 0.58736044]
 [0.62189865 0.31062907 0.06747226]
 [0.33382198 0.25221512 0.4139629 ]]
probabilities: [[0.64394015 0.29057252 0.06548733]
 [0.21826874 0.02008104 0.7616502 ]
 [0.00682317 0.44913498 0.5440419 ]
 [0.07021482 0.13586423 0.79392093]
 [0.4890015  0.12156345 0.38943502]]
probabilities: [[0.27104694 0.10766468 0.62128836]
 [0.33509856 0.41376472 0.25113672]
 [0.6327898  0.07047252 0.2967377 ]
 [0.03811559 0.6038084  0.35807604]
 [0.1974638  0.5910881  0.2114481 ]]
probabilities: [[1. 0. 0.]
 [1. 0. 0.]
 [1. 0. 0.]
 [1. 0. 0.]
 [1. 0. 0.]]
probabilities: [[0.01436401 0.8220625  0.16357349]
 [0.21573298 0.33803803 0.446229  ]
 [0.41380942 0.2107319  0.3754587 ]
 [0.70526206 0.03602752 0.25871038]
 [0.43351418 0.40318713 0.16329873]]
probabilities: [[0.20734917 0.6829482  0.10970268]
 [0.31258577 0.33119538 0.35621884]
 [0.204952   0.39409372 0.40095428]
 [0.46565178 0.5314612  0.00288705]
 [0.39360178 0.03767939 0.56871885]]
probabilities: [[0.24158016 0.08433559 0.67408425]
 [0.19993289 0.39407796 0.40598914]
 [0.28116617 0.52951133 0.18932252]
 [0.70532435 0.06201412 0.23266152]
 [0.19076428 0.62006766 0.18916805]]
probabilities: [[1. 0. 0.]
 [1. 0. 0.]
 [1. 0. 0.]
 [1. 0. 0.]
 [1. 0. 0.]]
probabilities: [[0.25504863 0.51724035 0.227711  ]
 [0.02451543 0.5911461  0.38433844]
 [0.7137209  0.01143031 0.2748488 ]
 [0.05150625 0.06484585 0.8836479 ]
 [0.35550076 0.601396   0.04310324]]
probabilities: [[0.33700922 0.42418182 0.23880897]
 [0.17104083 0.65454054 0.1744186 ]
 [0.50674546 0.22396699 0.2692876 ]
 [0.33321056 0.58760124 0.07918818]
 [0.43167108 0.15689595 0.41143295]]
probabilities: [[0.41007766 0.306263   0.2836593 ]
 [0.2786784  0.47998735 0.24133424]
 [0.81539273 0.1696962  0.01491107]
 [0.11266519 0.7224018  0.164933  ]
 [0.19536893 0.36632746 0.4383036 ]]
probabilities: [[0. 1. 0.]
 [0. 1. 0.]
 [0. 1. 0.]
 [0. 1. 0.]
 [0. 1. 0.]]
probabilities: [[0.29567882 0.68692416 0.01739703]
 [0.6419142  0.24740621 0.1106796 ]
 [0.12785362 0.5634833  0.30866307]
 [0.51609796 0.2583852  0.22551686]
 [0.83766246 0.14760347 0.01473409]]
probabilities: [[0.07498673 0.24967267 0.6753406 ]
 [0.36039385 0.40667468 0.23293146]
 [0.10318425 0.05344351 0.8433722 ]
 [0.63060623 0.10068249 0.26871127]
 [0.27815756 0.05265613 0.6691863 ]]
probabilities: [[0.54885525 0.37751102 0.07363374]
 [0.31885675 0.6322173  0.04892598]
 [0.4236246  0.15592471 0.4204507 ]
 [0.25368494 0.73430717 0.01200792]
 [0.41754025 0.37116855 0.21129118]]
probabilities: [[1. 0. 0.]
 [1. 0. 0.]
 [1. 0. 0.]
 [1. 0. 0.]
 [1. 0. 0.]]
probabilities: [[0.21774651 0.46526173 0.31699175]
 [0.03150607 0.5359892  0.4325047 ]
 [0.15955903 0.6811087  0.15933225]
 [0.8932508  0.01299077 0.0937584 ]
 [0.14907482 0.01877193 0.83215326]]
probabilities: [[0.2125787  0.26310813 0.52431315]
 [0.14275613 0.6767405  0.18050335]
 [0.09254095 0.39724508 0.510214  ]
 [0.23602155 0.28880927 0.47516918]
 [0.2849828  0.24926993 0.46574727]]
probabilities: [[0.5911555  0.03578198 0.3730625 ]
 [0.16243836 0.61426884 0.22329277]
 [0.5277546  0.07166794 0.4005775 ]
 [0.6681773  0.0096042  0.3222185 ]
 [0.17154144 0.5154382  0.31302038]]
probabilities: [[0. 1. 0.]
 [0. 1. 0.]
 [0. 1. 0.]
 [0. 1. 0.]
 [0. 1. 0.]]
probabilities: [[0.3074209  0.15138534 0.5411937 ]
 [0.05322924 0.13019209 0.8165787 ]
 [0.6322906  0.35570422 0.01200519]
 [0.08426768 0.265462   0.6502703 ]
 [0.52376646 0.45119888 0.02503467]]
probabilities: [[0.00897383 0.7364817  0.25454447]
 [0.31580764 0.3470706  0.33712173]
 [0.4959247  0.06610078 0.4379745 ]
 [0.17657492 0.2420875  0.5813376 ]
 [0.6125754  0.10980266 0.27762192]]
probabilities: [[0.45208502 0.27954474 0.26837024]
 [0.19579665 0.62980205 0.17440128]
 [0.30648658 0.01248982 0.6810236 ]
 [0.12158093 0.06942908 0.80899   ]
 [0.02680042 0.20858426 0.7646153 ]]
probabilities: [[0. 0. 1.]
 [0. 1. 0.]
 [0. 0. 1.]
 [0. 0. 1.]
 [0. 0. 1.]]
probabilities: [[0.6850663  0.19849591 0.11643784]
 [0.92423713 0.03973362 0.03602926]
 [0.10013194 0.07308986 0.82677823]
 [0.11359352 0.49870735 0.38769913]
 [0.05285677 0.43393937 0.51320386]]
probabilities: [[0.52656424 0.3318768  0.14155895]
 [0.1741636  0.22997731 0.5958591 ]
 [0.6893564  0.2999773  0.0106663 ]
 [0.03202154 0.2584218  0.70955664]
 [0.35239527 0.60460514 0.04299962]]
probabilities: [[0.6288303  0.14460622 0.22656345]
 [0.7084689  0.2573503  0.03418079]
 [0.19256577 0.4527046  0.35472962]
 [0.45000482 0.30168763 0.24830757]
 [0.28916833 0.6120486  0.09878305]]
probabilities: [[1. 0. 0.]
 [1. 0. 0.]
 [1. 0. 0.]
 [1. 0. 0.]
 [1. 0. 0.]]
probabilities: [[0.77788424 0.16421615 0.0578996 ]
 [0.06574026 0.09369864 0.8405611 ]
 [0.25448892 0.543238   0.20227309]
 [0.11567905 0.3517487  0.53257227]
 [0.51552165 0.15564215 0.3288362 ]]
probabilities: [[0.07744407 0.24842858 0.67412734]
 [0.1519752  0.13086197 0.71716285]
 [0.6990202  0.24831206 0.05266774]
 [0.03703795 0.79692274 0.1660393 ]
 [0.31623682 0.1327471  0.5510161 ]]
probabilities: [[0.07887448 0.21213104 0.7089945 ]
 [0.4164033  0.39131674 0.19227995]
 [0.25890154 0.57635933 0.16473915]
 [0.06700486 0.91391754 0.01907757]
 [0.22119632 0.38855174 0.3902519 ]]
probabilities: [[0. 0. 1.]
 [0. 1. 0.]
 [0. 0. 1.]
 [0. 0. 1.]
 [0. 0. 1.]]
probabilities: [[0.03980234 0.46740285 0.4927948 ]
 [0.7120418  0.2633132  0.024645  ]
 [0.33066013 0.12920317 0.5401367 ]
 [0.2505658  0.44396886 0.30546534]
 [0.69155085 0.24824266 0.06020647]]
probabilities: [[0.6319478  0.35906664 0.00898552]
 [0.22569762 0.2189125  0.5553899 ]
 [0.6421331  0.00968503 0.34818184]
 [0.36985457 0.08977146 0.540374  ]
 [0.1642578  0.7715917  0.06415047]]
probabilities: [[0.62623864 0.37239724 0.00136409]
 [0.01809639 0.22205816 0.75984544]
 [0.34305537 0.23255518 0.42438945]
 [0.12436893 0.15442619 0.7212049 ]
 [0.3321622  0.42152423 0.24631359]]
probabilities: [[0. 0. 1.]
 [0. 1. 0.]
 [0. 0. 1.]
 [0. 0. 1.]
 [0. 0. 1.]]
probabilities: [[0.04157209 0.6644858  0.2939421 ]
 [0.21371719 0.60361725 0.18266554]
 [0.12533821 0.2813928  0.593269  ]
 [0.19448876 0.58996904 0.21554223]
 [0.22687435 0.69103897 0.08208666]]
probabilities: [[0.53797954 0.18886709 0.27315336]
 [0.7340163  0.19117153 0.07481217]
 [0.18577959 0.00948248 0.8047379 ]
 [0.7693504  0.02763152 0.20301805]
 [0.00403447 0.10871935 0.8872462 ]]
probabilities: [[0.30985424 0.11546649 0.57467926]
 [0.22067156 0.00358706 0.7757414 ]
 [0.26125184 0.22992589 0.50882226]
 [0.029599   0.12303776 0.84736323]
 [0.5264528  0.36627072 0.10727654]]
probabilities: [[0. 0. 1.]
 [0. 1. 0.]
 [0. 1. 0.]
 [0. 0. 1.]
 [0. 0. 1.]]
probabilities: [[0.55364966 0.25095066 0.19539966]
 [0.3528517  0.12159025 0.52555805]
 [0.26819772 0.707577   0.0242253 ]
 [0.07794473 0.1121539  0.80990136]
 [0.3939434  0.10495747 0.5010991 ]]
probabilities: [[0.26167008 0.662362   0.07596795]
 [0.37671906 0.0844321  0.5388489 ]
 [0.05664453 0.87029546 0.07306001]
 [0.31249312 0.0888364  0.5986705 ]
 [0.38651788 0.33077252 0.2827096 ]]
probabilities: [[0.08277144 0.51262856 0.40460002]
 [0.25607264 0.65470535 0.08922201]
 [0.538489   0.14176957 0.31974146]
 [0.6755963  0.30225176 0.02215194]
 [0.4413776  0.55468565 0.00393676]]
probabilities: [[0. 1. 0.]
 [0. 1. 0.]
 [0. 1. 0.]
 [0. 1. 0.]
 [0. 1. 0.]]
probabilities: [[0.2648803  0.11501065 0.6201091 ]
 [0.25844315 0.3079162  0.43364063]
 [0.25116882 0.28585982 0.46297133]
 [0.5713693  0.1993615  0.2292692 ]
 [0.3490744  0.09744965 0.553476  ]]
probabilities: [[0.01258948 0.336672   0.65073854]
 [0.02943026 0.31889516 0.65167457]
 [0.11060216 0.13083881 0.75855905]
 [0.00825183 0.12063584 0.87111235]
 [0.04895696 0.871945   0.079098  ]]
probabilities: [[0.02976318 0.14410144 0.8261354 ]
 [0.11572663 0.63692546 0.24734792]
 [0.3759523  0.23569858 0.3883491 ]
 [0.5829213  0.04764742 0.3694313 ]
 [0.12130059 0.46468607 0.41401333]]
probabilities: [[0. 0. 1.]
 [0. 1. 0.]
 [0. 0. 1.]
 [0. 0. 1.]
 [0. 0. 1.]]
probabilities: [[0.44392216 0.21249129 0.34358653]
 [0.15297271 0.81058264 0.03644463]
 [0.16504058 0.39072776 0.44423166]
 [0.2880407  0.0220623  0.689897  ]
 [0.8483773  0.05773877 0.09388394]]
probabilities: [[0.7239207  0.10387816 0.17220113]
 [0.4246339  0.45152545 0.12384064]
 [0.04989669 0.85704696 0.09305632]
 [0.55966395 0.25041616 0.18991987]
 [0.48908898 0.4201398  0.09077123]]
probabilities: [[0.16811451 0.1664011  0.66548437]
 [0.6516127  0.3373333  0.01105403]
 [0.33271867 0.48914614 0.17813519]
 [0.37081656 0.16947058 0.45971286]
 [0.47545245 0.41130465 0.11324289]]
probabilities: [[0. 0. 1.]
 [0. 1. 0.]
 [0. 1. 0.]
 [0. 0. 1.]
 [0. 0. 1.]]
probabilities: [[0.6142265  0.06124736 0.3245261 ]
 [0.07481711 0.4008608  0.5243221 ]
 [0.0020644  0.7517364  0.2461992 ]
 [0.4926005  0.11034628 0.39705324]
 [0.19182645 0.7037022  0.10447132]]
probabilities: [[0.19949889 0.00605907 0.79444206]
 [0.42536464 0.0842084  0.49042696]
 [0.2955879  0.5941918  0.11022031]
 [0.8838925  0.0928252  0.02328233]
 [0.560421   0.30622527 0.13335374]]
probabilities: [[0.61946285 0.2657946  0.11474257]
 [0.46563253 0.27782857 0.2565389 ]
 [0.44953778 0.40277275 0.14768948]
 [0.00108493 0.99228936 0.00662573]
 [0.5596569  0.08975614 0.35058692]]
probabilities: [[1. 0. 0.]
 [1. 0. 0.]
 [1. 0. 0.]
 [1. 0. 0.]
 [1. 0. 0.]]
probabilities: [[0.08888746 0.49925312 0.41185942]
 [0.19715227 0.0900287  0.71281904]
 [0.5396457  0.45161036 0.00874397]
 [0.05186068 0.5254446  0.42269468]
 [0.53670555 0.29381418 0.16948025]]
probabilities: [[0.08056504 0.707908   0.21152698]
 [0.02994284 0.431965   0.5380922 ]
 [0.39251137 0.30064532 0.3068433 ]
 [0.81856996 0.03872041 0.14270964]
 [0.04066081 0.7933913  0.1659479 ]]
probabilities: [[0.6238506  0.19345467 0.18269473]
 [0.00099463 0.93471056 0.06429484]
 [0.1447548  0.3572108  0.49803442]
 [0.13905336 0.17246634 0.6884803 ]
 [0.60539186 0.08861488 0.30599323]]
probabilities: [[0. 0. 1.]
 [0. 1. 0.]
 [0. 0. 1.]
 [0. 0. 1.]
 [0. 0. 1.]]
probabilities: [[0.12300292 0.85041857 0.02657851]
 [0.31072003 0.04675668 0.6425233 ]
 [0.01803864 0.10141003 0.88055134]
 [0.35595998 0.07863544 0.5654046 ]
 [0.8426031  0.05743444 0.09996247]]
probabilities: [[0.25264776 0.25032997 0.49702227]
 [0.36997825 0.11257557 0.51744616]
 [0.39904273 0.3377025  0.26325476]
 [0.3150419  0.02412629 0.6608318 ]
 [0.44777414 0.2730255  0.27920035]]
probabilities: [[0.35597    0.05963477 0.58439523]
 [0.30448303 0.24747385 0.4480431 ]
 [0.16064289 0.21001747 0.62933964]
 [0.40040565 0.5913019  0.00829242]
 [0.36602846 0.4452163  0.18875524]]
probabilities: [[1. 0. 0.]
 [1. 0. 0.]
 [1. 0. 0.]
 [1. 0. 0.]
 [1. 0. 0.]]
probabilities: [[0.32610384 0.3272736  0.34662256]
 [0.24210723 0.6535798  0.10431298]
 [0.09187832 0.55945235 0.34866935]
 [0.15847132 0.7701846  0.07134414]
 [0.09611209 0.4748898  0.4289981 ]]
probabilities: [[0.14386544 0.406752   0.44938257]
 [0.4827225  0.04669489 0.4705826 ]
 [0.17025048 0.348344   0.48140553]
 [0.09509654 0.0405323  0.8643712 ]
 [0.46090904 0.52480584 0.01428509]]
probabilities: [[0.23051421 0.5938152  0.1756706 ]
 [0.5824854  0.1567826  0.26073205]
 [0.77787536 0.10040364 0.12172101]
 [0.7447357  0.17999776 0.0752665 ]
 [0.27489278 0.6276875  0.09741972]]
probabilities: [[0. 0. 1.]
 [0. 1. 0.]
 [0. 0. 1.]
 [0. 0. 1.]
 [0. 0. 1.]]
probabilities: [[0.21527988 0.29835364 0.48636648]
 [0.04793336 0.38613418 0.56593245]
 [0.2591084  0.23352796 0.5073637 ]
 [0.583826   0.3965555  0.0196185 ]
 [0.514137   0.32396746 0.16189548]]
probabilities: [[0.3224322  0.30696186 0.37060595]
 [0.34590477 0.45897534 0.19511989]
 [0.65402734 0.012731   0.33324167]
 [0.32146668 0.3499058  0.3286275 ]
 [0.3930878  0.13684447 0.47006774]]
probabilities: [[0.3714487  0.18410924 0.44444206]
 [0.17560142 0.71834844 0.10605013]
 [0.23967476 0.3405104  0.41981485]
 [0.38466394 0.23648433 0.37885174]
 [0.09567031 0.33210266 0.57222706]]
probabilities: [[0. 1. 0.]
 [0. 1. 0.]
 [0. 1. 0.]
 [0. 1. 0.]
 [0. 1. 0.]]
probabilities: [[0.45947468 0.2777045  0.2628208 ]
 [0.34519342 0.17521131 0.47959524]
 [0.1795319  0.6037548  0.21671325]
 [0.44197005 0.18089071 0.37713927]
 [0.23011276 0.68400276 0.08588446]]
probabilities: [[0.71827877 0.27668995 0.00503129]
 [0.35987204 0.4320886  0.20803933]
 [0.5304222  0.4118685  0.05770927]
 [0.40448907 0.2873216  0.30818933]
 [0.9507692  0.01372438 0.03550642]]
probabilities: [[0.14330308 0.47159758 0.38509932]
 [0.26932842 0.37632254 0.35434905]
 [0.10735507 0.5615314  0.33111352]
 [0.57198244 0.0398156  0.38820195]
 [0.10298959 0.5112435  0.3857669 ]]
probabilities: [[0. 1. 0.]
 [0. 1. 0.]
 [0. 1. 0.]
 [0. 1. 0.]
 [0. 1. 0.]]
probabilities: [[0.0390133  0.8630836  0.09790308]
 [0.15639795 0.0331413  0.81046075]
 [0.74578094 0.23330289 0.02091617]
 [0.5379659  0.08684199 0.37519208]
 [0.19848813 0.11147606 0.6900358 ]]
probabilities: [[0.16530049 0.3716831  0.4630164 ]
 [0.33384258 0.30125624 0.36490119]
 [0.0433937  0.37970906 0.57689726]
 [0.6114447  0.19907664 0.18947867]
 [0.4890215  0.50052243 0.01045607]]
probabilities: [[0.7149311  0.09723599 0.18783292]
 [0.01742681 0.7105206  0.2720526 ]
 [0.35743186 0.33119956 0.31136858]
 [0.8938713  0.05663656 0.04949213]
 [0.08443578 0.65057015 0.26499408]]
probabilities: [[0. 0. 1.]
 [0. 1. 0.]
 [0. 0. 1.]
 [0. 0. 1.]
 [0. 0. 1.]]
probabilities: [[0.13362896 0.28883725 0.5775338 ]
 [0.05301323 0.797179   0.14980778]
 [0.09114283 0.323122   0.5857352 ]
 [0.03243538 0.901516   0.06604861]
 [0.90268326 0.04430361 0.05301312]]
probabilities: [[0.30322972 0.21265078 0.4841195 ]
 [0.61950743 0.1435585  0.23693408]
 [0.8409513  0.15134642 0.00770224]
 [0.08382212 0.13173603 0.7844418 ]
 [0.7330306  0.25530016 0.01166919]]
probabilities: [[0.3767822  0.42238307 0.20083474]
 [0.31192127 0.50873584 0.17934288]
 [0.68695956 0.1808757  0.13216476]
 [0.48907578 0.45496383 0.05596036]
 [0.819237   0.08555806 0.09520496]]
probabilities: [[0. 0. 1.]
 [0. 1. 0.]
 [0. 1. 0.]
 [0. 0. 1.]
 [0. 0. 1.]]
probabilities: [[0.30278936 0.18135421 0.51585644]
 [0.3327286  0.2940761  0.37319532]
 [0.1958386  0.08758412 0.7165773 ]
 [0.22035207 0.10978255 0.66986537]
 [0.26842445 0.31008682 0.42148873]]
probabilities: [[0.02620643 0.95383006 0.01996353]
 [0.10410762 0.10237405 0.7935183 ]
 [0.15955846 0.6437263  0.19671522]
 [0.62571496 0.03548553 0.33879954]
 [0.2969428  0.17228696 0.53077024]]
probabilities: [[0.40792632 0.5149618  0.07711191]
 [0.534846   0.24791266 0.21724133]
 [0.11595311 0.07022808 0.8138188 ]
 [0.06482186 0.3809305  0.5542476 ]
 [0.17786667 0.15716724 0.6649661 ]]
probabilities: [[1. 0. 0.]
 [1. 0. 0.]
 [1. 0. 0.]
 [1. 0. 0.]
 [1. 0. 0.]]
probabilities: [[0.07336123 0.59697914 0.3296596 ]
 [0.10081681 0.3696452  0.529538  ]
 [0.08539861 0.5854572  0.32914418]
 [0.19609518 0.32864556 0.47525927]
 [0.18943676 0.32330328 0.48725995]]
probabilities: [[0.4603942  0.15186763 0.38773817]
 [0.1568461  0.02875439 0.8143995 ]
 [0.45231616 0.49051586 0.057168  ]
 [0.0385862  0.8243311  0.13708271]
 [0.28973934 0.24251541 0.46774524]]
probabilities: [[0.09630031 0.3163556  0.5873441 ]
 [0.5444052  0.43166673 0.02392807]
 [0.10633919 0.35738975 0.53627104]
 [0.36458826 0.24079937 0.39461237]
 [0.41348398 0.0476083  0.5389077 ]]
probabilities: [[0. 0. 1.]
 [0. 1. 0.]
 [0. 1. 0.]
 [0. 0. 1.]
 [0. 0. 1.]]
probabilities: [[0.53451437 0.06544008 0.40004557]
 [0.21466745 0.08982682 0.69550574]
 [0.46942055 0.25884667 0.27173278]
 [0.6485006  0.22521083 0.12628852]
 [0.3743183  0.57531554 0.05036614]]
probabilities: [[0.59514743 0.34745845 0.0573941 ]
 [0.1718372  0.16794665 0.66021615]
 [0.02974254 0.6981353  0.27212214]
 [0.1155714  0.357934   0.5264946 ]
 [0.27672264 0.4393569  0.2839205 ]]
probabilities: [[0.17359315 0.09287778 0.7335291 ]
 [0.0938369  0.41808566 0.48807746]
 [0.28609222 0.683066   0.03084175]
 [0.26744106 0.5074081  0.22515087]
 [0.545858   0.2720185  0.18212347]]
probabilities: [[0. 0. 1.]
 [0. 1. 0.]
 [0. 0. 1.]
 [0. 0. 1.]
 [0. 0. 1.]]
probabilities: [[0.00085882 0.77558947 0.22355172]
 [0.55610365 0.3343875  0.10950885]
 [0.21801528 0.47120684 0.31077787]
 [0.14847933 0.2602282  0.5912925 ]
 [0.0223588  0.26827294 0.7093682 ]]
probabilities: [[0.3238887  0.04747184 0.62863946]
 [0.11810119 0.42766485 0.45423397]
 [0.5698251  0.3850062  0.04516869]
 [0.9008558  0.00545985 0.09368438]
 [0.28751338 0.29710856 0.41537806]]
probabilities: [[0.38283792 0.20682578 0.4103363 ]
 [0.32254764 0.17175783 0.5056945 ]
 [0.09169084 0.5995868  0.30872238]
 [0.48660427 0.4624924  0.05090332]
 [0.31551623 0.23522772 0.44925603]]
probabilities: [[0. 0. 1.]
 [0. 1. 0.]
 [0. 1. 0.]
 [0. 0. 1.]
 [0. 0. 1.]]
probabilities: [[0.6919133  0.13693456 0.17115211]
 [0.32289016 0.51741904 0.15969078]
 [0.58978117 0.17204088 0.23817796]
 [0.30408868 0.14850593 0.5474054 ]
 [0.02759517 0.6205546  0.3518502 ]]
probabilities: [[0.44605738 0.0588878  0.4950548 ]
 [0.09912055 0.88009506 0.0207844 ]
 [0.46588317 0.39626935 0.13784748]
 [0.0051372  0.6206259  0.3742369 ]
 [0.31390655 0.15914343 0.52695   ]]
probabilities: [[0.28401017 0.40652823 0.3094616 ]
 [0.1835364  0.29121417 0.5252494 ]
 [0.16284014 0.33081895 0.50634086]
 [0.20884271 0.0112919  0.7798654 ]
 [0.32989654 0.4521691  0.21793438]]
probabilities: [[0. 0. 1.]
 [0. 1. 0.]
 [0. 0. 1.]
 [0. 0. 1.]
 [0. 0. 1.]]
probabilities: [[0.03357168 0.6642144  0.30221397]
 [0.6275966  0.3197863  0.0526171 ]
 [0.90427107 0.07110345 0.02462546]
 [0.65259117 0.24857004 0.09883878]
 [0.10322405 0.79881847 0.09795749]]
probabilities: [[3.5011801e-01 5.6724215e-01 8.2639843e-02]
 [1.5815432e-01 6.9407892e-01 1.4776674e-01]
 [3.7483606e-01 3.0951097e-04 6.2485445e-01]
 [8.8395888e-01 9.6841879e-02 1.9199263e-02]
 [4.4999108e-01 3.8209182e-01 1.6791710e-01]]
probabilities: [[0.26070315 0.6494227  0.08987414]
 [0.3468722  0.36257055 0.29055724]
 [0.665198   0.03382    0.30098197]
 [0.37154302 0.43622664 0.19223033]
 [0.22345674 0.11186658 0.66467667]]
probabilities: [[0. 0. 1.]
 [0. 1. 0.]
 [0. 0. 1.]
 [0. 0. 1.]
 [0. 0. 1.]]
probabilities: [[0.06414602 0.10936465 0.8264893 ]
 [0.08924978 0.88289624 0.02785397]
 [0.42195106 0.12732582 0.4507231 ]
 [0.19686197 0.788894   0.01424406]
 [0.19884965 0.37586266 0.4252877 ]]
probabilities: [[0.13126099 0.8349493  0.03378972]
 [0.4042071  0.30880922 0.2869837 ]
 [0.06080656 0.3184555  0.62073797]
 [0.10753997 0.17252438 0.71993566]
 [0.8132135  0.02368414 0.16310234]]
probabilities: [[0.3995471  0.42186406 0.17858884]
 [0.01799275 0.5917214  0.39028582]
 [0.22684124 0.13673316 0.6364256 ]
 [0.21018165 0.22996801 0.55985034]
 [0.18483987 0.40488827 0.41027182]]
probabilities: [[0. 0. 1.]
 [0. 1. 0.]
 [0. 0. 1.]
 [0. 0. 1.]
 [0. 0. 1.]]
probabilities: [[0.13103203 0.1382341  0.7307339 ]
 [0.4100501  0.37823403 0.21171586]
 [0.31093884 0.2606036  0.42845756]
 [0.9322779  0.01746719 0.0502549 ]
 [0.39966702 0.14033234 0.46000063]]
probabilities: [[0.29466867 0.23369841 0.4716329 ]
 [0.8669581  0.07702129 0.05602063]
 [0.0366302  0.86707795 0.09629185]
 [0.5769922  0.38713506 0.03587272]
 [0.29973805 0.39952677 0.30073518]]
probabilities: [[0.00347549 0.8160581  0.18046643]
 [0.14172673 0.204692   0.65358126]
 [0.41863003 0.09921289 0.48215708]
 [0.23150598 0.5469991  0.22149493]
 [0.14994282 0.754186   0.09587122]]
probabilities: [[1. 0. 0.]
 [1. 0. 0.]
 [1. 0. 0.]
 [1. 0. 0.]
 [1. 0. 0.]]
probabilities: [[0.6446203  0.2569765  0.09840322]
 [0.26706213 0.39428866 0.3386492 ]
 [0.2518904  0.5215909  0.22651869]
 [0.33768028 0.03458399 0.62773573]
 [0.33187264 0.3042062  0.36392117]]
probabilities: [[0.84487325 0.12621611 0.02891064]
 [0.3010745  0.3759423  0.3229832 ]
 [0.2028939  0.41172108 0.38538504]
 [0.03424057 0.7582629  0.20749657]
 [0.70776147 0.11911028 0.17312825]]
probabilities: [[0.28357404 0.6406969  0.07572909]
 [0.65719765 0.3374795  0.00532286]
 [0.50273013 0.16171691 0.33555296]
 [0.22528194 0.48819706 0.286521  ]
 [0.01188654 0.11253911 0.87557435]]
probabilities: [[0. 0. 1.]
 [0. 1. 0.]
 [0. 1. 0.]
 [0. 0. 1.]
 [0. 0. 1.]]
probabilities: [[0.67244786 0.16058376 0.1669684 ]
 [0.1877877  0.57839227 0.23382   ]
 [0.882716   0.07109035 0.04619367]
 [0.5930906  0.10546818 0.30144122]
 [0.37070543 0.19158494 0.43770963]]
probabilities: [[0.15853447 0.13625777 0.70520777]
 [0.54679954 0.27719495 0.17600547]
 [0.07375103 0.00862173 0.9176272 ]
 [0.56214035 0.27168223 0.1661774 ]
 [0.38920942 0.17477648 0.43601412]]
probabilities: [[0.18981816 0.79186404 0.01831778]
 [0.25197965 0.6734226  0.07459777]
 [0.36251366 0.38656807 0.25091824]
 [0.01855525 0.87661624 0.10482848]
 [0.04238348 0.34578434 0.6118322 ]]
probabilities: [[1. 0. 0.]
 [1. 0. 0.]
 [1. 0. 0.]
 [1. 0. 0.]
 [1. 0. 0.]]
probabilities: [[0.37694272 0.0721228  0.5509345 ]
 [0.28005952 0.28474668 0.43519378]
 [0.20261489 0.4861274  0.31125772]
 [0.31064495 0.6613348  0.02802022]
 [0.02245431 0.68320453 0.29434115]]
probabilities: [[0.4174239  0.3155146  0.2670615 ]
 [0.35221604 0.18304428 0.4647397 ]
 [0.76421875 0.20349072 0.03229056]
 [0.04386177 0.6218113  0.33432698]
 [0.43794808 0.36255363 0.19949831]]
probabilities: [[0.8637775  0.08172445 0.05449801]
 [0.01922856 0.6107089  0.3700626 ]
 [0.6127572  0.18734078 0.199902  ]
 [0.15589914 0.02895534 0.8151455 ]
 [0.24365982 0.28945458 0.4668856 ]]
probabilities: [[0. 0. 1.]
 [0. 1. 0.]
 [0. 1. 0.]
 [0. 0. 1.]
 [0. 0. 1.]]
probabilities: [[0.14766094 0.6586664  0.19367269]
 [0.12950803 0.11833641 0.75215554]
 [0.58911186 0.05739729 0.35349083]
 [0.44098964 0.14874092 0.41026944]
 [0.5457883  0.26412857 0.19008315]]
probabilities: [[0.34072036 0.15709606 0.50218356]
 [0.39185923 0.01345667 0.59468406]
 [0.30952543 0.13426542 0.55620915]
 [0.70390403 0.24458222 0.05151375]
 [0.13501282 0.6830729  0.18191426]]
probabilities: [[0.42398563 0.18616332 0.38985106]
 [0.37495586 0.43951085 0.18553327]
 [0.7890265  0.0684616  0.14251192]
 [0.09834676 0.4334675  0.46818575]
 [0.04736009 0.27388582 0.6787541 ]]
probabilities: [[0. 0. 1.]
 [0. 1. 0.]
 [0. 0. 1.]
 [0. 0. 1.]
 [0. 0. 1.]]
probabilities: [[0.1873328  0.38781837 0.42484885]
 [0.30565134 0.05254954 0.6417991 ]
 [0.30866295 0.37761    0.31372705]
 [0.04460455 0.5247793  0.43061614]
 [0.1795581  0.11890445 0.70153743]]
probabilities: [[0.17608441 0.33750805 0.48640755]
 [0.15429735 0.42298254 0.4227201 ]
 [0.6119448  0.26464775 0.12340744]
 [0.5442736  0.36366758 0.09205883]
 [0.20952144 0.27986476 0.5106138 ]]
probabilities: [[0.14553526 0.7097473  0.14471741]
 [0.12035089 0.49516046 0.38448867]
 [0.14881776 0.8168425  0.03433978]
 [0.35338876 0.08174019 0.5648711 ]
 [0.00688813 0.06602519 0.92708665]]
probabilities: [[0. 0. 1.]
 [0. 1. 0.]
 [0. 0. 1.]
 [0. 0. 1.]
 [0. 0. 1.]]
probabilities: [[0.45172423 0.2867541  0.26152167]
 [0.26584688 0.46078792 0.2733652 ]
 [0.7133465  0.18371002 0.10294349]
 [0.503475   0.01652338 0.48000163]
 [0.64650995 0.2708018  0.08268823]]
probabilities: [[0.02539651 0.53366065 0.44094285]
 [0.09449566 0.8238874  0.08161694]
 [0.40513906 0.4499127  0.14494824]
 [0.72588855 0.07815487 0.19595656]
 [0.84396666 0.03233991 0.12369344]]
probabilities: [[0.7556293  0.16125283 0.08311784]
 [0.00635334 0.49690405 0.4967426 ]
 [0.21019791 0.7522559  0.03754614]
 [0.01873126 0.01845555 0.9628132 ]
 [0.05139381 0.8521625  0.09644374]]
probabilities: [[0. 0. 1.]
 [0. 1. 0.]
 [0. 0. 1.]
 [0. 0. 1.]
 [0. 0. 1.]]
probabilities: [[0.17159657 0.7464488  0.0819546 ]
 [0.36097145 0.51090986 0.1281187 ]
 [0.2694444  0.50652397 0.22403163]
 [0.31063953 0.5456971  0.14366336]
 [0.27215612 0.14776067 0.5800832 ]]
probabilities: [[0.12679005 0.14880882 0.7244011 ]
 [0.24323486 0.4412811  0.31548405]
 [0.65876603 0.12635261 0.21488136]
 [0.16256885 0.54350233 0.29392883]
 [0.62205    0.07918379 0.29876623]]
probabilities: [[0.44805467 0.41670674 0.13523857]
 [0.49416703 0.25977927 0.24605371]
 [0.03885226 0.3228714  0.63827634]
 [0.5896337  0.00913113 0.40123516]
 [0.06058967 0.43863863 0.5007717 ]]
probabilities: [[0. 0. 1.]
 [0. 1. 0.]
 [0. 0. 1.]
 [0. 0. 1.]
