probabilities: [[1. 0. 0.]
 [1. 0. 0.]
 [1. 0. 0.]
 [1. 0. 0.]
 [1. 0. 0.]]
probabilities: [[0.47492924 0.38414136 0.14092943]
 [0.45214522 0.07464638 0.47320843]
 [0.21251146 0.11492179 0.6725668 ]
 [0.67169064 0.11286409 0.21544528]
 [0.04790642 0.80090976 0.15118378]]
probabilities: [[0.48982975 0.47917682 0.03099344]
 [0.21247736 0.34220907 0.44531357]
 [0.16538633 0.31129122 0.52332246]
 [0.02660023 0.26152378 0.711876  ]
 [0.7732849  0.08939413 0.137321  ]]
probabilities: [[0.26806808 0.1695415  0.56239045]
 [0.30730355 0.29486015 0.3978363 ]
 [0.2765985  0.6963547  0.02704677]
 [0.29954407 0.55756426 0.14289166]
 [0.01436994 0.00518868 0.9804414 ]]
probabilities: [[0. 0. 1.]
 [0. 1. 0.]
 [0. 0. 1.]
 [0. 0. 1.]
 [0. 0. 1.]]
probabilities: [[0.09556399 0.14533381 0.7591022 ]
 [0.42200047 0.53957003 0.03842947]
 [0.01066483 0.17131221 0.81802297]
 [0.20708469 0.69380045 0.09911489]
 [0.28133887 0.21568753 0.5029736 ]]
probabilities: [[0.06218017 0.26714543 0.6706744 ]
 [0.0822184  0.9062306  0.01155098]
 [0.07240474 0.0643611  0.86323416]
 [0.25261    0.60879195 0.13859807]
 [0.06766661 0.56539994 0.36693347]]
probabilities: [[0.5827478  0.1040673  0.31318492]
 [0.14806122 0.31432644 0.5376124 ]
 [0.28711316 0.02257815 0.6903087 ]
 [0.57217675 0.37126055 0.0565627 ]
 [0.1201105  0.21832836 0.66156113]]
probabilities: [[0. 1. 0.]
 [0. 1. 0.]
 [0. 1. 0.]
 [0. 1. 0.]
 [0. 1. 0.]]
probabilities: [[0.41006035 0.34365952 0.24628012]
 [0.14375524 0.85400754 0.0022372 ]
 [0.15093413 0.5364638  0.31260207]
 [0.63485557 0.02271581 0.3424286 ]
 [0.62399596 0.33498    0.04102403]]
probabilities: [[0.72137874 0.13132654 0.1472947 ]
 [0.35468027 0.03218784 0.6131319 ]
 [0.560916   0.38338488 0.05569911]
 [0.40865538 0.29111665 0.30022797]
 [0.50768644 0.05249145 0.4398221 ]]
probabilities: [[0.12098326 0.33791605 0.5411007 ]
 [0.15827698 0.08453588 0.7571871 ]
 [0.09297591 0.30586103 0.6011631 ]
 [0.57429504 0.04899914 0.37670583]
 [0.677334   0.00427439 0.31839162]]
probabilities: [[1. 0. 0.]
 [1. 0. 0.]
 [1. 0. 0.]
 [1. 0. 0.]
 [1. 0. 0.]]
probabilities: [[0.4840213  0.07709353 0.43888515]
 [0.3447628  0.1453003  0.50993687]
 [0.3211653  0.3538438  0.3249909 ]
 [0.565647   0.38783416 0.04651884]
 [0.38336647 0.12459669 0.49203685]]
probabilities: [[0.25372753 0.4475149  0.2987576 ]
 [0.21997932 0.3530914  0.4269293 ]
 [0.07143371 0.83396494 0.09460136]
 [0.50549287 0.47801536 0.01649176]
 [0.63503826 0.1333259  0.23163584]]
probabilities: [[0.428115   0.41190478 0.1599802 ]
 [0.17915429 0.2847405  0.5361052 ]
 [0.12744255 0.36037323 0.5121842 ]
 [0.53709984 0.13441676 0.32848337]
 [0.03630969 0.4788209  0.48486942]]
probabilities: [[0. 1. 0.]
 [0. 1. 0.]
 [0. 1. 0.]
 [0. 1. 0.]
 [0. 1. 0.]]
probabilities: [[0.7252189  0.10078934 0.17399178]
 [0.33538234 0.47274876 0.1918689 ]
 [0.04946633 0.37241638 0.5781173 ]
 [0.2183329  0.6025304  0.17913665]
 [0.55417365 0.0948827  0.35094362]]
probabilities: [[0.336525   0.17731757 0.48615742]
 [0.00452578 0.26623023 0.729244  ]
 [0.2129977  0.06565032 0.721352  ]
 [0.36430427 0.62175775 0.01393802]
 [0.03113404 0.7769696  0.19189633]]
probabilities: [[0.5385569  0.14077164 0.32067147]
 [0.23028436 0.13710019 0.63261545]
 [0.37736163 0.61569667 0.00694174]
 [0.37124744 0.33465454 0.29409802]
 [0.62373483 0.26203272 0.11423247]]
probabilities: [[0. 0. 1.]
 [0. 1. 0.]
 [0. 0. 1.]
 [0. 0. 1.]
 [0. 0. 1.]]
probabilities: [[0.07645826 0.52292067 0.4006211 ]
 [0.20325415 0.30248898 0.49425688]
 [0.0452467  0.5372789  0.41747445]
 [0.64415675 0.08585848 0.26998475]
 [0.5376567  0.33463496 0.1277083 ]]
probabilities: [[0.62379766 0.23054619 0.14565614]
 [0.67029583 0.03633465 0.29336953]
 [0.6079008  0.20940214 0.18269704]
 [0.4987179  0.42666122 0.07462087]
 [0.52760077 0.02933548 0.44306377]]
probabilities: [[0.0344716  0.09334812 0.8721803 ]
 [0.64393795 0.10748839 0.24857366]
 [0.7498766  0.11450537 0.13561803]
 [0.10943571 0.5753908  0.31517345]
 [0.3359377  0.06284015 0.60122216]]
probabilities: [[0. 0. 1.]
 [0. 1. 0.]
 [0. 1. 0.]
 [0. 0. 1.]
 [0. 0. 1.]]
probabilities: [[0.4648253  0.4828897  0.052285  ]
 [0.43246165 0.31289026 0.2546481 ]
 [0.7611415  0.00925571 0.2296028 ]
 [0.10976599 0.32008803 0.57014596]
 [0.25692597 0.7377589  0.00531515]]
probabilities: [[0.17839926 0.27503476 0.546566  ]
 [0.0997414  0.44972244 0.45053616]
 [0.454394   0.07591949 0.4696865 ]
 [0.80379075 0.04099711 0.15521216]
 [0.39404765 0.08741183 0.51854056]]
probabilities: [[0.37852395 0.19674413 0.42473194]
 [0.4303073  0.252262   0.3174307 ]
 [0.25756618 0.6576614  0.08477242]
 [0.15078886 0.321244   0.52796715]
 [0.01727445 0.9091751  0.07355043]]
probabilities: [[0. 0. 1.]
 [0. 1. 0.]
 [0. 0. 1.]
 [0. 0. 1.]
 [0. 0. 1.]]
probabilities: [[0.24234574 0.72480947 0.03284478]
 [0.48586842 0.06628566 0.4478459 ]
 [0.24272415 0.5134904  0.24378547]
 [0.17243735 0.6674114  0.16015127]
 [0.39520633 0.03897091 0.5658228 ]]
probabilities: [[0.5308357  0.09777349 0.37139082]
 [0.56714046 0.28839478 0.14446475]
 [0.17548157 0.43612924 0.38838917]
 [0.08958108 0.36065617 0.5497628 ]
 [0.0973231  0.49451867 0.40815824]]
probabilities: [[0.04840237 0.19216895 0.7594287 ]
 [0.5539785  0.34192023 0.10410124]
 [0.06349109 0.4748497  0.46165922]
 [0.02063671 0.48062325 0.49874005]
 [0.05832035 0.23758154 0.7040981 ]]
probabilities: [[1. 0. 0.]
 [1. 0. 0.]
 [1. 0. 0.]
 [1. 0. 0.]
 [1. 0. 0.]]
probabilities: [[1.9417633e-01 1.5760890e-01 6.4821476e-01]
 [4.9758679e-01 5.0165755e-01 7.5567979e-04]
 [1.3036801e-01 8.2841492e-01 4.1217074e-02]
 [4.9069427e-02 5.1083016e-01 4.4010043e-01]
 [4.0071371e-01 4.9079427e-01 1.0849201e-01]]
probabilities: [[0.34229755 0.20782126 0.4498812 ]
 [0.00568032 0.17629641 0.81802326]
 [0.6101161  0.24537097 0.14451294]
 [0.12624697 0.1877814  0.6859716 ]
 [0.70366216 0.05992677 0.23641106]]
probabilities: [[0.03119205 0.71976924 0.2490387 ]
 [0.05618108 0.6064643  0.3373546 ]
 [0.19428845 0.7320224  0.07368916]
 [0.8776617  0.12107296 0.00126534]
 [0.77130526 0.08418176 0.14451297]]
probabilities: [[0. 0. 1.]
 [0. 1. 0.]
 [0. 0. 1.]
 [0. 0. 1.]
 [0. 0. 1.]]
probabilities: [[0.33594647 0.3236971  0.34035644]
 [0.35468403 0.05746326 0.5878527 ]
 [0.82230186 0.01158698 0.16611114]
 [0.3038179  0.43738002 0.2588021 ]
 [0.7200013  0.2161556  0.06384309]]
probabilities: [[0.15236269 0.22529134 0.622346  ]
 [0.0761647  0.7399049  0.18393044]
 [0.46534777 0.18673505 0.34791717]
 [0.21592279 0.25753385 0.5265434 ]
 [0.11851692 0.22893138 0.6525517 ]]
probabilities: [[0.01599653 0.4699746  0.51402885]
 [0.03135603 0.4337262  0.5349178 ]
 [0.13856527 0.6938818  0.16755293]
 [0.06709999 0.14733659 0.7855634 ]
 [0.11991772 0.56179756 0.3182847 ]]
probabilities: [[0. 1. 0.]
 [0. 1. 0.]
 [0. 1. 0.]
 [0. 1. 0.]
 [0. 1. 0.]]
probabilities: [[0.09244929 0.82748777 0.08006296]
 [0.41386    0.2942326  0.2919074 ]
 [0.56628466 0.42367074 0.0100446 ]
 [0.2190634  0.58792686 0.1930097 ]
 [0.26467505 0.15387036 0.5814546 ]]
probabilities: [[0.21334903 0.19759905 0.5890519 ]
 [0.51645255 0.1086005  0.37494698]
 [0.17529884 0.7540812  0.07061998]
 [0.07980274 0.368245   0.55195224]
 [0.0685176  0.86498064 0.0665018 ]]
probabilities: [[0.3256742  0.5735869  0.10073894]
 [0.74069905 0.17690481 0.08239611]
 [0.00419907 0.15315334 0.8426476 ]
 [0.6382271  0.21155748 0.15021542]
 [0.6813454  0.31750792 0.00114666]]
probabilities: [[0. 0. 1.]
 [0. 1. 0.]
 [0. 0. 1.]
 [0. 0. 1.]
 [0. 0. 1.]]
probabilities: [[0.05028889 0.5418434  0.40786773]
 [0.01548387 0.13678506 0.84773105]
 [0.35230812 0.3367123  0.31097957]
 [0.5552847  0.440842   0.00387334]
 [0.263985   0.3125948  0.4234202 ]]
probabilities: [[0.27273855 0.53217274 0.19508874]
 [0.11380363 0.60122323 0.2849731 ]
 [0.03274262 0.89821076 0.06904663]
 [0.12982036 0.77786195 0.09231767]
 [0.12090065 0.56864476 0.31045458]]
probabilities: [[0.11834141 0.85555035 0.02610826]
 [0.45664546 0.05117404 0.4921805 ]
 [0.03058197 0.00595828 0.96345973]
 [0.3470519  0.6147109  0.03823721]
 [0.22302075 0.7533605  0.02361873]]
probabilities: [[0. 0. 1.]
 [0. 1. 0.]
 [0. 0. 1.]
 [0. 0. 1.]
 [0. 0. 1.]]
probabilities: [[0.66619736 0.0631533  0.27064934]
 [0.65690595 0.06836318 0.2747309 ]
 [0.4385167  0.185919   0.3755643 ]
 [0.326603   0.6545696  0.01882736]
 [0.04151854 0.19663206 0.7618494 ]]
probabilities: [[0.18641043 0.3185809  0.49500865]
 [0.36480775 0.12144624 0.513746  ]
 [0.48254994 0.50678295 0.01066714]
 [0.03070143 0.4025748  0.56672376]
 [0.00261072 0.18631504 0.81107426]]
probabilities: [[0.15401472 0.27476102 0.5712243 ]
 [0.5966564  0.34425747 0.05908615]
 [0.14575827 0.58562374 0.268618  ]
 [0.02335978 0.10903309 0.8676071 ]
 [0.4392033  0.29907548 0.26172125]]
probabilities: [[0. 0. 1.]
 [0. 1. 0.]
 [0. 0. 1.]
 [0. 0. 1.]
 [0. 0. 1.]]
probabilities: [[0.8135405  0.0408121  0.1456474 ]
 [0.16742542 0.6777185  0.15485604]
 [0.09638528 0.6656596  0.23795512]
 [0.29838228 0.59962255 0.10199519]
 [0.08698813 0.13777342 0.77523845]]
probabilities: [[0.53400946 0.37875113 0.08723939]
 [0.12264436 0.04806505 0.82929057]
 [0.6074611  0.32801354 0.06452537]
 [0.32236636 0.01935124 0.6582824 ]
 [0.0090302  0.30381405 0.6871557 ]]
probabilities: [[0.33356667 0.5546367  0.11179663]
 [0.16540788 0.8222617  0.01233043]
 [0.08307797 0.7793142  0.13760778]
 [0.47949335 0.08818779 0.43231887]
 [0.37484133 0.05476768 0.570391  ]]
probabilities: [[0. 0. 1.]
 [0. 1. 0.]
 [0. 0. 1.]
 [0. 0. 1.]
 [0. 0. 1.]]
probabilities: [[0.20565979 0.68492454 0.1094157 ]
 [0.08914032 0.658036   0.25282368]
 [0.21432148 0.0239184  0.7617601 ]
 [0.22172952 0.7713535  0.00691699]
 [0.15248966 0.14157665 0.7059337 ]]
probabilities: [[0.225706   0.09950266 0.67479134]
 [0.27934733 0.5666915  0.15396115]
 [0.15805896 0.43694836 0.40499267]
 [0.1248021  0.23510662 0.6400913 ]
 [0.22640632 0.43263155 0.3409621 ]]
probabilities: [[0.26520538 0.69278246 0.04201217]
 [0.14029971 0.003767   0.8559333 ]
 [0.33173347 0.66443056 0.00383596]
 [0.26279727 0.5399901  0.19721256]
 [0.6849716  0.21511737 0.09991107]]
probabilities: [[1. 0. 0.]
 [1. 0. 0.]
 [1. 0. 0.]
 [1. 0. 0.]
 [1. 0. 0.]]
probabilities: [[0.0379348  0.7957098  0.1663554 ]
 [0.00163015 0.97449    0.02387984]
 [0.13434067 0.29278618 0.5728731 ]
 [0.66659933 0.03295256 0.3004481 ]
 [0.00472466 0.48318878 0.5120866 ]]
probabilities: [[0.02722998 0.08573455 0.8870355 ]
 [0.45369256 0.28413302 0.26217443]
 [0.28112978 0.6836932  0.03517704]
 [0.5307879  0.324449   0.14476314]
 [0.10303391 0.25804237 0.6389237 ]]
probabilities: [[0.20413601 0.4753683  0.3204957 ]
 [0.7707626  0.20364249 0.02559488]
 [0.07589228 0.7321938  0.1919139 ]
 [0.7309125  0.17413904 0.09494844]
 [0.04613591 0.6977868  0.2560773 ]]
probabilities: [[0. 1. 0.]
 [0. 1. 0.]
 [0. 1. 0.]
 [0. 1. 0.]
 [0. 1. 0.]]
probabilities: [[0.11100813 0.39629498 0.49269688]
 [0.76379025 0.14931487 0.08689488]
 [0.31345037 0.29500958 0.39154002]
 [0.02519994 0.41224214 0.56255794]
 [0.3515984  0.4533896  0.19501197]]
probabilities: [[0.07718559 0.61370474 0.30910966]
 [0.32005832 0.542207   0.13773468]
 [0.49708933 0.22070037 0.28221032]
 [0.4602814  0.20568115 0.33403745]
 [0.58969736 0.40699792 0.00330469]]
probabilities: [[0.12930341 0.80514276 0.06555382]
 [0.3801364  0.27868482 0.34117877]
 [0.1452657  0.8509582  0.0037761 ]
 [0.44837952 0.24641566 0.3052048 ]
 [0.64552206 0.26453742 0.08994053]]
probabilities: [[1. 0. 0.]
 [1. 0. 0.]
 [1. 0. 0.]
 [1. 0. 0.]
 [1. 0. 0.]]
probabilities: [[0.1692412  0.78780466 0.04295416]
 [0.07872529 0.28456566 0.63670903]
 [0.5979586  0.11320902 0.28883234]
 [0.7321167  0.02581715 0.24206613]
 [0.11706822 0.29684064 0.58609116]]
probabilities: [[0.17525439 0.7577511  0.06699453]
 [0.6698934  0.24745773 0.0826489 ]
 [0.38715187 0.58680797 0.02604017]
 [0.88488877 0.05328429 0.06182693]
 [0.27679628 0.45439398 0.26880974]]
probabilities: [[0.32552236 0.03679958 0.6376781 ]
 [0.03816426 0.4980924  0.46374333]
 [0.42128733 0.44946682 0.12924586]
 [0.17436197 0.18339232 0.6422457 ]
 [0.6379384  0.34903997 0.01302163]]
probabilities: [[0. 0. 1.]
 [0. 1. 0.]
 [0. 0. 1.]
 [0. 0. 1.]
 [0. 0. 1.]]
probabilities: [[0.12126185 0.4709718  0.40776637]
 [0.20780939 0.23444563 0.557745  ]
 [0.08791236 0.35673875 0.5553489 ]
 [0.23494919 0.6444199  0.12063092]
 [0.37215874 0.2133008  0.41454047]]
probabilities: [[0.22663072 0.00252489 0.7708444 ]
 [0.02919465 0.65174073 0.31906465]
 [0.7525892  0.06555851 0.1818523 ]
 [0.3616901  0.50915694 0.12915298]
 [0.82679325 0.09556342 0.07764334]]
probabilities: [[0.19356103 0.5788065  0.22763246]
 [0.11347225 0.50066876 0.385859  ]
 [0.12082263 0.00946219 0.86971515]
 [0.6473523  0.31509537 0.03755239]
 [0.09085713 0.02507805 0.8840648 ]]
probabilities: [[0. 0. 1.]
 [0. 1. 0.]
 [0. 1. 0.]
 [0. 0. 1.]
 [0. 0. 1.]]
probabilities: [[0.7508435  0.02036316 0.22879332]
 [0.1857763  0.03452444 0.77969927]
 [0.13404186 0.64940214 0.21655598]
 [0.00859143 0.56910044 0.42230812]
 [0.21434776 0.00380158 0.78185064]]
probabilities: [[0.43532673 0.3206888  0.24398445]
 [0.8698083  0.06893441 0.06125727]
 [0.19923103 0.15267986 0.6480891 ]
 [0.54962486 0.04053256 0.4098426 ]
 [0.35549384 0.42178956 0.22271658]]
probabilities: [[0.37538564 0.57410276 0.05051164]
 [0.44833335 0.3919948  0.15967184]
 [0.21411991 0.62877685 0.15710327]
 [0.6671254  0.09570678 0.2371678 ]
 [0.7085632  0.24089532 0.05054148]]
probabilities: [[1. 0. 0.]
 [1. 0. 0.]
 [1. 0. 0.]
 [1. 0. 0.]
 [1. 0. 0.]]
probabilities: [[0.03870617 0.81691283 0.14438103]
 [0.30606118 0.12580368 0.56813514]
 [0.13522895 0.10143921 0.76333183]
 [0.19769092 0.30884433 0.49346474]
 [0.58158726 0.02344223 0.3949705 ]]
probabilities: [[7.2982930e-02 6.8407238e-02 8.5860986e-01]
 [3.0201609e-04 2.4027143e-01 7.5942653e-01]
 [2.7602708e-01 3.1630874e-01 4.0766418e-01]
 [6.2420845e-01 1.7609292e-01 1.9969863e-01]
 [3.7537283e-01 3.7627408e-01 2.4835309e-01]]
probabilities: [[0.13206662 0.64163274 0.22630064]
 [0.18462192 0.27669305 0.538685  ]
 [0.32682338 0.16489296 0.5082837 ]
 [0.14452042 0.41401652 0.44146305]
 [0.08868776 0.67778075 0.23353149]]
probabilities: [[0. 0. 1.]
 [0. 1. 0.]
 [0. 0. 1.]
 [0. 0. 1.]
 [0. 0. 1.]]
probabilities: [[0.21663938 0.54138994 0.24197069]
 [0.38600066 0.48033297 0.13366638]
 [0.09121209 0.23474474 0.6740432 ]
 [0.8062353  0.0440811  0.14968361]
 [0.14644627 0.11076549 0.74278826]]
probabilities: [[0.67814463 0.24396661 0.07788873]
 [0.11620559 0.18499756 0.69879687]
 [0.6152043  0.1753813  0.20941444]
 [0.22043231 0.6346849  0.14488277]
 [0.17077264 0.14443251 0.68479484]]
probabilities: [[0.41165242 0.1252795  0.4630681 ]
 [0.62937367 0.3110211  0.05960525]
 [0.4773379  0.21023072 0.3124314 ]
 [0.3164447  0.26385334 0.41970196]
 [0.23577283 0.42724803 0.33697912]]
probabilities: [[1. 0. 0.]
 [1. 0. 0.]
 [1. 0. 0.]
 [1. 0. 0.]
 [1. 0. 0.]]
probabilities: [[0.46853697 0.44200793 0.08945509]
 [0.14453565 0.462524   0.39294034]
 [0.05177111 0.01353196 0.9346969 ]
 [0.56682485 0.23353122 0.19964395]
 [0.3886902  0.3271896  0.2841202 ]]
probabilities: [[0.3073219  0.18980907 0.502869  ]
 [0.209375   0.11693147 0.67369354]
 [0.2443248  0.36448225 0.39119294]
 [0.22587813 0.28028083 0.49384105]
 [0.13174307 0.03604153 0.83221537]]
probabilities: [[0.12030525 0.30337736 0.57631737]
 [0.09836406 0.03756055 0.86407536]
 [0.26370293 0.6690584  0.06723867]
 [0.8321952  0.06318086 0.10462394]
 [0.52180713 0.45979515 0.01839774]]
probabilities: [[1. 0. 0.]
 [1. 0. 0.]
 [1. 0. 0.]
 [1. 0. 0.]
 [1. 0. 0.]]
probabilities: [[0.16165839 0.79171073 0.04663087]
 [0.0101082  0.948884   0.04100778]
 [0.21781681 0.35340133 0.42878187]
 [0.22411282 0.55194956 0.22393759]
 [0.19505721 0.13504149 0.6699013 ]]
probabilities: [[0.8226757  0.09347609 0.08384822]
 [0.16028449 0.44416812 0.3955474 ]
 [0.05995469 0.7395424  0.2005029 ]
 [0.29761228 0.61997163 0.08241607]
 [0.2189324  0.26945347 0.51161414]]
probabilities: [[0.5004159  0.40498054 0.09460352]
 [0.67181754 0.02586673 0.30231574]
 [0.49551746 0.18892631 0.31555623]
 [0.85097826 0.01247924 0.13654253]
 [0.36979333 0.07247204 0.55773467]]
probabilities: [[0. 0. 1.]
 [0. 1. 0.]
 [0. 1. 0.]
 [0. 0. 1.]
 [0. 0. 1.]]
probabilities: [[0.5136132  0.24150383 0.24488296]
 [0.35798907 0.0962323  0.54577863]
 [0.8235666  0.03023281 0.14620057]
 [0.05621231 0.41523364 0.528554  ]
 [0.5902899  0.28421703 0.12549308]]
probabilities: [[0.4429995  0.29060605 0.2663944 ]
 [0.27499372 0.6660288  0.05897748]
 [0.06695572 0.4258646  0.5071797 ]
 [0.28960538 0.47473577 0.23565888]
 [0.08224797 0.76432633 0.15342571]]
probabilities: [[0.5673932  0.32767388 0.10493292]
 [0.13776521 0.20695105 0.65528375]
 [0.6552337  0.23578617 0.10898016]
 [0.15230459 0.2965873  0.5511081 ]
 [0.48511136 0.07176532 0.4431233 ]]
probabilities: [[0. 0. 1.]
 [0. 1. 0.]
 [0. 1. 0.]
 [0. 0. 1.]
 [0. 0. 1.]]
probabilities: [[0.667714   0.31145924 0.02082674]
 [0.08958939 0.5163688  0.39404178]
 [0.10347363 0.23540676 0.66111964]
 [0.04046764 0.48956913 0.46996322]
 [0.23929    0.08465919 0.6760508 ]]
probabilities: [[0.4809662  0.04703333 0.47200045]
 [0.45355207 0.1119347  0.43451324]
 [0.07009962 0.4801343  0.44976607]
 [0.04318736 0.814766   0.14204665]
 [0.2327927  0.689312   0.07789534]]
probabilities: [[0.43590596 0.54200333 0.02209069]
 [0.82467    0.08293535 0.09239462]
 [0.25273606 0.63328445 0.1139795 ]
 [0.21880847 0.11484446 0.6663471 ]
 [0.03697463 0.11552424 0.84750116]]
probabilities: [[1. 0. 0.]
 [1. 0. 0.]
 [1. 0. 0.]
 [1. 0. 0.]
 [1. 0. 0.]]
probabilities: [[0.392167   0.38943985 0.21839313]
 [0.22725704 0.4464842  0.32625875]
 [0.01988365 0.00639113 0.9737252 ]
 [0.3620003  0.39243495 0.24556477]
 [0.08649862 0.10369573 0.80980563]]
probabilities: [[0.22013639 0.36349723 0.4163664 ]
 [0.29986078 0.32483912 0.3753001 ]
 [0.04625202 0.48900357 0.4647444 ]
 [0.6410211  0.07875606 0.28022286]
 [0.25912276 0.2388539  0.50202334]]
probabilities: [[0.32103467 0.4615308  0.21743453]
 [0.6357615  0.22204135 0.14219713]
 [0.14193034 0.01523282 0.84283686]
 [0.01565935 0.10748279 0.8768579 ]
 [0.43212363 0.13016506 0.43771133]]
probabilities: [[0. 1. 0.]
 [0. 1. 0.]
 [0. 1. 0.]
 [0. 1. 0.]
 [0. 1. 0.]]
probabilities: [[0.08958474 0.48546356 0.4249517 ]
 [0.11584458 0.22016795 0.66398746]
 [0.27746004 0.46297437 0.25956556]
 [0.40604532 0.40872112 0.18523358]
 [0.1813347  0.52241045 0.2962548 ]]
probabilities: [[0.26250836 0.17999913 0.5574925 ]
 [0.40671933 0.42320246 0.17007823]
 [0.08324046 0.28241816 0.63434136]
 [0.7746857  0.19974402 0.02557033]
 [0.43811157 0.0022909  0.55959755]]
probabilities: [[0.7521747  0.15887207 0.08895325]
 [0.14179112 0.22929813 0.6289108 ]
 [0.16709782 0.67176855 0.16113365]
 [0.03311092 0.1051599  0.8617292 ]
 [0.18094017 0.31584817 0.5032117 ]]
probabilities: [[0. 1. 0.]
 [0. 1. 0.]
 [0. 1. 0.]
 [0. 1. 0.]
 [0. 1. 0.]]
probabilities: [[0.1887246  0.48654276 0.32473263]
 [0.26625526 0.50747126 0.2262735 ]
 [0.6064208  0.20120037 0.19237879]
 [0.57908076 0.08633108 0.33458817]
 [0.51063687 0.23362476 0.25573838]]
probabilities: [[0.23880605 0.21135305 0.54984087]
 [0.0530902  0.8224364  0.12447343]
 [0.00423833 0.03800683 0.95775485]
 [0.00568225 0.74466157 0.24965617]
 [0.24927488 0.10425991 0.64646524]]
probabilities: [[5.8321595e-01 9.3709603e-02 3.2307443e-01]
 [7.4146557e-01 1.9941458e-01 5.9119847e-02]
 [9.4932228e-02 8.2705327e-04 9.0424073e-01]
 [1.6152641e-01 4.6311679e-01 3.7535679e-01]
 [3.1148395e-01 5.0484931e-01 1.8366672e-01]]
probabilities: [[1. 0. 0.]
 [1. 0. 0.]
 [1. 0. 0.]
 [1. 0. 0.]
 [1. 0. 0.]]
probabilities: [[0.503211   0.47553003 0.02125896]
 [0.35237548 0.54466856 0.102956  ]
 [0.00543786 0.46886536 0.52569675]
 [0.03253832 0.36824566 0.59921604]
 [0.10349865 0.84611505 0.05038631]]
probabilities: [[0.21627608 0.6093048  0.17441912]
 [0.10591185 0.8218669  0.07222121]
 [0.44365996 0.21246727 0.34387276]
 [0.2971625  0.13263413 0.57020336]
 [0.05709853 0.10537715 0.83752435]]
probabilities: [[0.45275345 0.16703145 0.3802151 ]
 [0.09829116 0.270747   0.63096184]
 [0.48251334 0.18732964 0.330157  ]
 [0.06262603 0.6566773  0.2806967 ]
 [0.07013112 0.37693456 0.55293435]]
probabilities: [[0. 1. 0.]
 [0. 1. 0.]
 [0. 1. 0.]
 [0. 1. 0.]
 [0. 1. 0.]]
probabilities: [[0.2488901  0.65727204 0.09383783]
 [0.57036555 0.25776654 0.17186792]
 [0.15436982 0.53800046 0.3076297 ]
 [0.00795554 0.7222544  0.26979005]
 [0.04654308 0.3006279  0.65282905]]
probabilities: [[0.32488647 0.5627073  0.11240623]
 [0.02111258 0.7827616  0.19612584]
 [0.2927841  0.69491524 0.01230069]
 [0.36316633 0.19365786 0.44317582]
 [0.4884347  0.27294433 0.23862098]]
probabilities: [[0.15259054 0.67607296 0.17133647]
 [0.35731092 0.5999955  0.04269361]
 [0.35817623 0.3298189  0.31200486]
 [0.0728109  0.22553635 0.70165277]
 [0.7537942  0.0616785  0.18452728]]
probabilities: [[0. 1. 0.]
 [0. 1. 0.]
 [0. 1. 0.]
 [0. 1. 0.]
 [0. 1. 0.]]
probabilities: [[0.22440156 0.1771741  0.5984243 ]
 [0.39577922 0.10789025 0.49633053]
 [0.10266585 0.080267   0.81706715]
 [0.5901408  0.10385966 0.30599952]
 [0.1619513  0.14119516 0.6968535 ]]
probabilities: [[0.1129476  0.5791619  0.30789053]
 [0.30039796 0.00932892 0.6902731 ]
 [0.06982848 0.8135376  0.11663394]
 [0.48593396 0.26210186 0.25196415]
 [0.03863589 0.79951614 0.16184796]]
probabilities: [[0.28429636 0.6929761  0.02272751]
 [0.13199864 0.42640516 0.4415962 ]
 [0.01614792 0.921208   0.06264406]
 [0.01208282 0.923098   0.06481918]
 [0.64822495 0.33658502 0.01519002]]
probabilities: [[0. 1. 0.]
 [0. 1. 0.]
 [0. 1. 0.]
 [0. 1. 0.]
 [0. 1. 0.]]
probabilities: [[0.11190375 0.65450484 0.23359142]
 [0.6244616  0.22892678 0.14661162]
 [0.1839328  0.29111618 0.52495104]
 [0.22151944 0.2988834  0.47959715]
 [0.46526343 0.03956589 0.49517068]]
probabilities: [[0.04010691 0.6300881  0.32980502]
 [0.78003615 0.06271688 0.15724699]
 [0.29171714 0.32902387 0.379259  ]
 [0.16724025 0.611796   0.2209637 ]
 [0.23179278 0.22248144 0.54572576]]
probabilities: [[0.47088578 0.40704826 0.12206595]
 [0.2101333  0.39110276 0.39876395]
 [0.9672313  0.01399399 0.01877471]
 [0.20406854 0.46551275 0.3304187 ]
 [0.34685385 0.4784998  0.17464635]]
probabilities: [[1. 0. 0.]
 [1. 0. 0.]
 [1. 0. 0.]
 [1. 0. 0.]
 [1. 0. 0.]]
probabilities: [[0.211613   0.5307566  0.25763044]
 [0.07491639 0.7466058  0.17847782]
 [0.05573585 0.8942814  0.04998274]
 [0.4096879  0.11559805 0.47471404]
 [0.5133163  0.2548694  0.23181432]]
probabilities: [[0.5495948  0.29568997 0.15471518]
 [0.10230669 0.15397856 0.74371475]
 [0.54812247 0.2771276  0.17474997]
 [0.4084047  0.29042163 0.30117366]
 [0.0514135  0.38348633 0.5651002 ]]
probabilities: [[0.65448505 0.19549187 0.15002312]
 [0.39996186 0.04653675 0.55350137]
 [0.8501703  0.05662101 0.09320869]
 [0.35088018 0.03892086 0.610199  ]
 [0.01007535 0.98685247 0.00307221]]
probabilities: [[1. 0. 0.]
 [1. 0. 0.]
 [1. 0. 0.]
 [1. 0. 0.]
 [1. 0. 0.]]
probabilities: [[0.26707396 0.31643483 0.41649124]
 [0.29215482 0.12723666 0.5806085 ]
 [0.15145633 0.7875506  0.06099307]
 [0.18213786 0.6393003  0.17856185]
 [0.43970683 0.19550793 0.36478522]]
probabilities: [[0.5390814  0.45653397 0.00438464]
 [0.2120247  0.07366936 0.71430594]
 [0.5698161  0.2561913  0.17399257]
 [0.39254674 0.29545507 0.3119982 ]
 [0.19306268 0.01562987 0.79130745]]
probabilities: [[0.07814156 0.00442205 0.9174364 ]
 [0.37116677 0.55645865 0.07237457]
 [0.74326813 0.18044315 0.07628872]
 [0.01268438 0.9427647  0.04455089]
 [0.08803508 0.10735731 0.8046076 ]]
probabilities: [[0. 0. 1.]
 [0. 1. 0.]
 [0. 0. 1.]
 [0. 0. 1.]
 [0. 0. 1.]]
probabilities: [[0.6683118  0.29298773 0.03870048]
 [0.16582042 0.7723514  0.06182822]
 [0.5635704  0.09865382 0.3377758 ]
 [0.7342825  0.1611496  0.10456787]
 [0.44519377 0.17597301 0.3788332 ]]
probabilities: [[0.18897508 0.5074826  0.30354235]
 [0.31242514 0.6128276  0.07474726]
 [0.17580025 0.7003359  0.1238638 ]
 [0.9895892  0.00327916 0.00713163]
 [0.5743934  0.10269073 0.32291588]]
probabilities: [[0.5800577  0.3172433  0.10269898]
 [0.7640586  0.17695929 0.05898213]
 [0.08199217 0.46437865 0.45362917]
 [0.37721512 0.05460918 0.56817573]
 [0.49774536 0.35072303 0.15153159]]
probabilities: [[0. 1. 0.]
 [0. 1. 0.]
 [0. 1. 0.]
 [0. 1. 0.]
 [0. 1. 0.]]
probabilities: [[0.497732   0.01998904 0.48227894]
 [0.12245187 0.6787833  0.19876486]
 [0.4914075  0.33676124 0.17183125]
 [0.70001084 0.20387913 0.09611   ]
 [0.12545237 0.60924464 0.26530302]]
probabilities: [[0.2768921  0.20747863 0.51562923]
 [0.0300588  0.69586676 0.2740744 ]
 [0.03579988 0.57251126 0.39168885]
 [0.85473603 0.08863378 0.05663018]
 [0.6049142  0.28827304 0.10681278]]
probabilities: [[0.10038409 0.6636556  0.2359603 ]
 [0.4351931  0.4847615  0.0800454 ]
 [0.29624796 0.12378608 0.57996595]
 [0.1400623  0.32740682 0.53253084]
 [0.33582997 0.43591228 0.22825776]]
probabilities: [[0. 0. 1.]
 [0. 1. 0.]
 [0. 0. 1.]
 [0. 0. 1.]
 [0. 0. 1.]]
probabilities: [[0.04894174 0.09506251 0.8559958 ]
 [0.62646955 0.135616   0.23791446]
 [0.86573845 0.08573705 0.04852453]
 [0.13145882 0.7358399  0.13270126]
 [0.23143286 0.3327206  0.43584654]]
probabilities: [[6.8251330e-01 2.8549883e-01 3.1987909e-02]
 [7.8321368e-01 6.7087874e-02 1.4969845e-01]
 [3.3176005e-01 6.3421249e-01 3.4027439e-02]
 [7.1367889e-04 1.8113548e-01 8.1815082e-01]
 [4.4526762e-01 4.7361564e-02 5.0737083e-01]]
probabilities: [[0.07124662 0.09071985 0.83803356]
 [0.36020163 0.5519146  0.08788382]
 [0.0885479  0.81212544 0.09932663]
 [0.643367   0.05203165 0.30460137]
 [0.11759534 0.3580822  0.52432245]]
probabilities: [[0. 0. 1.]
 [0. 1. 0.]
 [0. 0. 1.]
 [0. 0. 1.]
 [0. 0. 1.]]
probabilities: [[0.71230143 0.22366206 0.06403649]
 [0.5782655  0.37723666 0.04449783]
 [0.30399805 0.53174984 0.1642521 ]
 [0.18419142 0.01824297 0.79756564]
 [0.39598608 0.22069006 0.38332385]]
probabilities: [[0.15883093 0.7057415  0.13542755]
 [0.06289586 0.15654378 0.7805604 ]
 [0.22804563 0.5599874  0.21196698]
 [0.4654416  0.41869384 0.11586455]
 [0.6149913  0.04435001 0.34065866]]
probabilities: [[0.88708085 0.07060908 0.04231009]
 [0.06056887 0.07297981 0.8664513 ]
 [0.3351082  0.14423329 0.52065855]
 [0.28209865 0.23170798 0.48619336]
 [0.09401777 0.74367857 0.16230367]]
probabilities: [[0. 1. 0.]
 [0. 1. 0.]
 [0. 1. 0.]
 [0. 1. 0.]
 [0. 1. 0.]]
probabilities: [[1.9958074e-01 5.7036883e-01 2.3005041e-01]
 [2.3470668e-01 6.2868810e-01 1.3660523e-01]
 [4.3388173e-01 3.2564265e-01 2.4047562e-01]
 [9.2725611e-01 7.2118893e-02 6.2497432e-04]
 [7.7476129e-02 2.3360850e-01 6.8891537e-01]]
probabilities: [[0.249244   0.22015849 0.5305975 ]
 [0.7297585  0.2624976  0.00774387]
 [0.36688164 0.27701485 0.3561035 ]
 [0.28526264 0.35537326 0.3593641 ]
 [0.44489077 0.33454707 0.22056217]]
probabilities: [[7.1796513e-01 2.0197108e-01 8.0063790e-02]
 [1.4970081e-01 7.1825498e-01 1.3204420e-01]
 [3.4780923e-01 1.4693561e-01 5.0525516e-01]
 [5.5323052e-01 1.9749084e-01 2.4927860e-01]
 [1.6924360e-01 8.3005083e-01 7.0559949e-04]]
probabilities: [[0. 1. 0.]
 [0. 1. 0.]
 [0. 1. 0.]
 [0. 1. 0.]
 [0. 1. 0.]]
probabilities: [[0.29522634 0.6075208  0.09725285]
 [0.01296678 0.61545336 0.37157983]
 [0.7328535  0.13351084 0.13363567]
 [0.20864117 0.16452843 0.6268304 ]
 [0.38726458 0.46922112 0.1435143 ]]
probabilities: [[0.03688437 0.74046934 0.22264628]
 [0.55458874 0.05955942 0.38585183]
 [0.6302802  0.34284914 0.02687066]
 [0.19959074 0.24720077 0.5532085 ]
 [0.15709399 0.82651025 0.01639575]]
probabilities: [[0.18418643 0.62317854 0.19263503]
 [0.83363557 0.04094088 0.12542357]
 [0.27041072 0.36887947 0.36070982]
 [0.10105933 0.8968772  0.00206346]
 [0.3663636  0.53288007 0.10075634]]
probabilities: [[1. 0. 0.]
 [1. 0. 0.]
 [1. 0. 0.]
 [1. 0. 0.]
 [1. 0. 0.]]
probabilities: [[0.5744116  0.34163815 0.08395027]
 [0.559993   0.04336265 0.39664432]
 [0.05434177 0.16708925 0.778569  ]
 [0.14190118 0.52453214 0.33356667]
 [0.31361818 0.5318841  0.15449773]]
probabilities: [[0.0229167  0.88194597 0.09513733]
 [0.25807935 0.7163162  0.02560445]
 [0.6103046  0.36120772 0.02848767]
 [0.26203093 0.6148151  0.12315396]
 [0.00136697 0.22981866 0.7688144 ]]
probabilities: [[0.40857723 0.4157224  0.17570035]
 [0.09521689 0.6834041  0.22137903]
 [0.09087662 0.6356816  0.27344176]
 [0.00656061 0.66557854 0.32786086]
 [0.00166581 0.5667665  0.4315677 ]]
probabilities: [[0. 0. 1.]
 [0. 1. 0.]
 [0. 1. 0.]
 [0. 0. 1.]
 [0. 0. 1.]]
probabilities: [[0.68550247 0.21066241 0.10383515]
 [0.40514296 0.3426279  0.25222915]
 [0.18097872 0.4694445  0.3495768 ]
 [0.22131085 0.5454789  0.23321028]
 [0.17996635 0.11352928 0.70650434]]
probabilities: [[0.11105389 0.6164905  0.27245563]
 [0.0748609  0.33053216 0.59460694]
 [0.53934795 0.0552629  0.40538916]
 [0.04552474 0.4234721  0.5310032 ]
 [0.2329819  0.328638   0.43838012]]
probabilities: [[0.68751943 0.21494676 0.09753381]
 [0.3925849  0.4355832  0.1718319 ]
 [0.2674028  0.49982968 0.2327675 ]
 [0.33235633 0.00919599 0.6584477 ]
 [0.03733657 0.16609818 0.79656523]]
probabilities: [[0. 0. 1.]
 [0. 1. 0.]
 [0. 0. 1.]
 [0. 0. 1.]
 [0. 0. 1.]]
probabilities: [[0.19765662 0.6212175  0.18112592]
 [0.26380396 0.6003233  0.13587272]
 [0.4571133  0.5025932  0.04029348]
 [0.6317741  0.14943634 0.21878956]
 [0.3366593  0.29435208 0.3689886 ]]
probabilities: [[0.36312822 0.16446087 0.47241092]
 [0.53252196 0.08829365 0.3791844 ]
 [0.04715602 0.9288973  0.02394666]
 [0.6296288  0.26554093 0.1048303 ]
 [0.23342681 0.45189103 0.31468216]]
probabilities: [[0.42772043 0.36776534 0.20451424]
 [0.519271   0.41818762 0.06254138]
 [0.8417995  0.09030262 0.06789786]
 [0.21457532 0.6755345  0.10989022]
 [0.15087876 0.33247146 0.5166498 ]]
probabilities: [[0. 0. 1.]
 [0. 1. 0.]
 [0. 0. 1.]
 [0. 0. 1.]
 [0. 0. 1.]]
probabilities: [[0.4144981  0.4395978  0.14590412]
 [0.24296032 0.15390132 0.6031384 ]
 [0.40731344 0.38738534 0.20530121]
 [0.43410513 0.5392403  0.02665457]
 [0.1873846  0.28104985 0.53156555]]
probabilities: [[0.3268209  0.5258843  0.1472948 ]
 [0.41115138 0.3147677  0.2740809 ]
 [0.37853137 0.5564557  0.06501295]
 [0.19464193 0.6363733  0.16898476]
 [0.6690366  0.0284544  0.30250895]]
probabilities: [[0.35702524 0.18522578 0.45774898]
 [0.02104632 0.3798944  0.5990593 ]
 [0.3750242  0.40203673 0.22293907]
 [0.28159532 0.6024602  0.11594447]
 [0.10344791 0.3519624  0.5445897 ]]
probabilities: [[0. 0. 1.]
 [0. 1. 0.]
 [0. 1. 0.]
 [0. 0. 1.]
 [0. 0. 1.]]
probabilities: [[0.7144723  0.09822509 0.1873026 ]
 [0.24310532 0.7385304  0.01836426]
 [0.76792336 0.13885263 0.09322401]
 [0.53773224 0.2846103  0.17765744]
 [0.2862739  0.6223753  0.09135081]]
probabilities: [[0.29123318 0.6576388  0.05112801]
 [0.34379357 0.5207308  0.13547567]
 [0.22189178 0.3817126  0.39639562]
 [0.30364028 0.43303832 0.2633214 ]
 [0.56357765 0.27271625 0.1637061 ]]
probabilities: [[0.1984636  0.6511571  0.15037929]
 [0.68446624 0.14886446 0.1666693 ]
 [0.25444627 0.14911078 0.59644294]
 [0.27035582 0.21238436 0.51725984]
 [0.2510912  0.29603466 0.45287412]]
probabilities: [[0. 1. 0.]
 [0. 1. 0.]
 [0. 1. 0.]
 [0. 1. 0.]
 [0. 1. 0.]]
probabilities: [[0.36136135 0.14651766 0.49212098]
 [0.17026651 0.23576558 0.5939679 ]
 [0.48136923 0.28518724 0.2334435 ]
 [0.16371341 0.7396137  0.09667286]
 [0.77462727 0.18342474 0.04194797]]
probabilities: [[0.49420625 0.24411915 0.26167458]
 [0.71762145 0.10258631 0.17979227]
 [0.19152775 0.38199967 0.42647257]
 [0.89480513 0.03915467 0.06604018]
 [0.07894002 0.6449853  0.27607465]]
probabilities: [[0.2715067  0.02304208 0.70545125]
 [0.1148294  0.6024413  0.28272927]
 [0.1654735  0.27952883 0.5549977 ]
 [0.4111279  0.2129456  0.3759265 ]
 [0.4137835  0.04192861 0.5442879 ]]
probabilities: [[1. 0. 0.]
 [1. 0. 0.]
 [1. 0. 0.]
 [1. 0. 0.]
 [1. 0. 0.]]
probabilities: [[0.1700994  0.11144957 0.718451  ]
 [0.36757436 0.07848345 0.5539422 ]
 [0.5323423  0.10207458 0.36558315]
 [0.21297285 0.38057268 0.40645447]
 [0.5388977  0.4560281  0.0050742 ]]
probabilities: [[0.06235718 0.11066701 0.8269758 ]
 [0.66372025 0.17415176 0.16212799]
 [0.7201074  0.18271253 0.09718012]
 [0.06408472 0.905725   0.03019028]
 [0.35983938 0.5980072  0.04215343]]
probabilities: [[0.0239419  0.19244324 0.7836149 ]
 [0.52290225 0.4447588  0.03233898]
 [0.84075797 0.07736576 0.08187626]
 [0.2597812  0.5810016  0.1592172 ]
 [0.3488617  0.3652355  0.2859028 ]]
probabilities: [[1. 0. 0.]
 [1. 0. 0.]
 [1. 0. 0.]
 [1. 0. 0.]
 [1. 0. 0.]]
probabilities: [[0.5184685  0.17300515 0.30852637]
 [0.35410535 0.5461279  0.0997667 ]
 [0.02190246 0.5316947  0.44640285]
 [0.56578285 0.25491005 0.17930712]
 [0.36681527 0.36942422 0.2637605 ]]
probabilities: [[0.18793644 0.43330663 0.37875694]
 [0.06645917 0.68451226 0.24902855]
 [0.76549846 0.18673503 0.04776651]
 [0.2259977  0.43564877 0.33835354]
 [0.6802939  0.20385297 0.11585312]]
probabilities: [[0.8775624  0.02619994 0.09623767]
 [0.29441068 0.21125755 0.49433178]
 [0.1148654  0.46330878 0.4218258 ]
 [0.05166982 0.68133    0.26700017]
 [0.14477876 0.5689594  0.28626186]]
probabilities: [[0. 0. 1.]
 [0. 1. 0.]
 [0. 0. 1.]
 [0. 0. 1.]
 [0. 0. 1.]]
probabilities: [[0.01809631 0.11686026 0.86504346]
 [0.16282915 0.21203709 0.62513375]
 [0.10197359 0.11111853 0.78690785]
 [0.08552344 0.61724806 0.2972285 ]
 [0.04161887 0.13206246 0.8263187 ]]
probabilities: [[0.04187404 0.92188203 0.03624391]
 [0.35437095 0.49935886 0.1462702 ]
 [0.0062433  0.7176344  0.27612233]
 [0.22557491 0.63841784 0.13600725]
 [0.2187055  0.16131955 0.6199749 ]]
probabilities: [[0.13665223 0.32676035 0.5365874 ]
 [0.00122442 0.592117   0.4066586 ]
 [0.44285768 0.5120388  0.04510347]
 [0.411838   0.47906414 0.10909789]
 [0.7844355  0.13345541 0.08210908]]
probabilities: [[0. 1. 0.]
 [0. 1. 0.]
 [0. 1. 0.]
 [0. 1. 0.]
 [0. 1. 0.]]
probabilities: [[0.15821844 0.25196564 0.5898159 ]
 [0.11594577 0.18738396 0.69667023]
 [0.7413004  0.06261819 0.19608141]
 [0.05813093 0.85989517 0.08197388]
 [0.02785118 0.47340342 0.49874538]]
probabilities: [[0.15463142 0.47301963 0.37234893]
 [0.3211866  0.3966271  0.2821863 ]
 [0.66924626 0.02011861 0.31063515]
 [0.02666234 0.18378201 0.78955567]
 [0.35598943 0.39045644 0.25355414]]
probabilities: [[0.49629885 0.29508102 0.20862013]
 [0.75253683 0.10063223 0.14683093]
 [0.7402072  0.04146755 0.21832527]
 [0.05125688 0.21078275 0.73796034]
 [0.7809912  0.06313311 0.15587568]]
probabilities: [[0. 0. 1.]
 [0. 1. 0.]
 [0. 0. 1.]
 [0. 0. 1.]
 [0. 0. 1.]]
probabilities: [[0.1301433  0.5453073  0.32454944]
 [0.7580011  0.13321953 0.10877941]
 [0.13570534 0.25163984 0.6126548 ]
 [0.646561   0.1807422  0.1726968 ]
 [0.18852319 0.42477706 0.38669974]]
probabilities: [[0.27997166 0.7054647  0.01456364]
 [0.3573895  0.43984523 0.20276526]
 [0.23918703 0.25235188 0.5084611 ]
 [0.45866662 0.5207598  0.02057357]
 [0.15259346 0.8289611  0.01844547]]
probabilities: [[0.22232802 0.5580531  0.21961889]
 [0.19375794 0.06330241 0.74293965]
 [0.27230632 0.15018167 0.57751197]
 [0.03257249 0.33564144 0.63178605]
 [0.1980184  0.30217206 0.49980953]]
probabilities: [[0. 0. 1.]
 [0. 1. 0.]
 [0. 1. 0.]
 [0. 0. 1.]
 [0. 0. 1.]]
probabilities: [[0.08025792 0.11131631 0.8084258 ]
 [0.29899356 0.4446486  0.25635782]
 [0.19730055 0.58611965 0.21657982]
 [0.41053727 0.05891645 0.5305463 ]
 [0.7044836  0.26263005 0.03288631]]
probabilities: [[0.5409195  0.04619718 0.41288334]
 [0.37598467 0.38677922 0.23723611]
 [0.31449488 0.18615395 0.49935117]
 [0.42505738 0.42881644 0.14612618]
 [0.07105027 0.07645252 0.8524972 ]]
probabilities: [[0.03951968 0.70643866 0.25404164]
 [0.15493152 0.312598   0.5324705 ]
 [0.04565277 0.6813555  0.27299175]
 [0.24484302 0.49590412 0.25925288]
 [0.2937352  0.00079576 0.705469  ]]
probabilities: [[1. 0. 0.]
 [1. 0. 0.]
 [1. 0. 0.]
 [1. 0. 0.]
 [1. 0. 0.]]
probabilities: [[0.28417948 0.3678684  0.34795213]
 [0.03009106 0.8487151  0.12119383]
 [0.19476426 0.7068867  0.09834904]
 [0.3173776  0.41361287 0.26900953]
 [0.0886004  0.03414784 0.87725174]]
probabilities: [[0.18461461 0.6331474  0.18223797]
 [0.32777953 0.14299302 0.52922744]
 [0.01384146 0.6957552  0.29040334]
 [0.763349   0.05103665 0.18561438]
 [0.00114398 0.13161926 0.8672368 ]]
probabilities: [[0.1293578  0.74013174 0.13051045]
 [0.6085696  0.00686549 0.3845649 ]
 [0.6111164  0.36818984 0.02069377]
 [0.08693152 0.34849647 0.56457204]
 [0.31283313 0.62428784 0.06287903]]
probabilities: [[0. 1. 0.]
 [0. 1. 0.]
 [0. 1. 0.]
 [0. 1. 0.]
 [0. 1. 0.]]
probabilities: [[0.05978807 0.6483487  0.29186323]
 [0.5626483  0.15458545 0.28276622]
 [0.74575484 0.03037938 0.22386578]
 [0.14919986 0.09789605 0.7529041 ]
 [0.3739637  0.10634544 0.5196909 ]]
probabilities: [[0.5086101  0.06497434 0.4264155 ]
 [0.34359124 0.04325543 0.61315334]
 [0.53327125 0.19888869 0.26784006]
 [0.50170135 0.4709808  0.02731783]
 [0.83900714 0.13250515 0.02848773]]
probabilities: [[0.0579848  0.14342508 0.7985901 ]
 [0.18381488 0.06778049 0.7484046 ]
 [0.29040533 0.53999627 0.1695984 ]
 [0.23207848 0.74029994 0.02762157]
 [0.58138466 0.19653192 0.22208342]]
probabilities: [[0. 0. 1.]
 [0. 1. 0.]
 [0. 0. 1.]
 [0. 0. 1.]
 [0. 0. 1.]]
probabilities: [[3.3732009e-01 1.4370225e-02 6.4830965e-01]
 [5.0587350e-01 7.5955167e-02 4.1817132e-01]
 [4.2565185e-01 9.8527014e-02 4.7582114e-01]
 [3.0980760e-01 6.8997455e-01 2.1782912e-04]
 [3.0667216e-01 2.7733624e-01 4.1599160e-01]]
probabilities: [[0.44047672 0.46247473 0.09704857]
 [0.02239455 0.05318912 0.92441636]
 [0.29660806 0.01471165 0.6886803 ]
 [0.10354051 0.30878735 0.5876722 ]
 [0.10309362 0.78051627 0.1163901 ]]
probabilities: [[0.20768948 0.36510372 0.4272068 ]
 [0.807034   0.17109226 0.02187375]
 [0.12360327 0.41759244 0.45880428]
 [0.23360264 0.19554226 0.5708551 ]
 [0.17241573 0.8059937  0.02159057]]
probabilities: [[0. 0. 1.]
 [0. 1. 0.]
 [0. 0. 1.]
 [0. 0. 1.]
 [0. 0. 1.]]
probabilities: [[0.59523094 0.32638624 0.07838285]
 [0.817672   0.11758059 0.06474742]
 [0.23064888 0.05136651 0.7179846 ]
 [0.46506223 0.5274523  0.0074855 ]
 [0.64199746 0.34425497 0.01374756]]
probabilities: [[0.8842433  0.01177338 0.10398334]
 [0.47417927 0.45195043 0.07387029]
 [0.5743215  0.292437   0.13324152]
 [0.38514978 0.529545   0.08530521]
 [0.4031207  0.42303696 0.17384234]]
probabilities: [[0.03323872 0.5856803  0.38108099]
 [0.4860241  0.24015774 0.27381817]
 [0.5444678  0.39049712 0.06503507]
 [0.41607496 0.5455742  0.03835084]
 [0.25805315 0.2134201  0.5285267 ]]
probabilities: [[1. 0. 0.]
 [1. 0. 0.]
 [1. 0. 0.]
 [1. 0. 0.]
 [1. 0. 0.]]
probabilities: [[0.01510263 0.23331265 0.7515847 ]
 [0.14953753 0.51875985 0.33170265]
 [0.15262426 0.6138386  0.23353711]
 [0.12170281 0.03883338 0.83946383]
 [0.1035092  0.76130724 0.13518357]]
probabilities: [[0.7202172  0.10990752 0.16987525]
 [0.45794204 0.18205069 0.3600073 ]
 [0.4547682  0.3628713  0.18236051]
 [0.02114729 0.29566753 0.68318516]
 [0.668152   0.01957079 0.31227726]]
probabilities: [[0.05227374 0.5309883  0.41673797]
 [0.2525081  0.17254204 0.57494986]
 [0.16209385 0.4660422  0.37186396]
 [0.7791045  0.00268847 0.21820705]
 [0.61975807 0.14422025 0.23602167]]
probabilities: [[1. 0. 0.]
 [1. 0. 0.]
 [1. 0. 0.]
 [1. 0. 0.]
 [1. 0. 0.]]
probabilities: [[0.16163303 0.620628   0.21773899]
 [0.04732344 0.7868085  0.16586806]
 [0.3791764  0.2650172  0.35580638]
 [0.48187786 0.24969119 0.26843095]
 [0.25076076 0.22472884 0.5245104 ]]
probabilities: [[0.23598109 0.6476017  0.11641721]
 [0.46345437 0.28584614 0.2506995 ]
 [0.37565467 0.58452404 0.0398213 ]
 [0.5668559  0.28523707 0.14790702]
 [0.1901156  0.76003426 0.04985011]]
probabilities: [[0.30786887 0.43013027 0.26200083]
 [0.06682462 0.413677   0.51949835]
 [0.25160077 0.3139565  0.43444276]
 [0.5793227  0.04487363 0.37580368]
 [0.49445623 0.03117545 0.47436833]]
probabilities: [[0. 0. 1.]
 [0. 1. 0.]
 [0. 1. 0.]
 [0. 0. 1.]
 [0. 0. 1.]]
probabilities: [[0.13047975 0.2293084  0.6402118 ]
 [0.20373787 0.72394603 0.07231613]
 [0.05438807 0.36134085 0.5842711 ]
 [0.21682483 0.12566853 0.65750664]
 [0.51347625 0.41291204 0.07361175]]
probabilities: [[0.36163053 0.04738624 0.5909832 ]
 [0.24842353 0.530114   0.22146247]
 [0.41893044 0.49615535 0.08491421]
 [0.20687878 0.20612988 0.58699137]
 [0.15397891 0.74146    0.10456105]]
