probabilities: [[0. 1. 0.]
 [0. 1. 0.]
 [0. 1. 0.]
 [0. 1. 0.]
 [0. 1. 0.]]
probabilities: [[2.7629292e-01 4.1277027e-01 3.1093681e-01]
 [8.5434550e-01 6.1466638e-04 1.4503984e-01]
 [7.7760595e-01 5.7276964e-02 1.6511708e-01]
 [5.5075908e-01 4.2086256e-01 2.8378356e-02]
 [1.1113934e-01 3.4627092e-01 5.4258972e-01]]
probabilities: [[0.22813684 0.575894   0.19596915]
 [0.33414268 0.22915722 0.43670008]
 [0.45233706 0.46326238 0.08440055]
 [0.14724146 0.4523563  0.40040225]
 [0.597158   0.12774558 0.27509645]]
probabilities: [[0.08463982 0.7383159  0.17704433]
 [0.38097194 0.20990345 0.4091246 ]
 [0.2762889  0.22887802 0.49483308]
 [0.12006062 0.25760525 0.6223341 ]
 [0.03443022 0.34252042 0.6230494 ]]
probabilities: [[1. 0. 0.]
 [1. 0. 0.]
 [1. 0. 0.]
 [1. 0. 0.]
 [1. 0. 0.]]
probabilities: [[0.03669684 0.64919394 0.31410924]
 [0.03951061 0.4154163  0.5450731 ]
 [0.1101573  0.57360196 0.31624076]
 [0.4636272  0.22441407 0.31195873]
 [0.6408134  0.19820705 0.16097954]]
probabilities: [[2.2085446e-01 3.5773957e-01 4.2140597e-01]
 [3.7927425e-01 6.2036896e-01 3.5677702e-04]
 [1.7679884e-01 4.1008452e-01 4.1311666e-01]
 [6.1763149e-01 1.7533754e-01 2.0703094e-01]
 [1.9917836e-02 8.0935621e-01 1.7072599e-01]]
probabilities: [[0.00693354 0.8052916  0.18777484]
 [0.12636298 0.36435205 0.509285  ]
 [0.44027603 0.44606563 0.11365835]
 [0.40096527 0.03092501 0.56810975]
 [0.12971845 0.16486524 0.7054163 ]]
probabilities: [[0. 0. 1.]
 [0. 1. 0.]
 [0. 0. 1.]
 [0. 0. 1.]
 [0. 0. 1.]]
probabilities: [[0.0720975  0.63236827 0.29553425]
 [0.04077694 0.24110651 0.7181165 ]
 [0.3187477  0.46657538 0.21467695]
 [0.24960959 0.16240379 0.58798665]
 [0.04783308 0.6395271  0.31263983]]
probabilities: [[0.0673034  0.47374845 0.45894817]
 [0.7934268  0.09339156 0.11318163]
 [0.05641751 0.62872756 0.31485495]
 [0.16286848 0.51397383 0.32315764]
 [0.2796697  0.21156144 0.50876886]]
probabilities: [[0.7120986  0.22137149 0.0665299 ]
 [0.04882005 0.26483303 0.68634695]
 [0.49475482 0.3633092  0.14193599]
 [0.4330497  0.38322073 0.18372956]
 [0.36348096 0.5694374  0.06708167]]
probabilities: [[0. 0. 1.]
 [0. 1. 0.]
 [0. 1. 0.]
 [0. 0. 1.]
 [0. 0. 1.]]
probabilities: [[0.3597579  0.58224905 0.05799304]
 [0.56492275 0.24969009 0.18538716]
 [0.95178497 0.0035463  0.04466873]
 [0.16391684 0.05714244 0.77894074]
 [0.13283384 0.01198466 0.8551815 ]]
probabilities: [[0.13023081 0.8687652  0.00100399]
 [0.01330333 0.65454936 0.33214733]
 [0.7235873  0.00850664 0.26790607]
 [0.09001577 0.01519179 0.89479244]
 [0.02835638 0.20933525 0.76230836]]
probabilities: [[0.77277714 0.17785184 0.04937102]
 [0.57958317 0.10087447 0.31954235]
 [0.6443959  0.2382135  0.1173906 ]
 [0.00327287 0.23123388 0.7654933 ]
 [0.11863717 0.27334517 0.6080177 ]]
probabilities: [[1. 0. 0.]
 [1. 0. 0.]
 [1. 0. 0.]
 [1. 0. 0.]
 [1. 0. 0.]]
probabilities: [[0.11503714 0.39337692 0.49158594]
 [0.32392982 0.01618404 0.6598861 ]
 [0.47610748 0.28224456 0.24164794]
 [0.39183512 0.15334268 0.4548222 ]
 [0.07992446 0.27012053 0.649955  ]]
probabilities: [[0.8235235  0.12213911 0.05433736]
 [0.45401642 0.04880094 0.49718264]
 [0.37493002 0.4232569  0.20181306]
 [0.05897292 0.6085126  0.33251446]
 [0.28503498 0.421346   0.29361898]]
probabilities: [[0.13734387 0.43734154 0.42531458]
 [0.519206   0.38451743 0.0962766 ]
 [0.15697365 0.38677266 0.4562537 ]
 [0.00190713 0.7747373  0.22335559]
 [0.00429482 0.14440322 0.85130197]]
probabilities: [[0. 1. 0.]
 [0. 1. 0.]
 [0. 1. 0.]
 [0. 1. 0.]
 [0. 1. 0.]]
probabilities: [[0.6890888  0.28208232 0.02882886]
 [0.60744005 0.03996881 0.35259113]
 [0.1671052  0.7257656  0.10712922]
 [0.36902013 0.45008144 0.18089844]
 [0.3998368  0.51328856 0.08687467]]
probabilities: [[0.42281437 0.51638365 0.06080197]
 [0.13424724 0.12685019 0.73890257]
 [0.16135335 0.6457748  0.19287188]
 [0.15410511 0.45296046 0.3929344 ]
 [0.03805363 0.07567363 0.8862727 ]]
probabilities: [[0.5186643  0.41941923 0.06191645]
 [0.38700032 0.06176285 0.5512368 ]
 [0.42412484 0.21893777 0.35693738]
 [0.28730497 0.6167784  0.0959167 ]
 [0.10024448 0.38796723 0.51178825]]
probabilities: [[0. 1. 0.]
 [0. 1. 0.]
 [0. 1. 0.]
 [0. 1. 0.]
 [0. 1. 0.]]
probabilities: [[0.56949884 0.3960308  0.03447032]
 [0.6641181  0.21652244 0.11935944]
 [0.37392285 0.38858986 0.23748727]
 [0.52239    0.42121717 0.05639279]
 [0.06205175 0.92727995 0.01066828]]
probabilities: [[0.06254774 0.16738872 0.7700635 ]
 [0.05334981 0.4889387  0.4577115 ]
 [0.11888082 0.74690324 0.13421594]
 [0.27753648 0.20614499 0.51631856]
 [0.36042476 0.03733964 0.6022356 ]]
probabilities: [[0.21988435 0.04353654 0.7365791 ]
 [0.30376992 0.5261154  0.17011465]
 [0.4842121  0.19131295 0.32447496]
 [0.1347743  0.74156576 0.12365991]
 [0.23646499 0.3564068  0.40712819]]
probabilities: [[0. 0. 1.]
 [0. 1. 0.]
 [0. 1. 0.]
 [0. 0. 1.]
 [0. 0. 1.]]
probabilities: [[0.6658066  0.12055714 0.21363628]
 [0.6753124  0.2740952  0.05059238]
 [0.7172118  0.13656099 0.14622723]
 [0.2819551  0.34634367 0.37170124]
 [0.31224784 0.5662195  0.12153263]]
probabilities: [[0.33810392 0.11385563 0.54804045]
 [0.15258564 0.8353244  0.01208996]
 [0.38144726 0.469372   0.14918071]
 [0.75974476 0.18571669 0.05453856]
 [0.24972878 0.5405847  0.20968655]]
probabilities: [[0.83902556 0.04885845 0.112116  ]
 [0.6417052  0.2395163  0.1187785 ]
 [0.6496188  0.33559024 0.01479099]
 [0.14493077 0.23266616 0.6224031 ]
 [0.5169171  0.08810945 0.39497343]]
probabilities: [[1. 0. 0.]
 [1. 0. 0.]
 [1. 0. 0.]
 [1. 0. 0.]
 [1. 0. 0.]]
probabilities: [[0.22685441 0.21243846 0.5607071 ]
 [0.45499125 0.4933304  0.05167836]
 [0.5372744  0.25031352 0.21241207]
 [0.3279018  0.5348638  0.13723433]
 [0.28619337 0.23875263 0.475054  ]]
probabilities: [[0.46767843 0.34743637 0.1848852 ]
 [0.194932   0.6390145  0.16605349]
 [0.7644098  0.19889134 0.03669889]
 [0.01524263 0.75075316 0.23400423]
 [0.46767908 0.01182168 0.5204992 ]]
probabilities: [[0.5287745  0.15239096 0.31883454]
 [0.11884002 0.81100065 0.07015931]
 [0.2898259  0.00540715 0.704767  ]
 [0.23118964 0.46395838 0.30485198]
 [0.8115645  0.1635977  0.02483779]]
probabilities: [[1. 0. 0.]
 [1. 0. 0.]
 [1. 0. 0.]
 [1. 0. 0.]
 [1. 0. 0.]]
probabilities: [[0.40933955 0.28606188 0.30459857]
 [0.0615314  0.9048249  0.03364368]
 [0.4016991  0.01076645 0.5875344 ]
 [0.265782   0.60136676 0.13285121]
 [0.53784436 0.06585936 0.3962963 ]]
probabilities: [[0.7923009  0.04246185 0.16523723]
 [0.12774481 0.23819225 0.63406295]
 [0.7246924  0.1711961  0.10411149]
 [0.6299225  0.29720974 0.07286779]
 [0.20741723 0.61746466 0.1751181 ]]
probabilities: [[0.3484759  0.1528735  0.49865058]
 [0.4265861  0.39339516 0.18001875]
 [0.06087843 0.5083486  0.430773  ]
 [0.6205482  0.00273489 0.3767169 ]
 [0.48929122 0.47979042 0.03091836]]
probabilities: [[0. 0. 1.]
 [0. 1. 0.]
 [0. 1. 0.]
 [0. 0. 1.]
 [0. 0. 1.]]
probabilities: [[0.00522696 0.08086075 0.9139123 ]
 [0.73274404 0.11830994 0.14894605]
 [0.14859347 0.27996722 0.5714393 ]
 [0.5930608  0.36848837 0.03845081]
 [0.2704034  0.31965935 0.40993726]]
probabilities: [[0.75042427 0.16117066 0.0884051 ]
 [0.4177975  0.17397834 0.40822414]
 [0.17250374 0.3191894  0.50830686]
 [0.13976458 0.6028243  0.25741115]
 [0.19431427 0.4299671  0.37571862]]
probabilities: [[0.22922546 0.28344488 0.48732966]
 [0.29418945 0.40162733 0.30418321]
 [0.45089835 0.54776806 0.00133362]
 [0.26908895 0.04413512 0.6867759 ]
 [0.3352107  0.243332   0.4214573 ]]
probabilities: [[1. 0. 0.]
 [1. 0. 0.]
 [1. 0. 0.]
 [1. 0. 0.]
 [1. 0. 0.]]
probabilities: [[0.15841536 0.6308469  0.21073775]
 [0.50583357 0.4751211  0.01904529]
 [0.6906144  0.24076436 0.06862122]
 [0.5138069  0.12064178 0.36555138]
 [0.13735002 0.74830157 0.1143484 ]]
probabilities: [[0.04901714 0.04997996 0.9010029 ]
 [0.00878987 0.51742816 0.47378197]
 [0.23771009 0.68248594 0.07980398]
 [0.10436311 0.5901172  0.3055197 ]
 [0.24032219 0.43769026 0.32198754]]
probabilities: [[0.15236534 0.15433642 0.6932982 ]
 [0.15174656 0.21986416 0.6283893 ]
 [0.5969664  0.02711184 0.3759218 ]
 [0.2705879  0.07591459 0.6534975 ]
 [0.10855912 0.2802803  0.6111606 ]]
probabilities: [[0. 1. 0.]
 [0. 1. 0.]
 [0. 1. 0.]
 [0. 1. 0.]
 [0. 1. 0.]]
probabilities: [[0.27839726 0.37292522 0.34867752]
 [0.19432397 0.79995084 0.00572519]
 [0.13180776 0.43682542 0.43136683]
 [0.19543745 0.5369626  0.26759994]
 [0.10017529 0.43674153 0.46308318]]
probabilities: [[0.23863873 0.68653005 0.07483121]
 [0.00852983 0.49171442 0.49975577]
 [0.62726694 0.04199835 0.33073473]
 [0.2153697  0.57542235 0.20920797]
 [0.674804   0.3112054  0.01399067]]
probabilities: [[0.03305429 0.5795068  0.38743892]
 [0.0504288  0.2953164  0.6542548 ]
 [0.5305113  0.4103409  0.05914776]
 [0.4358853  0.5232675  0.04084718]
 [0.06143508 0.38454044 0.55402446]]
probabilities: [[1. 0. 0.]
 [1. 0. 0.]
 [1. 0. 0.]
 [1. 0. 0.]
 [1. 0. 0.]]
probabilities: [[0.19351178 0.6312838  0.17520438]
 [0.1724017  0.44759956 0.37999874]
 [0.37985846 0.09874169 0.52139986]
 [0.26437852 0.32882327 0.40679824]
 [0.22711957 0.15634525 0.6165352 ]]
probabilities: [[0.23136994 0.7163669  0.05226316]
 [0.42893088 0.3381756  0.23289354]
 [0.5414518  0.02431877 0.43422943]
 [0.00075201 0.29498    0.704268  ]
 [0.43464923 0.24943551 0.31591526]]
probabilities: [[0.20803517 0.43202373 0.3599411 ]
 [0.6859158  0.01984129 0.29424286]
 [0.08751236 0.3917489  0.5207387 ]
 [0.5575299  0.1701681  0.27230194]
 [0.12013526 0.41389686 0.4659679 ]]
probabilities: [[1. 0. 0.]
 [1. 0. 0.]
 [1. 0. 0.]
 [1. 0. 0.]
 [1. 0. 0.]]
probabilities: [[0.17717603 0.25848973 0.5643343 ]
 [0.00757075 0.5090163  0.48341298]
 [0.2343825  0.4122819  0.3533356 ]
 [0.40273884 0.2063155  0.39094564]
 [0.7543148  0.03975045 0.20593476]]
probabilities: [[0.5763578  0.25826186 0.16538034]
 [0.34517446 0.61869437 0.03613118]
 [0.07412902 0.63389665 0.29197434]
 [0.6535824  0.33978468 0.00663296]
 [0.43842572 0.01892845 0.5426459 ]]
probabilities: [[0.44840986 0.05768405 0.49390608]
 [0.12910433 0.3715439  0.49935174]
 [0.14251569 0.47894236 0.37854195]
 [0.8602206  0.06491217 0.07486723]
 [0.10493304 0.41401717 0.48104978]]
probabilities: [[0. 0. 1.]
 [0. 1. 0.]
 [0. 0. 1.]
 [0. 0. 1.]
 [0. 0. 1.]]
probabilities: [[0.31227812 0.20197308 0.4857488 ]
 [0.5432903  0.28715107 0.16955863]
 [0.02528141 0.91913325 0.05558535]
 [0.12570976 0.5862954  0.28799483]
 [0.3624079  0.50055057 0.13704155]]
probabilities: [[0.7149681  0.27881947 0.00621243]
 [0.14080064 0.67198473 0.18721466]
 [0.7541228  0.0608274  0.18504982]
 [0.04422354 0.36870238 0.58707404]
 [0.23408054 0.7469876  0.01893186]]
probabilities: [[0.05616729 0.82740146 0.11643128]
 [0.33698624 0.09210812 0.5709056 ]
 [0.26948783 0.22914453 0.5013676 ]
 [0.14700174 0.13853358 0.71446466]
 [0.02197605 0.03221064 0.9458133 ]]
probabilities: [[0. 0. 1.]
 [0. 1. 0.]
 [0. 1. 0.]
 [0. 0. 1.]
 [0. 0. 1.]]
probabilities: [[0.01302725 0.44167545 0.54529727]
 [0.38912657 0.30157015 0.3093033 ]
 [0.16659662 0.82307667 0.01032671]
 [0.50638527 0.40389094 0.08972377]
 [0.10098998 0.21404076 0.68496925]]
probabilities: [[0.14243512 0.26007295 0.5974919 ]
 [0.51420784 0.45879403 0.02699812]
 [0.20246485 0.59190667 0.20562851]
 [0.22763012 0.74895376 0.02341613]
 [0.87407094 0.10733627 0.01859277]]
probabilities: [[0.10048224 0.2311876  0.66833013]
 [0.18186834 0.09107693 0.7270547 ]
 [0.673577   0.01377566 0.3126473 ]
 [0.21608551 0.0942845  0.68963   ]
 [0.2563497  0.6185105  0.12513979]]
probabilities: [[0. 0. 1.]
 [0. 1. 0.]
 [0. 0. 1.]
 [0. 0. 1.]
 [0. 0. 1.]]
probabilities: [[5.31952262e-01 1.60203382e-01 3.07844371e-01]
 [4.90185261e-01 2.35932440e-01 2.73882300e-01]
 [3.48167581e-04 8.84083629e-01 1.15568206e-01]
 [5.60897946e-01 1.33389041e-01 3.05712968e-01]
 [8.95108506e-02 4.53072309e-01 4.57416832e-01]]
probabilities: [[0.19267072 0.18868163 0.61864763]
 [0.41538957 0.25148097 0.33312947]
 [0.3371679  0.05494208 0.60789   ]
 [0.27073428 0.00579491 0.7234708 ]
 [0.16242924 0.04083793 0.79673284]]
probabilities: [[0.09040587 0.30243412 0.60716003]
 [0.7680941  0.07499079 0.15691508]
 [0.31217217 0.11719725 0.57063055]
 [0.36287227 0.3860536  0.25107414]
 [0.23592848 0.4125538  0.35151774]]
probabilities: [[0. 1. 0.]
 [0. 1. 0.]
 [0. 1. 0.]
 [0. 1. 0.]
 [0. 1. 0.]]
probabilities: [[0.40037814 0.5806601  0.01896174]
 [0.14837198 0.5227485  0.32887954]
 [0.08971139 0.49359232 0.41669628]
 [0.39353925 0.5747105  0.03175027]
 [0.30258086 0.26378557 0.43363357]]
probabilities: [[0.56049633 0.37884626 0.06065742]
 [0.02638238 0.92311686 0.05050075]
 [0.24892484 0.51252675 0.23854841]
 [0.368808   0.33674598 0.29444602]
 [0.3339554  0.01647784 0.64956677]]
probabilities: [[0.52855134 0.21895136 0.25249732]
 [0.42692208 0.4158292  0.15724869]
 [0.42320612 0.28867158 0.28812233]
 [0.8452217  0.13023043 0.0245479 ]
 [0.2778671  0.568174   0.1539589 ]]
probabilities: [[0. 0. 1.]
 [0. 1. 0.]
 [0. 0. 1.]
 [0. 0. 1.]
 [0. 0. 1.]]
probabilities: [[0.08385108 0.628439   0.2877099 ]
 [0.7207679  0.25260678 0.02662533]
 [0.6218364  0.10966505 0.2684985 ]
 [0.01104293 0.03071707 0.95824   ]
 [0.10803159 0.11339024 0.77857816]]
probabilities: [[0.13635764 0.56017435 0.30346802]
 [0.19203812 0.11839657 0.6895653 ]
 [0.20715164 0.44619343 0.34665492]
 [0.5059538  0.44841245 0.04563376]
 [0.79708344 0.09977109 0.10314544]]
probabilities: [[0.01069389 0.4418079  0.5474982 ]
 [0.6566481  0.13561563 0.20773628]
 [0.5551208  0.38557702 0.05930214]
 [0.64469576 0.31453583 0.04076844]
 [0.75794923 0.16251631 0.07953446]]
probabilities: [[0. 0. 1.]
 [0. 1. 0.]
 [0. 1. 0.]
 [0. 0. 1.]
 [0. 0. 1.]]
probabilities: [[0.39627945 0.16176146 0.44195908]
 [0.3574903  0.05091855 0.5915912 ]
 [0.18124887 0.6507017  0.16804944]
 [0.47373626 0.42545938 0.10080438]
 [0.3911642  0.21012315 0.39871264]]
probabilities: [[0.21283497 0.2876901  0.4994749 ]
 [0.07120157 0.3716681  0.55713034]
 [0.08493806 0.8679562  0.0471057 ]
 [0.20838177 0.35430565 0.43731257]
 [0.2849467  0.53111607 0.1839372 ]]
probabilities: [[0.1428682  0.06361795 0.79351383]
 [0.3168042  0.5848141  0.09838171]
 [0.1289706  0.264598   0.60643137]
 [0.46070623 0.3408613  0.19843248]
 [0.9732618  0.00735803 0.01938023]]
probabilities: [[0. 0. 1.]
 [0. 1. 0.]
 [0. 1. 0.]
 [0. 0. 1.]
 [0. 0. 1.]]
probabilities: [[0.8350312  0.12486166 0.04010713]
 [0.3694523  0.33595952 0.29458818]
 [0.18315738 0.07963205 0.7372106 ]
 [0.02692202 0.94053644 0.03254155]
 [0.12978147 0.20588273 0.6643358 ]]
probabilities: [[0.6155025  0.29135212 0.09314542]
 [0.21484835 0.35591552 0.4292361 ]
 [0.01482307 0.51657224 0.4686047 ]
 [0.78126127 0.16172469 0.05701406]
 [0.11010501 0.16926144 0.72063357]]
probabilities: [[0.28870252 0.13588777 0.5754097 ]
 [0.6289784  0.06614974 0.30487192]
 [0.26332644 0.7018388  0.03483476]
 [0.1141832  0.6791297  0.20668706]
 [0.31806052 0.28924474 0.39269474]]
probabilities: [[1. 0. 0.]
 [1. 0. 0.]
 [1. 0. 0.]
 [1. 0. 0.]
 [1. 0. 0.]]
probabilities: [[0.12127196 0.45910162 0.4196264 ]
 [0.7254362  0.12710553 0.14745826]
 [0.21817975 0.6778859  0.10393434]
 [0.68753225 0.26916587 0.04330185]
 [0.21686119 0.4766816  0.30645722]]
probabilities: [[0.6716291  0.1925489  0.13582203]
 [0.00256744 0.6995289  0.2979037 ]
 [0.18082576 0.46022436 0.35894987]
 [0.7975886  0.19492024 0.00749115]
 [0.1514467  0.18263456 0.6659187 ]]
probabilities: [[0.72501487 0.09622844 0.17875671]
 [0.1410428  0.4698656  0.3890916 ]
 [0.2873558  0.31891757 0.39372662]
 [0.20278962 0.2547731  0.54243726]
 [0.83597696 0.15362449 0.01039856]]
probabilities: [[0. 1. 0.]
 [0. 1. 0.]
 [0. 1. 0.]
 [0. 1. 0.]
 [0. 1. 0.]]
probabilities: [[0.1712355  0.3795092  0.4492553 ]
 [0.44386122 0.37426305 0.18187574]
 [0.11863648 0.79594487 0.08541862]
 [0.10859544 0.81298697 0.07841758]
 [0.84654677 0.03623648 0.11721676]]
probabilities: [[0.14444372 0.39466062 0.46089566]
 [0.14485161 0.1368441  0.7183043 ]
 [0.36183083 0.11227418 0.525895  ]
 [0.23558742 0.33106977 0.4333428 ]
 [0.39473712 0.155764   0.44949886]]
probabilities: [[0.36274514 0.5799374  0.05731748]
 [0.33107594 0.56728274 0.10164136]
 [0.18308525 0.49110276 0.325812  ]
 [0.31281033 0.6402753  0.04691438]
 [0.2456019  0.47304046 0.28135765]]
probabilities: [[0. 1. 0.]
 [0. 1. 0.]
 [0. 1. 0.]
 [0. 1. 0.]
 [0. 1. 0.]]
probabilities: [[0.84016556 0.14676973 0.0130647 ]
 [0.44775602 0.10890938 0.4433346 ]
 [0.00825109 0.37647805 0.61527085]
 [0.23226288 0.619856   0.1478811 ]
 [0.96245694 0.00456026 0.03298282]]
probabilities: [[0.18812408 0.6559509  0.15592499]
 [0.7568057  0.20507134 0.03812297]
 [0.17881578 0.20662914 0.61455506]
 [0.04932104 0.34111017 0.6095688 ]
 [0.25953326 0.47715998 0.26330677]]
probabilities: [[0.04031013 0.6851327  0.2745572 ]
 [0.58498627 0.12692034 0.28809336]
 [0.8287032  0.16741237 0.00388439]
 [0.6994838  0.02096208 0.27955407]
 [0.44587907 0.45342386 0.10069707]]
probabilities: [[0. 1. 0.]
 [0. 1. 0.]
 [0. 1. 0.]
 [0. 1. 0.]
 [0. 1. 0.]]
probabilities: [[0.00959385 0.9425171  0.04788902]
 [0.28037104 0.56983304 0.1497959 ]
 [0.5355453  0.35173556 0.11271914]
 [0.45545664 0.14783753 0.39670584]
 [0.3109459  0.35647815 0.33257595]]
probabilities: [[0.34070843 0.35710615 0.30218545]
 [0.34420455 0.5430632  0.11273223]
 [0.5638606  0.3232163  0.11292312]
 [0.11539987 0.6635358  0.22106433]
 [0.14963886 0.32022956 0.5301316 ]]
probabilities: [[0.12658456 0.10817978 0.76523566]
 [0.27224094 0.16195863 0.5658004 ]
 [0.06746847 0.38490298 0.5476285 ]
 [0.00470376 0.6227854  0.37251085]
 [0.6288113  0.17302118 0.19816753]]
probabilities: [[0. 0. 1.]
 [0. 1. 0.]
 [0. 1. 0.]
 [0. 0. 1.]
 [0. 0. 1.]]
probabilities: [[0.544892   0.24447936 0.21062864]
 [0.70173556 0.02625627 0.27200818]
 [0.14535463 0.5203526  0.33429277]
 [0.05718522 0.21145909 0.73135567]
 [0.05396041 0.67848253 0.26755708]]
probabilities: [[0.6496162  0.07564355 0.27474028]
 [0.64858854 0.18511139 0.16630009]
 [0.18496354 0.26087078 0.55416566]
 [0.23785947 0.70908153 0.05305898]
 [0.36354733 0.2566692  0.37978345]]
probabilities: [[0.04243953 0.3727877  0.58477277]
 [0.11708257 0.19149438 0.69142306]
 [0.1662138  0.59552634 0.23825987]
 [0.64015126 0.13189362 0.22795515]
 [0.7265091  0.25469592 0.01879496]]
probabilities: [[0. 0. 1.]
 [0. 1. 0.]
 [0. 0. 1.]
 [0. 0. 1.]
 [0. 0. 1.]]
probabilities: [[0.00198389 0.14287287 0.85514325]
 [0.7026581  0.20406592 0.09327597]
 [0.1371814  0.55819285 0.30462572]
 [0.2807627  0.12423573 0.5950016 ]
 [0.20750113 0.6978039  0.09469495]]
probabilities: [[0.30876336 0.13912344 0.55211323]
 [0.74150294 0.00787532 0.25062174]
 [0.46135807 0.04796662 0.4906753 ]
 [0.3611212  0.5213401  0.11753874]
 [0.03541346 0.88447565 0.0801109 ]]
probabilities: [[0.07020036 0.4492476  0.48055205]
 [0.16690941 0.17295595 0.6601346 ]
 [0.02112654 0.8475808  0.13129266]
 [0.21550402 0.58980703 0.19468895]
 [0.07749287 0.55901366 0.36349344]]
probabilities: [[1. 0. 0.]
 [1. 0. 0.]
 [1. 0. 0.]
 [1. 0. 0.]
 [1. 0. 0.]]
probabilities: [[0.17562889 0.37416768 0.45020342]
 [0.10197251 0.28798825 0.61003923]
 [0.40353718 0.47379312 0.1226697 ]
 [0.13741647 0.56595695 0.2966266 ]
 [0.14893335 0.6251486  0.22591807]]
probabilities: [[0.41081345 0.11980659 0.46937996]
 [0.5320449  0.11163763 0.3563175 ]
 [0.24798521 0.21019803 0.5418168 ]
 [0.08383954 0.274747   0.64141345]
 [0.3798697  0.39949408 0.22063625]]
probabilities: [[0.12418085 0.52463365 0.3511855 ]
 [0.26911652 0.6723011  0.05858236]
 [0.5558143  0.10979244 0.33439323]
 [0.5951006  0.12611024 0.2787892 ]
 [0.16567434 0.7502542  0.08407143]]
probabilities: [[0. 0. 1.]
 [0. 1. 0.]
 [0. 0. 1.]
 [0. 0. 1.]
 [0. 0. 1.]]
probabilities: [[0.04226319 0.763644   0.19409281]
 [0.6746344  0.17509286 0.15027274]
 [0.2874684  0.23212403 0.48040757]
 [0.17712103 0.16560024 0.6572787 ]
 [0.46253365 0.11696652 0.42049983]]
probabilities: [[0.02694583 0.36686844 0.60618573]
 [0.18937913 0.47230566 0.33831522]
 [0.00593483 0.695882   0.29818314]
 [0.2028209  0.38904026 0.40813884]
 [0.01776784 0.5587406  0.42349154]]
probabilities: [[0.40498713 0.50372565 0.09128722]
 [0.07947354 0.4934134  0.42711306]
 [0.17805977 0.0221441  0.7997961 ]
 [0.16274229 0.57461214 0.2626456 ]
 [0.8020264  0.14044453 0.05752908]]
probabilities: [[1. 0. 0.]
 [1. 0. 0.]
 [1. 0. 0.]
 [1. 0. 0.]
 [1. 0. 0.]]
probabilities: [[0.0975091  0.25755167 0.64493924]
 [0.3040088  0.2771094  0.41888177]
 [0.41120157 0.3488352  0.23996323]
 [0.342917   0.31711513 0.33996788]
 [0.29689005 0.02221891 0.68089104]]
probabilities: [[0.64540625 0.2860209  0.06857286]
 [0.11240421 0.8774092  0.01018655]
 [0.68075395 0.09042064 0.22882539]
 [0.35326764 0.24118596 0.4055464 ]
 [0.59923273 0.29156736 0.1091999 ]]
probabilities: [[0.11774576 0.10429989 0.77795434]
 [0.93999887 0.01831803 0.04168312]
 [0.21085134 0.6630451  0.12610357]
 [0.7182279  0.06515138 0.21662067]
 [0.1329906  0.30398247 0.56302696]]
probabilities: [[0. 0. 1.]
 [0. 1. 0.]
 [0. 1. 0.]
 [0. 0. 1.]
 [0. 0. 1.]]
probabilities: [[0.4613326  0.14162827 0.39703915]
 [0.40710816 0.3138471  0.27904475]
 [0.11802103 0.66087264 0.22110635]
 [0.13840903 0.8204454  0.04114558]
 [0.07695362 0.4104636  0.5125828 ]]
probabilities: [[0.08946607 0.08851773 0.8220162 ]
 [0.36735907 0.04717161 0.5854693 ]
 [0.48270234 0.36799785 0.14929982]
 [0.7038632  0.22120212 0.07493467]
 [0.609513   0.27816418 0.11232283]]
probabilities: [[0.47448248 0.30890784 0.2166097 ]
 [0.10246941 0.83385825 0.06367235]
 [0.07444088 0.65863883 0.26692027]
 [0.16779092 0.37223595 0.45997313]
 [0.23278752 0.12337752 0.64383495]]
probabilities: [[0. 0. 1.]
 [0. 1. 0.]
 [0. 1. 0.]
 [0. 0. 1.]
 [0. 0. 1.]]
probabilities: [[0.36538932 0.57245314 0.06215757]
 [0.10622089 0.6002557  0.2935234 ]
 [0.28955227 0.42302105 0.28742668]
 [0.86803627 0.01427958 0.11768414]
 [0.13499643 0.53465134 0.33035225]]
probabilities: [[0.9183047  0.0240317  0.05766364]
 [0.3814545  0.19029647 0.428249  ]
 [0.3605843  0.05087751 0.5885382 ]
 [0.62720734 0.09956114 0.2732315 ]
 [0.3649779  0.41143465 0.22358744]]
probabilities: [[0.8875845  0.03037647 0.08203902]
 [0.53009784 0.4007119  0.06919024]
 [0.61097765 0.07871163 0.31031072]
 [0.5343049  0.3368471  0.12884799]
 [0.34848303 0.07850005 0.57301694]]
probabilities: [[0. 1. 0.]
 [0. 1. 0.]
 [0. 1. 0.]
 [0. 1. 0.]
 [0. 1. 0.]]
probabilities: [[0.34117    0.35429657 0.30453342]
 [0.31702867 0.66596425 0.01700708]
 [0.08406965 0.4479835  0.46794683]
 [0.25685498 0.35300002 0.39014497]
 [0.22089197 0.6988559  0.08025215]]
probabilities: [[0.19798635 0.5463833  0.25563028]
 [0.46205428 0.26731616 0.27062955]
 [0.21928212 0.75891453 0.02180334]
 [0.8694484  0.02365807 0.10689353]
 [0.32353878 0.38455713 0.2919041 ]]
probabilities: [[0.5296198  0.14361058 0.3267696 ]
 [0.04255913 0.7858978  0.17154306]
 [0.6816468  0.22260027 0.09575292]
 [0.46247235 0.25428578 0.28324187]
 [0.94383717 0.02866803 0.0274948 ]]
probabilities: [[0. 1. 0.]
 [0. 1. 0.]
 [0. 1. 0.]
 [0. 1. 0.]
 [0. 1. 0.]]
probabilities: [[0.42865363 0.22010006 0.3512463 ]
 [0.03748639 0.8217627  0.14075094]
 [0.37615845 0.5603778  0.06346379]
 [0.31889153 0.24049772 0.44061074]
 [0.1169929  0.67795205 0.20505507]]
probabilities: [[0.84388083 0.00698221 0.14913698]
 [0.1931479  0.38231167 0.42454043]
 [0.8582201  0.00423401 0.13754588]
 [0.06941497 0.51889455 0.41169047]
 [0.42156422 0.3797009  0.19873491]]
probabilities: [[0.22224401 0.11582164 0.6619343 ]
 [0.2844366  0.59813535 0.11742805]
 [0.817756   0.14872847 0.03351554]
 [0.29297438 0.18680464 0.52022094]
 [0.29506046 0.29831392 0.40662566]]
probabilities: [[0. 0. 1.]
 [0. 1. 0.]
 [0. 1. 0.]
 [0. 0. 1.]
 [0. 0. 1.]]
probabilities: [[0.47425264 0.33111092 0.19463643]
 [0.21509804 0.73916614 0.04573584]
 [0.88460493 0.05755334 0.05784174]
 [0.54249084 0.31324863 0.14426056]
 [0.21392965 0.00590006 0.78017026]]
probabilities: [[0.03662029 0.09808106 0.8652986 ]
 [0.22078222 0.4607432  0.3184746 ]
 [0.75012785 0.21882348 0.03104868]
 [0.4097034  0.03013014 0.5601664 ]
 [0.77653396 0.01532833 0.20813772]]
probabilities: [[0.46927878 0.4614876  0.06923362]
 [0.00516382 0.41539255 0.57944363]
 [0.35909194 0.22055888 0.42034918]
 [0.04272873 0.22404644 0.7332248 ]
 [0.30555525 0.3293109  0.36513385]]
probabilities: [[0. 1. 0.]
 [0. 1. 0.]
 [0. 1. 0.]
 [0. 1. 0.]
 [0. 1. 0.]]
probabilities: [[0.2065587  0.40412977 0.38931152]
 [0.11115226 0.04404404 0.8448037 ]
 [0.42608798 0.5606435  0.01326849]
 [0.03689151 0.47569802 0.48741046]
 [0.00504805 0.1123871  0.88256484]]
probabilities: [[0.08325075 0.40782773 0.5089215 ]
 [0.49493822 0.308114   0.19694778]
 [0.22896619 0.7420147  0.02901908]
 [0.5875091  0.17324865 0.23924224]
 [0.6624337  0.09530132 0.242265  ]]
probabilities: [[0.13173707 0.25091422 0.61734873]
 [0.65279776 0.15914273 0.18805951]
 [0.03870119 0.20787227 0.75342655]
 [0.19894093 0.78333294 0.01772611]
 [0.50795525 0.21316    0.27888477]]
probabilities: [[0. 0. 1.]
 [0. 1. 0.]
 [0. 0. 1.]
 [0. 0. 1.]
 [0. 0. 1.]]
probabilities: [[0.09889575 0.64366794 0.2574363 ]
 [0.09622338 0.75781715 0.14595948]
 [0.20282526 0.27900735 0.5181674 ]
 [0.75921214 0.17978966 0.06099823]
 [0.23574728 0.55605125 0.20820145]]
probabilities: [[0.01527322 0.43219078 0.552536  ]
 [0.32203892 0.6111983  0.06676278]
 [0.32506028 0.2585329  0.41640678]
 [0.24952337 0.7159838  0.03449279]
 [0.47718245 0.27648824 0.24632931]]
probabilities: [[0.68319523 0.27891374 0.03789103]
 [0.77976817 0.09245805 0.12777375]
 [0.09943743 0.36874282 0.53181976]
 [0.00167383 0.11799409 0.88033205]
 [0.6249458  0.2444613  0.13059288]]
probabilities: [[0. 0. 1.]
 [0. 1. 0.]
 [0. 0. 1.]
 [0. 0. 1.]
 [0. 0. 1.]]
probabilities: [[0.5387669  0.28247362 0.17875943]
 [0.01692923 0.52273    0.46034077]
 [0.33131304 0.06261121 0.60607576]
 [0.04124747 0.75597256 0.20277995]
 [0.18539488 0.11069389 0.70391124]]
probabilities: [[0.3901833  0.01570719 0.59410954]
 [0.49172163 0.49859622 0.00968216]
 [0.10442927 0.26768947 0.6278813 ]
 [0.09594361 0.76872534 0.13533105]
 [0.2135907  0.39700243 0.3894069 ]]
probabilities: [[0.22181869 0.3927391  0.38544223]
 [0.40704408 0.06482083 0.52813506]
 [0.76098454 0.0783288  0.16068666]
 [0.768045   0.12332866 0.10862636]
 [0.13545042 0.80785644 0.05669316]]
probabilities: [[0. 0. 1.]
 [0. 1. 0.]
 [0. 1. 0.]
 [0. 0. 1.]
 [0. 0. 1.]]
probabilities: [[0.13919432 0.32224438 0.5385613 ]
 [0.26205894 0.57009876 0.16784228]
 [0.45628566 0.37673423 0.1669801 ]
 [0.51531845 0.20462164 0.28005987]
 [0.37407252 0.39434376 0.23158368]]
probabilities: [[0.4489639  0.02090936 0.53012675]
 [0.41197157 0.37588364 0.21214478]
 [0.2616811  0.4311223  0.30719656]
 [0.19515625 0.69172037 0.11312339]
 [0.03684186 0.76652455 0.19663359]]
probabilities: [[0.03401173 0.5769488  0.38903946]
 [0.294729   0.25431776 0.45095327]
 [0.18943621 0.8020895  0.00847425]
 [0.22076534 0.33533752 0.44389713]
 [0.3429837  0.3884385  0.2685778 ]]
probabilities: [[0. 1. 0.]
 [0. 1. 0.]
 [0. 1. 0.]
 [0. 1. 0.]
 [0. 1. 0.]]
probabilities: [[0.25231874 0.37365746 0.3740238 ]
 [0.1074749  0.86200094 0.03052414]
 [0.45964754 0.15208521 0.38826725]
 [0.35597298 0.63040155 0.01362547]
 [0.85603285 0.02134301 0.12262414]]
probabilities: [[0.09156661 0.5638702  0.34456322]
 [0.63039637 0.01167595 0.35792768]
 [0.09077312 0.21216814 0.69705874]
 [0.2782136  0.045437   0.6763494 ]
 [0.59696823 0.16724731 0.23578447]]
probabilities: [[0.2258669  0.52993137 0.2442017 ]
 [0.2546223  0.43129736 0.3140803 ]
 [0.09834938 0.81334543 0.08830516]
 [0.01983009 0.80316865 0.17700127]
 [0.69202554 0.23699957 0.07097489]]
probabilities: [[0. 0. 1.]
 [0. 1. 0.]
 [0. 1. 0.]
 [0. 0. 1.]
 [0. 0. 1.]]
probabilities: [[0.2692234  0.05570696 0.67506963]
 [0.18873294 0.23408127 0.5771858 ]
 [0.01022958 0.94746333 0.04230711]
 [0.0346577  0.62363553 0.34170678]
 [0.39938655 0.41127443 0.18933903]]
probabilities: [[0.12829828 0.4560655  0.4156362 ]
 [0.40773553 0.01330343 0.5789611 ]
 [0.40080503 0.56014764 0.03904732]
 [0.74856937 0.09992269 0.15150791]
 [0.10718899 0.22897841 0.6638326 ]]
probabilities: [[0.4430943  0.02117853 0.53572714]
 [0.08167613 0.8018375  0.11648636]
 [0.36629218 0.35037825 0.28332958]
 [0.19696486 0.6913724  0.11166275]
 [0.5676673  0.16080517 0.2715275 ]]
probabilities: [[0. 0. 1.]
 [0. 1. 0.]
 [0. 0. 1.]
 [0. 0. 1.]
 [0. 0. 1.]]
probabilities: [[0.06720446 0.03074781 0.90204775]
 [0.18534547 0.5767422  0.23791233]
 [0.2589154  0.00493619 0.7361484 ]
 [0.03341922 0.7226855  0.24389529]
 [0.20812789 0.6202736  0.17159855]]
probabilities: [[0.04460398 0.21931526 0.73608077]
 [0.23497199 0.468394   0.29663402]
 [0.34789363 0.09767791 0.55442846]
 [0.19665791 0.18315133 0.62019074]
 [0.18302824 0.24871103 0.5682607 ]]
probabilities: [[0.12389883 0.7100251  0.16607611]
 [0.70698375 0.21242133 0.08059491]
 [0.04219655 0.1723261  0.78547734]
 [0.18677284 0.25277758 0.5604496 ]
 [0.3724255  0.4889974  0.13857709]]
probabilities: [[0. 0. 1.]
 [0. 1. 0.]
 [0. 1. 0.]
 [0. 0. 1.]
 [0. 0. 1.]]
probabilities: [[0.00461432 0.6407093  0.35467643]
 [0.36943224 0.48772871 0.14283906]
 [0.5329293  0.17380078 0.2932699 ]
 [0.04085455 0.06675337 0.8923921 ]
 [0.34553212 0.23080386 0.42366403]]
probabilities: [[0.10530872 0.17968008 0.7150112 ]
 [0.24833488 0.5822448  0.16942032]
 [0.03798529 0.76038694 0.20162776]
 [0.06140179 0.34342575 0.59517246]
 [0.05206726 0.03733082 0.9106019 ]]
probabilities: [[0.17690547 0.44813055 0.374964  ]
 [0.45603427 0.27320704 0.2707587 ]
 [0.189648   0.6729759  0.13737608]
 [0.6128631  0.14298703 0.24414988]
 [0.24091788 0.592137   0.16694511]]
probabilities: [[1. 0. 0.]
 [1. 0. 0.]
 [1. 0. 0.]
 [1. 0. 0.]
 [1. 0. 0.]]
probabilities: [[0.8677496  0.06529833 0.06695212]
 [0.6198912  0.3083364  0.07177236]
 [0.06688298 0.01040824 0.92270875]
 [0.6492292  0.17800534 0.17276542]
 [0.10858398 0.33262506 0.558791  ]]
probabilities: [[0.2855392  0.36112717 0.3533336 ]
 [0.59887105 0.24036701 0.16076194]
 [0.00840481 0.64114606 0.35044912]
 [0.15705942 0.68691325 0.15602732]
 [0.22942339 0.6149307  0.1556459 ]]
probabilities: [[0.25005156 0.01369414 0.7362543 ]
 [0.42840332 0.15878808 0.4128086 ]
 [0.84719217 0.07374964 0.07905819]
 [0.11418618 0.18624112 0.6995727 ]
 [0.2004359  0.43881917 0.3607449 ]]
probabilities: [[1. 0. 0.]
 [1. 0. 0.]
 [1. 0. 0.]
 [1. 0. 0.]
 [1. 0. 0.]]
probabilities: [[0.8998854  0.03613125 0.06398334]
 [0.30270872 0.2409233  0.45636797]
 [0.08426226 0.5018447  0.41389304]
 [0.35058954 0.26492068 0.38448977]
 [0.19122384 0.6038146  0.20496154]]
probabilities: [[0.57135856 0.2018699  0.22677156]
 [0.4711834  0.29396325 0.23485336]
 [0.19585206 0.00830728 0.7958407 ]
 [0.07698382 0.30967876 0.6133374 ]
 [0.46144876 0.1372974  0.40125385]]
probabilities: [[0.7898031  0.1799887  0.03020824]
 [0.39337242 0.31315994 0.29346764]
 [0.05635006 0.13054657 0.8131034 ]
 [0.16988696 0.2738177  0.55629534]
 [0.09134296 0.05677377 0.85188323]]
probabilities: [[1. 0. 0.]
 [1. 0. 0.]
 [1. 0. 0.]
 [1. 0. 0.]
 [1. 0. 0.]]
probabilities: [[0.24021694 0.18494992 0.57483315]
 [0.38005862 0.19756134 0.42238003]
 [0.44739002 0.35098132 0.20162866]
 [0.15236318 0.8147228  0.03291405]
 [0.212994   0.55778354 0.22922248]]
probabilities: [[0.06829781 0.30559105 0.62611115]
 [0.13688369 0.5099519  0.35316443]
 [0.7807104  0.14449723 0.07479236]
 [0.22886802 0.75347674 0.01765524]
 [0.7627671  0.07185247 0.16538045]]
probabilities: [[4.7657520e-02 9.5175731e-01 5.8515259e-04]
 [3.8880444e-01 2.6212454e-01 3.4907106e-01]
 [2.0020698e-01 5.2948767e-01 2.7030537e-01]
 [2.7474603e-01 2.4810420e-01 4.7714975e-01]
 [5.8465666e-01 8.6953379e-02 3.2838997e-01]]
probabilities: [[1. 0. 0.]
 [1. 0. 0.]
 [1. 0. 0.]
 [1. 0. 0.]
 [1. 0. 0.]]
probabilities: [[0.233425   0.3884326  0.3781424 ]
 [0.6866177  0.07134333 0.24203901]
 [0.7736682  0.09015714 0.13617462]
 [0.07622184 0.5939458  0.32983238]
 [0.26113293 0.1213048  0.6175623 ]]
probabilities: [[5.2943337e-01 4.8000947e-02 4.2256567e-01]
 [2.0335989e-01 1.0795344e-01 6.8868667e-01]
 [5.3088439e-01 7.1330681e-02 3.9778492e-01]
 [1.5206116e-01 8.4772325e-01 2.1555988e-04]
 [3.4219944e-01 2.3113437e-01 4.2666617e-01]]
probabilities: [[0.3465505  0.24497524 0.40847427]
 [0.52785957 0.37650356 0.09563686]
 [0.47094396 0.19948055 0.3295755 ]
 [0.04108323 0.52351815 0.4353986 ]
 [0.29468963 0.40724993 0.29806042]]
probabilities: [[0. 0. 1.]
 [0. 1. 0.]
 [0. 1. 0.]
 [0. 0. 1.]
 [0. 0. 1.]]
probabilities: [[0.88630265 0.08355469 0.03014266]
 [0.3346305  0.54393417 0.12143534]
 [0.82181704 0.15567684 0.02250614]
 [0.14931224 0.55732495 0.2933628 ]
 [0.12656726 0.74021804 0.13321468]]
probabilities: [[0.5023263  0.08172208 0.41595158]
 [0.10737763 0.33722582 0.55539656]
 [0.2561754  0.30703017 0.43679443]
 [0.10887558 0.46584204 0.42528236]
 [0.01321181 0.29810005 0.68868816]]
probabilities: [[0.22089843 0.7059946  0.07310694]
 [0.20910856 0.2385227  0.55236876]
 [0.65907943 0.27663326 0.06428728]
 [0.058363   0.3436482  0.5979888 ]
 [0.660325   0.05906504 0.28060994]]
probabilities: [[0. 0. 1.]
 [0. 1. 0.]
 [0. 1. 0.]
 [0. 0. 1.]
 [0. 0. 1.]]
probabilities: [[0.20307826 0.73734057 0.0595812 ]
 [0.16499199 0.46898296 0.36602506]
 [0.5631018  0.2545949  0.18230328]
 [0.3367294  0.21041796 0.45285264]
 [0.31994656 0.04078489 0.6392685 ]]
probabilities: [[0.33518785 0.08529983 0.5795123 ]
 [0.6214397  0.1994241  0.17913619]
 [0.56370544 0.1442885  0.29200605]
 [0.14291717 0.6259362  0.23114659]
 [0.48077846 0.30535495 0.21386658]]
probabilities: [[0.7340942  0.10580259 0.16010323]
 [0.08185647 0.26157114 0.6565724 ]
 [0.37254164 0.14438969 0.48306867]
 [0.20537543 0.34537092 0.44925365]
 [0.01964325 0.50353014 0.4768266 ]]
probabilities: [[0. 1. 0.]
 [0. 1. 0.]
 [0. 1. 0.]
 [0. 1. 0.]
 [0. 1. 0.]]
probabilities: [[0.3944947  0.1849757  0.4205296 ]
 [0.20126936 0.6394999  0.15923071]
 [0.159537   0.01211171 0.8283513 ]
 [0.30032843 0.30582932 0.39384228]
 [0.6745993  0.06176811 0.2636326 ]]
probabilities: [[0.09315588 0.33875677 0.56808734]
 [0.01417248 0.7605274  0.22530012]
 [0.08313449 0.5885835  0.328282  ]
 [0.5796454  0.02487762 0.39547697]
 [0.54702514 0.3862723  0.06670253]]
probabilities: [[0.3199312  0.49838507 0.18168373]
 [0.2729761  0.4342645  0.2927594 ]
 [0.48979974 0.11345452 0.39674574]
 [0.45480523 0.29423532 0.25095946]
 [0.8228979  0.15000483 0.02709724]]
probabilities: [[0. 0. 1.]
 [0. 1. 0.]
 [0. 1. 0.]
 [0. 0. 1.]
 [0. 0. 1.]]
probabilities: [[0.06063599 0.0341538  0.9052102 ]
 [0.2110904  0.3699299  0.4189797 ]
 [0.5754208  0.2806001  0.14397912]
 [0.05808024 0.17078005 0.7711397 ]
 [0.6746014  0.02608884 0.29930982]]
probabilities: [[0.83847296 0.06215116 0.09937586]
 [0.09991805 0.55338866 0.34669325]
 [0.15951474 0.13869485 0.7017904 ]
 [0.38549238 0.5033834  0.11112425]
 [0.3144258  0.37272674 0.31284747]]
probabilities: [[0.6303033  0.0222158  0.3474809 ]
 [0.06726231 0.85679567 0.07594205]
 [0.45128366 0.42381784 0.12489849]
 [0.63769597 0.18718547 0.17511858]
 [0.15495464 0.17093846 0.6741069 ]]
probabilities: [[0. 0. 1.]
 [0. 1. 0.]
 [0. 0. 1.]
 [0. 0. 1.]
 [0. 0. 1.]]
probabilities: [[0.30965483 0.49372986 0.19661534]
 [0.31497276 0.56786895 0.11715828]
 [0.01145791 0.24945164 0.73909044]
 [0.00356658 0.70686376 0.28956968]
 [0.65965104 0.23132914 0.10901982]]
probabilities: [[0.4267915  0.35844433 0.21476418]
 [0.47968853 0.40242493 0.11788655]
 [0.45500472 0.25721434 0.28778094]
 [0.5246208  0.05031208 0.42506716]
 [0.03718542 0.20759502 0.7552196 ]]
probabilities: [[0.6927792  0.25178266 0.05543818]
 [0.16956517 0.5531545  0.2772803 ]
 [0.08711084 0.7588029  0.15408628]
 [0.8432791  0.01475801 0.14196284]
 [0.49838746 0.3266461  0.17496642]]
probabilities: [[0. 0. 1.]
 [0. 1. 0.]
 [0. 0. 1.]
 [0. 0. 1.]
 [0. 0. 1.]]
probabilities: [[0.05206144 0.01518039 0.93275815]
 [0.65085703 0.01173319 0.3374098 ]
 [0.60777634 0.30088297 0.09134067]
 [0.11266083 0.48052794 0.40681124]
 [0.25048262 0.3131611  0.43635628]]
probabilities: [[0.21472242 0.29779395 0.48748362]
 [0.12737136 0.27782598 0.5948027 ]
 [0.02876078 0.2766926  0.69454664]
 [0.5823274  0.3713879  0.04628465]
 [0.25778356 0.3049674  0.43724903]]
probabilities: [[0.33772966 0.4561938  0.20607652]
 [0.00119383 0.16387971 0.8349265 ]
 [0.01231857 0.8184322  0.16924924]
 [0.30401698 0.5196218  0.1763612 ]
 [0.26045105 0.35263398 0.38691497]]
probabilities: [[0. 1. 0.]
 [0. 1. 0.]
 [0. 1. 0.]
 [0. 1. 0.]
 [0. 1. 0.]]
probabilities: [[0.33906755 0.35795823 0.30297422]
 [0.33489865 0.2325484  0.43255296]
 [0.30629528 0.48826566 0.20543905]
 [0.281233   0.46188524 0.25688174]
 [0.50210506 0.30019456 0.19770037]]
probabilities: [[0.40110743 0.5572478  0.04164477]
 [0.5733895  0.07357365 0.3530369 ]
 [0.06119601 0.7559332  0.18287076]
 [0.58123934 0.2589787  0.15978198]
 [0.15831079 0.4133562  0.428333  ]]
probabilities: [[0.22973354 0.6618655  0.10840099]
 [0.9119691  0.01531333 0.07271754]
 [0.2440349  0.7462134  0.00975171]
 [0.34677398 0.20004195 0.45318407]
 [0.07212722 0.6950831  0.23278968]]
probabilities: [[0. 1. 0.]
 [0. 1. 0.]
 [0. 1. 0.]
 [0. 1. 0.]
 [0. 1. 0.]]
probabilities: [[0.53146213 0.28161824 0.18691966]
 [0.3198582  0.39856577 0.28157604]
 [0.4487382  0.54231113 0.00895066]
 [0.382441   0.21170202 0.40585697]
 [0.18023989 0.54798156 0.27177858]]
probabilities: [[0.89572245 0.07308863 0.03118893]
 [0.11402674 0.03741019 0.8485631 ]
 [0.4310291  0.5526411  0.01632978]
 [0.5753684  0.02218154 0.40245003]
 [0.22048095 0.51201534 0.26750374]]
probabilities: [[0.0534044  0.18883422 0.75776136]
 [0.3747613  0.5720826  0.05315608]
 [0.41915342 0.10212997 0.4787166 ]
 [0.31666124 0.06277408 0.62056464]
 [0.2709857  0.00437674 0.72463757]]
probabilities: [[0. 0. 1.]
 [0. 1. 0.]
 [0. 0. 1.]
 [0. 0. 1.]
 [0. 0. 1.]]
probabilities: [[0.05866097 0.2709658  0.6703732 ]
 [0.59829515 0.3677195  0.03398537]
 [0.01581945 0.48222265 0.5019579 ]
 [0.29520866 0.44461936 0.26017195]
 [0.58899957 0.15337434 0.2576261 ]]
probabilities: [[0.07666002 0.77378947 0.14955053]
 [0.27881092 0.23701285 0.48417622]
 [0.5231971  0.13831693 0.33848596]
 [0.508606   0.48305842 0.00833557]
 [0.5129683  0.11970101 0.36733067]]
probabilities: [[0.5221726  0.44828594 0.02954146]
 [0.28639227 0.25258592 0.4610218 ]
 [0.4596915  0.25875166 0.28155684]
 [0.55438817 0.3272946  0.11831723]
 [0.23207974 0.733906   0.03401431]]
probabilities: [[1. 0. 0.]
 [1. 0. 0.]
 [1. 0. 0.]
 [1. 0. 0.]
 [1. 0. 0.]]
probabilities: [[0.8407281  0.07171693 0.08755499]
 [0.4366473  0.2501232  0.3132295 ]
 [0.07992825 0.04748922 0.87258255]
 [0.36017504 0.36913902 0.27068597]
 [0.63896775 0.3155718  0.04546043]]
probabilities: [[0.32136193 0.56945187 0.10918623]
 [0.30938774 0.4679448  0.22266744]
 [0.2039436  0.6841917  0.11186471]
 [0.27391002 0.16696315 0.5591268 ]
 [0.02010219 0.59840566 0.38149214]]
probabilities: [[0.08711621 0.6282763  0.28460753]
 [0.24085663 0.50300133 0.25614205]
 [0.7647304  0.11645015 0.11881948]
 [0.09060057 0.46736848 0.44203094]
 [0.30750278 0.55419904 0.13829821]]
probabilities: [[1. 0. 0.]
 [1. 0. 0.]
 [1. 0. 0.]
 [1. 0. 0.]
 [1. 0. 0.]]
probabilities: [[0.32856593 0.42266423 0.24876983]
 [0.81368726 0.09414698 0.09216574]
 [0.5544146  0.14754796 0.29803747]
 [0.43076593 0.24940671 0.31982738]
 [0.40619972 0.11497579 0.4788245 ]]
probabilities: [[0.18442383 0.57930994 0.23626623]
 [0.5359518  0.3972528  0.06679539]
 [0.42488194 0.43326375 0.14185432]
 [0.33866686 0.27556148 0.38577166]
 [0.78070045 0.18849514 0.03080438]]
probabilities: [[0.7911784  0.10717794 0.10164364]
 [0.29556757 0.05315391 0.6512785 ]
 [0.49405596 0.13642684 0.3695172 ]
 [0.6768988  0.06701822 0.25608298]
 [0.30113867 0.3104846  0.38837677]]
probabilities: [[0. 1. 0.]
 [0. 1. 0.]
 [0. 1. 0.]
 [0. 1. 0.]
 [0. 1. 0.]]
probabilities: [[0.1696612  0.79665196 0.03368684]
 [0.0300863  0.0892333  0.8806804 ]
 [0.1021781  0.6022187  0.29560322]
 [0.05902315 0.44532466 0.4956522 ]
 [0.6544043  0.1262029  0.21939284]]
probabilities: [[0.6141365  0.1718071  0.21405639]
 [0.2500744  0.33359846 0.41632715]
 [0.6807629  0.15504107 0.16419606]
 [0.6066992  0.10263267 0.2906681 ]
 [0.23621263 0.47081086 0.29297653]]
probabilities: [[0.13630627 0.23720542 0.6264883 ]
 [0.04980763 0.37188497 0.5783074 ]
