probabilities: [[1. 0. 0.]
 [1. 0. 0.]
 [1. 0. 0.]
 [1. 0. 0.]
 [1. 0. 0.]]
probabilities: [[0.3968753  0.39939234 0.20373239]
 [0.4817477  0.2517824  0.26646993]
 [0.3503892  0.13262351 0.51698726]
 [0.34406808 0.5559338  0.09999813]
 [0.27533913 0.07020951 0.6544514 ]]
probabilities: [[0.0768076  0.20782298 0.7153694 ]
 [0.4209938  0.36962995 0.20937626]
 [0.34271407 0.07402433 0.5832616 ]
 [0.22910063 0.10122548 0.6696739 ]
 [0.12034565 0.15593673 0.72371763]]
probabilities: [[0.261685   0.5442836  0.19403136]
 [0.08706874 0.24339002 0.66954124]
 [0.06372895 0.11200748 0.8242636 ]
 [0.65373296 0.29746294 0.04880407]
 [0.02696404 0.2126512  0.7603848 ]]
probabilities: [[0. 1. 0.]
 [0. 1. 0.]
 [0. 1. 0.]
 [0. 1. 0.]
 [0. 1. 0.]]
probabilities: [[3.1064564e-01 3.9962658e-01 2.8972778e-01]
 [2.7375466e-01 1.3973053e-01 5.8651483e-01]
 [3.6772311e-01 5.6553984e-01 6.6737086e-02]
 [9.8167586e-01 1.7655624e-02 6.6850742e-04]
 [2.1732672e-01 1.5542255e-01 6.2725073e-01]]
probabilities: [[0.8797805  0.06900208 0.05121746]
 [0.04738879 0.28074756 0.6718636 ]
 [0.6776059  0.2685136  0.05388048]
 [0.03619514 0.8141557  0.14964917]
 [0.08035153 0.54834294 0.3713055 ]]
probabilities: [[0.22511777 0.69199246 0.08288975]
 [0.29073292 0.2939645  0.41530257]
 [0.6406514  0.29675975 0.06258882]
 [0.4189851  0.32570702 0.25530788]
 [0.50599444 0.2489377  0.24506786]]
probabilities: [[0. 0. 1.]
 [0. 1. 0.]
 [0. 0. 1.]
 [0. 0. 1.]
 [0. 0. 1.]]
probabilities: [[0.23882385 0.43758422 0.32359195]
 [0.17553827 0.52720076 0.29726097]
 [0.48804954 0.35850695 0.15344353]
 [0.05870216 0.507595   0.43370283]
 [0.12095014 0.7739372  0.10511262]]
probabilities: [[0.02198743 0.78186107 0.19615151]
 [0.80805564 0.09026276 0.10168158]
 [0.00115263 0.22285442 0.77599293]
 [0.24337354 0.31994534 0.43668112]
 [0.26562813 0.03406391 0.70030797]]
probabilities: [[0.46297702 0.09841622 0.43860677]
 [0.43826163 0.2562679  0.30547047]
 [0.06844857 0.6852406  0.24631079]
 [0.09756658 0.59734666 0.30508673]
 [0.08954279 0.29489243 0.61556476]]
probabilities: [[0. 1. 0.]
 [0. 1. 0.]
 [0. 1. 0.]
 [0. 1. 0.]
 [0. 1. 0.]]
probabilities: [[0.6023321  0.23790176 0.1597661 ]
 [0.6302134  0.17188166 0.19790497]
 [0.75978005 0.02459563 0.21562432]
 [0.87485623 0.03277108 0.09237266]
 [0.07923835 0.74612385 0.17463781]]
probabilities: [[0.6029804  0.09877384 0.2982458 ]
 [0.874464   0.10409599 0.02144004]
 [0.22963049 0.7402882  0.03008133]
 [0.73112303 0.07478337 0.19409359]
 [0.04037391 0.87019646 0.08942965]]
probabilities: [[0.45151561 0.2838086  0.2646758 ]
 [0.22556761 0.12201479 0.6524176 ]
 [0.3282435  0.3533992  0.3183573 ]
 [0.42308003 0.40303525 0.1738847 ]
 [0.5237315  0.24006012 0.23620836]]
probabilities: [[1. 0. 0.]
 [1. 0. 0.]
 [1. 0. 0.]
 [1. 0. 0.]
 [1. 0. 0.]]
probabilities: [[0.4417511  0.47422424 0.08402468]
 [0.06027128 0.5989242  0.34080452]
 [0.5250339  0.13153511 0.34343097]
 [0.20094727 0.22100736 0.57804537]
 [0.13060166 0.69654244 0.1728559 ]]
probabilities: [[0.3879464  0.03316885 0.5788847 ]
 [0.33687517 0.046239   0.61688584]
 [0.3623333  0.5812686  0.05639812]
 [0.00874313 0.69842285 0.29283404]
 [0.30498022 0.33029443 0.36472538]]
probabilities: [[0.4075089  0.26004258 0.3324485 ]
 [0.46430385 0.5291436  0.00655258]
 [0.20746887 0.5623505  0.2301806 ]
 [0.33010256 0.27775735 0.3921401 ]
 [0.01887924 0.5742532  0.4068676 ]]
probabilities: [[0. 0. 1.]
 [0. 1. 0.]
 [0. 0. 1.]
 [0. 0. 1.]
 [0. 0. 1.]]
probabilities: [[0.5119041  0.01903403 0.46906185]
 [0.59799606 0.20668788 0.19531603]
 [0.3948505  0.5994683  0.00568121]
 [0.36457923 0.13416806 0.5012527 ]
 [0.66657823 0.18295021 0.15047154]]
probabilities: [[0.10899793 0.4037022  0.48729986]
 [0.25395724 0.6217467  0.12429604]
 [0.85268766 0.09937275 0.04793961]
 [0.26125705 0.2101725  0.5285705 ]
 [0.19540296 0.01461521 0.78998184]]
probabilities: [[0.07013355 0.34767395 0.5821925 ]
 [0.48117113 0.35483217 0.16399673]
 [0.1874996  0.04378728 0.7687131 ]
 [0.42513913 0.05369366 0.5211672 ]
 [0.19626363 0.7944083  0.00932807]]
probabilities: [[0. 0. 1.]
 [0. 1. 0.]
 [0. 1. 0.]
 [0. 0. 1.]
 [0. 0. 1.]]
probabilities: [[0.27792177 0.03474149 0.68733674]
 [0.7182     0.03232359 0.24947637]
 [0.43424723 0.43900573 0.12674701]
 [0.09419473 0.39002278 0.5157825 ]
 [0.3680723  0.15205714 0.47987056]]
probabilities: [[0.23781995 0.5092926  0.25288746]
 [0.75549495 0.01748589 0.22701915]
 [0.37393326 0.58242637 0.04364038]
 [0.27825907 0.56234694 0.15939401]
 [0.16502559 0.62537074 0.20960364]]
probabilities: [[0.23206577 0.32959545 0.4383388 ]
 [0.52576065 0.3894566  0.08478273]
 [0.7780767  0.08010888 0.14181438]
 [0.00649517 0.69908226 0.2944226 ]
 [0.00563714 0.3952406  0.5991223 ]]
probabilities: [[0. 0. 1.]
 [0. 1. 0.]
 [0. 0. 1.]
 [0. 0. 1.]
 [0. 0. 1.]]
probabilities: [[0.63447416 0.12497617 0.2405497 ]
 [0.47472322 0.49898043 0.02629634]
 [0.5792341  0.26420984 0.15655601]
 [0.32287005 0.3659727  0.31115726]
 [0.4326019  0.05877077 0.50862736]]
probabilities: [[0.06000689 0.8557353  0.0842578 ]
 [0.24941012 0.2589043  0.49168557]
 [0.86573267 0.07438301 0.05988432]
 [0.3581396  0.22287394 0.41898647]
 [0.3991874  0.14014152 0.4606711 ]]
probabilities: [[0.14360182 0.7161604  0.1402378 ]
 [0.43163246 0.43904948 0.12931806]
 [0.30508453 0.38086945 0.314046  ]
 [0.06939162 0.4845649  0.44604346]
 [0.6222969  0.22263688 0.15506616]]
probabilities: [[0. 0. 1.]
 [0. 1. 0.]
 [0. 0. 1.]
 [0. 0. 1.]
 [0. 0. 1.]]
probabilities: [[0.7227843  0.09433622 0.1828795 ]
 [0.54546446 0.35966876 0.09486682]
 [0.6009338  0.22358227 0.17548397]
 [0.3760311  0.00344336 0.62052554]
 [0.24219933 0.6038561  0.1539446 ]]
probabilities: [[0.2916376  0.10901995 0.5993424 ]
 [0.03927093 0.78559124 0.17513783]
 [0.33119217 0.28710088 0.38170695]
 [0.24881628 0.51649064 0.23469308]
 [0.57463396 0.27491486 0.15045117]]
probabilities: [[0.0762551  0.6343575  0.28938738]
 [0.0101143  0.25349173 0.736394  ]
 [0.44139147 0.28707206 0.27153644]
 [0.6692461  0.136295   0.19445892]
 [0.21604562 0.38945672 0.39449766]]
probabilities: [[0. 0. 1.]
 [0. 1. 0.]
 [0. 1. 0.]
 [0. 0. 1.]
 [0. 0. 1.]]
probabilities: [[0.19406216 0.14972211 0.6562157 ]
 [0.17014855 0.611414   0.21843743]
 [0.02198759 0.6710075  0.30700487]
 [0.15932654 0.57827854 0.26239493]
 [0.44721884 0.14912921 0.40365192]]
probabilities: [[0.00693963 0.53105277 0.4620076 ]
 [0.6359488  0.317916   0.0461352 ]
 [0.3168859  0.09372901 0.5893851 ]
 [0.6720849  0.16917196 0.15874313]
 [0.18999468 0.12338851 0.6866168 ]]
probabilities: [[0.23556897 0.47396526 0.29046577]
 [0.22540636 0.32173276 0.4528609 ]
 [0.16477318 0.12582958 0.70939726]
 [0.11176971 0.8805612  0.00766912]
 [0.00481257 0.45717797 0.53800946]]
probabilities: [[1. 0. 0.]
 [1. 0. 0.]
 [1. 0. 0.]
 [1. 0. 0.]
 [1. 0. 0.]]
probabilities: [[0.25235155 0.20178579 0.5458627 ]
 [0.79346204 0.09393337 0.11260462]
 [0.11355463 0.3245365  0.5619089 ]
 [0.00124861 0.40386662 0.5948848 ]
 [0.2264208  0.16302086 0.61055833]]
probabilities: [[0.05832416 0.88125956 0.06041627]
 [0.35693803 0.07839276 0.5646692 ]
 [0.6128877  0.107218   0.27989432]
 [0.37516445 0.00112515 0.6237104 ]
 [0.42969105 0.47291076 0.0973982 ]]
probabilities: [[0.25624225 0.56693673 0.17682104]
 [0.4471773  0.52774733 0.02507536]
 [0.46730745 0.30049622 0.23219633]
 [0.50730854 0.13725449 0.35543698]
 [0.55049646 0.1010597  0.34844384]]
probabilities: [[0. 0. 1.]
 [0. 1. 0.]
 [0. 0. 1.]
 [0. 0. 1.]
 [0. 0. 1.]]
probabilities: [[0.28146037 0.6227499  0.09578969]
 [0.26084226 0.54753727 0.19162047]
 [0.18509465 0.6994669  0.11543845]
 [0.2971016  0.13541123 0.5674872 ]
 [0.47325128 0.25693336 0.26981536]]
probabilities: [[0.8550176  0.1370446  0.00793779]
 [0.14860079 0.72699827 0.12440094]
 [0.24897006 0.10491843 0.6461115 ]
 [0.19131473 0.4155735  0.39311177]
 [0.07208021 0.87874347 0.04917629]]
probabilities: [[0.0220545  0.6862102  0.2917353 ]
 [0.16418704 0.5507356  0.28507736]
 [0.14958294 0.46897498 0.3814421 ]
 [0.2561956  0.23369515 0.51010925]
 [0.43413246 0.0231102  0.54275733]]
probabilities: [[1. 0. 0.]
 [1. 0. 0.]
 [1. 0. 0.]
 [1. 0. 0.]
 [1. 0. 0.]]
probabilities: [[0.90859497 0.00895733 0.08244773]
 [0.07063881 0.7372921  0.19206907]
 [0.7676157  0.07500818 0.15737614]
 [0.14779033 0.38359895 0.46861073]
 [0.03323273 0.9458794  0.02088788]]
probabilities: [[0.16792719 0.81653225 0.01554055]
 [0.8211077  0.16100684 0.0178855 ]
 [0.02619753 0.6268332  0.34696925]
 [0.42871344 0.46458414 0.10670242]
 [0.23929265 0.5024893  0.25821805]]
probabilities: [[0.4124551  0.10847712 0.47906777]
 [0.4718603  0.08734351 0.4407962 ]
 [0.23402871 0.12958145 0.63638985]
 [0.14742401 0.6357182  0.21685778]
 [0.08188373 0.11663639 0.8014799 ]]
probabilities: [[0. 0. 1.]
 [0. 1. 0.]
 [0. 1. 0.]
 [0. 0. 1.]
 [0. 0. 1.]]
probabilities: [[9.8224662e-02 6.3721523e-02 8.3805382e-01]
 [1.9208276e-01 7.8935224e-01 1.8564986e-02]
 [5.7460761e-01 2.0694904e-01 2.1844335e-01]
 [3.0040711e-01 1.7807998e-02 6.8178487e-01]
 [1.3190255e-01 6.5978983e-04 8.6743766e-01]]
probabilities: [[0.7141649  0.05482866 0.23100644]
 [0.22669186 0.03418582 0.73912233]
 [0.29793727 0.12455454 0.57750815]
 [0.40046966 0.55870295 0.0408274 ]
 [0.11659163 0.1825047  0.70090365]]
probabilities: [[0.43323147 0.16215451 0.40461403]
 [0.14989996 0.4297471  0.42035294]
 [0.12764542 0.02919453 0.84316003]
 [0.00453324 0.52323127 0.47223553]
 [0.36481732 0.6229713  0.0122114 ]]
probabilities: [[0. 0. 1.]
 [0. 1. 0.]
 [0. 0. 1.]
 [0. 0. 1.]
 [0. 0. 1.]]
probabilities: [[0.06534964 0.41473344 0.5199169 ]
 [0.102339   0.04609649 0.8515645 ]
 [0.37590685 0.34143087 0.28266227]
 [0.50176764 0.06215027 0.43608212]
 [0.53721744 0.345105   0.11767754]]
probabilities: [[0.13417967 0.5420395  0.32378083]
 [0.61453795 0.06420526 0.3212568 ]
 [0.3523206  0.6037435  0.04393589]
 [0.4457145  0.0119338  0.54235166]
 [0.26114365 0.60131544 0.1375409 ]]
probabilities: [[0.48750684 0.01435441 0.49813876]
 [0.27063164 0.08944658 0.6399218 ]
 [0.56653124 0.17389561 0.25957316]
 [0.1050852  0.371223   0.5236918 ]
 [0.6798431  0.03478729 0.28536958]]
probabilities: [[0. 0. 1.]
 [0. 1. 0.]
 [0. 1. 0.]
 [0. 0. 1.]
 [0. 0. 1.]]
probabilities: [[0.14675742 0.81336164 0.03988093]
 [0.32746908 0.17608538 0.49644554]
 [0.12240288 0.55407095 0.32352617]
 [0.5303074  0.20405406 0.2656385 ]
 [0.06270556 0.68992376 0.2473707 ]]
probabilities: [[0.39684668 0.29325712 0.3098962 ]
 [0.40052465 0.2648157  0.3346597 ]
 [0.08064014 0.23682308 0.6825368 ]
 [0.2586701  0.61204404 0.12928587]
 [0.05753438 0.6531768  0.28928885]]
probabilities: [[0.39268184 0.23329954 0.37401864]
 [0.34533793 0.42763048 0.2270316 ]
 [0.32873514 0.47750825 0.19375664]
 [0.26607066 0.6111886  0.12274077]
 [0.6464391  0.13636652 0.21719442]]
probabilities: [[0. 0. 1.]
 [0. 1. 0.]
 [0. 0. 1.]
 [0. 0. 1.]
 [0. 0. 1.]]
probabilities: [[0.9323911  0.03148693 0.03612198]
 [0.4339684  0.15118515 0.41484642]
 [0.53606254 0.09557024 0.36836722]
 [0.14695622 0.7012642  0.15177959]
 [0.36098474 0.2512602  0.38775504]]
probabilities: [[0.3925011  0.58000207 0.02749688]
 [0.00833979 0.5545298  0.43713045]
 [0.24509539 0.23644224 0.51846236]
 [0.19229208 0.08166287 0.7260451 ]
 [0.25033128 0.6364915  0.11317723]]
probabilities: [[0.2671032  0.14175072 0.5911461 ]
 [0.30913976 0.54483086 0.14602937]
 [0.7698515  0.09342198 0.13672653]
 [0.07778344 0.7175874  0.20462917]
 [0.58278155 0.09975829 0.31746015]]
probabilities: [[0. 1. 0.]
 [0. 1. 0.]
 [0. 1. 0.]
 [0. 1. 0.]
 [0. 1. 0.]]
probabilities: [[0.2140757  0.50054574 0.28537855]
 [0.11155766 0.04652487 0.84191746]
 [0.17418578 0.6794108  0.14640343]
 [0.15929852 0.39110076 0.4496007 ]
 [0.62866604 0.25616273 0.11517123]]
probabilities: [[0.06629691 0.69529694 0.23840617]
 [0.78246117 0.06285989 0.15467891]
 [0.30653375 0.2124081  0.48105815]
 [0.65774816 0.08538469 0.25686714]
 [0.14723566 0.61041504 0.2423493 ]]
probabilities: [[0.3768808  0.40715563 0.21596357]
 [0.07180369 0.8470215  0.08117478]
 [0.07480022 0.26110917 0.66409063]
 [0.38357046 0.5168025  0.09962706]
 [0.3717196  0.35813454 0.27014586]]
probabilities: [[0. 0. 1.]
 [0. 1. 0.]
 [0. 1. 0.]
 [0. 0. 1.]
 [0. 0. 1.]]
probabilities: [[0.66678864 0.07524699 0.25796434]
 [0.2941688  0.3279413  0.3778899 ]
 [0.0446706  0.90690523 0.04842418]
 [0.8957791  0.00718938 0.09703156]
 [0.00880994 0.44660544 0.54458463]]
probabilities: [[0.17873389 0.5991666  0.22209954]
 [0.16009068 0.4836589  0.3562504 ]
 [0.5091878  0.43524045 0.05557173]
 [0.40421104 0.46107337 0.1347156 ]
 [0.3949905  0.2506865  0.35432297]]
probabilities: [[0.5821416  0.11548949 0.3023689 ]
 [0.11853846 0.57003844 0.31142312]
 [0.55361617 0.35757777 0.08880606]
 [0.38329074 0.04858465 0.5681246 ]
 [0.4527505  0.5091298  0.03811968]]
probabilities: [[0. 0. 1.]
 [0. 1. 0.]
 [0. 0. 1.]
 [0. 0. 1.]
 [0. 0. 1.]]
probabilities: [[0.09954861 0.26527545 0.63517594]
 [0.6885351  0.05216549 0.2592994 ]
 [0.34510857 0.10996012 0.5449313 ]
 [0.05659724 0.01334127 0.93006146]
 [0.7735179  0.14149734 0.08498476]]
probabilities: [[0.45907283 0.15289736 0.3880298 ]
 [0.09660167 0.4306101  0.47278824]
 [0.22749144 0.26117828 0.5113303 ]
 [0.2045471  0.36089826 0.43455464]
 [0.34452364 0.15544909 0.50002724]]
probabilities: [[0.84248734 0.00714569 0.15036696]
 [0.15814635 0.00320171 0.83865196]
 [0.39914286 0.30518675 0.2956704 ]
 [0.20804471 0.3733227  0.4186326 ]
 [0.06392056 0.47222027 0.46385917]]
probabilities: [[0. 0. 1.]
 [0. 1. 0.]
 [0. 0. 1.]
 [0. 0. 1.]
 [0. 0. 1.]]
probabilities: [[0.86270374 0.01085359 0.12644266]
 [0.3408356  0.6396257  0.01953867]
 [0.17267013 0.63500357 0.19232632]
 [0.09855019 0.8823812  0.01906863]
 [0.31635436 0.26949832 0.41414732]]
probabilities: [[0.11600595 0.6972201  0.18677399]
 [0.08751255 0.17986253 0.7326249 ]
 [0.6748964  0.25025642 0.07484716]
 [0.40728053 0.00953525 0.58318424]
 [0.11243527 0.20254138 0.68502337]]
probabilities: [[0.1692089  0.47053632 0.3602548 ]
 [0.06791428 0.01066366 0.92142206]
 [0.9486008  0.0362559  0.01514329]
 [0.47316384 0.13786045 0.3889757 ]
 [0.03041651 0.34559506 0.62398845]]
probabilities: [[1. 0. 0.]
 [1. 0. 0.]
 [1. 0. 0.]
 [1. 0. 0.]
 [1. 0. 0.]]
probabilities: [[0.35023522 0.07285697 0.5769078 ]
 [0.41098636 0.16746038 0.42155325]
 [0.24722582 0.49203315 0.260741  ]
 [0.03210655 0.060055   0.90783846]
 [0.24454245 0.22684884 0.52860874]]
probabilities: [[0.05424283 0.44566035 0.5000968 ]
 [0.0414893  0.15521742 0.8032933 ]
 [0.31990886 0.4857435  0.19434766]
 [0.31996408 0.5172111  0.16282482]
 [0.17169927 0.5108637  0.31743702]]
probabilities: [[0.11879354 0.648428   0.23277842]
 [0.08519769 0.38448685 0.53031546]
 [0.27001053 0.602683   0.12730645]
 [0.37696797 0.3639279  0.25910413]
 [0.35534883 0.11874411 0.5259071 ]]
probabilities: [[1. 0. 0.]
 [1. 0. 0.]
 [1. 0. 0.]
 [1. 0. 0.]
 [1. 0. 0.]]
probabilities: [[0.54551715 0.27649447 0.17798837]
 [0.05543023 0.5630997  0.38147008]
 [0.00567668 0.9191676  0.07515576]
 [0.5364666  0.30807012 0.15546326]
 [0.43559262 0.51106256 0.05334482]]
probabilities: [[0.38897884 0.04124942 0.5697717 ]
 [0.08169071 0.9000856  0.01822369]
 [0.6010156  0.09349414 0.30549026]
 [0.51562774 0.07613866 0.40823358]
 [0.3432658  0.16033804 0.49639615]]
probabilities: [[0.4983195  0.23811561 0.26356488]
 [0.4215941  0.03898001 0.53942585]
 [0.8853921  0.10385615 0.01075172]
 [0.3263887  0.66693544 0.00667587]
 [0.01702678 0.73041224 0.25256094]]
probabilities: [[0. 1. 0.]
 [0. 1. 0.]
 [0. 1. 0.]
 [0. 1. 0.]
 [0. 1. 0.]]
probabilities: [[0.80442137 0.13129516 0.06428349]
 [0.22247484 0.2821858  0.49533936]
 [0.6029259  0.26393798 0.13313614]
 [0.72398883 0.19482246 0.08118873]
 [0.71046305 0.21781024 0.07172669]]
probabilities: [[0.19958642 0.61531615 0.18509741]
 [0.31344366 0.6376394  0.04891693]
 [0.4498851  0.38343015 0.16668475]
 [0.58803743 0.04927909 0.36268345]
 [0.5079962  0.14795192 0.3440519 ]]
probabilities: [[0.49402067 0.18289076 0.3230886 ]
 [0.13059866 0.3021974  0.56720394]
 [0.2753999  0.1370318  0.5875683 ]
 [0.33877072 0.09184733 0.56938195]
 [0.7739146  0.12521228 0.10087314]]
probabilities: [[0. 0. 1.]
 [0. 1. 0.]
 [0. 1. 0.]
 [0. 0. 1.]
 [0. 0. 1.]]
probabilities: [[0.21992142 0.7693706  0.01070796]
 [0.07199696 0.27017722 0.6578258 ]
 [0.38692626 0.20069204 0.4123817 ]
 [0.06642541 0.7033973  0.23017733]
 [0.1598834  0.48098186 0.35913473]]
probabilities: [[0.00841314 0.532769   0.45881787]
 [0.5478132  0.41870764 0.0334792 ]
 [0.14330284 0.33154032 0.52515686]
 [0.24350972 0.35352477 0.4029655 ]
 [0.48226595 0.10684676 0.4108873 ]]
probabilities: [[0.4790989  0.22779402 0.2931071 ]
 [0.8667917  0.1117923  0.02141598]
 [0.3749151  0.5333705  0.09171445]
 [0.09201427 0.4159477  0.49203804]
 [0.05227347 0.3835569  0.56416965]]
probabilities: [[0. 1. 0.]
 [0. 1. 0.]
 [0. 1. 0.]
 [0. 1. 0.]
 [0. 1. 0.]]
probabilities: [[0.21945138 0.28769666 0.49285194]
 [0.31790477 0.13287741 0.5492178 ]
 [0.35396922 0.54306644 0.10296432]
 [0.8077686  0.12518428 0.06704711]
 [0.05778567 0.49062812 0.45158622]]
probabilities: [[0.0611558  0.30456057 0.6342836 ]
 [0.7042819  0.08444099 0.21127705]
 [0.08375899 0.02532901 0.890912  ]
 [0.0441387  0.7641252  0.19173609]
 [0.24260557 0.49057415 0.26682028]]
probabilities: [[0.22655036 0.40434706 0.36910257]
 [0.13285662 0.13496381 0.7321796 ]
 [0.8697603  0.12359981 0.00663994]
 [0.31052926 0.24739745 0.4420733 ]
 [0.13531344 0.54631346 0.31837308]]
probabilities: [[0. 1. 0.]
 [0. 1. 0.]
 [0. 1. 0.]
 [0. 1. 0.]
 [0. 1. 0.]]
probabilities: [[0.3865603  0.06618364 0.54725605]
 [0.13683444 0.42357185 0.43959367]
 [0.01884692 0.14655827 0.8345948 ]
 [0.19546972 0.76969147 0.03483879]
 [0.03370303 0.09194384 0.8743531 ]]
probabilities: [[0.44189125 0.38744223 0.17066652]
 [0.29812008 0.02277721 0.6791027 ]
 [0.1597821  0.3562316  0.48398632]
 [0.0825981  0.86206    0.05534191]
 [0.18941432 0.702754   0.10783169]]
probabilities: [[0.4671193  0.4300801  0.10280062]
 [0.07186501 0.42448288 0.5036521 ]
 [0.38800403 0.35506502 0.25693095]
 [0.05874059 0.49060768 0.45065174]
 [0.25414142 0.4017948  0.3440638 ]]
probabilities: [[0. 0. 1.]
 [0. 1. 0.]
 [0. 1. 0.]
 [0. 0. 1.]
 [0. 0. 1.]]
probabilities: [[0.37489983 0.5872057  0.03789446]
 [0.04584873 0.30147994 0.65267134]
 [0.33842742 0.6481043  0.01346825]
 [0.83995134 0.13331538 0.02673325]
 [0.05178127 0.74559975 0.20261899]]
probabilities: [[0.43860394 0.20218019 0.35921586]
 [0.11001226 0.83171684 0.05827089]
 [0.11563002 0.23601365 0.6483563 ]
 [0.21013346 0.7346508  0.05521575]
 [0.13633418 0.47096354 0.3927023 ]]
probabilities: [[0.33522707 0.2838073  0.38096562]
 [0.063063   0.7024797  0.23445725]
 [0.48848975 0.21922913 0.29228115]
 [0.33290064 0.5649069  0.10219247]
 [0.10698685 0.87044305 0.0225701 ]]
probabilities: [[0. 1. 0.]
 [0. 1. 0.]
 [0. 1. 0.]
 [0. 1. 0.]
 [0. 1. 0.]]
probabilities: [[0.02841553 0.5125646  0.4590199 ]
 [0.294975   0.46585283 0.23917218]
 [0.6337856  0.02967667 0.3365377 ]
 [0.12200262 0.724004   0.15399338]
 [0.13344109 0.7329554  0.13360354]]
probabilities: [[0.10413303 0.02989355 0.8659734 ]
 [0.261199   0.4828693  0.2559317 ]
 [0.06886179 0.27875704 0.6523812 ]
 [0.36818978 0.33575645 0.29605377]
 [0.79864585 0.08852341 0.11283071]]
probabilities: [[0.18893717 0.6113083  0.19975457]
 [0.24705476 0.17805295 0.5748923 ]
 [0.46939012 0.12954776 0.4010621 ]
 [0.13124414 0.14029095 0.7284649 ]
 [0.26229295 0.40992504 0.327782  ]]
probabilities: [[1. 0. 0.]
 [1. 0. 0.]
 [1. 0. 0.]
 [1. 0. 0.]
 [1. 0. 0.]]
probabilities: [[0.21939696 0.0343556  0.7462474 ]
 [0.08239105 0.10586665 0.8117423 ]
 [0.3594609  0.07338728 0.56715184]
 [0.00160718 0.46217006 0.53622276]
 [0.4829158  0.10760002 0.4094842 ]]
probabilities: [[0.2477457  0.31851122 0.4337431 ]
 [0.0320226  0.0488635  0.91911393]
 [0.08006586 0.06647514 0.853459  ]
 [0.03709196 0.05092843 0.9119796 ]
 [0.04791229 0.03519814 0.91688955]]
probabilities: [[0.14478582 0.8245517  0.03066246]
 [0.07233761 0.8699939  0.05766844]
 [0.05661919 0.80117714 0.14220367]
 [0.61706114 0.28822914 0.09470973]
 [0.14235567 0.11762717 0.7400172 ]]
probabilities: [[0. 1. 0.]
 [0. 1. 0.]
 [0. 1. 0.]
 [0. 1. 0.]
 [0. 1. 0.]]
probabilities: [[0.00455142 0.16440998 0.8310386 ]
 [0.16523273 0.3729784  0.46178886]
 [0.25475755 0.09153987 0.65370256]
 [0.38376224 0.56062466 0.05561312]
 [0.3874954  0.50417966 0.10832497]]
probabilities: [[0.10855509 0.2937107  0.5977342 ]
 [0.17236033 0.07216594 0.75547373]
 [0.61402845 0.29793587 0.08803564]
 [0.85269517 0.01600426 0.1313006 ]
 [0.22963394 0.18669721 0.5836688 ]]
probabilities: [[0.27691415 0.50655437 0.2165315 ]
 [0.3037302  0.6025757  0.09369408]
 [0.10434312 0.6891476  0.20650926]
 [0.85996705 0.09542055 0.04461238]
 [0.8356172  0.14655401 0.01782881]]
probabilities: [[0. 0. 1.]
 [0. 1. 0.]
 [0. 1. 0.]
 [0. 0. 1.]
 [0. 0. 1.]]
probabilities: [[0.83599967 0.08485357 0.07914677]
 [0.05298473 0.60147905 0.3455362 ]
 [0.09965434 0.8758472  0.02449845]
 [0.37715012 0.5487145  0.07413534]
 [0.02951154 0.41806516 0.5524233 ]]
probabilities: [[0.16867067 0.2574377  0.57389164]
 [0.73120135 0.17521341 0.09358525]
 [0.7006743  0.2564449  0.04288083]
 [0.46325535 0.01970003 0.5170446 ]
 [0.5056967  0.28055173 0.21375154]]
probabilities: [[0.47297242 0.35978553 0.16724207]
 [0.6078856  0.05918842 0.33292598]
 [0.05233999 0.44406885 0.5035912 ]
 [0.67534655 0.09347438 0.23117909]
 [0.33533558 0.03517547 0.62948895]]
probabilities: [[0. 1. 0.]
 [0. 1. 0.]
 [0. 1. 0.]
 [0. 1. 0.]
 [0. 1. 0.]]
probabilities: [[0.2586365  0.6586506  0.08271292]
 [0.01744898 0.9151045  0.06744649]
 [0.17199916 0.56201416 0.26598668]
 [0.09074862 0.02486051 0.8843909 ]
 [0.5016113  0.11521761 0.3831711 ]]
probabilities: [[0.27858394 0.10190727 0.6195088 ]
 [0.3286129  0.5036011  0.16778603]
 [0.02364422 0.34616914 0.6301866 ]
 [0.49531326 0.3632389  0.14144783]
 [0.0674977  0.8575859  0.07491638]]
probabilities: [[0.51495785 0.2886497  0.19639243]
 [0.22553052 0.59326744 0.18120207]
 [0.4952025  0.30257565 0.20222184]
 [0.27297294 0.5416172  0.18540984]
 [0.1686156  0.5521775  0.27920693]]
probabilities: [[1. 0. 0.]
 [1. 0. 0.]
 [1. 0. 0.]
 [1. 0. 0.]
 [1. 0. 0.]]
probabilities: [[0.6236844  0.17855522 0.19776039]
 [0.48259526 0.28367642 0.23372833]
 [0.33768567 0.5449189  0.11739543]
 [0.71419644 0.04879644 0.2370071 ]
 [0.64497894 0.08718766 0.2678334 ]]
probabilities: [[0.19523141 0.3261331  0.4786355 ]
 [0.23423836 0.66294456 0.1028171 ]
 [0.21110392 0.371657   0.41723907]
 [0.6956566  0.02984359 0.27449983]
 [0.30126116 0.38977644 0.30896237]]
probabilities: [[0.55625093 0.22325295 0.22049613]
 [0.16904566 0.6232467  0.20770763]
 [0.57278293 0.06747979 0.35973725]
 [0.38340312 0.00469129 0.6119056 ]
 [0.13698536 0.3040682  0.55894643]]
probabilities: [[0. 1. 0.]
 [0. 1. 0.]
 [0. 1. 0.]
 [0. 1. 0.]
 [0. 1. 0.]]
probabilities: [[0.13155952 0.20436928 0.6640712 ]
 [0.4151591  0.39982548 0.18501541]
 [0.3828453  0.4693296  0.14782509]
 [0.37098858 0.09137443 0.537637  ]
 [0.10779148 0.47060102 0.4216075 ]]
probabilities: [[0.3147122  0.547607   0.13768081]
 [0.19431596 0.36198097 0.44370306]
 [0.20779933 0.13833526 0.6538654 ]
 [0.7087475  0.04276752 0.24848494]
 [0.18278454 0.7675157  0.04969976]]
probabilities: [[0.48642105 0.1811627  0.33241624]
 [0.47763762 0.509274   0.01308836]
 [0.57355726 0.36920807 0.05723468]
 [0.5291662  0.34787163 0.12296215]
 [0.35162956 0.30388266 0.3444878 ]]
probabilities: [[0. 1. 0.]
 [0. 1. 0.]
 [0. 1. 0.]
 [0. 1. 0.]
 [0. 1. 0.]]
probabilities: [[0.15358774 0.49336278 0.35304946]
 [0.02752857 0.826162   0.14630945]
 [0.24090193 0.5489019  0.21019617]
 [0.10694847 0.43416798 0.45888355]
 [0.13992941 0.567515   0.2925556 ]]
probabilities: [[0.14146885 0.8089048  0.04962631]
 [0.09915239 0.7219083  0.17893937]
 [0.03388947 0.39531237 0.57079816]
 [0.1362575  0.55365294 0.3100896 ]
 [0.33665696 0.5088272  0.1545158 ]]
probabilities: [[0.21426079 0.6814829  0.10425629]
 [0.34107152 0.58633816 0.07259036]
 [0.20664519 0.3238092  0.4695456 ]
 [0.04922345 0.38579246 0.5649841 ]
 [0.24171074 0.38717315 0.3711161 ]]
probabilities: [[0. 1. 0.]
 [0. 1. 0.]
 [0. 1. 0.]
 [0. 1. 0.]
 [0. 1. 0.]]
probabilities: [[0.6354294  0.18247297 0.18209763]
 [0.3837793  0.410231   0.20598973]
 [0.4610022  0.13118172 0.4078161 ]
 [0.2572076  0.33274767 0.41004473]
 [0.4021688  0.3359798  0.2618514 ]]
probabilities: [[0.8203374  0.12767154 0.05199106]
 [0.46958482 0.33717707 0.19323811]
 [0.6049396  0.25698382 0.1380766 ]
 [0.62243015 0.34094945 0.03662044]
 [0.20043398 0.48097885 0.31858715]]
probabilities: [[0.2707104  0.04808665 0.68120295]
 [0.24104767 0.5343685  0.2245838 ]
 [0.20652843 0.3168122  0.4766594 ]
 [0.13793103 0.27113503 0.5909339 ]
 [0.3685163  0.47016788 0.16131581]]
probabilities: [[1. 0. 0.]
 [1. 0. 0.]
 [1. 0. 0.]
 [1. 0. 0.]
 [1. 0. 0.]]
probabilities: [[0.80662555 0.12868138 0.06469308]
 [0.11910593 0.15518364 0.72571045]
 [0.06395119 0.35829774 0.5777511 ]
 [0.27573735 0.19979188 0.5244708 ]
 [0.8365134  0.00591295 0.15757367]]
probabilities: [[0.27933872 0.0206824  0.6999789 ]
 [0.73314214 0.08562942 0.18122844]
 [0.29972285 0.44158396 0.2586932 ]
 [0.05176421 0.54927325 0.39896256]
 [0.04701801 0.76889545 0.18408656]]
probabilities: [[0.06142403 0.68352336 0.25505263]
 [0.694399   0.2720069  0.03359411]
 [0.26890373 0.42101064 0.31008562]
 [0.6065856  0.03516445 0.3582499 ]
 [0.08606181 0.45153794 0.46240026]]
probabilities: [[0. 1. 0.]
 [0. 1. 0.]
 [0. 1. 0.]
 [0. 1. 0.]
 [0. 1. 0.]]
probabilities: [[0.41417435 0.46313122 0.12269445]
 [0.05112345 0.47266096 0.4762156 ]
 [0.9096274  0.0144373  0.07593534]
 [0.31739593 0.34150493 0.34109914]
 [0.19015217 0.1182193  0.6916285 ]]
probabilities: [[0.26822224 0.3833296  0.34844816]
 [0.2038083  0.6151818  0.1810099 ]
 [0.7779492  0.08757233 0.13447848]
 [0.19434017 0.7271281  0.07853176]
 [0.27655026 0.62622976 0.09721998]]
probabilities: [[0.61095625 0.23950686 0.1495369 ]
 [0.5284247  0.23715463 0.23442067]
 [0.6056184  0.3862815  0.00810006]
 [0.9607741  0.00908748 0.03013837]
 [0.0325378  0.89562505 0.07183716]]
probabilities: [[0. 0. 1.]
 [0. 1. 0.]
 [0. 1. 0.]
 [0. 0. 1.]
 [0. 0. 1.]]
probabilities: [[0.47415534 0.45797116 0.06787349]
 [0.18257263 0.7779161  0.03951127]
 [0.36881134 0.6195335  0.01165514]
 [0.14372787 0.76018953 0.09608258]
 [0.5910522  0.06587389 0.3430739 ]]
probabilities: [[0.34395617 0.13328464 0.5227592 ]
 [0.4210139  0.07987011 0.499116  ]
 [0.076469   0.17145716 0.7520738 ]
 [0.03613392 0.08741258 0.8764535 ]
 [0.1692572  0.4952658  0.33547702]]
probabilities: [[0.39624614 0.26449916 0.3392547 ]
 [0.26599747 0.55706996 0.17693257]
 [0.2909248  0.4597011  0.24937414]
 [0.58826923 0.26237735 0.14935344]
 [0.601364   0.1244736  0.27416238]]
probabilities: [[1. 0. 0.]
 [1. 0. 0.]
 [1. 0. 0.]
 [1. 0. 0.]
 [1. 0. 0.]]
probabilities: [[0.6209474  0.20945996 0.1695926 ]
 [0.46718574 0.06397624 0.46883804]
 [0.31646866 0.42596167 0.25756964]
 [0.30598518 0.3625956  0.33141923]
 [0.49484843 0.11386991 0.39128166]]
probabilities: [[0.2411433  0.36098072 0.397876  ]
 [0.138132   0.19524546 0.6666225 ]
 [0.18917184 0.16776434 0.64306384]
 [0.10014302 0.29602137 0.6038356 ]
 [0.31698623 0.29484174 0.38817203]]
probabilities: [[0.4447361  0.3570145  0.19824941]
 [0.06439959 0.78821087 0.14738952]
 [0.06549837 0.8548406  0.07966104]
 [0.59403354 0.0791669  0.32679954]
 [0.52481997 0.44532412 0.0298559 ]]
probabilities: [[0. 0. 1.]
 [0. 1. 0.]
 [0. 0. 1.]
 [0. 0. 1.]
 [0. 0. 1.]]
probabilities: [[0.755776   0.06926762 0.17495643]
 [0.34120157 0.5508437  0.10795472]
 [0.2296077  0.26036984 0.51002246]
 [0.14692187 0.03515798 0.81792015]
 [0.01156255 0.8861885  0.10224893]]
probabilities: [[0.11729435 0.8713611  0.01134457]
 [0.16998097 0.57953554 0.2504835 ]
 [0.16487814 0.3559852  0.47913668]
 [0.4223146  0.34485567 0.23282972]
 [0.23610806 0.13192107 0.6319709 ]]
probabilities: [[0.76127857 0.08369417 0.15502726]
 [0.6540284  0.31007984 0.03589176]
 [0.31212565 0.5014248  0.18644956]
 [0.01426257 0.31923148 0.666506  ]
 [0.428973   0.00129071 0.5697363 ]]
probabilities: [[0. 0. 1.]
 [0. 1. 0.]
 [0. 0. 1.]
 [0. 0. 1.]
 [0. 0. 1.]]
probabilities: [[0.4194996  0.22147374 0.35902667]
 [0.13669719 0.44635156 0.41695124]
 [0.60057396 0.26486686 0.1345592 ]
 [0.18218865 0.08638813 0.7314232 ]
 [0.25223982 0.18938543 0.55837476]]
probabilities: [[0.18994647 0.47543296 0.33462057]
 [0.4129493  0.08540557 0.50164515]
 [0.24431272 0.09417117 0.66151613]
 [0.40266743 0.31452748 0.2828051 ]
 [0.5893074  0.28152728 0.1291653 ]]
probabilities: [[0.61200917 0.34892544 0.03906541]
 [0.01701534 0.48604414 0.4969405 ]
 [0.03807266 0.01446931 0.947458  ]
 [0.10705675 0.7345136  0.15842967]
 [0.00469613 0.26179877 0.73350513]]
probabilities: [[0. 0. 1.]
 [0. 1. 0.]
 [0. 0. 1.]
 [0. 0. 1.]
 [0. 0. 1.]]
probabilities: [[0.39897555 0.49323225 0.10779222]
 [0.00884292 0.971702   0.01945507]
 [0.10566855 0.4075537  0.48677772]
 [0.0064289  0.48307112 0.51049995]
 [0.29573515 0.47941977 0.22484508]]
probabilities: [[0.4052309  0.41606012 0.17870897]
 [0.72800386 0.25372407 0.01827209]
 [0.18745145 0.6833574  0.12919112]
 [0.7194583  0.19833623 0.08220546]
 [0.07807961 0.46131247 0.46060792]]
probabilities: [[0.6031352  0.21238095 0.18448384]
 [0.0564242  0.9261441  0.01743168]
 [0.43940827 0.32342166 0.23717007]
 [0.1549136  0.57952535 0.26556104]
 [0.2437664  0.2234125  0.5328211 ]]
probabilities: [[1. 0. 0.]
 [1. 0. 0.]
 [1. 0. 0.]
 [1. 0. 0.]
 [1. 0. 0.]]
probabilities: [[0.34773704 0.34261766 0.30964532]
 [0.68446755 0.1571948  0.15833765]
 [0.57792425 0.04591192 0.37616384]
 [0.61866593 0.13692726 0.24440679]
 [0.27352828 0.5382672  0.18820454]]
probabilities: [[3.0052209e-02 3.9441463e-01 5.7553315e-01]
 [6.3227629e-03 8.0497378e-01 1.8870346e-01]
 [5.3144991e-04 4.8609722e-01 5.1337135e-01]
 [5.3200871e-01 4.6063843e-01 7.3528807e-03]
 [3.6101422e-01 6.1577493e-01 2.3210831e-02]]
probabilities: [[0.03385176 0.48757166 0.47857657]
 [0.21433619 0.6028879  0.18277591]
 [0.7386956  0.10860387 0.15270047]
 [0.1097598  0.6550008  0.23523942]
 [0.03972241 0.51638937 0.44388825]]
probabilities: [[0. 0. 1.]
 [0. 1. 0.]
 [0. 0. 1.]
 [0. 0. 1.]
 [0. 0. 1.]]
probabilities: [[0.03789309 0.922199   0.03990788]
 [0.42947957 0.17686576 0.39365467]
 [0.36729747 0.23619579 0.39650676]
 [0.25410748 0.34977812 0.39611438]
 [0.0853838  0.1722454  0.7423708 ]]
probabilities: [[0.79458874 0.12760702 0.07780421]
 [0.27604407 0.11194585 0.61201006]
 [0.0963361  0.25651202 0.6471519 ]
 [0.12211819 0.41011742 0.4677644 ]
 [0.21746959 0.49855638 0.28397405]]
probabilities: [[0.43753132 0.48001242 0.08245626]
 [0.02370202 0.4962295  0.48006848]
 [0.58991975 0.3470072  0.06307308]
 [0.01723389 0.9005574  0.08220869]
 [0.29616678 0.12101796 0.58281523]]
probabilities: [[0. 0. 1.]
 [0. 1. 0.]
 [0. 1. 0.]
 [0. 0. 1.]
 [0. 0. 1.]]
probabilities: [[0.731847   0.2259828  0.04217021]
 [0.10108637 0.54017615 0.3587375 ]
 [0.60713786 0.37378427 0.01907785]
 [0.08910648 0.87481946 0.03607408]
 [0.389598   0.22762556 0.3827764 ]]
probabilities: [[0.25807938 0.6803252  0.06159538]
 [0.48013195 0.25567108 0.26419696]
 [0.18164478 0.29970807 0.51864713]
 [0.12137084 0.75246865 0.12616049]
 [0.2167363  0.02716176 0.75610197]]
probabilities: [[0.33404204 0.41398433 0.25197363]
 [0.02731897 0.38894922 0.58373183]
 [0.19987072 0.08558697 0.7145423 ]
 [0.01724416 0.4919499  0.49080595]
 [0.07842207 0.34847012 0.5731078 ]]
probabilities: [[0. 0. 1.]
 [0. 1. 0.]
 [0. 1. 0.]
 [0. 0. 1.]
 [0. 0. 1.]]
probabilities: [[0.32713926 0.29350722 0.37935352]
 [0.04410565 0.9143821  0.04151224]
 [0.31576163 0.18362899 0.5006094 ]
 [0.91236746 0.05422256 0.03340999]
 [0.00097519 0.20466608 0.79435873]]
probabilities: [[0.00660663 0.09791335 0.89548004]
 [0.14252135 0.6723499  0.1851288 ]
 [0.3318978  0.3459497  0.32215253]
 [0.64427465 0.31012407 0.04560127]
 [0.15803385 0.8167913  0.02517484]]
probabilities: [[0.05416664 0.2487825  0.69705087]
 [0.20031705 0.65549517 0.14418775]
 [0.09675193 0.1825796  0.72066844]
 [0.04494819 0.43663013 0.5184217 ]
 [0.40195242 0.16465841 0.43338916]]
probabilities: [[0. 1. 0.]
 [0. 1. 0.]
 [0. 1. 0.]
 [0. 1. 0.]
 [0. 1. 0.]]
probabilities: [[0.61965054 0.10345136 0.2768981 ]
 [0.3827472  0.5563381  0.0609147 ]
 [0.67312926 0.26169235 0.06517836]
 [0.32936466 0.10005151 0.5705838 ]
 [0.03585323 0.6551544  0.3089924 ]]
probabilities: [[0.6337492  0.29863936 0.06761146]
 [0.37816563 0.09203457 0.5297998 ]
 [0.49668816 0.34700632 0.15630549]
 [0.40981242 0.42455482 0.16563277]
 [0.2432402  0.09925034 0.65750945]]
probabilities: [[0.09424321 0.13691576 0.768841  ]
 [0.29630575 0.46174026 0.241954  ]
 [0.1448231  0.0256774  0.8294995 ]
 [0.01897484 0.4847386  0.49628657]
 [0.56517255 0.32710853 0.10771895]]
probabilities: [[1. 0. 0.]
 [1. 0. 0.]
 [1. 0. 0.]
 [1. 0. 0.]
 [1. 0. 0.]]
probabilities: [[0.03477677 0.11962187 0.8456014 ]
 [0.2677117  0.2365738  0.49571452]
 [0.19381136 0.6819785  0.12421011]
 [0.24809907 0.44798565 0.30391526]
 [0.42351416 0.06444899 0.51203686]]
probabilities: [[5.0134826e-01 4.8442522e-01 1.4226523e-02]
 [4.9061090e-01 1.8204096e-01 3.2734811e-01]
 [9.1256618e-02 9.0807372e-01 6.6964078e-04]
 [2.3249666e-01 5.7479095e-01 1.9271237e-01]
 [1.8519534e-01 4.2489177e-01 3.8991290e-01]]
probabilities: [[0.6471596  0.24372327 0.10911714]
 [0.7123684  0.17947954 0.10815202]
 [0.12283938 0.31670436 0.5604563 ]
 [0.5122255  0.47167194 0.01610252]
 [0.15942834 0.19444121 0.64613044]]
probabilities: [[0. 1. 0.]
 [0. 1. 0.]
 [0. 1. 0.]
 [0. 1. 0.]
 [0. 1. 0.]]
probabilities: [[8.0653533e-02 6.0582441e-01 3.1352204e-01]
 [3.0825308e-01 6.7951303e-04 6.9106740e-01]
 [3.4005028e-01 1.2114847e-01 5.3880125e-01]
 [6.3023306e-02 6.1085779e-02 8.7589091e-01]
 [2.0170414e-01 4.3109232e-01 3.6720353e-01]]
probabilities: [[0.27269176 0.1310185  0.59628975]
 [0.915937   0.01923064 0.06483237]
 [0.06989591 0.36729276 0.5628113 ]
 [0.03342717 0.9410418  0.02553098]
 [0.07835789 0.37827772 0.5433644 ]]
probabilities: [[0.20411196 0.26677337 0.52911466]
 [0.14664544 0.67981386 0.17354068]
 [0.56407744 0.09062158 0.345301  ]
 [0.10914867 0.36217362 0.5286777 ]
 [0.63317776 0.13499588 0.23182634]]
probabilities: [[0. 0. 1.]
 [0. 1. 0.]
 [0. 0. 1.]
 [0. 0. 1.]
 [0. 0. 1.]]
probabilities: [[0.50154716 0.31647086 0.18198195]
 [0.30198163 0.6193963  0.07862205]
 [0.36921155 0.19757509 0.43321335]
 [0.20382233 0.2847837  0.51139396]
 [0.5024652  0.26039854 0.2371363 ]]
probabilities: [[0.92609394 0.00922867 0.06467742]
 [0.19865929 0.68333215 0.11800859]
 [0.12430125 0.07774673 0.797952  ]
 [0.48448244 0.38094804 0.13456953]
 [0.30356848 0.5283294  0.16810217]]
probabilities: [[0.4247916  0.43957907 0.13562934]
 [0.17594893 0.65507466 0.16897643]
 [0.62665075 0.16503556 0.20831367]
 [0.8729143  0.06256846 0.06451724]
 [0.04193609 0.04469961 0.9133643 ]]
probabilities: [[0. 0. 1.]
 [0. 1. 0.]
 [0. 1. 0.]
 [0. 0. 1.]
 [0. 0. 1.]]
probabilities: [[0.2675524  0.4471997  0.28524786]
 [0.27075425 0.37297684 0.3562689 ]
 [0.18754564 0.44871983 0.3637345 ]
 [0.05208979 0.3711124  0.57679784]
 [0.2066584  0.34812236 0.44521925]]
probabilities: [[0.90053993 0.09176405 0.00769604]
 [0.04724095 0.0316112  0.9211478 ]
 [0.6306577  0.34076676 0.02857555]
 [0.05528804 0.772641   0.17207092]
 [0.48235822 0.28393614 0.23370564]]
probabilities: [[0.08835097 0.12416374 0.7874853 ]
 [0.35794386 0.17971094 0.4623452 ]
 [0.5184052  0.21163207 0.26996273]
 [0.38605696 0.39139065 0.22255239]
 [0.41024038 0.23411074 0.35564888]]
probabilities: [[0. 1. 0.]
 [0. 1. 0.]
 [0. 1. 0.]
 [0. 1. 0.]
 [0. 1. 0.]]
probabilities: [[0.38017687 0.55422145 0.06560169]
 [0.60924745 0.11769189 0.2730607 ]
 [0.00331884 0.7754805  0.22120066]
 [0.47069752 0.3272656  0.2020369 ]
 [0.6265842  0.08220492 0.29121092]]
probabilities: [[0.5350196  0.26911998 0.19586048]
 [0.12087077 0.285438   0.59369123]
 [0.01802099 0.906785   0.07519401]
 [0.43795103 0.20466141 0.35738754]
 [0.8411133  0.12077706 0.03810963]]
probabilities: [[0.21922942 0.0946163  0.6861543 ]
 [0.04041661 0.8545577  0.10502569]
 [0.17474611 0.00997202 0.81528187]
 [0.02956126 0.79053116 0.17990758]
 [0.00929812 0.6889233  0.30177858]]
probabilities: [[0. 0. 1.]
 [0. 1. 0.]
 [0. 1. 0.]
 [0. 0. 1.]
 [0. 0. 1.]]
probabilities: [[0.6160217  0.12750234 0.25647596]
 [0.12871185 0.69005466 0.1812335 ]
 [0.06666562 0.8391773  0.09415709]
 [0.71125096 0.17408812 0.11466088]
 [0.20234926 0.7478627  0.04978804]]
probabilities: [[0.77265674 0.08100475 0.1463385 ]
 [0.33603805 0.34834003 0.3156219 ]
 [0.16851902 0.3054214  0.52605957]
 [0.5955953  0.27447855 0.12992612]
 [0.18248026 0.02888718 0.7886326 ]]
probabilities: [[0.06745741 0.5502333  0.3823093 ]
 [0.23232153 0.02430982 0.7433686 ]
 [0.08835503 0.6657019  0.24594305]
 [0.6538905  0.20673344 0.13937604]
 [0.05941065 0.46471575 0.4758736 ]]
probabilities: [[0. 1. 0.]
 [0. 1. 0.]
 [0. 1. 0.]
 [0. 1. 0.]
 [0. 1. 0.]]
probabilities: [[0.32016668 0.01995734 0.659876  ]
 [0.03932001 0.18168943 0.77899057]
 [0.64232713 0.2382106  0.11946227]
 [0.25600737 0.00575341 0.7382392 ]
 [0.56116754 0.3464694  0.09236308]]
probabilities: [[0.35722196 0.4931621  0.14961596]
 [0.16831541 0.39554766 0.43613696]
 [0.448639   0.02983935 0.5215216 ]
 [0.7006724  0.12694387 0.17238374]
 [0.05190098 0.58862156 0.3594775 ]]
probabilities: [[0.58413744 0.26301062 0.15285191]
 [0.06175985 0.03063628 0.90760386]
 [0.73158073 0.2665247  0.00189455]
 [0.11760765 0.4915321  0.39086026]
 [0.09047169 0.06645178 0.8430765 ]]
probabilities: [[0. 1. 0.]
 [0. 1. 0.]
 [0. 1. 0.]
 [0. 1. 0.]
 [0. 1. 0.]]
probabilities: [[0.42064527 0.42175335 0.15760139]
 [0.5438595  0.16536795 0.29077256]
 [0.18492039 0.66249895 0.15258065]
 [0.21413316 0.09011618 0.69575065]
 [0.758275   0.22966589 0.01205915]]
probabilities: [[0.40660253 0.39592606 0.1974714 ]
 [0.02804291 0.00205782 0.9698993 ]
 [0.24202697 0.6756066  0.08236641]
 [0.14327815 0.2930453  0.56367654]
 [0.78797716 0.03404812 0.17797475]]
probabilities: [[0.06328759 0.56972986 0.36698255]
 [0.17968836 0.7865391  0.03377256]
 [0.00688698 0.25777268 0.73534036]
 [0.24901971 0.16713539 0.5838449 ]
 [0.07463703 0.04486512 0.8804979 ]]
probabilities: [[0. 0. 1.]
 [0. 1. 0.]
 [0. 1. 0.]
 [0. 0. 1.]
 [0. 0. 1.]]
probabilities: [[0.5875078  0.19169262 0.22079958]
 [0.2737235  0.5882193  0.13805723]
 [0.19501609 0.5704928  0.23449112]
 [0.37260687 0.30944073 0.3179524 ]
 [0.25683317 0.7109189  0.03224795]]
probabilities: [[0.2307994  0.5491327  0.22006787]
 [0.5394101  0.27501106 0.18557882]
 [0.1163533  0.4399686  0.4436781 ]
 [0.6067709  0.35946074 0.03376841]
 [0.29704365 0.02709982 0.67585653]]
probabilities: [[0.15266684 0.28463337 0.5626998 ]
 [0.09144244 0.3186381  0.58991945]
 [0.18752566 0.05860162 0.75387275]
 [0.07512631 0.12625685 0.7986168 ]
 [0.371109   0.40892732 0.21996367]]
probabilities: [[0. 0. 1.]
 [0. 1. 0.]
 [0. 1. 0.]
 [0. 0. 1.]
 [0. 0. 1.]]
probabilities: [[0.17857012 0.39747953 0.42395034]
 [0.1802878  0.70372105 0.1159912 ]
 [0.01543191 0.91791415 0.06665394]
 [0.26726618 0.01797205 0.7147618 ]
 [0.683606   0.05808948 0.25830448]]
probabilities: [[0.6196607  0.20791079 0.17242853]
 [0.28236994 0.5919082  0.12572184]
 [0.18385717 0.43443885 0.38170397]
 [0.22784303 0.4952335  0.27692345]
 [0.12874319 0.47335926 0.39789757]]
probabilities: [[0.22465527 0.2799934  0.4953513 ]
 [0.43932748 0.45180494 0.10886758]
 [0.05694526 0.10610966 0.83694506]
 [0.09009399 0.6227707  0.28713527]
 [0.1982187  0.60368276 0.19809853]]
probabilities: [[0. 0. 1.]
 [0. 1. 0.]
 [0. 1. 0.]
 [0. 0. 1.]
 [0. 0. 1.]]
probabilities: [[0.27572533 0.6981534  0.02612126]
 [0.37632808 0.41198006 0.21169187]
 [0.11883222 0.29294902 0.58821875]
 [0.2164288  0.4577266  0.32584462]
 [0.7390087  0.19019456 0.07079674]]
probabilities: [[0.12408531 0.03895244 0.8369622 ]
 [0.22549613 0.30925703 0.46524686]
 [0.00530616 0.69477266 0.29992118]
 [0.16826093 0.79749304 0.03424602]
 [0.0839872  0.14487953 0.77113324]]
probabilities: [[0.39317507 0.30981484 0.2970101 ]
 [0.01997901 0.265206   0.71481496]
 [0.58448213 0.12549967 0.29001817]
