probabilities: [[1. 0. 0.]
 [1. 0. 0.]
 [1. 0. 0.]
 [1. 0. 0.]
 [1. 0. 0.]]
probabilities: [[0.23507674 0.09093589 0.6739874 ]
 [0.171848   0.47549754 0.35265446]
 [0.50819516 0.42964625 0.06215856]
 [0.14629968 0.8294022  0.02429811]
 [0.33576855 0.3646467  0.29958475]]
probabilities: [[0.2755817  0.2406161  0.4838022 ]
 [0.13755727 0.66164047 0.20080225]
 [0.11809781 0.8243697  0.05753247]
 [0.4526545  0.26965535 0.27769014]
 [0.19571608 0.16717939 0.6371045 ]]
probabilities: [[0.5510914  0.40398952 0.04491912]
 [0.22331136 0.6300268  0.1466618 ]
 [0.24616638 0.5725958  0.18123788]
 [0.54986    0.44395915 0.00618087]
 [0.57472533 0.1127989  0.31247577]]
probabilities: [[0. 1. 0.]
 [0. 1. 0.]
 [0. 1. 0.]
 [0. 1. 0.]
 [0. 1. 0.]]
probabilities: [[0.42597914 0.12028351 0.45373735]
 [0.5229926  0.06547102 0.4115364 ]
 [0.3239991  0.46695572 0.20904517]
 [0.41471964 0.32308784 0.26219252]
 [0.6025703  0.0052426  0.3921871 ]]
probabilities: [[0.70812196 0.1172113  0.17466678]
 [0.69497395 0.1898574  0.11516867]
 [0.2822944  0.38770226 0.33000335]
 [0.22959822 0.06333191 0.7070699 ]
 [0.33798757 0.24481036 0.41720206]]
probabilities: [[0.5505848  0.0273614  0.42205378]
 [0.31475216 0.53274494 0.15250288]
 [0.33618924 0.5119403  0.15187044]
 [0.45273262 0.49929026 0.04797711]
 [0.1677235  0.14055528 0.6917212 ]]
probabilities: [[0. 1. 0.]
 [0. 1. 0.]
 [0. 1. 0.]
 [0. 1. 0.]
 [0. 1. 0.]]
probabilities: [[0.40048409 0.55244637 0.04706952]
 [0.33975452 0.16010754 0.5001379 ]
 [0.07877649 0.47260332 0.4486202 ]
 [0.6486651  0.2969234  0.05441152]
 [0.13835894 0.56566054 0.2959805 ]]
probabilities: [[0.17208953 0.16687948 0.661031  ]
 [0.03386084 0.7115793  0.25455987]
 [0.37803558 0.16336478 0.45859963]
 [0.36325192 0.29316932 0.3435788 ]
 [0.6822901  0.17651656 0.14119337]]
probabilities: [[0.03872955 0.20597285 0.7552976 ]
 [0.67363364 0.12603353 0.20033287]
 [0.01594045 0.44153622 0.5425233 ]
 [0.1982596  0.22038125 0.58135915]
 [0.05353662 0.5596687  0.38679466]]
probabilities: [[1. 0. 0.]
 [1. 0. 0.]
 [1. 0. 0.]
 [1. 0. 0.]
 [1. 0. 0.]]
probabilities: [[0.0658827  0.5905866  0.34353068]
 [0.39815295 0.01872377 0.58312327]
 [0.14176072 0.57875896 0.27948034]
 [0.14250846 0.78116995 0.07632158]
 [0.02647599 0.37135583 0.6021682 ]]
probabilities: [[0.06304285 0.5902296  0.34672758]
 [0.06115586 0.0592021  0.879642  ]
 [0.36887127 0.22763547 0.40349326]
 [0.8029641  0.01325838 0.18377751]
 [0.19176258 0.6851596  0.12307779]]
probabilities: [[0.1715892  0.3172576  0.51115316]
 [0.7459942  0.16652393 0.08748184]
 [0.46332428 0.41613597 0.12053976]
 [0.2199859  0.18734455 0.59266955]
 [0.06669378 0.09138405 0.84192216]]
probabilities: [[0. 0. 1.]
 [0. 1. 0.]
 [0. 0. 1.]
 [0. 0. 1.]
 [0. 0. 1.]]
probabilities: [[0.01232396 0.03000902 0.957667  ]
 [0.47534758 0.38265514 0.14199728]
 [0.43713367 0.46058622 0.10228011]
 [0.5192031  0.21688506 0.26391178]
 [0.84777665 0.05956754 0.0926558 ]]
probabilities: [[0.12636009 0.02303561 0.8506043 ]
 [0.45601067 0.07680473 0.4671846 ]
 [0.2718178  0.68936884 0.03881337]
 [0.23128955 0.40444392 0.36426654]
 [0.7562304  0.12632202 0.11744757]]
probabilities: [[0.12479644 0.08229011 0.79291344]
 [0.01999236 0.5065281  0.47347954]
 [0.18206963 0.6191509  0.19877948]
 [0.97996324 0.01128812 0.00874863]
 [0.06057398 0.42158943 0.5178366 ]]
probabilities: [[0. 1. 0.]
 [0. 1. 0.]
 [0. 1. 0.]
 [0. 1. 0.]
 [0. 1. 0.]]
probabilities: [[0.33983502 0.54505646 0.11510854]
 [0.2745962  0.35974434 0.36565948]
 [0.1947925  0.3899249  0.4152826 ]
 [0.10626719 0.661885   0.23184776]
 [0.02287525 0.76349276 0.213632  ]]
probabilities: [[0.2824838  0.5464498  0.17106642]
 [0.3061097  0.2018506  0.49203974]
 [0.81695485 0.18021332 0.00283185]
 [0.5809364  0.307833   0.11123066]
 [0.5230953  0.41874823 0.05815649]]
probabilities: [[0.01910242 0.01453624 0.96636134]
 [0.45112815 0.5013932  0.04747865]
 [0.36567765 0.4675659  0.16675644]
 [0.21449158 0.68748075 0.09802767]
 [0.54083335 0.27261978 0.18654686]]
probabilities: [[0. 0. 1.]
 [0. 1. 0.]
 [0. 1. 0.]
 [0. 0. 1.]
 [0. 0. 1.]]
probabilities: [[0.37379223 0.03141025 0.5947975 ]
 [0.05067198 0.5556124  0.39371562]
 [0.06061698 0.32132638 0.61805665]
 [0.39432585 0.04893213 0.556742  ]
 [0.55753464 0.3664229  0.07604249]]
probabilities: [[0.31117228 0.49215472 0.196673  ]
 [0.36838046 0.41995573 0.21166378]
 [0.78423864 0.01624563 0.19951576]
 [0.05542967 0.90380424 0.0407661 ]
 [0.43072042 0.5520996  0.01718   ]]
probabilities: [[1.4306279e-01 3.8710201e-01 4.6983522e-01]
 [7.5441062e-02 4.9928933e-01 4.2526960e-01]
 [9.3716061e-01 3.3257809e-02 2.9581565e-02]
 [7.6206243e-01 2.0143184e-01 3.6505707e-02]
 [4.3280724e-01 5.6700605e-01 1.8669567e-04]]
probabilities: [[1. 0. 0.]
 [1. 0. 0.]
 [1. 0. 0.]
 [1. 0. 0.]
 [1. 0. 0.]]
probabilities: [[0.34560853 0.33939877 0.3149927 ]
 [0.6270948  0.11581846 0.2570867 ]
 [0.113998   0.57895637 0.3070456 ]
 [0.3207644  0.21806172 0.46117386]
 [0.11992586 0.7393044  0.14076969]]
probabilities: [[0.13928875 0.6479459  0.21276534]
 [0.38729835 0.2128926  0.39980906]
 [0.34541985 0.62378114 0.03079902]
 [0.52851844 0.2383968  0.23308477]
 [0.5643316  0.33293924 0.1027292 ]]
probabilities: [[0.1609405  0.464702   0.3743575 ]
 [0.6195407  0.06348853 0.3169708 ]
 [0.02771104 0.81097364 0.16131529]
 [0.68073064 0.18327728 0.13599211]
 [0.5183202  0.12905666 0.35262313]]
probabilities: [[0. 1. 0.]
 [0. 1. 0.]
 [0. 1. 0.]
 [0. 1. 0.]
 [0. 1. 0.]]
probabilities: [[0.3635607  0.55939233 0.077047  ]
 [0.2568283  0.04107317 0.70209855]
 [0.1194267  0.19843854 0.68213475]
 [0.07743263 0.9090372  0.01353018]
 [0.1109485  0.32069197 0.56835955]]
probabilities: [[0.23292285 0.16498889 0.6020883 ]
 [0.36271533 0.20751643 0.42976823]
 [0.7620914  0.10491531 0.13299328]
 [0.267508   0.4897814  0.2427106 ]
 [0.2814422  0.25779542 0.46076238]]
probabilities: [[0.09450308 0.86454874 0.04094818]
 [0.5362088  0.2624226  0.2013686 ]
 [0.33656257 0.55555594 0.10788148]
 [0.85594255 0.00878403 0.13527341]
 [0.34949857 0.2910808  0.35942063]]
probabilities: [[0. 0. 1.]
 [0. 1. 0.]
 [0. 1. 0.]
 [0. 0. 1.]
 [0. 0. 1.]]
probabilities: [[0.40226197 0.1533688  0.44436923]
 [0.62300694 0.04463708 0.33235598]
 [0.04079495 0.48220032 0.47700474]
 [0.1991411  0.22103201 0.5798269 ]
 [0.08705792 0.27738473 0.63555735]]
probabilities: [[0.2274197  0.24640238 0.52617794]
 [0.3361803  0.24776372 0.41605595]
 [0.1449515  0.7591956  0.09585287]
 [0.2870536  0.41581658 0.2971298 ]
 [0.7368255  0.04208537 0.22108911]]
probabilities: [[0.02613041 0.3700871  0.6037825 ]
 [0.15007356 0.7954137  0.05451279]
 [0.38746634 0.21661489 0.39591876]
 [0.51755834 0.35532388 0.12711778]
 [0.5956921  0.13423745 0.27007046]]
probabilities: [[0. 1. 0.]
 [0. 1. 0.]
 [0. 1. 0.]
 [0. 1. 0.]
 [0. 1. 0.]]
probabilities: [[0.5176728  0.47932148 0.00300576]
 [0.19431892 0.44879532 0.35688576]
 [0.25003594 0.27013138 0.47983268]
 [0.17136873 0.4200454  0.40858585]
 [0.00296721 0.11519025 0.88184255]]
probabilities: [[0.0756047  0.8162238  0.1081715 ]
 [0.26248425 0.42089263 0.31662315]
 [0.13166375 0.03480648 0.8335298 ]
 [0.14450732 0.42503756 0.43045512]
 [0.64835227 0.22824202 0.1234057 ]]
probabilities: [[0.02362367 0.9599064  0.01646995]
 [0.10746387 0.39798364 0.4945525 ]
 [0.38137403 0.30484113 0.31378484]
 [0.20692657 0.46950647 0.32356694]
 [0.26217243 0.06032401 0.6775036 ]]
probabilities: [[0. 0. 1.]
 [0. 1. 0.]
 [0. 0. 1.]
 [0. 0. 1.]
 [0. 0. 1.]]
probabilities: [[0.30843592 0.35233495 0.3392291 ]
 [0.09631553 0.6597498  0.24393468]
 [0.30441496 0.5118743  0.18371074]
 [0.19387324 0.0220901  0.78403664]
 [0.65327215 0.29438084 0.05234702]]
probabilities: [[0.2717594  0.41112468 0.31711593]
 [0.25436774 0.03750112 0.70813113]
 [0.5291815  0.10696165 0.36385688]
 [0.22853442 0.5087449  0.2627207 ]
 [0.10661937 0.4529341  0.44044653]]
probabilities: [[0.78344786 0.07740355 0.13914858]
 [0.08320438 0.2288384  0.6879572 ]
 [0.03543235 0.05884071 0.90572697]
 [0.6362251  0.16628295 0.19749196]
 [0.218913   0.38358003 0.39750695]]
probabilities: [[0. 0. 1.]
 [0. 1. 0.]
 [0. 0. 1.]
 [0. 0. 1.]
 [0. 0. 1.]]
probabilities: [[0.10046137 0.5413099  0.3582287 ]
 [0.23307773 0.40332627 0.36359596]
 [0.33708403 0.5094423  0.15347368]
 [0.5253689  0.18593647 0.28869462]
 [0.3145563  0.09488639 0.5905573 ]]
probabilities: [[0.41646507 0.10333915 0.4801958 ]
 [0.11931621 0.49529544 0.38538834]
 [0.6189142  0.33617628 0.04490953]
 [0.11247805 0.19271539 0.6948066 ]
 [0.09106173 0.7046933  0.20424494]]
probabilities: [[4.8386868e-02 9.4076538e-01 1.0847727e-02]
 [5.4737151e-01 3.7631881e-01 7.6309673e-02]
 [1.7122728e-01 4.3359634e-02 7.8541309e-01]
 [3.1785220e-02 8.3941251e-01 1.2880225e-01]
 [8.9052099e-01 4.5353253e-04 1.0902550e-01]]
probabilities: [[0. 1. 0.]
 [0. 1. 0.]
 [0. 1. 0.]
 [0. 1. 0.]
 [0. 1. 0.]]
probabilities: [[0.16635583 0.14059946 0.6930447 ]
 [0.96627545 0.01515012 0.01857444]
 [0.35706428 0.36478662 0.2781491 ]
 [0.07551384 0.8438824  0.08060379]
 [0.1033745  0.05109669 0.8455288 ]]
probabilities: [[0.3258779  0.26964957 0.40447253]
 [0.7095661  0.23777653 0.05265737]
 [0.03276724 0.21037789 0.7568549 ]
 [0.88732874 0.02769979 0.08497148]
 [0.16883156 0.06017689 0.77099156]]
probabilities: [[0.24454494 0.16134185 0.59411323]
 [0.40021312 0.35018605 0.24960084]
 [0.84702986 0.07945088 0.07351928]
 [0.28070366 0.16754396 0.5517523 ]
 [0.07638641 0.87674034 0.04687325]]
probabilities: [[0. 1. 0.]
 [0. 1. 0.]
 [0. 1. 0.]
 [0. 1. 0.]
 [0. 1. 0.]]
probabilities: [[0.1077096  0.61403084 0.27825955]
 [0.1436101  0.23671634 0.61967355]
 [0.3017798  0.01303409 0.6851861 ]
 [0.31001124 0.3110655  0.37892327]
 [0.01955594 0.47818598 0.50225806]]
probabilities: [[0.04455015 0.16440237 0.7910475 ]
 [0.5406405  0.18935473 0.27000475]
 [0.1100409  0.5116889  0.37827018]
 [0.5024923  0.28995076 0.2075569 ]
 [0.12420602 0.49399093 0.38180307]]
probabilities: [[0.04667207 0.0420296  0.91129833]
 [0.27245083 0.2754926  0.45205656]
 [0.3082503  0.58372474 0.10802496]
 [0.11561918 0.38822338 0.49615744]
 [0.06981469 0.28386536 0.6463199 ]]
probabilities: [[1. 0. 0.]
 [1. 0. 0.]
 [1. 0. 0.]
 [1. 0. 0.]
 [1. 0. 0.]]
probabilities: [[0.05036107 0.14395481 0.8056841 ]
 [0.084029   0.68594825 0.23002274]
 [0.45152757 0.12688008 0.42159235]
 [0.78011066 0.180921   0.03896834]
 [0.40633267 0.11762477 0.47604254]]
probabilities: [[0.01768228 0.55437374 0.42794397]
 [0.2688401  0.44943565 0.28172424]
 [0.12769419 0.33465973 0.5376461 ]
 [0.32287106 0.66583234 0.01129659]
 [0.06983203 0.79640645 0.13376151]]
probabilities: [[0.05255044 0.04550088 0.9019487 ]
 [0.6550656  0.03446617 0.31046823]
 [0.4922284  0.21988206 0.28788957]
 [0.24113351 0.7395844  0.01928212]
 [0.47285524 0.35187542 0.17526934]]
probabilities: [[0. 1. 0.]
 [0. 1. 0.]
 [0. 1. 0.]
 [0. 1. 0.]
 [0. 1. 0.]]
probabilities: [[0.07270849 0.25635636 0.67093515]
 [0.0313349  0.5390513  0.42961383]
 [0.05631023 0.51935935 0.42433044]
 [0.52155685 0.38983318 0.08860993]
 [0.77683526 0.1832192  0.03994552]]
probabilities: [[0.06390107 0.34079358 0.5953054 ]
 [0.37711304 0.2662517  0.35663524]
 [0.03917006 0.23734294 0.723487  ]
 [0.02277085 0.007407   0.96982217]
 [0.40739504 0.18778972 0.40481526]]
probabilities: [[0.66775775 0.30093333 0.03130895]
 [0.35630113 0.02311001 0.6205889 ]
 [0.7475391  0.11022783 0.14223307]
 [0.18967658 0.33924294 0.47108048]
 [0.07776661 0.2722193  0.6500141 ]]
probabilities: [[0. 0. 1.]
 [0. 1. 0.]
 [0. 1. 0.]
 [0. 0. 1.]
 [0. 0. 1.]]
probabilities: [[0.34997872 0.5869187  0.06310259]
 [0.5691231  0.14175199 0.28912494]
 [0.45646307 0.35934958 0.18418735]
 [0.13671488 0.3266953  0.53658986]
 [0.71655077 0.22924049 0.05420875]]
probabilities: [[0.2938816  0.49381635 0.21230207]
 [0.2917191  0.11767819 0.5906027 ]
 [0.5274933  0.4628355  0.00967121]
 [0.41602868 0.19418581 0.3897855 ]
 [0.1245845  0.1765804  0.6988351 ]]
probabilities: [[0.81034875 0.17016576 0.0194855 ]
 [0.6258098  0.30966833 0.06452188]
 [0.14975013 0.73987925 0.1103706 ]
 [0.163468   0.7553088  0.08122317]
 [0.200337   0.7794394  0.02022365]]
probabilities: [[0. 0. 1.]
 [0. 1. 0.]
 [0. 0. 1.]
 [0. 0. 1.]
 [0. 0. 1.]]
probabilities: [[0.47373933 0.06211148 0.4641492 ]
 [0.17693947 0.29888704 0.5241735 ]
 [0.66199374 0.17559542 0.16241083]
 [0.5201394  0.05543948 0.42442113]
 [0.05893307 0.34491405 0.5961529 ]]
probabilities: [[0.1489441  0.53376    0.3172959 ]
 [0.11339515 0.23215277 0.6544521 ]
 [0.28128368 0.1153008  0.6034155 ]
 [0.6722965  0.12279758 0.2049059 ]
 [0.15090968 0.3524877  0.49660262]]
probabilities: [[0.15817465 0.01904488 0.8227805 ]
 [0.02678901 0.41110355 0.56210744]
 [0.11987321 0.4184002  0.46172658]
 [0.39752686 0.42992216 0.17255096]
 [0.18736596 0.5170262  0.29560784]]
probabilities: [[0. 0. 1.]
 [0. 1. 0.]
 [0. 1. 0.]
 [0. 0. 1.]
 [0. 0. 1.]]
probabilities: [[0.02681725 0.7554983  0.21768448]
 [0.9930386  0.00161134 0.00535006]
 [0.45172837 0.08042729 0.46784434]
 [0.1281248  0.61328715 0.25858802]
 [0.15018912 0.42925414 0.42055672]]
probabilities: [[0.13016443 0.82461697 0.04521862]
 [0.5601594  0.28982836 0.15001222]
 [0.71276957 0.14886743 0.138363  ]
 [0.3035427  0.6568605  0.03959682]
 [0.04094826 0.29293594 0.6661158 ]]
probabilities: [[0.11908287 0.59272075 0.28819638]
 [0.7750121  0.0709477  0.15404026]
 [0.1112285  0.68034524 0.20842625]
 [0.13444707 0.36825746 0.49729547]
 [0.1813501  0.4782319  0.34041798]]
probabilities: [[0. 0. 1.]
 [0. 1. 0.]
 [0. 1. 0.]
 [0. 0. 1.]
 [0. 0. 1.]]
probabilities: [[0.06819431 0.6452511  0.28655457]
 [0.08257412 0.13603468 0.7813912 ]
 [0.4032662  0.10204299 0.49469084]
 [0.2387129  0.58170444 0.17958269]
 [0.37732136 0.00291181 0.61976683]]
probabilities: [[0.24704154 0.6969751  0.05598334]
 [0.70272934 0.01301922 0.28425145]
 [0.09891288 0.28277856 0.61830854]
 [0.06930909 0.33832788 0.59236306]
 [0.43159774 0.12823771 0.44016457]]
probabilities: [[0.4820206  0.13840961 0.3795698 ]
 [0.698993   0.2200628  0.08094417]
 [0.70314324 0.2463887  0.05046805]
 [0.30081996 0.40803668 0.2911434 ]
 [0.10653446 0.6141024  0.27936313]]
probabilities: [[1. 0. 0.]
 [1. 0. 0.]
 [1. 0. 0.]
 [1. 0. 0.]
 [1. 0. 0.]]
probabilities: [[0.50861883 0.02118525 0.47019592]
 [0.7526996  0.23673046 0.01056994]
 [0.12080079 0.77090716 0.10829205]
 [0.27190256 0.03703509 0.69106233]
 [0.11554776 0.73839104 0.14606118]]
probabilities: [[0.4298419  0.36906815 0.20108996]
 [0.6101941  0.0518413  0.33796462]
 [0.01094097 0.5248933  0.46416575]
 [0.38941547 0.4512243  0.15936023]
 [0.04614753 0.10056625 0.8532862 ]]
probabilities: [[0.02861778 0.90762174 0.0637605 ]
 [0.10473999 0.02066398 0.874596  ]
 [0.43411753 0.44984505 0.11603743]
 [0.6875117  0.2156515  0.09683682]
 [0.30202782 0.4790237  0.2189485 ]]
probabilities: [[0. 1. 0.]
 [0. 1. 0.]
 [0. 1. 0.]
 [0. 1. 0.]
 [0. 1. 0.]]
probabilities: [[0.37397993 0.35029083 0.27572924]
 [0.05647015 0.7374542  0.20607567]
 [0.3356369  0.08723012 0.57713294]
 [0.16154587 0.06498343 0.7734707 ]
 [0.06065632 0.82955027 0.10979344]]
probabilities: [[0.17814516 0.53728867 0.28456616]
 [0.05464813 0.07721311 0.86813873]
 [0.06466772 0.6659842  0.26934806]
 [0.7639287  0.12493612 0.11113518]
 [0.3384311  0.57817817 0.08339071]]
probabilities: [[0.6749305  0.0278218  0.2972477 ]
 [0.26835153 0.25976405 0.47188443]
 [0.5778575  0.0993196  0.3228229 ]
 [0.12080409 0.83576673 0.04342918]
 [0.10791184 0.08298937 0.8090988 ]]
probabilities: [[1. 0. 0.]
 [1. 0. 0.]
 [1. 0. 0.]
 [1. 0. 0.]
 [1. 0. 0.]]
probabilities: [[0.22569917 0.596426   0.17787485]
 [0.7257151  0.05962982 0.21465506]
 [0.47163507 0.29427943 0.2340855 ]
 [0.01057375 0.24663483 0.7427914 ]
 [0.24937804 0.70423466 0.04638731]]
probabilities: [[3.0237189e-01 6.2003577e-01 7.7592365e-02]
 [4.3804049e-02 5.6026167e-01 3.9593428e-01]
 [5.1002249e-02 3.6062708e-01 5.8837068e-01]
 [1.3069136e-01 8.6898863e-01 3.2001192e-04]
 [4.9980724e-01 4.0052366e-01 9.9669114e-02]]
probabilities: [[0.72079384 0.12111528 0.15809087]
 [0.16855708 0.44622254 0.38522038]
 [0.60747474 0.37717542 0.0153498 ]
 [0.12307166 0.5377803  0.33914804]
 [0.86400247 0.1313321  0.00466543]]
probabilities: [[0. 0. 1.]
 [0. 1. 0.]
 [0. 1. 0.]
 [0. 0. 1.]
 [0. 0. 1.]]
probabilities: [[0.48125145 0.30962512 0.20912345]
 [0.32075465 0.16241588 0.5168295 ]
 [0.1303936  0.20066735 0.66893905]
 [0.06216434 0.7026453  0.23519038]
 [0.3415715  0.09709311 0.5613354 ]]
probabilities: [[0.3038368  0.6273663  0.06879692]
 [0.2428132  0.73906505 0.01812176]
 [0.30422768 0.66777956 0.02799276]
 [0.5069765  0.40921807 0.08380543]
 [0.21052003 0.22827573 0.56120425]]
probabilities: [[0.16615242 0.47947815 0.35436943]
 [0.21258582 0.32256994 0.46484426]
 [0.24238126 0.7105742  0.04704453]
 [0.4117157  0.5451941  0.04309024]
 [0.9239781  0.00438079 0.07164112]]
probabilities: [[1. 0. 0.]
 [1. 0. 0.]
 [1. 0. 0.]
 [1. 0. 0.]
 [1. 0. 0.]]
probabilities: [[0.33033302 0.42067826 0.24898872]
 [0.2782089  0.28284803 0.43894306]
 [0.43206397 0.47235453 0.09558149]
 [0.03894078 0.76079357 0.20026563]
 [0.08088947 0.02328345 0.89582705]]
probabilities: [[0.33716097 0.327308   0.33553103]
 [0.01835803 0.05213328 0.9295087 ]
 [0.02197373 0.04020123 0.937825  ]
 [0.8866275  0.0752202  0.03815232]
 [0.49044535 0.400433   0.10912166]]
probabilities: [[0.13628203 0.29345733 0.57026064]
 [0.69774175 0.27501172 0.02724654]
 [0.00611895 0.05323929 0.94064176]
 [0.7887021  0.06993952 0.14135842]
 [0.2329085  0.30048212 0.46660936]]
probabilities: [[1. 0. 0.]
 [1. 0. 0.]
 [1. 0. 0.]
 [1. 0. 0.]
 [1. 0. 0.]]
probabilities: [[0.5917252  0.26247522 0.14579962]
 [0.24881908 0.517072   0.23410892]
 [0.08104543 0.54987246 0.3690821 ]
 [0.40736485 0.00384599 0.58878917]
 [0.3543064  0.0629596  0.582734  ]]
probabilities: [[0.13379478 0.05553252 0.8106727 ]
 [0.30534065 0.45299083 0.24166854]
 [0.09877276 0.69601494 0.2052123 ]
 [0.1592497  0.39567518 0.4450751 ]
 [0.5845712  0.25212288 0.16330595]]
probabilities: [[0.80452    0.12754665 0.06793334]
 [0.50536555 0.17644441 0.31819007]
 [0.13271086 0.00924342 0.8580457 ]
 [0.21443462 0.3683083  0.41725704]
 [0.20232263 0.16487664 0.63280076]]
probabilities: [[0. 0. 1.]
 [0. 1. 0.]
 [0. 0. 1.]
 [0. 0. 1.]
 [0. 0. 1.]]
probabilities: [[0.38338795 0.14020364 0.4764084 ]
 [0.25441313 0.18098333 0.56460357]
 [0.12867974 0.09997515 0.77134514]
 [0.22497019 0.25541613 0.5196137 ]
 [0.61028755 0.04507634 0.3446361 ]]
probabilities: [[0.30970186 0.45796904 0.23232909]
 [0.08715265 0.60724485 0.30560246]
 [0.41453236 0.49908337 0.08638429]
 [0.23261827 0.5840372  0.18334451]
 [0.29399833 0.5012633  0.20473835]]
probabilities: [[0.27279216 0.5412158  0.18599205]
 [0.14021319 0.07600758 0.7837792 ]
 [0.04552095 0.86158377 0.09289528]
 [0.09815644 0.7884461  0.11339741]
 [0.55338115 0.08317837 0.3634405 ]]
probabilities: [[0. 0. 1.]
 [0. 1. 0.]
 [0. 0. 1.]
 [0. 0. 1.]
 [0. 0. 1.]]
probabilities: [[0.68219846 0.01613995 0.3016616 ]
 [0.39998835 0.18356448 0.41644716]
 [0.39210972 0.05013168 0.5577586 ]
 [0.05028353 0.75197846 0.197738  ]
 [0.2542293  0.6865233  0.0592474 ]]
probabilities: [[1.9351767e-01 7.9732937e-01 9.1529507e-03]
 [3.8431284e-01 6.1514735e-01 5.3977291e-04]
 [3.9120531e-01 3.7309626e-01 2.3569843e-01]
 [6.9420516e-02 9.3047142e-01 1.0809298e-04]
 [3.8654792e-01 2.2713648e-01 3.8631561e-01]]
probabilities: [[0.31672025 0.5646468  0.11863297]
 [0.5311438  0.15065709 0.3181991 ]
 [0.39492056 0.49031228 0.11476717]
 [0.03617654 0.5375629  0.42626056]
 [0.5971293  0.23138377 0.17148696]]
probabilities: [[0. 0. 1.]
 [0. 1. 0.]
 [0. 1. 0.]
 [0. 0. 1.]
 [0. 0. 1.]]
probabilities: [[0.5746904  0.11328191 0.31202766]
 [0.38498533 0.4409507  0.17406398]
 [0.06495659 0.56871605 0.36632738]
 [0.23739319 0.40239924 0.36020756]
 [0.23890412 0.6512088  0.10988703]]
probabilities: [[0.24390003 0.23953821 0.51656175]
 [0.7232173  0.18299383 0.09378885]
 [0.10360219 0.5612358  0.33516204]
 [0.13587631 0.32751834 0.53660536]
 [0.98031247 0.00372411 0.0159634 ]]
probabilities: [[0.02842464 0.40220064 0.56937474]
 [0.52087826 0.22480588 0.25431585]
 [0.4379173  0.3860261  0.17605658]
 [0.81861687 0.12400427 0.05737886]
 [0.07972916 0.16694428 0.75332654]]
probabilities: [[0. 0. 1.]
 [0. 1. 0.]
 [0. 0. 1.]
 [0. 0. 1.]
 [0. 0. 1.]]
probabilities: [[0.1399774  0.11908523 0.74093735]
 [0.2455168  0.04730377 0.7071794 ]
 [0.18903652 0.5910855  0.21987802]
 [0.5609532  0.01264769 0.4263991 ]
 [0.53682363 0.08736098 0.37581536]]
probabilities: [[0.62691575 0.10508863 0.2679956 ]
 [0.06581663 0.70877874 0.22540464]
 [0.725611   0.13424613 0.14014292]
 [0.61639297 0.20660794 0.17699909]
 [0.26852682 0.6124739  0.11899927]]
probabilities: [[1.9328667e-01 4.3971124e-01 3.6700207e-01]
 [4.6528909e-01 3.0055994e-01 2.3415098e-01]
 [1.9302703e-01 3.7972546e-01 4.2724752e-01]
 [6.3275975e-01 6.3683741e-02 3.0355650e-01]
 [5.4985285e-01 7.7360230e-05 4.5006979e-01]]
probabilities: [[1. 0. 0.]
 [1. 0. 0.]
 [1. 0. 0.]
 [1. 0. 0.]
 [1. 0. 0.]]
probabilities: [[0.38062707 0.1069653  0.51240766]
 [0.3148695  0.36476976 0.32036075]
 [0.65097064 0.05055624 0.29847315]
 [0.59190476 0.3133943  0.0947009 ]
 [0.3292381  0.2947703  0.3759916 ]]
probabilities: [[0.44012445 0.4839554  0.07592014]
 [0.04047439 0.7340588  0.2254668 ]
 [0.11934773 0.6653132  0.21533908]
 [0.20682031 0.6909838  0.10219593]
 [0.26951018 0.00324605 0.7272438 ]]
probabilities: [[0.6694418  0.0015109  0.3290473 ]
 [0.45934042 0.4593542  0.08130538]
 [0.0978952  0.5817753  0.32032952]
 [0.23150562 0.6007435  0.16775091]
 [0.4610783  0.3746049  0.16431683]]
probabilities: [[0. 0. 1.]
 [0. 1. 0.]
 [0. 0. 1.]
 [0. 0. 1.]
 [0. 0. 1.]]
probabilities: [[0.0199192  0.6171146  0.36296618]
 [0.6664744  0.10979599 0.22372961]
 [0.8697196  0.0847731  0.04550728]
 [0.2640581  0.15569483 0.58024704]
 [0.10343578 0.27300215 0.6235621 ]]
probabilities: [[0.34263366 0.3221083  0.33525804]
 [0.6205753  0.11459018 0.2648345 ]
 [0.18856181 0.7448959  0.06654231]
 [0.45683968 0.17433903 0.3688213 ]
 [0.12799492 0.62255585 0.24944922]]
probabilities: [[0.6535466  0.12153816 0.2249153 ]
 [0.25287285 0.28975037 0.45737678]
 [0.5623916  0.22925809 0.20835035]
 [0.47207803 0.35846344 0.16945855]
 [0.10105181 0.5091074  0.38984078]]
probabilities: [[0. 0. 1.]
 [0. 1. 0.]
 [0. 1. 0.]
 [0. 0. 1.]
 [0. 0. 1.]]
probabilities: [[0.02419086 0.23290315 0.742906  ]
 [0.16423647 0.08494422 0.7508193 ]
 [0.44554856 0.26040107 0.29405037]
 [0.5634103  0.38262513 0.05396457]
 [0.5082298  0.36420724 0.12756297]]
probabilities: [[0.03987788 0.7726525  0.18746962]
 [0.3534618  0.25219244 0.3943458 ]
 [0.05819404 0.09333336 0.8484726 ]
 [0.07634035 0.01910729 0.90455234]
 [0.01205119 0.35789052 0.6300583 ]]
probabilities: [[0.0628081  0.07769478 0.85949713]
 [0.06543248 0.4924631  0.4421044 ]
 [0.11109053 0.800806   0.08810346]
 [0.13953404 0.49041587 0.37005007]
 [0.39190716 0.01038809 0.59770477]]
probabilities: [[1. 0. 0.]
 [1. 0. 0.]
 [1. 0. 0.]
 [1. 0. 0.]
 [1. 0. 0.]]
probabilities: [[0.45328668 0.12942736 0.41728598]
 [0.26875433 0.568088   0.16315769]
 [0.40351725 0.48871508 0.10776768]
 [0.59831494 0.03917313 0.3625119 ]
 [0.44026914 0.28188893 0.27784193]]
probabilities: [[0.21646453 0.56891364 0.2146218 ]
 [0.18775359 0.33091456 0.48133186]
 [0.0386369  0.2990118  0.6623513 ]
 [0.9159078  0.0029135  0.08117871]
 [0.24161439 0.49208495 0.26630065]]
probabilities: [[0.09920406 0.2152294  0.68556654]
 [0.10360256 0.8619834  0.03441399]
 [0.12773718 0.15485407 0.7174088 ]
 [0.09418181 0.11782364 0.78799456]
 [0.29919186 0.4589013  0.24190687]]
probabilities: [[1. 0. 0.]
 [1. 0. 0.]
 [1. 0. 0.]
 [1. 0. 0.]
 [1. 0. 0.]]
probabilities: [[0.48309097 0.3265292  0.19037984]
 [0.38143432 0.50324625 0.11531942]
 [0.11925837 0.3226537  0.55808794]
 [0.12511791 0.09389322 0.7809889 ]
 [0.49329084 0.20476824 0.30194092]]
probabilities: [[0.6087682  0.09248279 0.29874897]
 [0.41461912 0.36384344 0.22153744]
 [0.1312956  0.62921363 0.23949078]
 [0.3539078  0.00400634 0.64208585]
 [0.01059256 0.26582596 0.7235815 ]]
probabilities: [[0.12073793 0.02137334 0.8578887 ]
 [0.32727525 0.48762855 0.18509619]
 [0.37275225 0.599456   0.02779177]
 [0.5229484  0.0064954  0.47055623]
 [0.2926754  0.65425014 0.05307447]]
probabilities: [[0. 1. 0.]
 [0. 1. 0.]
 [0. 1. 0.]
 [0. 1. 0.]
 [0. 1. 0.]]
probabilities: [[0.22050081 0.7441923  0.03530691]
 [0.00579543 0.3685977  0.6256069 ]
 [0.08947446 0.8814725  0.02905302]
 [0.5830461  0.32694888 0.09000503]
 [0.67585063 0.0234349  0.30071443]]
probabilities: [[3.7537038e-01 2.5686270e-01 3.6776692e-01]
 [2.6641015e-04 5.5742753e-01 4.4230610e-01]
 [3.6086611e-02 7.7528906e-01 1.8862431e-01]
 [7.3050135e-01 1.7998168e-01 8.9516968e-02]
 [5.1984370e-01 1.3154909e-01 3.4860724e-01]]
probabilities: [[0.1331103  0.5498511  0.31703857]
 [0.10662975 0.84031683 0.05305341]
 [0.6850875  0.11085141 0.20406109]
 [0.7664968  0.18051927 0.05298397]
 [0.4463293  0.5435458  0.01012489]]
probabilities: [[0. 0. 1.]
 [0. 1. 0.]
 [0. 0. 1.]
 [0. 0. 1.]
 [0. 0. 1.]]
probabilities: [[7.0157665e-01 9.1012627e-02 2.0741074e-01]
 [4.2208387e-05 1.0717204e-02 9.8924059e-01]
 [9.9607140e-02 5.4414725e-01 3.5624564e-01]
 [5.8966911e-01 1.5274784e-01 2.5758308e-01]
 [3.2029891e-01 4.8021996e-01 1.9948111e-01]]
probabilities: [[0.5358591  0.02879459 0.43534634]
 [0.35279262 0.4650087  0.18219866]
 [0.1801006  0.05589997 0.7639994 ]
 [0.02046148 0.01976736 0.95977116]
 [0.8767954  0.04119856 0.08200604]]
probabilities: [[0.32762757 0.3713879  0.30098453]
 [0.32496443 0.27190873 0.40312684]
 [0.8707688  0.00433763 0.1248936 ]
 [0.84137505 0.12079076 0.03783418]
 [0.07698459 0.02970047 0.89331496]]
probabilities: [[1. 0. 0.]
 [1. 0. 0.]
 [1. 0. 0.]
 [1. 0. 0.]
 [1. 0. 0.]]
probabilities: [[0.19960104 0.78115076 0.01924822]
 [0.0895481  0.6457934  0.2646585 ]
 [0.70414203 0.21478623 0.08107171]
 [0.20574635 0.6951912  0.09906245]
 [0.6444337  0.08371958 0.27184677]]
probabilities: [[0.51177895 0.29121166 0.1970094 ]
 [0.13926841 0.06120147 0.79953015]
 [0.854611   0.02320151 0.12218753]
 [0.21746622 0.14540468 0.6371291 ]
 [0.11044013 0.34446526 0.5450946 ]]
probabilities: [[0.39406762 0.17317739 0.432755  ]
 [0.58617014 0.0569764  0.35685346]
 [0.40155694 0.49218857 0.10625451]
 [0.15991506 0.09241887 0.74766606]
 [0.5128114  0.39297035 0.09421822]]
probabilities: [[0. 0. 1.]
 [0. 1. 0.]
 [0. 1. 0.]
 [0. 0. 1.]
 [0. 0. 1.]]
probabilities: [[0.5700863  0.14352727 0.28638643]
 [0.17885627 0.6263215  0.19482222]
 [0.00379843 0.00234385 0.99385774]
 [0.3425059  0.3852938  0.2722003 ]
 [0.74479526 0.12375115 0.1314536 ]]
probabilities: [[0.67633665 0.17049    0.15317336]
 [0.48619813 0.07534517 0.43845668]
 [0.35587147 0.12171644 0.5224121 ]
 [0.43173394 0.04970157 0.5185645 ]
 [0.7108763  0.09549686 0.19362684]]
probabilities: [[0.01618719 0.41373274 0.5700801 ]
 [0.5599322  0.0950008  0.34506705]
 [0.7037715  0.01933737 0.27689114]
 [0.18350168 0.69992024 0.11657806]
 [0.46548513 0.05640802 0.47810683]]
probabilities: [[0. 0. 1.]
 [0. 1. 0.]
 [0. 0. 1.]
 [0. 0. 1.]
 [0. 0. 1.]]
probabilities: [[0.34541067 0.25214076 0.40244856]
 [0.10013571 0.15399444 0.7458698 ]
 [0.57519007 0.24852842 0.17628153]
 [0.68382126 0.18064474 0.13553402]
 [0.7189459  0.21865469 0.0623994 ]]
probabilities: [[0.43203655 0.19014841 0.37781504]
 [0.35688862 0.00241281 0.64069855]
 [0.00106921 0.39872926 0.60020155]
 [0.72409564 0.05725963 0.21864474]
 [0.12645505 0.07904419 0.79450077]]
probabilities: [[0.20183572 0.575414   0.2227503 ]
 [0.49366152 0.24304879 0.2632897 ]
 [0.60007083 0.3938038  0.00612535]
 [0.19523075 0.11252934 0.6922399 ]
 [0.25022203 0.1393583  0.6104197 ]]
probabilities: [[0. 0. 1.]
 [0. 1. 0.]
 [0. 0. 1.]
 [0. 0. 1.]
 [0. 0. 1.]]
probabilities: [[0.02142651 0.01234945 0.966224  ]
 [0.2188859  0.20997909 0.571135  ]
 [0.04062685 0.24843107 0.7109421 ]
 [0.12286002 0.3654406  0.5116994 ]
 [0.5446236  0.41585797 0.03951842]]
probabilities: [[0.16609815 0.45977637 0.37412548]
 [0.59389615 0.33049348 0.07561035]
 [0.28081208 0.32882687 0.39036107]
 [0.3381268  0.13497795 0.5268952 ]
 [0.17053723 0.6170781  0.21238461]]
probabilities: [[0.47788247 0.1645199  0.35759762]
 [0.05954009 0.47970867 0.46075124]
 [0.25613573 0.4206552  0.32320908]
 [0.4507173  0.18178064 0.36750206]
 [0.20933244 0.10139672 0.68927085]]
probabilities: [[1. 0. 0.]
 [1. 0. 0.]
 [1. 0. 0.]
 [1. 0. 0.]
 [1. 0. 0.]]
probabilities: [[0.06205479 0.4576872  0.48025802]
 [0.06143818 0.28232408 0.6562378 ]
 [0.46885526 0.443598   0.08754673]
 [0.06496388 0.32224655 0.6127896 ]
 [0.47894397 0.36678523 0.15427078]]
probabilities: [[0.1400586  0.6202758  0.2396656 ]
 [0.18013014 0.61229855 0.20757134]
 [0.7795015  0.02953569 0.19096279]
 [0.13514674 0.732126   0.13272724]
 [0.10109983 0.65961456 0.23928562]]
probabilities: [[0.02316662 0.44258675 0.5342466 ]
 [0.24363917 0.05739994 0.6989609 ]
 [0.4997994  0.30048555 0.19971505]
 [0.00652723 0.38940778 0.604065  ]
 [0.57821035 0.08444432 0.3373453 ]]
probabilities: [[0. 0. 1.]
 [0. 1. 0.]
 [0. 0. 1.]
 [0. 0. 1.]
 [0. 0. 1.]]
probabilities: [[0.5737903  0.38678268 0.039427  ]
 [0.30858105 0.1928533  0.49856564]
 [0.39450142 0.01491462 0.590584  ]
 [0.7037888  0.23367515 0.06253602]
 [0.56623495 0.38480484 0.04896023]]
probabilities: [[0.32313293 0.13816743 0.5386996 ]
 [0.03206266 0.31460968 0.65332764]
 [0.32255358 0.14376844 0.533678  ]
 [0.34774822 0.56448156 0.08777024]
 [0.6364406  0.05822857 0.30533087]]
probabilities: [[0.5318833  0.03243644 0.43568024]
 [0.494441   0.18231434 0.32324466]
 [0.02638473 0.6643799  0.3092354 ]
 [0.14669417 0.00681007 0.84649575]
 [0.11464619 0.71374816 0.17160565]]
probabilities: [[0. 0. 1.]
 [0. 1. 0.]
 [0. 1. 0.]
 [0. 0. 1.]
 [0. 0. 1.]]
probabilities: [[0.30147234 0.5583447  0.14018293]
 [0.04060914 0.5374982  0.4218927 ]
 [0.5233215  0.31634995 0.16032852]
 [0.3742677  0.05654998 0.56918234]
 [0.46697652 0.2372842  0.2957393 ]]
probabilities: [[0.18710032 0.7360506  0.07684909]
 [0.23676908 0.7474801  0.01575083]
 [0.800761   0.08728878 0.11195021]
 [0.03801899 0.23599131 0.7259897 ]
 [0.37933117 0.5739392  0.04672964]]
probabilities: [[0.37609184 0.22573842 0.39816976]
 [0.42534548 0.08866196 0.48599255]
 [0.41537333 0.21971926 0.3649074 ]
 [0.01735562 0.93766093 0.04498345]
 [0.08695593 0.07408924 0.8389548 ]]
probabilities: [[0. 0. 1.]
 [0. 1. 0.]
 [0. 0. 1.]
 [0. 0. 1.]
 [0. 0. 1.]]
probabilities: [[0.0654102  0.59181124 0.34277856]
 [0.72972023 0.23681182 0.03346796]
 [0.01240036 0.8257268  0.16187283]
 [0.27987763 0.67851454 0.04160779]
 [0.2301401  0.17391057 0.5959493 ]]
probabilities: [[0.00415015 0.4023277  0.59352213]
 [0.35394025 0.41248763 0.23357213]
 [0.43441236 0.01320217 0.55238545]
 [0.48670515 0.07548229 0.43781254]
 [0.2565317  0.47812435 0.26534396]]
probabilities: [[0.3126586  0.20004182 0.4872996 ]
 [0.5059076  0.14203699 0.3520554 ]
 [0.11733483 0.67336917 0.209296  ]
 [0.3326688  0.51783043 0.14950079]
 [0.02037578 0.40439323 0.575231  ]]
probabilities: [[1. 0. 0.]
 [1. 0. 0.]
 [1. 0. 0.]
 [1. 0. 0.]
 [1. 0. 0.]]
probabilities: [[0.17154323 0.30757958 0.5208772 ]
 [0.28901622 0.5359264  0.1750574 ]
 [0.49059615 0.44188425 0.06751961]
 [0.15849847 0.7824928  0.05900872]
 [0.61385757 0.20245327 0.18368913]]
probabilities: [[0.38735965 0.18774207 0.42489827]
 [0.5636257  0.25170565 0.18466863]
 [0.21183676 0.61123735 0.17692587]
 [0.05054893 0.30646503 0.64298606]
 [0.17277871 0.16692588 0.6602954 ]]
probabilities: [[0.29380172 0.59287345 0.1133248 ]
 [0.14001504 0.02123106 0.8387539 ]
 [0.4274157  0.530061   0.04252328]
 [0.10977064 0.76069444 0.12953489]
 [0.5459523  0.05580336 0.39824432]]
probabilities: [[0. 0. 1.]
 [0. 1. 0.]
 [0. 0. 1.]
 [0. 0. 1.]
 [0. 0. 1.]]
probabilities: [[0.49082252 0.11604172 0.39313576]
 [0.18890376 0.58572084 0.22537541]
 [0.12445728 0.17171131 0.7038314 ]
 [0.09989517 0.58500177 0.31510305]
 [0.41578022 0.4849402  0.09927958]]
probabilities: [[0.00478704 0.946862   0.04835095]
 [0.27793103 0.1483782  0.5736908 ]
 [0.6239537  0.29507822 0.08096807]
 [0.6391394  0.00344889 0.35741168]
 [0.1116225  0.65999323 0.22838426]]
probabilities: [[0.6191975  0.12001739 0.2607851 ]
 [0.12199217 0.02221562 0.8557922 ]
 [0.24108022 0.7352281  0.02369162]
 [0.19803411 0.71752346 0.08444244]
 [0.1912185  0.7185053  0.09027619]]
probabilities: [[0. 1. 0.]
 [0. 1. 0.]
 [0. 1. 0.]
 [0. 1. 0.]
 [0. 1. 0.]]
probabilities: [[0.17080097 0.73196685 0.09723217]
 [0.20192903 0.53314525 0.2649257 ]
 [0.1275822  0.79527    0.07714777]
 [0.16881895 0.78421056 0.04697049]
 [0.32220823 0.06471354 0.61307824]]
probabilities: [[0.00699316 0.24140911 0.75159776]
 [0.6209769  0.23471378 0.1443093 ]
 [0.18950172 0.21781638 0.5926819 ]
 [0.08887801 0.33431637 0.5768056 ]
 [0.8131246  0.01089798 0.17597741]]
probabilities: [[0.7333169  0.2334583  0.03322479]
 [0.3618215  0.36866835 0.26951015]
 [0.14882052 0.35396352 0.49721596]
 [0.28266674 0.6613803  0.05595296]
 [0.29641667 0.2629579  0.44062546]]
probabilities: [[0. 1. 0.]
 [0. 1. 0.]
 [0. 1. 0.]
 [0. 1. 0.]
 [0. 1. 0.]]
probabilities: [[0.91632575 0.03056137 0.05311291]
 [0.09848054 0.62019885 0.2813206 ]
 [0.04640624 0.6049077  0.3486861 ]
 [0.20323922 0.54187226 0.2548885 ]
 [0.1847803  0.42747813 0.38774157]]
probabilities: [[0.19031072 0.17137574 0.63831353]
 [0.06589525 0.19177656 0.74232817]
 [0.14486666 0.67672235 0.17841099]
 [0.23031597 0.15091336 0.61877066]
 [0.19830069 0.22635387 0.57534546]]
probabilities: [[0.16826679 0.30230847 0.5294247 ]
 [0.27104568 0.52182555 0.20712878]
 [0.5486716  0.18828568 0.26304272]
 [0.20730257 0.3860692  0.40662822]
 [0.03859759 0.04915345 0.91224897]]
probabilities: [[0. 1. 0.]
 [0. 1. 0.]
 [0. 1. 0.]
 [0. 1. 0.]
 [0. 1. 0.]]
probabilities: [[0.21817374 0.30523455 0.4765917 ]
 [0.75913274 0.08689718 0.15397006]
 [0.25297675 0.7096194  0.03740383]
 [0.36494604 0.3846752  0.25037876]
 [0.42707452 0.28368273 0.28924274]]
probabilities: [[0.01378574 0.09457949 0.89163476]
 [0.6597468  0.31446868 0.0257845 ]
 [0.67096996 0.07153128 0.25749877]
 [0.15271711 0.02341839 0.82386446]
 [0.05539107 0.50747514 0.43713382]]
probabilities: [[0.39583853 0.5342622  0.06989931]
 [0.36173177 0.5523049  0.08596328]
 [0.00516091 0.6114777  0.3833614 ]
 [0.2955823  0.6167879  0.0876298 ]
 [0.1086545  0.35632074 0.53502476]]
probabilities: [[1. 0. 0.]
 [1. 0. 0.]
 [1. 0. 0.]
 [1. 0. 0.]
 [1. 0. 0.]]
probabilities: [[0.59598243 0.05278776 0.35122985]
 [0.00321536 0.2982302  0.69855446]
 [0.20131218 0.24581449 0.5528733 ]
 [0.6152703  0.05152079 0.3332089 ]
 [0.06631777 0.47007614 0.4636061 ]]
probabilities: [[0.07747132 0.49909112 0.42343757]
 [0.15144472 0.39356506 0.4549902 ]
 [0.770207   0.1935934  0.03619961]
 [0.17765298 0.60178244 0.22056454]
 [0.16722526 0.8083852  0.02438953]]
probabilities: [[0.07453962 0.5185295  0.4069309 ]
 [0.31726667 0.5307304  0.15200289]
 [0.4188907  0.28310058 0.2980087 ]
 [0.04392887 0.36403266 0.59203845]
 [0.6205203  0.3367409  0.04273881]]
probabilities: [[1. 0. 0.]
 [1. 0. 0.]
 [1. 0. 0.]
 [1. 0. 0.]
 [1. 0. 0.]]
probabilities: [[0.00541017 0.78012437 0.21446547]
 [0.04972497 0.33791015 0.6123649 ]
 [0.22461756 0.649987   0.12539546]
 [0.00695094 0.70663184 0.2864172 ]
 [0.44061786 0.25752434 0.3018578 ]]
probabilities: [[0.50389767 0.10253764 0.39356467]
 [0.6329511  0.10905999 0.2579889 ]
 [0.3037747  0.4729183  0.223307  ]
 [0.4625729  0.24511099 0.2923161 ]
 [0.48543486 0.07559422 0.4389709 ]]
probabilities: [[0.47170624 0.03226217 0.49603158]
 [0.18230726 0.17133793 0.6463548 ]
 [0.12661904 0.32310453 0.5502764 ]
 [0.00267956 0.6098554  0.38746506]
 [0.07095511 0.5840611  0.3449838 ]]
probabilities: [[0. 0. 1.]
 [0. 1. 0.]
 [0. 0. 1.]
 [0. 0. 1.]
 [0. 0. 1.]]
probabilities: [[0.29194373 0.13374831 0.574308  ]
 [0.4705542  0.07349145 0.45595434]
 [0.7849274  0.15532003 0.05975252]
 [0.5910983  0.17374024 0.23516145]
 [0.09899496 0.21378435 0.6872207 ]]
probabilities: [[0.32081476 0.22436206 0.4548232 ]
 [0.2030391  0.06370714 0.7332538 ]
 [0.44952124 0.1549665  0.39551225]
 [0.7026351  0.26962474 0.02774015]
 [0.07539086 0.14789744 0.7767117 ]]
probabilities: [[0.01231921 0.24665949 0.7410213 ]
 [0.7966901  0.0135753  0.18973461]
 [0.4638033  0.13927518 0.39692152]
 [0.00237837 0.46761158 0.53001004]
 [0.01534001 0.75077266 0.23388731]]
probabilities: [[0. 0. 1.]
 [0. 1. 0.]
 [0. 0. 1.]
 [0. 0. 1.]
 [0. 0. 1.]]
probabilities: [[0.0719965  0.8578197  0.07018384]
 [0.28473365 0.44363898 0.2716274 ]
 [0.09747381 0.6306401  0.2718861 ]
 [0.16970803 0.26743    0.562862  ]
 [0.30008796 0.65419286 0.04571916]]
probabilities: [[0.30941108 0.65619737 0.03439155]
 [0.4623841  0.3558812  0.18173465]
 [0.11188534 0.01805261 0.87006205]
 [0.5469239  0.3283236  0.1247525 ]
 [0.31658998 0.54742086 0.13598916]]
probabilities: [[0.02851392 0.0861689  0.8853172 ]
 [0.02584774 0.49299914 0.48115313]
 [0.54124266 0.45011562 0.00864171]
 [0.7122004  0.2514755  0.03632405]
 [0.7562742  0.04729775 0.19642803]]
probabilities: [[0. 0. 1.]
 [0. 1. 0.]
 [0. 0. 1.]
 [0. 0. 1.]
 [0. 0. 1.]]
probabilities: [[0.0465928  0.24848263 0.7049246 ]
 [0.5245267  0.03187076 0.44360256]
 [0.1558546  0.02671219 0.8174332 ]
 [0.41904783 0.39613092 0.18482123]
 [0.22992533 0.39046195 0.3796127 ]]
probabilities: [[0.63699526 0.17211105 0.19089368]
 [0.161208   0.0622557  0.7765363 ]
 [0.12990573 0.8558343  0.01425997]
 [0.23829238 0.70818    0.05352764]
 [0.6675531  0.13864173 0.19380513]]
probabilities: [[0.75153846 0.18363573 0.06482581]
 [0.32989633 0.26361656 0.40648714]
 [0.01592353 0.26665473 0.71742177]
 [0.4455357  0.25474194 0.29972237]
 [0.00970273 0.87248594 0.11781136]]
probabilities: [[0. 0. 1.]
 [0. 1. 0.]
 [0. 1. 0.]
 [0. 0. 1.]
 [0. 0. 1.]]
probabilities: [[0.20024087 0.07919855 0.7205606 ]
 [0.01557095 0.11765219 0.8667769 ]
 [0.25366056 0.1898916  0.5564478 ]
 [0.05335573 0.11623292 0.8304113 ]
 [0.48013088 0.07704202 0.4428271 ]]
probabilities: [[0.38596654 0.5055934  0.10844   ]
 [0.4293186  0.37788796 0.19279343]
 [0.03240252 0.30126777 0.6663297 ]
 [0.6794729  0.07950043 0.24102665]
 [0.3200895  0.17034288 0.5095676 ]]
probabilities: [[0.26261413 0.294532   0.44285387]
 [0.50319064 0.28885373 0.2079556 ]
 [0.7690132  0.13427715 0.09670965]
 [0.02701605 0.7546062  0.21837777]
 [0.3215658  0.07543769 0.6029965 ]]
probabilities: [[1. 0. 0.]
 [1. 0. 0.]
 [1. 0. 0.]
 [1. 0. 0.]
 [1. 0. 0.]]
probabilities: [[0.17317663 0.48230693 0.34451643]
 [0.0211963  0.5044205  0.4743832 ]
 [0.5079358  0.44386947 0.0481947 ]
 [0.38938984 0.22295025 0.3876599 ]
 [0.21673988 0.40912712 0.37413302]]
probabilities: [[4.3836790e-01 1.9484809e-01 3.6678401e-01]
 [1.6857964e-01 2.4011751e-01 5.9130287e-01]
 [2.9048704e-05 3.1203032e-01 6.8794060e-01]
 [1.3901417e-01 4.3903616e-01 4.2194968e-01]
 [3.8170621e-02 3.7927595e-01 5.8255345e-01]]
probabilities: [[4.40911204e-01 1.82525262e-01 3.76563519e-01]
 [3.19230855e-01 4.02018577e-01 2.78750539e-01]
 [2.58863300e-01 1.89135224e-01 5.52001476e-01]
 [1.22767415e-05 2.30343323e-02 9.76953387e-01]
 [1.54230401e-01 4.70719367e-01 3.75050217e-01]]
probabilities: [[0. 0. 1.]
 [0. 1. 0.]
 [0. 1. 0.]
 [0. 0. 1.]
 [0. 0. 1.]]
probabilities: [[0.05415688 0.83398575 0.1118574 ]
 [0.7578592  0.0269263  0.21521455]
 [0.47329247 0.47962597 0.04708156]
 [0.19262807 0.47304592 0.334326  ]
 [0.1978166  0.6328711  0.16931231]]
probabilities: [[0.16331658 0.22375773 0.6129257 ]
 [0.7613447  0.10798077 0.13067459]
 [0.01362927 0.14082262 0.8455481 ]
 [0.395935   0.4833676  0.12069742]
 [0.02331297 0.6451134  0.33157367]]
probabilities: [[0.7997212  0.11803818 0.08224061]
 [0.35637766 0.2012421  0.44238022]
 [0.13155632 0.47918245 0.38926125]
 [0.02742502 0.307314   0.665261  ]
 [0.521508   0.36536434 0.11312769]]
probabilities: [[0. 1. 0.]
 [0. 1. 0.]
 [0. 1. 0.]
 [0. 1. 0.]
 [0. 1. 0.]]
probabilities: [[0.1517303  0.6469193  0.20135039]
 [0.05746365 0.6020082  0.34052813]
 [0.19838275 0.4604477  0.34116954]
 [0.49851245 0.07561175 0.42587578]
 [0.20144612 0.45826265 0.34029123]]
probabilities: [[0.45420727 0.39254045 0.15325226]
 [0.0234696  0.21440233 0.76212806]
 [0.44302303 0.18986623 0.36711076]
