probabilities: [[0. 0. 1.]
 [0. 1. 0.]
 [0. 1. 0.]
 [0. 0. 1.]
 [0. 0. 1.]]
probabilities: [[0.13871048 0.7494581  0.11183146]
 [0.02593779 0.7000635  0.27399865]
 [0.28947353 0.6059608  0.10456569]
 [0.42802262 0.32739943 0.24457794]
 [0.2375115  0.6981841  0.0643044 ]]
probabilities: [[0.05834305 0.4541358  0.48752114]
 [0.6431758  0.01458361 0.34224063]
 [0.2685366  0.44450423 0.28695914]
 [0.1248873  0.11241894 0.76269376]
 [0.30835602 0.21796973 0.47367427]]
probabilities: [[0.27345422 0.4617933  0.26475248]
 [0.673527   0.2748919  0.05158108]
 [0.06374166 0.822205   0.11405332]
 [0.01160488 0.25574183 0.73265326]
 [0.6306467  0.06960195 0.29975137]]
probabilities: [[1. 0. 0.]
 [1. 0. 0.]
 [1. 0. 0.]
 [1. 0. 0.]
 [1. 0. 0.]]
probabilities: [[0.13282962 0.03831076 0.8288596 ]
 [0.7811817  0.11416379 0.10465453]
 [0.08061462 0.37691328 0.54247206]
 [0.3583685  0.51441085 0.12722065]
 [0.22044964 0.5363956  0.24315475]]
probabilities: [[0.40383467 0.46142069 0.13474466]
 [0.13873373 0.72108555 0.1401807 ]
 [0.01755478 0.42896098 0.55348426]
 [0.1166485  0.0186436  0.8647079 ]
 [0.10559987 0.33863026 0.55576986]]
probabilities: [[0.3139542  0.1857371  0.5003087 ]
 [0.4969099  0.1774287  0.32566142]
 [0.06176343 0.89131945 0.04691714]
 [0.14805488 0.33447224 0.51747286]
 [0.8683256  0.00870737 0.12296702]]
probabilities: [[0. 0. 1.]
 [0. 1. 0.]
 [0. 1. 0.]
 [0. 0. 1.]
 [0. 0. 1.]]
probabilities: [[0.36026993 0.38836285 0.25136724]
 [0.5498338  0.01046485 0.43970135]
 [0.00738228 0.20463361 0.7879841 ]
 [0.39116976 0.44653937 0.16229087]
 [0.37527275 0.4263328  0.19839445]]
probabilities: [[0.6551389  0.05307162 0.29178944]
 [0.14091198 0.7992591  0.05982891]
 [0.17153998 0.38244703 0.446013  ]
 [0.771412   0.15936942 0.06921854]
 [0.6146865  0.06021514 0.32509837]]
probabilities: [[0.85203797 0.05900324 0.08895881]
 [0.58386475 0.294704   0.12143126]
 [0.5782815  0.12517105 0.29654744]
 [0.48920462 0.34746352 0.16333188]
 [0.08052948 0.75076246 0.16870807]]
probabilities: [[0. 0. 1.]
 [0. 1. 0.]
 [0. 0. 1.]
 [0. 0. 1.]
 [0. 0. 1.]]
probabilities: [[0.71083385 0.00741668 0.2817495 ]
 [0.38988337 0.28220308 0.32791355]
 [0.23719928 0.16670285 0.5960979 ]
 [0.08636114 0.34039864 0.5732402 ]
 [0.02603931 0.28413618 0.6898245 ]]
probabilities: [[0.04366975 0.82652426 0.12980597]
 [0.23411244 0.37785134 0.3880362 ]
 [0.4201147  0.27779618 0.30208912]
 [0.10216112 0.4510346  0.44680429]
 [0.02127435 0.8006266  0.17809908]]
probabilities: [[0.24315348 0.25509647 0.50175005]
 [0.30966383 0.02761276 0.6627234 ]
 [0.5989135  0.3062154  0.09487112]
 [0.00970067 0.32945848 0.66084087]
 [0.31824353 0.00108444 0.680672  ]]
probabilities: [[0. 1. 0.]
 [0. 1. 0.]
 [0. 1. 0.]
 [0. 1. 0.]
 [0. 1. 0.]]
probabilities: [[0.86880046 0.06501152 0.06618801]
 [0.7886263  0.18346043 0.02791324]
 [0.22370827 0.07098892 0.70530283]
 [0.19387993 0.43390277 0.3722173 ]
 [0.32370067 0.05226045 0.6240389 ]]
probabilities: [[0.21640113 0.56165177 0.22194709]
 [0.16744821 0.04493174 0.78762007]
 [0.66477066 0.20961031 0.12561904]
 [0.78264207 0.02333714 0.19402081]
 [0.64360523 0.14006126 0.21633351]]
probabilities: [[0.18843408 0.63755345 0.17401245]
 [0.34713212 0.04294616 0.60992175]
 [0.35296297 0.10427752 0.54275954]
 [0.37299776 0.4107073  0.21629493]
 [0.0319926  0.6540564  0.31395102]]
probabilities: [[0. 0. 1.]
 [0. 1. 0.]
 [0. 1. 0.]
 [0. 0. 1.]
 [0. 0. 1.]]
probabilities: [[0.7028888  0.1081138  0.18899739]
 [0.1891381  0.53450274 0.27635917]
 [0.00432334 0.3099406  0.68573606]
 [0.51893157 0.11877911 0.36228934]
 [0.14938709 0.73361737 0.11699557]]
probabilities: [[0.54928756 0.01428049 0.43643197]
 [0.3322435  0.20574845 0.46200803]
 [0.430765   0.2801288  0.2891062 ]
 [0.65870386 0.17927349 0.16202267]
 [0.08030061 0.44637665 0.47332275]]
probabilities: [[0.24901414 0.2575403  0.49344558]
 [0.38215396 0.33683196 0.28101408]
 [0.59100163 0.12020116 0.2887972 ]
 [0.51256394 0.07999434 0.4074417 ]
 [0.16859388 0.68117213 0.150234  ]]
probabilities: [[1. 0. 0.]
 [1. 0. 0.]
 [1. 0. 0.]
 [1. 0. 0.]
 [1. 0. 0.]]
probabilities: [[0.20807213 0.5987746  0.19315328]
 [0.393852   0.395562   0.21058601]
 [0.24946006 0.02139683 0.72914314]
 [0.00081027 0.27042416 0.72876555]
 [0.2072432  0.6928213  0.09993548]]
probabilities: [[0.8103047  0.17929605 0.01039926]
 [0.72908115 0.22697452 0.04394434]
 [0.3995819  0.07723194 0.52318615]
 [0.22524768 0.00627803 0.7684743 ]
 [0.02638448 0.5424298  0.43118572]]
probabilities: [[0.22622718 0.7621771  0.01159574]
 [0.23136966 0.37715873 0.39147162]
 [0.11528024 0.8438081  0.04091164]
 [0.59653133 0.13281943 0.27064922]
 [0.38725498 0.15680264 0.45594236]]
probabilities: [[1. 0. 0.]
 [1. 0. 0.]
 [1. 0. 0.]
 [1. 0. 0.]
 [1. 0. 0.]]
probabilities: [[0.72156674 0.2243941  0.05403917]
 [0.05706846 0.9061021  0.03682942]
 [0.05013958 0.509692   0.44016838]
 [0.37132424 0.47128028 0.1573955 ]
 [0.17933479 0.28233746 0.53832775]]
probabilities: [[0.0488153  0.11550826 0.83567643]
 [0.517465   0.3555077  0.12702729]
 [0.9376606  0.02429556 0.03804389]
 [0.26803273 0.72369975 0.00826754]
 [0.00201546 0.1172426  0.88074195]]
probabilities: [[0.02395106 0.46775836 0.5082906 ]
 [0.04051863 0.7580123  0.20146911]
 [0.26261967 0.00175025 0.7356301 ]
 [0.12934577 0.7877427  0.08291156]
 [0.2518527  0.67936754 0.06877979]]
probabilities: [[0. 0. 1.]
 [0. 1. 0.]
 [0. 0. 1.]
 [0. 0. 1.]
 [0. 0. 1.]]
probabilities: [[0.32129598 0.5479946  0.13070937]
 [0.70467806 0.24123305 0.05408886]
 [0.21652134 0.6432334  0.14024526]
 [0.38963586 0.27115995 0.3392042 ]
 [0.47576374 0.0057473  0.51848894]]
probabilities: [[0.7392064  0.06249069 0.19830297]
 [0.01166713 0.7368973  0.2514356 ]
 [0.473427   0.04143646 0.48513654]
 [0.19330038 0.730848   0.07585163]
 [0.1074951  0.31367725 0.5788276 ]]
probabilities: [[0.407694   0.43632996 0.15597604]
 [0.2341374  0.7629247  0.00293794]
 [0.38170558 0.5438502  0.07444423]
 [0.10176837 0.77330726 0.12492439]
 [0.08846267 0.5437919  0.36774546]]
probabilities: [[1. 0. 0.]
 [1. 0. 0.]
 [1. 0. 0.]
 [1. 0. 0.]
 [1. 0. 0.]]
probabilities: [[0.5031378  0.3122751  0.18458709]
 [0.33291847 0.30628633 0.3607952 ]
 [0.3692956  0.47632134 0.15438305]
 [0.13888356 0.04137257 0.8197439 ]
 [0.17830119 0.13912407 0.68257475]]
probabilities: [[0.06113715 0.7840846  0.15477824]
 [0.4639528  0.5093312  0.02671598]
 [0.12021744 0.16476434 0.7150182 ]
 [0.25950614 0.60991806 0.13057579]
 [0.42499644 0.31422833 0.26077524]]
probabilities: [[0.33711794 0.5506407  0.11224135]
 [0.03916742 0.4469439  0.51388866]
 [0.2236622  0.3515191  0.4248187 ]
 [0.6714979  0.1544499  0.17405222]
 [0.29265815 0.25203076 0.4553111 ]]
probabilities: [[0. 1. 0.]
 [0. 1. 0.]
 [0. 1. 0.]
 [0. 1. 0.]
 [0. 1. 0.]]
probabilities: [[0.9509093  0.04726659 0.00182412]
 [0.40411267 0.4296617  0.16622563]
 [0.7647865  0.09003077 0.14518277]
 [0.2892191  0.67852515 0.03225571]
 [0.25146693 0.47121942 0.27731365]]
probabilities: [[0.28236482 0.49097368 0.2266615 ]
 [0.58899224 0.09041496 0.3205928 ]
 [0.8888705  0.0494743  0.06165519]
 [0.31450847 0.64816785 0.03732372]
 [0.01491099 0.48088214 0.5042069 ]]
probabilities: [[0.5225126  0.42806974 0.04941766]
 [0.40129676 0.4381764  0.16052686]
 [0.17004438 0.63643664 0.19351901]
 [0.38749772 0.3295881  0.28291416]
 [0.08438682 0.35953286 0.55608034]]
probabilities: [[0. 1. 0.]
 [0. 1. 0.]
 [0. 1. 0.]
 [0. 1. 0.]
 [0. 1. 0.]]
probabilities: [[0.56524014 0.40745634 0.02730352]
 [0.00630217 0.20519295 0.7885049 ]
 [0.8305944  0.11595773 0.05344784]
 [0.12308147 0.5946577  0.28226084]
 [0.37284687 0.45134285 0.17581029]]
probabilities: [[0.7658746  0.22498803 0.00913735]
 [0.48520836 0.13224782 0.3825438 ]
 [0.23735376 0.7230632  0.03958308]
 [0.44023928 0.40012455 0.15963615]
 [0.04585393 0.65129364 0.30285245]]
probabilities: [[0.29790384 0.602164   0.09993218]
 [0.43455485 0.53786004 0.02758514]
 [0.08006486 0.4082149  0.51172024]
 [0.46787676 0.21076442 0.3213588 ]
 [0.30632436 0.39617935 0.2974963 ]]
probabilities: [[0. 0. 1.]
 [0. 1. 0.]
 [0. 0. 1.]
 [0. 0. 1.]
 [0. 0. 1.]]
probabilities: [[0.08213489 0.12589467 0.79197043]
 [0.18026821 0.3781671  0.44156468]
 [0.47240573 0.11712697 0.4104673 ]
 [0.00375847 0.8468771  0.14936444]
 [0.44939464 0.15328942 0.39731592]]
probabilities: [[0.01258137 0.3243669  0.6630517 ]
 [0.20515311 0.3203606  0.4744863 ]
 [0.07772873 0.43472    0.48755124]
 [0.06851786 0.27628314 0.655199  ]
 [0.05507168 0.67804    0.26688826]]
probabilities: [[0.33304825 0.5230993  0.14385244]
 [0.347605   0.4216345  0.23076051]
 [0.02247653 0.51815426 0.4593692 ]
 [0.2025433  0.5197652  0.27769148]
 [0.11195225 0.31919774 0.56885   ]]
probabilities: [[0. 1. 0.]
 [0. 1. 0.]
 [0. 1. 0.]
 [0. 1. 0.]
 [0. 1. 0.]]
probabilities: [[0.25492725 0.3389146  0.40615815]
 [0.6658848  0.19269933 0.14141588]
 [0.00987568 0.4502771  0.53984725]
 [0.47647813 0.27039194 0.25312993]
 [0.10102493 0.8586304  0.04034464]]
probabilities: [[0.35042346 0.12820733 0.5213692 ]
 [0.63600045 0.23226391 0.13173564]
 [0.46034673 0.33304173 0.20661156]
 [0.5520306  0.19276212 0.25520724]
 [0.315774   0.4580059  0.2262201 ]]
probabilities: [[3.7074301e-01 1.6363832e-01 4.6561867e-01]
 [1.8837038e-01 2.9732755e-01 5.1430207e-01]
 [6.2733823e-01 9.9092878e-02 2.7356893e-01]
 [4.6054518e-01 5.3883278e-01 6.2203454e-04]
 [7.3055148e-01 2.6632357e-01 3.1249251e-03]]
probabilities: [[0. 1. 0.]
 [0. 1. 0.]
 [0. 1. 0.]
 [0. 1. 0.]
 [0. 1. 0.]]
probabilities: [[0.45608726 0.07149673 0.472416  ]
 [0.20749523 0.7079665  0.08453827]
 [0.77108    0.22482565 0.00409434]
 [0.33260956 0.57491136 0.09247911]
 [0.41757846 0.3283197  0.25410184]]
probabilities: [[0.05823132 0.19218622 0.74958247]
 [0.02834378 0.24806476 0.72359145]
 [0.53577775 0.2816234  0.18259889]
 [0.19369428 0.2035884  0.60271734]
 [0.56947994 0.01838357 0.4121365 ]]
probabilities: [[1.6642684e-01 7.2773080e-04 8.3284545e-01]
 [6.6728699e-01 2.5408238e-01 7.8630619e-02]
 [6.8668979e-01 2.7812147e-01 3.5188705e-02]
 [1.3424129e-03 5.7799256e-01 4.2066506e-01]
 [1.5209433e-01 3.9703155e-01 4.5087412e-01]]
probabilities: [[0. 1. 0.]
 [0. 1. 0.]
 [0. 1. 0.]
 [0. 1. 0.]
 [0. 1. 0.]]
probabilities: [[0.22289896 0.6993242  0.07777685]
 [0.27797806 0.2488839  0.47313803]
 [0.186799   0.7476823  0.06551874]
 [0.43407923 0.33019266 0.23572811]
 [0.13282704 0.28738013 0.5797928 ]]
probabilities: [[0.24728432 0.14555874 0.60715693]
 [0.22708382 0.69111055 0.08180565]
 [0.14337796 0.5108562  0.34576586]
 [0.5840364  0.36916575 0.04679783]
 [0.322548   0.07373291 0.60371906]]
probabilities: [[0.73623455 0.216703   0.04706246]
 [0.26403353 0.6411092  0.09485725]
 [0.26580274 0.39807355 0.33612368]
 [0.0484613  0.824967   0.1265717 ]
 [0.19858001 0.6036889  0.1977311 ]]
probabilities: [[0. 0. 1.]
 [0. 1. 0.]
 [0. 0. 1.]
 [0. 0. 1.]
 [0. 0. 1.]]
probabilities: [[0.43555027 0.5618989  0.00255086]
 [0.05214282 0.6182359  0.3296213 ]
 [0.01574751 0.9528546  0.03139793]
 [0.2762222  0.44632474 0.27745306]
 [0.6459735  0.1161939  0.23783262]]
probabilities: [[0.3749405  0.12730359 0.49775591]
 [0.00118752 0.24741055 0.7514019 ]
 [0.10924379 0.09789728 0.79285896]
 [0.6670189  0.32991394 0.00306719]
 [0.33805987 0.20777118 0.45416895]]
probabilities: [[0.21524401 0.22855951 0.55619645]
 [0.2481286  0.39489293 0.35697848]
 [0.4762835  0.44292676 0.08078975]
 [0.13835718 0.15607318 0.7055696 ]
 [0.2364274  0.67706424 0.08650836]]
probabilities: [[0. 1. 0.]
 [0. 1. 0.]
 [0. 1. 0.]
 [0. 1. 0.]
 [0. 1. 0.]]
probabilities: [[0.20922838 0.25947362 0.531298  ]
 [0.5353863  0.15506338 0.3095503 ]
 [0.13916767 0.10334487 0.7574875 ]
 [0.15437025 0.6080951  0.23753461]
 [0.5769127  0.26756585 0.15552144]]
probabilities: [[0.30900392 0.4946716  0.19632447]
 [0.08278232 0.3275656  0.58965206]
 [0.34120533 0.4645596  0.19423506]
 [0.10749523 0.7481537  0.14435111]
 [0.16404149 0.43312913 0.40282938]]
probabilities: [[0.940004   0.04773902 0.01225701]
 [0.3851707  0.57892424 0.03590504]
 [0.28184152 0.08068687 0.6374716 ]
 [0.35885492 0.32443053 0.31671456]
 [0.0513069  0.7729058  0.17578727]]
probabilities: [[0. 0. 1.]
 [0. 1. 0.]
 [0. 1. 0.]
 [0. 0. 1.]
 [0. 0. 1.]]
probabilities: [[0.05381741 0.92400694 0.02217567]
 [0.20527078 0.44934696 0.34538224]
 [0.32638165 0.38547862 0.28813973]
 [0.44244123 0.44109997 0.1164588 ]
 [0.16144416 0.72284967 0.11570618]]
probabilities: [[0.59843993 0.19984412 0.20171596]
 [0.2321384  0.2249898  0.54287183]
 [0.38116848 0.26586124 0.3529703 ]
 [0.22202979 0.4271023  0.3508679 ]
 [0.0027562  0.79576516 0.20147865]]
probabilities: [[0.5828586  0.26517075 0.15197058]
 [0.75872535 0.10590371 0.13537094]
 [0.07546411 0.2037481  0.72078776]
 [0.13720217 0.2301411  0.63265675]
 [0.3728826  0.2733688  0.3537486 ]]
probabilities: [[0. 1. 0.]
 [0. 1. 0.]
 [0. 1. 0.]
 [0. 1. 0.]
 [0. 1. 0.]]
probabilities: [[0.11504929 0.42757857 0.45737216]
 [0.5764921  0.07002155 0.35348642]
 [0.26482424 0.37408155 0.36109424]
 [0.5036953  0.19968686 0.29661787]
 [0.3508349  0.28650838 0.3626567 ]]
probabilities: [[0.3685598  0.06313842 0.5683018 ]
 [0.08273596 0.31385395 0.60341007]
 [0.4256361  0.49705008 0.07731381]
 [0.25816107 0.2790527  0.46278623]
 [0.5474454  0.3435953  0.10895929]]
probabilities: [[0.8183755  0.06700387 0.11462058]
 [0.4326652  0.20258759 0.3647472 ]
 [0.2099305  0.14302854 0.64704096]
 [0.07533254 0.73321575 0.19145173]
 [0.42208147 0.0679551  0.5099634 ]]
probabilities: [[0. 0. 1.]
 [0. 1. 0.]
 [0. 1. 0.]
 [0. 0. 1.]
 [0. 0. 1.]]
probabilities: [[0.3966652  0.35247084 0.25086397]
 [0.15373516 0.83014303 0.01612179]
 [0.15211068 0.80633456 0.04155477]
 [0.3395912  0.01386243 0.64654636]
 [0.10006932 0.16062193 0.7393088 ]]
probabilities: [[0.3505458  0.620227   0.02922723]
 [0.45267203 0.39656228 0.15076569]
 [0.6730705  0.29762447 0.02930506]
 [0.13429704 0.4867309  0.37897205]
 [0.17472692 0.66292286 0.16235025]]
probabilities: [[0.2260256  0.10275139 0.671223  ]
 [0.5466785  0.16133717 0.29198432]
 [0.29142958 0.1128704  0.5957    ]
 [0.3020074  0.64746135 0.05053125]
 [0.20904353 0.6105073  0.18044916]]
probabilities: [[0. 1. 0.]
 [0. 1. 0.]
 [0. 1. 0.]
 [0. 1. 0.]
 [0. 1. 0.]]
probabilities: [[0.16375095 0.48981023 0.34643883]
 [0.49838164 0.37801257 0.12360579]
 [0.00349573 0.4299487  0.5665556 ]
 [0.03612048 0.04887972 0.9149998 ]
 [0.02905613 0.13439684 0.836547  ]]
probabilities: [[0.21612431 0.3016595  0.4822162 ]
 [0.5871687  0.21740915 0.19542214]
 [0.44405133 0.33103758 0.22491111]
 [0.20098792 0.03719001 0.76182204]
 [0.6542541  0.04544703 0.3002989 ]]
probabilities: [[0.2825362  0.32324857 0.39421523]
 [0.1017285  0.6270865  0.27118498]
 [0.26302812 0.6777229  0.05924902]
 [0.21894526 0.1486954  0.6323593 ]
 [0.27809238 0.39813614 0.32377148]]
probabilities: [[0. 0. 1.]
 [0. 1. 0.]
 [0. 1. 0.]
 [0. 0. 1.]
 [0. 0. 1.]]
probabilities: [[0.30030787 0.39871132 0.3009808 ]
 [0.18617016 0.12505479 0.68877506]
 [0.52558726 0.42109588 0.05331686]
 [0.0896057  0.45576575 0.45462856]
 [0.1397191  0.26458755 0.59569335]]
probabilities: [[0.025423   0.4591153  0.5154617 ]
 [0.00881801 0.11450508 0.8766769 ]
 [0.75870055 0.1696108  0.07168864]
 [0.4947331  0.35468692 0.15057997]
 [0.32370386 0.62130797 0.05498818]]
probabilities: [[0.13646527 0.13489357 0.72864115]
 [0.10965425 0.01822527 0.8721205 ]
 [0.2820557  0.3083941  0.4095502 ]
 [0.22960289 0.6015355  0.16886164]
 [0.20075104 0.2562639  0.542985  ]]
probabilities: [[0. 1. 0.]
 [0. 1. 0.]
 [0. 1. 0.]
 [0. 1. 0.]
 [0. 1. 0.]]
probabilities: [[0.4971282  0.246041   0.2568308 ]
 [0.27110007 0.683044   0.04585592]
 [0.15227684 0.7930687  0.05465443]
 [0.09987823 0.8272897  0.07283205]
 [0.57238674 0.27674463 0.15086864]]
probabilities: [[0.16603924 0.37991637 0.45404437]
 [0.2906125  0.47678235 0.23260517]
 [0.19835074 0.09919173 0.70245755]
 [0.11064959 0.17749988 0.7118505 ]
 [0.49924543 0.2390866  0.26166797]]
probabilities: [[0.68210876 0.12986037 0.18803087]
 [0.11420803 0.6643964  0.22139554]
 [0.5356224  0.07628864 0.3880889 ]
 [0.49199805 0.11728927 0.39071268]
 [0.22404246 0.26810482 0.50785273]]
probabilities: [[0. 1. 0.]
 [0. 1. 0.]
 [0. 1. 0.]
 [0. 1. 0.]
 [0. 1. 0.]]
probabilities: [[0.10997187 0.5101126  0.37991557]
 [0.23104994 0.09948272 0.66946733]
 [0.55704874 0.24868663 0.19426462]
 [0.30238238 0.22012632 0.47749132]
 [0.4317029  0.11660476 0.4516923 ]]
probabilities: [[0.02930373 0.47841707 0.4922792 ]
 [0.5923464  0.12221504 0.2854386 ]
 [0.5659144  0.05172925 0.38235635]
 [0.28504565 0.6100333  0.10492109]
 [0.45836127 0.23338932 0.3082494 ]]
probabilities: [[0.10157798 0.72418225 0.17423975]
 [0.1406763  0.13200337 0.7273203 ]
 [0.6047696  0.23579594 0.15943448]
 [0.43468824 0.07761864 0.4876931 ]
 [0.3473788  0.43707094 0.21555027]]
probabilities: [[0. 0. 1.]
 [0. 1. 0.]
 [0. 1. 0.]
 [0. 0. 1.]
 [0. 0. 1.]]
probabilities: [[0.1479766  0.5503987  0.30162466]
 [0.06679849 0.78224033 0.15096118]
 [0.56568074 0.27041647 0.1639028 ]
 [0.52113366 0.4422661  0.03660027]
 [0.04083136 0.32198066 0.63718796]]
probabilities: [[2.8744984e-01 1.0170031e-01 6.1084986e-01]
 [5.9131399e-04 5.8574909e-01 4.1365957e-01]
 [5.1252621e-01 3.0111896e-02 4.5736191e-01]
 [2.1843672e-01 3.8501930e-01 3.9654395e-01]
 [2.5087777e-01 4.7185546e-01 2.7726677e-01]]
probabilities: [[0.14344634 0.13926649 0.7172872 ]
 [0.11851765 0.37200376 0.5094786 ]
 [0.5803904  0.2919817  0.12762792]
 [0.05902261 0.04018404 0.9007934 ]
 [0.5151316  0.32575935 0.15910907]]
probabilities: [[0. 0. 1.]
 [0. 1. 0.]
 [0. 1. 0.]
 [0. 0. 1.]
 [0. 0. 1.]]
probabilities: [[0.49857664 0.01093679 0.49048656]
 [0.6474906  0.16148208 0.19102731]
 [0.7583927  0.18165687 0.05995046]
 [0.6986789  0.04686245 0.25445864]
 [0.15882553 0.34043726 0.5007372 ]]
probabilities: [[0.25317743 0.48809877 0.2587238 ]
 [0.45515606 0.3741601  0.17068383]
 [0.5254192  0.12888706 0.34569377]
 [0.5577425  0.00740582 0.4348517 ]
 [0.36271256 0.07531447 0.561973  ]]
probabilities: [[0.27990547 0.47281155 0.24728298]
 [0.01264861 0.03472714 0.95262426]
 [0.8326283  0.12900047 0.03837121]
 [0.7259739  0.11717482 0.15685128]
 [0.6245756  0.1051904  0.27023396]]
probabilities: [[0. 1. 0.]
 [0. 1. 0.]
 [0. 1. 0.]
 [0. 1. 0.]
 [0. 1. 0.]]
probabilities: [[0.5500204  0.17400658 0.27597305]
 [0.03623694 0.04958821 0.91417485]
 [0.11864182 0.23388176 0.64747643]
 [0.07374438 0.58292633 0.3433293 ]
 [0.09169979 0.09921114 0.80908906]]
probabilities: [[0.14564674 0.6282744  0.22607888]
 [0.22127284 0.18661143 0.5921157 ]
 [0.28354165 0.3863007  0.33015764]
 [0.17454125 0.51638615 0.30907258]
 [0.04570094 0.04108537 0.9132137 ]]
probabilities: [[0.19964214 0.23376693 0.5665909 ]
 [0.4462418  0.13856754 0.41519067]
 [0.21532011 0.7298201  0.05485981]
 [0.35445198 0.12625156 0.51929647]
 [0.36486182 0.17661333 0.45852485]]
probabilities: [[0. 0. 1.]
 [0. 1. 0.]
 [0. 0. 1.]
 [0. 0. 1.]
 [0. 0. 1.]]
probabilities: [[0.31029847 0.474032   0.21566953]
 [0.14921488 0.4066302  0.44415495]
 [0.35197324 0.12197001 0.52605677]
 [0.1457168  0.27780622 0.576477  ]
 [0.04390284 0.06671055 0.8893866 ]]
probabilities: [[0.44242838 0.38133433 0.17623729]
 [0.08552924 0.39556172 0.51890904]
 [0.56381774 0.00505203 0.43113026]
 [0.59851205 0.01626159 0.38522634]
 [0.5020629  0.17659062 0.32134646]]
probabilities: [[0.1802557  0.44946036 0.37028396]
 [0.01550165 0.26631868 0.7181797 ]
 [0.40096423 0.5388295  0.06020627]
 [0.28315166 0.11844146 0.5984069 ]
 [0.3672798  0.26005927 0.37266096]]
probabilities: [[1. 0. 0.]
 [1. 0. 0.]
 [1. 0. 0.]
 [1. 0. 0.]
 [1. 0. 0.]]
probabilities: [[0.39008635 0.43317872 0.17673491]
 [0.29008946 0.67664856 0.03326199]
 [0.32981136 0.1977664  0.47242224]
 [0.03813088 0.39176795 0.5701012 ]
 [0.60279447 0.27518672 0.1220188 ]]
probabilities: [[0.23006971 0.5429335  0.22699675]
 [0.12244784 0.2757893  0.6017629 ]
 [0.09850621 0.8812872  0.02020657]
 [0.45094365 0.21955092 0.3295054 ]
 [0.49119243 0.39215496 0.11665262]]
probabilities: [[0.07419898 0.27470782 0.6510932 ]
 [0.17051917 0.6271819  0.20229892]
 [0.18648644 0.68653023 0.12698333]
 [0.0528304  0.7731735  0.17399608]
 [0.5402728  0.37587467 0.08385257]]
probabilities: [[0. 0. 1.]
 [0. 1. 0.]
 [0. 0. 1.]
 [0. 0. 1.]
 [0. 0. 1.]]
probabilities: [[0.34713465 0.5862312  0.06663416]
 [0.6840175  0.20058116 0.11540136]
 [0.0122369  0.11765878 0.8701043 ]
 [0.40680817 0.05209003 0.5411018 ]
 [0.16745514 0.61059356 0.2219513 ]]
probabilities: [[0.04536826 0.6285324  0.32609937]
 [0.48547444 0.4894843  0.02504126]
 [0.4024754  0.20860267 0.38892198]
 [0.63216734 0.3204623  0.04737035]
 [0.50195223 0.16795917 0.3300886 ]]
probabilities: [[0.40107775 0.15976305 0.43915918]
 [0.4722148  0.43368194 0.09410326]
 [0.18611322 0.53280723 0.28107956]
 [0.6701682  0.16318925 0.1666425 ]
 [0.08006529 0.42262992 0.4973048 ]]
probabilities: [[1. 0. 0.]
 [1. 0. 0.]
 [1. 0. 0.]
 [1. 0. 0.]
 [1. 0. 0.]]
probabilities: [[0.14185397 0.01506925 0.84307677]
 [0.51060927 0.25311047 0.23628028]
 [0.44685778 0.31464928 0.23849294]
 [0.46838996 0.27408618 0.25752386]
 [0.3028588  0.23217286 0.46496835]]
probabilities: [[0.36162937 0.40997025 0.22840036]
 [0.05240377 0.2498616  0.69773465]
 [0.07807177 0.03896357 0.8829647 ]
 [0.01052342 0.8454667  0.14400989]
 [0.7411034  0.15679376 0.10210285]]
probabilities: [[8.3966486e-02 7.1313047e-01 2.0290305e-01]
 [4.4581881e-01 4.1631132e-01 1.3786986e-01]
 [8.4647787e-01 2.3058133e-04 1.5329154e-01]
 [5.9218055e-01 6.5217569e-02 3.4260187e-01]
 [1.1549015e-01 9.5237561e-02 7.8927231e-01]]
probabilities: [[0. 0. 1.]
 [0. 1. 0.]
 [0. 1. 0.]
 [0. 0. 1.]
 [0. 0. 1.]]
probabilities: [[0.01246099 0.3253734  0.6621656 ]
 [0.35120237 0.05831397 0.59048367]
 [0.08554734 0.2583123  0.6561403 ]
 [0.5599395  0.07239642 0.3676641 ]
 [0.6218455  0.26755005 0.11060447]]
probabilities: [[0.52737564 0.05937148 0.4132529 ]
 [0.4248788  0.17472766 0.40039352]
 [0.7447079  0.23045288 0.02483923]
 [0.14533372 0.5626286  0.29203767]
 [0.5946832  0.07906749 0.32624933]]
probabilities: [[0.1225971  0.87577885 0.00162408]
 [0.55004704 0.39963192 0.05032102]
 [0.433833   0.55918604 0.00698098]
 [0.24916399 0.5712394  0.1795966 ]
 [0.26189965 0.08244246 0.6556579 ]]
probabilities: [[1. 0. 0.]
 [1. 0. 0.]
 [1. 0. 0.]
 [1. 0. 0.]
 [1. 0. 0.]]
probabilities: [[0.11677245 0.19962446 0.6836031 ]
 [0.15442763 0.05011284 0.7954595 ]
 [0.4233296  0.29630113 0.28036928]
 [0.13790445 0.3922384  0.46985713]
 [0.31168655 0.35509047 0.333223  ]]
probabilities: [[0.06696662 0.9099997  0.02303364]
 [0.58282685 0.12967633 0.2874968 ]
 [0.4773566  0.4073441  0.11529929]
 [0.45906153 0.04296939 0.49796906]
 [0.33020025 0.13100672 0.538793  ]]
probabilities: [[0.3852858  0.33113596 0.28357825]
 [0.2065519  0.37550253 0.41794556]
 [0.5201746  0.26966077 0.2101646 ]
 [0.5873939  0.32418483 0.08842129]
 [0.81986487 0.17399058 0.00614457]]
probabilities: [[1. 0. 0.]
 [1. 0. 0.]
 [1. 0. 0.]
 [1. 0. 0.]
 [1. 0. 0.]]
probabilities: [[0.70751756 0.00361595 0.28886646]
 [0.4715512  0.19086635 0.33758244]
 [0.22780877 0.11561924 0.656572  ]
 [0.04896569 0.22536385 0.72567046]
 [0.41333354 0.3392424  0.24742408]]
probabilities: [[0.4689505  0.33144554 0.19960393]
 [0.23802057 0.0605634  0.701416  ]
 [0.48006418 0.3297861  0.19014972]
 [0.44991437 0.18401325 0.3660724 ]
 [0.13031788 0.30191225 0.5677699 ]]
probabilities: [[0.01390599 0.68844694 0.2976471 ]
 [0.30602288 0.4735444  0.22043273]
 [0.06939306 0.41679147 0.51381546]
 [0.36413142 0.01242427 0.6234443 ]
 [0.35972828 0.51698864 0.12328307]]
probabilities: [[0. 0. 1.]
 [0. 1. 0.]
 [0. 1. 0.]
 [0. 0. 1.]
 [0. 0. 1.]]
probabilities: [[0.19507809 0.328272   0.4766499 ]
 [0.52584434 0.2854889  0.18866675]
 [0.46057072 0.4551576  0.08427169]
 [0.38589972 0.00630024 0.6078    ]
 [0.42486483 0.35271725 0.22241795]]
probabilities: [[0.79408723 0.01371889 0.19219387]
 [0.17821918 0.5477091  0.2740717 ]
 [0.479535   0.5137668  0.00669816]
 [0.55687386 0.41901386 0.0241123 ]
 [0.5702588  0.25892395 0.17081724]]
probabilities: [[0.35148534 0.64515096 0.00336369]
 [0.25184748 0.23615511 0.51199746]
 [0.04102139 0.7666477  0.19233093]
 [0.39039648 0.24718247 0.36242107]
 [0.7156174  0.08884498 0.1955376 ]]
probabilities: [[1. 0. 0.]
 [1. 0. 0.]
 [1. 0. 0.]
 [1. 0. 0.]
 [1. 0. 0.]]
probabilities: [[0.27749342 0.3685331  0.35397348]
 [0.8247923  0.05689351 0.11831419]
 [0.8845319  0.01084255 0.10462553]
 [0.6122342  0.11351587 0.27424997]
 [0.06068503 0.3141589  0.62515604]]
probabilities: [[0.62783885 0.2253525  0.14680865]
 [0.4652028  0.02443978 0.5103574 ]
 [0.14673756 0.62734926 0.22591317]
 [0.08528209 0.75362355 0.16109435]
 [0.94602185 0.00368672 0.0502914 ]]
probabilities: [[0.5284167  0.24813783 0.22344548]
 [0.6128352  0.35549864 0.03166614]
 [0.4031455  0.21313187 0.38372263]
 [0.34206823 0.38795364 0.26997814]
 [0.64291894 0.1959461  0.16113497]]
probabilities: [[0. 0. 1.]
 [0. 1. 0.]
 [0. 0. 1.]
 [0. 0. 1.]
 [0. 0. 1.]]
probabilities: [[0.18947113 0.7909736  0.01955526]
 [0.07447043 0.8714811  0.05404846]
 [0.21710254 0.1744565  0.60844094]
 [0.6344607  0.32125664 0.04428266]
 [0.03036426 0.74439365 0.22524211]]
probabilities: [[0.57306445 0.21030201 0.21663357]
 [0.08835714 0.8161224  0.09552042]
 [0.886835   0.09776218 0.01540281]
 [0.48381314 0.3214809  0.19470596]
 [0.03045869 0.5555154  0.4140259 ]]
probabilities: [[0.17860992 0.7294312  0.09195884]
 [0.18998681 0.60365283 0.20636038]
 [0.21641038 0.06022431 0.7233653 ]
 [0.9137266  0.05242578 0.03384759]
 [0.6033691  0.27443612 0.12219474]]
probabilities: [[1. 0. 0.]
 [1. 0. 0.]
 [1. 0. 0.]
 [1. 0. 0.]
 [1. 0. 0.]]
probabilities: [[0.17826451 0.51427287 0.30746263]
 [0.12110708 0.41437674 0.46451616]
 [0.12006422 0.64475965 0.23517613]
 [0.29784563 0.43930325 0.26285115]
 [0.45790038 0.47788203 0.0642176 ]]
probabilities: [[0.70499164 0.18436965 0.11063873]
 [0.12434866 0.18469885 0.6909525 ]
 [0.49923003 0.02629269 0.4744773 ]
 [0.13304776 0.4146424  0.45230985]
 [0.35624555 0.0779803  0.56577414]]
probabilities: [[0.0209607  0.15034233 0.82869697]
 [0.10030621 0.08004717 0.8196466 ]
 [0.40773356 0.2442717  0.34799474]
 [0.30000013 0.49524164 0.2047582 ]
 [0.56749964 0.10136237 0.33113798]]
probabilities: [[1. 0. 0.]
 [1. 0. 0.]
 [1. 0. 0.]
 [1. 0. 0.]
 [1. 0. 0.]]
probabilities: [[0.05169971 0.43671522 0.51158506]
 [0.8669902  0.03095554 0.10205425]
 [0.33250988 0.05622864 0.6112615 ]
 [0.23295888 0.40840325 0.35863787]
 [0.08120266 0.18737791 0.73141944]]
probabilities: [[0.68732095 0.15886702 0.15381205]
 [0.7913265  0.08106159 0.12761192]
 [0.2734212  0.51916283 0.20741598]
 [0.23142366 0.08387464 0.6847017 ]
 [0.23306854 0.19757456 0.5693569 ]]
probabilities: [[0.1528947  0.5943981  0.2527072 ]
 [0.61395013 0.183529   0.20252085]
 [0.2714347  0.04328223 0.68528306]
 [0.4506201  0.5426495  0.00673038]
 [0.4031725  0.22231445 0.3745131 ]]
probabilities: [[1. 0. 0.]
 [1. 0. 0.]
 [1. 0. 0.]
 [1. 0. 0.]
 [1. 0. 0.]]
probabilities: [[0.17300382 0.27490583 0.55209035]
 [0.15367974 0.61323726 0.23308298]
 [0.49694878 0.20479268 0.29825857]
 [0.1650034  0.68453175 0.15046482]
 [0.5536702  0.42719316 0.01913662]]
probabilities: [[0.3438191  0.41162658 0.24455431]
 [0.8566089  0.07634301 0.06704807]
 [0.03508956 0.06273159 0.9021788 ]
 [0.02144857 0.7867654  0.19178605]
 [0.23705253 0.34506193 0.41788554]]
probabilities: [[0.07444908 0.03639549 0.88915545]
 [0.8743927  0.0119732  0.11363412]
 [0.2257104  0.07459356 0.699696  ]
 [0.14338876 0.71950936 0.1371019 ]
 [0.17921259 0.03023475 0.7905527 ]]
probabilities: [[0. 0. 1.]
 [0. 1. 0.]
 [0. 1. 0.]
 [0. 0. 1.]
 [0. 0. 1.]]
probabilities: [[0.27903137 0.06567617 0.65529245]
 [0.5820127  0.2815569  0.1364304 ]
 [0.26744854 0.16560577 0.5669457 ]
 [0.11599974 0.24518795 0.6388123 ]
 [0.33235672 0.24741957 0.4202237 ]]
probabilities: [[0.30355313 0.33755913 0.35888773]
 [0.33532906 0.5788823  0.08578867]
 [0.17836367 0.8204875  0.00114882]
 [0.29159227 0.29526463 0.4131431 ]
 [0.47508857 0.47402808 0.05088337]]
probabilities: [[0.11047617 0.20738414 0.6821397 ]
 [0.29639116 0.3773873  0.3262216 ]
 [0.53245085 0.21129288 0.25625628]
 [0.24080306 0.10750905 0.65168786]
 [0.20857234 0.06883937 0.7225883 ]]
probabilities: [[0. 0. 1.]
 [0. 1. 0.]
 [0. 1. 0.]
 [0. 0. 1.]
 [0. 0. 1.]]
probabilities: [[0.6383685  0.08809233 0.2735392 ]
 [0.5432913  0.31740764 0.1393011 ]
 [0.14159933 0.35035524 0.50804543]
 [0.5913803  0.05610467 0.352515  ]
 [0.07127591 0.7108925  0.21783158]]
probabilities: [[0.34649003 0.26015472 0.39335525]
 [0.15437879 0.3357284  0.5098928 ]
 [0.1335288  0.14312372 0.7233475 ]
 [0.2521753  0.04249514 0.70532954]
 [0.0227438  0.15683146 0.82042474]]
probabilities: [[0.14991616 0.40200084 0.44808298]
 [0.56266224 0.34175348 0.09558426]
 [0.14260758 0.27778962 0.57960284]
 [0.4598518  0.28683373 0.2533145 ]
 [0.82595116 0.13950013 0.03454868]]
probabilities: [[0. 0. 1.]
 [0. 1. 0.]
 [0. 1. 0.]
 [0. 0. 1.]
 [0. 0. 1.]]
probabilities: [[0.6278875  0.0636687  0.30844384]
 [0.8410438  0.02103711 0.13791914]
 [0.68617135 0.23860037 0.07522827]
 [0.07559825 0.33202714 0.5923746 ]
 [0.6347876  0.18897305 0.17623933]]
probabilities: [[0.65542716 0.20184332 0.14272954]
 [0.5978001  0.07638425 0.32581568]
 [0.18435434 0.68510926 0.13053639]
 [0.04357702 0.4756808  0.4807422 ]
 [0.32424012 0.23786755 0.43789235]]
probabilities: [[0.31502333 0.6424503  0.04252642]
 [0.64131117 0.07737733 0.2813115 ]
 [0.8735532  0.12502992 0.00141688]
 [0.30177575 0.4908946  0.20732966]
 [0.54782605 0.43131736 0.02085655]]
probabilities: [[0. 1. 0.]
 [0. 1. 0.]
 [0. 1. 0.]
 [0. 1. 0.]
 [0. 1. 0.]]
probabilities: [[0.13930844 0.48724717 0.3734444 ]
 [0.2621385  0.15234292 0.5855186 ]
 [0.4112893  0.1994907  0.38921997]
 [0.07663088 0.76126635 0.16210273]
 [0.85785705 0.02640311 0.11573985]]
probabilities: [[0.62807024 0.05455774 0.317372  ]
 [0.71338403 0.09693073 0.18968526]
 [0.1043755  0.22529192 0.67033255]
 [0.18383355 0.2937008  0.52246565]
 [0.7151254  0.23587316 0.04900143]]
probabilities: [[0.03609721 0.9174595  0.04644332]
 [0.00396321 0.06029524 0.93574154]
 [0.5205807  0.22249481 0.25692448]
 [0.86155474 0.1176237  0.02082156]
 [0.2689593  0.298709   0.43233165]]
probabilities: [[0. 0. 1.]
 [0. 1. 0.]
 [0. 0. 1.]
 [0. 0. 1.]
 [0. 0. 1.]]
probabilities: [[0.2133703  0.7375665  0.04906322]
 [0.06029531 0.6146327  0.325072  ]
 [0.5589186  0.28892276 0.15215868]
 [0.14756012 0.0096535  0.8427864 ]
 [0.4867981  0.369664   0.14353788]]
probabilities: [[0.18216437 0.18022527 0.6376104 ]
 [0.7187782  0.03362027 0.24760154]
 [0.0203672  0.7559277  0.22370514]
 [0.11009046 0.11334097 0.7765686 ]
 [0.00308243 0.38767728 0.6092403 ]]
probabilities: [[0.07289898 0.28223693 0.6448641 ]
 [0.35441017 0.1619194  0.48367044]
 [0.4718807  0.16845529 0.35966402]
 [0.01321571 0.6109729  0.37581137]
 [0.7486277  0.14679755 0.10457475]]
probabilities: [[0. 0. 1.]
 [0. 1. 0.]
 [0. 1. 0.]
 [0. 0. 1.]
 [0. 0. 1.]]
probabilities: [[0.16929731 0.5604551  0.27024764]
 [0.03957523 0.5434108  0.417014  ]
 [0.5188571  0.13689528 0.34424758]
 [0.47994447 0.20335379 0.31670174]
 [0.29507703 0.25843996 0.446483  ]]
probabilities: [[0.19178487 0.23904596 0.56916916]
 [0.5181446  0.25775933 0.22409607]
 [0.31755278 0.10130061 0.5811466 ]
 [0.28858057 0.35866046 0.35275897]
 [0.05638768 0.6034463  0.340166  ]]
probabilities: [[0.05311845 0.62564874 0.32123283]
 [0.34533992 0.07867491 0.57598513]
 [0.40953624 0.4748128  0.11565094]
 [0.15495476 0.8185847  0.02646059]
 [0.3879039  0.01242436 0.5996717 ]]
probabilities: [[0. 1. 0.]
 [0. 1. 0.]
 [0. 1. 0.]
 [0. 1. 0.]
 [0. 1. 0.]]
probabilities: [[0.339494   0.1599211  0.5005849 ]
 [0.0295566  0.897198   0.07324538]
 [0.5864316  0.3258143  0.08775408]
 [0.10702556 0.48037    0.41260445]
 [0.30441633 0.10411644 0.5914672 ]]
probabilities: [[0.12603883 0.73556864 0.13839251]
 [0.1852121  0.23843135 0.57635653]
 [0.5019743  0.08569025 0.41233546]
 [0.21449584 0.6245206  0.16098356]
 [0.40532997 0.39661697 0.19805306]]
probabilities: [[0.4389973  0.05799081 0.5030119 ]
 [0.03098841 0.7455064  0.22350518]
 [0.06667813 0.2372381  0.6960838 ]
 [0.08727686 0.8853482  0.02737491]
 [0.06491846 0.16830929 0.7667723 ]]
probabilities: [[1. 0. 0.]
 [1. 0. 0.]
 [1. 0. 0.]
 [1. 0. 0.]
 [1. 0. 0.]]
probabilities: [[0.15400513 0.75814617 0.08784874]
 [0.7624549  0.13610093 0.10144414]
 [0.2078404  0.19244382 0.59971577]
 [0.77511865 0.21748939 0.00739198]
 [0.30177727 0.6444616  0.05376117]]
probabilities: [[0.6751273  0.10872418 0.21614851]
 [0.62347203 0.3192295  0.05729846]
 [0.14321873 0.3260922  0.53068906]
 [0.73369545 0.02090717 0.24539737]
 [0.49762225 0.16546209 0.33691564]]
probabilities: [[0.7151058  0.23855858 0.04633568]
 [0.7306153  0.10763741 0.16174728]
 [0.42698702 0.07765427 0.4953587 ]
 [0.01091395 0.19601175 0.7930743 ]
 [0.16150768 0.39574304 0.4427493 ]]
probabilities: [[0. 0. 1.]
 [0. 1. 0.]
 [0. 0. 1.]
 [0. 0. 1.]
 [0. 0. 1.]]
probabilities: [[0.33476982 0.4340764  0.23115379]
 [0.01966693 0.56723773 0.41309536]
 [0.42351794 0.39914906 0.177333  ]
 [0.17720412 0.5729407  0.24985518]
 [0.42346147 0.27408913 0.3024494 ]]
probabilities: [[0.53017104 0.24283287 0.22699608]
 [0.7525967  0.02755141 0.21985193]
 [0.0312771  0.75951403 0.20920889]
 [0.5430738  0.39339575 0.06353046]
 [0.9405448  0.04880201 0.01065322]]
probabilities: [[0.63833374 0.21177067 0.1498956 ]
 [0.59039855 0.09757689 0.3120246 ]
 [0.3360105  0.5391033  0.12488616]
 [0.11110751 0.4223128  0.4665797 ]
 [0.31928876 0.27373138 0.40697983]]
probabilities: [[0. 0. 1.]
 [0. 1. 0.]
 [0. 1. 0.]
 [0. 0. 1.]
 [0. 0. 1.]]
probabilities: [[0.5720026  0.42582113 0.00217626]
 [0.26916853 0.4773932  0.25343826]
 [0.14286262 0.8515277  0.00560968]
 [0.39546952 0.19709608 0.4074344 ]
 [0.29101866 0.30067116 0.40831017]]
probabilities: [[0.14158566 0.33396068 0.52445364]
 [0.01505271 0.40302855 0.5819187 ]
 [0.29584354 0.28134403 0.4228124 ]
 [0.6018912  0.37847    0.01963875]
 [0.38165042 0.10008347 0.51826614]]
probabilities: [[0.2461528  0.4556621  0.2981851 ]
 [0.3309396  0.01829341 0.650767  ]
 [0.15963109 0.08686455 0.7535044 ]
 [0.0792742  0.49164864 0.42907715]
 [0.5049188  0.23579359 0.2592876 ]]
probabilities: [[0. 0. 1.]
 [0. 1. 0.]
 [0. 0. 1.]
 [0. 0. 1.]
 [0. 0. 1.]]
probabilities: [[0.6521469  0.18029174 0.16756138]
 [0.5452777  0.4201711  0.03455115]
 [0.09360694 0.26592118 0.6404719 ]
 [0.4009287  0.4078938  0.19117752]
 [0.1631415  0.6690368  0.16782172]]
probabilities: [[0.02842717 0.06045897 0.91111386]
 [0.17198242 0.15558325 0.67243433]
 [0.0551437  0.20281714 0.74203914]
 [0.33013216 0.3494707  0.32039714]
 [0.5042024  0.31171465 0.18408296]]
probabilities: [[0.0797206  0.7890553  0.13122408]
 [0.05961079 0.89290196 0.04748728]
 [0.09994025 0.07705431 0.82300544]
 [0.31342247 0.206873   0.47970453]
 [0.5766067  0.14516306 0.27823025]]
probabilities: [[0. 0. 1.]
 [0. 1. 0.]
 [0. 0. 1.]
 [0. 0. 1.]
 [0. 0. 1.]]
probabilities: [[0.02957491 0.54311556 0.4273095 ]
 [0.28540343 0.02905482 0.68554175]
 [0.09133277 0.27592403 0.6327432 ]
 [0.45456135 0.0590142  0.48642445]
 [0.03803625 0.33543536 0.6265284 ]]
probabilities: [[3.8940266e-02 9.3841767e-01 2.2642044e-02]
 [1.7974293e-01 3.3801866e-01 4.8223841e-01]
 [2.3886144e-01 3.6811304e-01 3.9302552e-01]
 [8.6149969e-04 1.9044192e-01 8.0869657e-01]
 [2.3431394e-01 2.2398889e-01 5.4169714e-01]]
probabilities: [[0.6415761  0.05528579 0.30313814]
 [0.3823841  0.47525272 0.14236319]
 [0.19373354 0.3736073  0.43265915]
 [0.32295436 0.24007872 0.43696693]
 [0.24426034 0.59530646 0.16043322]]
probabilities: [[0. 0. 1.]
 [0. 1. 0.]
 [0. 1. 0.]
 [0. 0. 1.]
 [0. 0. 1.]]
probabilities: [[0.22629255 0.23306179 0.54064566]
 [0.18336563 0.12952653 0.68710786]
 [0.8150617  0.03232354 0.15261479]
 [0.74426913 0.19276483 0.06296602]
 [0.35682982 0.508197   0.13497314]]
probabilities: [[0.5530412  0.15146862 0.29549015]
 [0.2273167  0.4844065  0.2882768 ]
 [0.61517197 0.15819225 0.22663578]
 [0.48468727 0.33695638 0.17835636]
 [0.01898819 0.10586251 0.8751493 ]]
probabilities: [[0.6860097  0.04679327 0.267197  ]
 [0.10948456 0.13398187 0.75653356]
 [0.22641146 0.41905507 0.3545335 ]
 [0.26048544 0.47071052 0.26880404]
 [0.06626093 0.19195823 0.7417808 ]]
probabilities: [[0. 0. 1.]
 [0. 1. 0.]
 [0. 1. 0.]
 [0. 0. 1.]
 [0. 0. 1.]]
probabilities: [[0.23886994 0.3818052  0.37932485]
 [0.33030084 0.10061592 0.5690833 ]
 [0.49098948 0.10752805 0.40148246]
 [0.02155045 0.5808939  0.39755568]
 [0.43307328 0.19662505 0.3703017 ]]
probabilities: [[0.04059669 0.5796715  0.37973183]
 [0.49777928 0.23279859 0.2694221 ]
 [0.09208499 0.20577511 0.7021399 ]
 [0.07778382 0.47978008 0.4424361 ]
 [0.05088168 0.19756573 0.7515526 ]]
probabilities: [[0.17552431 0.0844812  0.73999447]
 [0.3232146  0.5183063  0.15847911]
 [0.7421705  0.01221791 0.24561155]
 [0.2144863  0.15010372 0.63541   ]
 [0.34583476 0.3435449  0.31062034]]
probabilities: [[0. 0. 1.]
 [0. 1. 0.]
 [0. 0. 1.]
 [0. 0. 1.]
 [0. 0. 1.]]
probabilities: [[0.13900623 0.39002502 0.47096875]
 [0.37593666 0.5606528  0.06341057]
 [0.12182487 0.47386152 0.40431362]
 [0.2205233  0.54013914 0.2393376 ]
 [0.3339046  0.62132823 0.04476717]]
probabilities: [[0.5666882  0.0563633  0.37694854]
 [0.87870413 0.10046339 0.0208325 ]
 [0.08782218 0.76803946 0.14413835]
 [0.01863452 0.00205935 0.9793061 ]
 [0.24734217 0.3243922  0.42826563]]
probabilities: [[0.01760702 0.4156629  0.5667301 ]
 [0.26725778 0.3170447  0.41569752]
 [0.06072901 0.65471876 0.28455225]
 [0.15118855 0.17466235 0.6741491 ]
 [0.45460948 0.05930661 0.4860839 ]]
probabilities: [[1. 0. 0.]
 [1. 0. 0.]
 [1. 0. 0.]
 [1. 0. 0.]
 [1. 0. 0.]]
probabilities: [[0.26510924 0.68900526 0.04588552]
 [0.30072322 0.6409398  0.05833703]
 [0.7177663  0.08994874 0.19228497]
 [0.19296867 0.2366395  0.57039183]
 [0.19842829 0.18217908 0.61939263]]
probabilities: [[0.0995516  0.14330477 0.7571436 ]
 [0.43890846 0.16453819 0.39655337]
 [0.42826265 0.5077832  0.06395419]
 [0.3489727  0.27106217 0.37996513]
 [0.24913898 0.08348963 0.6673714 ]]
probabilities: [[0.33865607 0.26409414 0.3972498 ]
 [0.14672865 0.03151825 0.8217531 ]
 [0.3876319  0.35812283 0.25424528]
 [0.28011465 0.26526418 0.45462117]
 [0.38628554 0.4018633  0.21185113]]
probabilities: [[0. 1. 0.]
 [0. 1. 0.]
 [0. 1. 0.]
 [0. 1. 0.]
 [0. 1. 0.]]
probabilities: [[0.21942928 0.25815666 0.5224141 ]
 [0.25735602 0.5054631  0.23718087]
 [0.5287701  0.2528241  0.21840578]
 [0.01756116 0.72896874 0.25347006]
 [0.48773694 0.11958906 0.392674  ]]
probabilities: [[0.35659698 0.23310815 0.41029486]
 [0.7344762  0.01095525 0.25456855]
 [0.04318737 0.9190202  0.03779247]
 [0.15744784 0.80421466 0.0383375 ]
 [0.1262276  0.11595813 0.7578143 ]]
probabilities: [[0.37960544 0.1918565  0.42853805]
 [0.07122167 0.2410318  0.6877465 ]
 [0.06390823 0.14612791 0.78996384]
 [0.19736597 0.31337228 0.48926175]
 [0.58074516 0.1488047  0.27045017]]
probabilities: [[1. 0. 0.]
 [1. 0. 0.]
 [1. 0. 0.]
 [1. 0. 0.]
 [1. 0. 0.]]
probabilities: [[2.78859645e-01 4.56772178e-01 2.64368176e-01]
 [1.03576325e-01 8.33926201e-01 6.24974556e-02]
 [3.29866469e-01 3.54653478e-01 3.15480053e-01]
 [1.18290886e-01 5.81919623e-04 8.81127179e-01]
 [5.52002430e-01 5.59665188e-02 3.92031044e-01]]
probabilities: [[0.6279634  0.16993287 0.2021037 ]
 [0.37996978 0.05034181 0.5696884 ]
 [0.41979402 0.37962666 0.20057932]
 [0.09625079 0.4269132  0.476836  ]
 [0.07173288 0.6622066  0.26606056]]
probabilities: [[0.15454194 0.08563831 0.75981975]
 [0.41326958 0.06196668 0.52476376]
 [0.27018014 0.6244548  0.10536505]
 [0.3863992  0.36559835 0.24800242]
 [0.16180375 0.51290274 0.32529354]]
probabilities: [[1. 0. 0.]
 [1. 0. 0.]
 [1. 0. 0.]
 [1. 0. 0.]
 [1. 0. 0.]]
probabilities: [[0.15728703 0.8413506  0.00136237]
 [0.79477817 0.03722444 0.1679974 ]
 [0.02707238 0.44582024 0.52710736]
 [0.56325406 0.2213431  0.21540284]
 [0.173415   0.6792952  0.14728984]]
probabilities: [[0.54297787 0.06872013 0.38830203]
 [0.16560109 0.4060622  0.4283367 ]
 [0.30965617 0.19306421 0.4972796 ]
 [0.42945054 0.55976856 0.01078093]
 [0.37242228 0.43287295 0.19470476]]
probabilities: [[0.6674795  0.12199223 0.21052825]
