probabilities: [[0. 1. 0.]
 [0. 1. 0.]
 [0. 1. 0.]
 [0. 1. 0.]
 [0. 1. 0.]]
probabilities: [[0.15066445 0.37590814 0.4734274 ]
 [0.26477465 0.5347264  0.20049897]
 [0.00325177 0.67819846 0.31854978]
 [0.22575462 0.55954814 0.21469726]
 [0.00142628 0.89170676 0.10686698]]
probabilities: [[0.64062095 0.1876375  0.17174158]
 [0.07472606 0.76933074 0.15594323]
 [0.21348257 0.5164821  0.27003533]
 [0.5408132  0.3414159  0.11777087]
 [0.7905622  0.00788106 0.20155671]]
probabilities: [[0.7907149  0.09166962 0.11761547]
 [0.3491842  0.22350101 0.42731482]
 [0.57540154 0.36896482 0.05563367]
 [0.04675281 0.11426155 0.8389856 ]
 [0.2622619  0.00979391 0.7279442 ]]
probabilities: [[0. 0. 1.]
 [0. 1. 0.]
 [0. 0. 1.]
 [0. 0. 1.]
 [0. 0. 1.]]
probabilities: [[0.5249309  0.2940671  0.18100199]
 [0.07882398 0.37371308 0.54746294]
 [0.29985595 0.29607534 0.4040687 ]
 [0.7138938  0.0933215  0.19278476]
 [0.25842163 0.33643186 0.4051465 ]]
probabilities: [[0.71006614 0.20609978 0.08383409]
 [0.6366108  0.31487453 0.04851463]
 [0.3960881  0.09006155 0.5138504 ]
 [0.01413196 0.6682088  0.31765926]
 [0.01442761 0.7813383  0.20423412]]
probabilities: [[0.7992741  0.06068751 0.14003837]
 [0.27812505 0.38298404 0.3388909 ]
 [0.2684065  0.08674423 0.64484924]
 [0.7568324  0.01723328 0.2259343 ]
 [0.7771309  0.05722738 0.1656417 ]]
probabilities: [[0. 0. 1.]
 [0. 1. 0.]
 [0. 0. 1.]
 [0. 0. 1.]
 [0. 0. 1.]]
probabilities: [[0.31522083 0.5006829  0.18409628]
 [0.40876734 0.36203316 0.2291995 ]
 [0.23855016 0.4776469  0.28380296]
 [0.7750875  0.08562098 0.13929157]
 [0.31859288 0.07510051 0.6063066 ]]
probabilities: [[0.51616246 0.45747903 0.02635854]
 [0.99081343 0.00297719 0.00620935]
 [0.17133498 0.4040316  0.4246334 ]
 [0.7896159  0.0420972  0.16828687]
 [0.26371488 0.18362364 0.5526615 ]]
probabilities: [[0.26342905 0.267856   0.46871495]
 [0.40860087 0.06583055 0.5255686 ]
 [0.24431838 0.0062772  0.74940443]
 [0.21298447 0.46347487 0.32354066]
 [0.13708457 0.64096785 0.22194757]]
probabilities: [[0. 0. 1.]
 [0. 1. 0.]
 [0. 1. 0.]
 [0. 0. 1.]
 [0. 0. 1.]]
probabilities: [[0.2629351  0.5150089  0.22205594]
 [0.23339958 0.2757086  0.4908918 ]
 [0.589318   0.36990786 0.04077416]
 [0.36505303 0.5220745  0.11287245]
 [0.5513708  0.27506983 0.17355941]]
probabilities: [[0.12267721 0.11407349 0.7632493 ]
 [0.02125058 0.69176894 0.28698045]
 [0.33090362 0.5861187  0.08297765]
 [0.06188416 0.04205569 0.89606017]
 [0.2628876  0.05553865 0.68157375]]
probabilities: [[0.11126237 0.27872995 0.6100077 ]
 [0.8961649  0.04783937 0.05599572]
 [0.35803458 0.22786017 0.41410524]
 [0.05271242 0.24012733 0.70716023]
 [0.4954092  0.11616682 0.388424  ]]
probabilities: [[0. 1. 0.]
 [0. 1. 0.]
 [0. 1. 0.]
 [0. 1. 0.]
 [0. 1. 0.]]
probabilities: [[0.9205738  0.07458533 0.00484088]
 [0.28489745 0.09736344 0.61773914]
 [0.35883218 0.37111947 0.27004835]
 [0.03789982 0.14932314 0.81277704]
 [0.19230577 0.11090739 0.6967868 ]]
probabilities: [[0.55401754 0.08829127 0.3576912 ]
 [0.35956365 0.17155795 0.4688784 ]
 [0.16409053 0.27045703 0.56545246]
 [0.25972232 0.3028925  0.43738517]
 [0.16811113 0.5053896  0.32649928]]
probabilities: [[0.7149281  0.23612711 0.04894477]
 [0.61189276 0.18615502 0.20195219]
 [0.1092132  0.7276638  0.163123  ]
 [0.22370131 0.38958094 0.38671774]
 [0.20943892 0.11502838 0.6755327 ]]
probabilities: [[1. 0. 0.]
 [1. 0. 0.]
 [1. 0. 0.]
 [1. 0. 0.]
 [1. 0. 0.]]
probabilities: [[0.12842607 0.72168356 0.14989035]
 [0.10519411 0.1346159  0.76019   ]
 [0.06909817 0.23154588 0.69935596]
 [0.4611266  0.19617009 0.34270328]
 [0.35056004 0.52553606 0.12390392]]
probabilities: [[0.13443634 0.24921115 0.6163525 ]
 [0.8126381  0.12883577 0.0585261 ]
 [0.28412893 0.00860349 0.7072676 ]
 [0.5377753  0.07175083 0.3904739 ]
 [0.32218707 0.4838747  0.19393821]]
probabilities: [[0.51512784 0.05402279 0.4308494 ]
 [0.25678015 0.06602699 0.67719287]
 [0.25768623 0.46426862 0.27804515]
 [0.01759272 0.2936138  0.6887935 ]
 [0.21698022 0.40336603 0.37965375]]
probabilities: [[0. 0. 1.]
 [0. 1. 0.]
 [0. 1. 0.]
 [0. 0. 1.]
 [0. 0. 1.]]
probabilities: [[0.07496826 0.3006059  0.6244258 ]
 [0.20253024 0.29099616 0.5064736 ]
 [0.55998397 0.13809754 0.3019185 ]
 [0.5678932  0.27980018 0.1523066 ]
 [0.01131393 0.608811   0.37987506]]
probabilities: [[0.88901746 0.06026388 0.05071864]
 [0.6311862  0.27063385 0.09817996]
 [0.4111583  0.24447188 0.34436983]
 [0.5793344  0.17888422 0.2417814 ]
 [0.7139973  0.13912152 0.14688118]]
probabilities: [[0.60426253 0.07930376 0.31643373]
 [0.05023355 0.7924571  0.15730934]
 [0.36975607 0.07818343 0.5520605 ]
 [0.41730496 0.3541438  0.22855122]
 [0.20038854 0.4310094  0.36860207]]
probabilities: [[0. 0. 1.]
 [0. 1. 0.]
 [0. 0. 1.]
 [0. 0. 1.]
 [0. 0. 1.]]
probabilities: [[9.5494211e-01 1.6364345e-02 2.8693540e-02]
 [1.9836532e-01 7.6629376e-01 3.5340935e-02]
 [8.4064081e-02 6.0772014e-01 3.0821583e-01]
 [1.8106023e-04 4.3596828e-01 5.6385070e-01]
 [1.7979871e-02 7.7201092e-01 2.1000919e-01]]
probabilities: [[0.12165076 0.7402701  0.13807914]
 [0.54990107 0.3825113  0.06758765]
 [0.5320592  0.2079887  0.25995207]
 [0.64655083 0.2532947  0.10015443]
 [0.45442298 0.04324435 0.5023327 ]]
probabilities: [[0.47096628 0.27415025 0.25488344]
 [0.3118536  0.47166342 0.21648301]
 [0.45299742 0.31454715 0.23245543]
 [0.62545174 0.25368944 0.12085885]
 [0.07016424 0.7295242  0.20031157]]
probabilities: [[0. 0. 1.]
 [0. 1. 0.]
 [0. 0. 1.]
 [0. 0. 1.]
 [0. 0. 1.]]
probabilities: [[0.22102791 0.74726766 0.03170443]
 [0.4385369  0.28590178 0.2755613 ]
 [0.7102479  0.1030708  0.18668135]
 [0.17531466 0.4023806  0.42230475]
 [0.38712198 0.5048757  0.10800231]]
probabilities: [[0.50833625 0.2360327  0.25563106]
 [0.69201195 0.02687066 0.2811174 ]
 [0.64842534 0.14292541 0.20864926]
 [0.21169093 0.2202819  0.5680272 ]
 [0.59164256 0.17881496 0.22954246]]
probabilities: [[0.23711748 0.16970527 0.59317726]
 [0.4424081  0.3558933  0.20169859]
 [0.74573725 0.20957312 0.04468963]
 [0.35725752 0.4903188  0.1524237 ]
 [0.07581147 0.5565091  0.36767942]]
probabilities: [[0. 1. 0.]
 [0. 1. 0.]
 [0. 1. 0.]
 [0. 1. 0.]
 [0. 1. 0.]]
probabilities: [[0.04390438 0.58723265 0.368863  ]
 [0.18377364 0.7106691  0.10555724]
 [0.8297863  0.14734896 0.02286474]
 [0.454916   0.35243225 0.19265173]
 [0.45548293 0.36614728 0.17836978]]
probabilities: [[0.21649288 0.06035183 0.72315526]
 [0.2455343  0.19910789 0.5553578 ]
 [0.04297763 0.8307563  0.12626608]
 [0.82905245 0.05825661 0.11269096]
 [0.09394647 0.27546114 0.6305924 ]]
probabilities: [[0.69159496 0.22907221 0.07933284]
 [0.2653132  0.7095137  0.02517304]
 [0.18065858 0.72238135 0.09696004]
 [0.46877283 0.29909763 0.23212953]
 [0.8165946  0.16030434 0.02310105]]
probabilities: [[1. 0. 0.]
 [1. 0. 0.]
 [1. 0. 0.]
 [1. 0. 0.]
 [1. 0. 0.]]
probabilities: [[0.6611411  0.27831808 0.06054082]
 [0.35405216 0.5862025  0.05974536]
 [0.3380044  0.6188897  0.04310588]
 [0.27902442 0.4036941  0.31728148]
 [0.37715414 0.5482803  0.07456555]]
probabilities: [[0.01335367 0.6830105  0.30363584]
 [0.26842684 0.43943253 0.29214063]
 [0.55455285 0.1872297  0.25821748]
 [0.47392964 0.22168659 0.30438375]
 [0.12181295 0.85801077 0.0201763 ]]
probabilities: [[0.20929995 0.48519215 0.3055079 ]
 [0.31303585 0.41609693 0.27086723]
 [0.69512224 0.20827426 0.09660348]
 [0.50484574 0.33629256 0.15886171]
 [0.21914132 0.05851548 0.7223432 ]]
probabilities: [[0. 0. 1.]
 [0. 1. 0.]
 [0. 0. 1.]
 [0. 0. 1.]
 [0. 0. 1.]]
probabilities: [[0.46807677 0.34815612 0.18376711]
 [0.42306057 0.18010294 0.39683652]
 [0.22953422 0.6135121  0.1569537 ]
 [0.13484153 0.41349614 0.45166233]
 [0.54843014 0.26035425 0.19121562]]
probabilities: [[0.0369255  0.634949   0.32812545]
 [0.18338518 0.01124075 0.8053741 ]
 [0.51070935 0.16082539 0.32846525]
 [0.14753273 0.6361301  0.21633716]
 [0.44833127 0.3816141  0.17005466]]
probabilities: [[0.10819255 0.0959189  0.79588854]
 [0.6426063  0.15395257 0.20344114]
 [0.02558558 0.7516609  0.22275354]
 [0.25506327 0.53667796 0.20825878]
 [0.21808836 0.7596078  0.02230384]]
probabilities: [[0. 1. 0.]
 [0. 1. 0.]
 [0. 1. 0.]
 [0. 1. 0.]
 [0. 1. 0.]]
probabilities: [[0.3297472  0.58871454 0.08153826]
 [0.07687356 0.00594882 0.9171776 ]
 [0.4730348  0.22031794 0.30664727]
 [0.0299091  0.22496422 0.74512666]
 [0.350393   0.2632263  0.3863807 ]]
probabilities: [[0.10709061 0.5653768  0.32753256]
 [0.52836645 0.09254493 0.3790886 ]
 [0.03979849 0.15470405 0.80549747]
 [0.003815   0.14372408 0.8524609 ]
 [0.1529672  0.35521632 0.49181646]]
probabilities: [[0.16341409 0.2349216  0.6016643 ]
 [0.22030881 0.44929877 0.33039242]
 [0.20435052 0.08954451 0.70610493]
 [0.00533368 0.38283053 0.6118358 ]
 [0.7262407  0.06221573 0.21154356]]
probabilities: [[0. 0. 1.]
 [0. 1. 0.]
 [0. 1. 0.]
 [0. 0. 1.]
 [0. 0. 1.]]
probabilities: [[0.09647985 0.72934717 0.17417298]
 [0.01622578 0.6434466  0.34032762]
 [0.09897002 0.39251304 0.50851697]
 [0.04400315 0.46209958 0.49389726]
 [0.38075888 0.4917667  0.12747444]]
probabilities: [[0.24204484 0.22192419 0.536031  ]
 [0.5325327  0.35883293 0.1086344 ]
 [0.14636445 0.8444144  0.00922112]
 [0.25704685 0.02626268 0.7166905 ]
 [0.17704496 0.53247494 0.29048014]]
probabilities: [[0.03792378 0.4703061  0.49177012]
 [0.5903252  0.12981331 0.27986148]
 [0.3675168  0.45495862 0.17752461]
 [0.03857371 0.35473529 0.606691  ]
 [0.30819964 0.1166192  0.5751812 ]]
probabilities: [[0. 0. 1.]
 [0. 1. 0.]
 [0. 0. 1.]
 [0. 0. 1.]
 [0. 0. 1.]]
probabilities: [[0.9296811  0.0141979  0.05612098]
 [0.32687077 0.3656543  0.3074749 ]
 [0.0808245  0.7575404  0.16163512]
 [0.41979554 0.28308782 0.29711667]
 [0.25737152 0.61578226 0.12684625]]
probabilities: [[0.12551191 0.7674403  0.10704779]
 [0.4280368  0.56089926 0.01106392]
 [0.5346144  0.30582222 0.15956342]
 [0.317191   0.25760907 0.42519993]
 [0.56334484 0.3064459  0.13020925]]
probabilities: [[0.17651764 0.00297443 0.82050794]
 [0.22895266 0.6667633  0.10428405]
 [0.17554975 0.69231266 0.1321376 ]
 [0.72704196 0.10725455 0.16570349]
 [0.06433772 0.9192098  0.01645249]]
probabilities: [[0. 1. 0.]
 [0. 1. 0.]
 [0. 1. 0.]
 [0. 1. 0.]
 [0. 1. 0.]]
probabilities: [[0.1580316  0.17155486 0.67041355]
 [0.33011398 0.40495202 0.264934  ]
 [0.21847066 0.4775551  0.30397424]
 [0.7031927  0.1546762  0.14213108]
 [0.23863873 0.07725035 0.68411094]]
probabilities: [[0.26288193 0.2640489  0.47306916]
 [0.23055781 0.02074973 0.74869245]
 [0.15993333 0.6118252  0.22824146]
 [0.38608965 0.1655937  0.44831666]
 [0.04122175 0.5551327  0.40364558]]
probabilities: [[0.06995183 0.269964   0.6600841 ]
 [0.74963653 0.09995946 0.15040402]
 [0.13848169 0.47918928 0.38232905]
 [0.76544654 0.20756373 0.02698976]
 [0.37995863 0.5589895  0.06105187]]
probabilities: [[0. 0. 1.]
 [0. 1. 0.]
 [0. 1. 0.]
 [0. 0. 1.]
 [0. 0. 1.]]
probabilities: [[0.10067929 0.13575576 0.76356494]
 [0.44575396 0.47754437 0.07670168]
 [0.38772178 0.34507728 0.26720092]
 [0.23652963 0.52118975 0.24228062]
 [0.7053441  0.03820316 0.25645277]]
probabilities: [[0.43178526 0.17549503 0.39271972]
 [0.22761172 0.54883355 0.22355473]
 [0.2750435  0.12705694 0.59789956]
 [0.27530807 0.00403181 0.7206601 ]
 [0.2395467  0.1773467  0.5831066 ]]
probabilities: [[0.07518204 0.36050946 0.5643085 ]
 [0.35645488 0.49737972 0.14616539]
 [0.29590783 0.6916295  0.01246266]
 [0.5574216  0.09763735 0.34494102]
 [0.09869118 0.8211632  0.08014563]]
probabilities: [[0. 0. 1.]
 [0. 1. 0.]
 [0. 1. 0.]
 [0. 0. 1.]
 [0. 0. 1.]]
probabilities: [[0.761526   0.01076304 0.22771096]
 [0.26041222 0.6662944  0.07329341]
 [0.21048409 0.5032853  0.28623065]
 [0.4883732  0.08115719 0.4304696 ]
 [0.55781263 0.19942488 0.24276249]]
probabilities: [[0.03903765 0.77987725 0.18108511]
 [0.3085733  0.11392012 0.57750654]
 [0.18155603 0.32728696 0.491157  ]
 [0.53864545 0.09046575 0.37088883]
 [0.06363431 0.501651   0.4347147 ]]
probabilities: [[0.05106392 0.6321072  0.3168289 ]
 [0.45455727 0.30239707 0.24304564]
 [0.55523777 0.1503606  0.29440165]
 [0.30303463 0.3445721  0.3523933 ]
 [0.00499623 0.9507487  0.04425507]]
probabilities: [[0. 1. 0.]
 [0. 1. 0.]
 [0. 1. 0.]
 [0. 1. 0.]
 [0. 1. 0.]]
probabilities: [[0.23997788 0.36453876 0.39548334]
 [0.47232297 0.47576648 0.05191055]
 [0.49678844 0.26717097 0.23604056]
 [0.60536605 0.00800615 0.38662776]
 [0.04620416 0.4548406  0.49895522]]
probabilities: [[0.05650651 0.44732448 0.496169  ]
 [0.72204614 0.04605205 0.23190181]
 [0.06579667 0.8713446  0.06285867]
 [0.19117567 0.24334292 0.5654814 ]
 [0.23003055 0.07438197 0.69558746]]
probabilities: [[0.07418497 0.49847916 0.4273359 ]
 [0.548633   0.42074358 0.03062342]
 [0.22245175 0.6947361  0.08281212]
 [0.49210745 0.39915118 0.10874137]
 [0.02539103 0.50107265 0.47353634]]
probabilities: [[0. 0. 1.]
 [0. 1. 0.]
 [0. 0. 1.]
 [0. 0. 1.]
 [0. 0. 1.]]
probabilities: [[0.3202924  0.1401315  0.53957605]
 [0.38833162 0.549504   0.06216437]
 [0.60305464 0.36926255 0.02768283]
 [0.09360195 0.43928885 0.4671092 ]
 [0.25803888 0.17156926 0.57039183]]
probabilities: [[0.04651716 0.5991697  0.35431314]
 [0.5081762  0.43179366 0.06003014]
 [0.5488821  0.3411753  0.10994258]
 [0.6459092  0.2718984  0.08219242]
 [0.05869844 0.86519796 0.07610358]]
probabilities: [[0.1831337  0.08611846 0.7307478 ]
 [0.65812516 0.22341955 0.11845527]
 [0.30176064 0.09152552 0.60671383]
 [0.05341589 0.9195442  0.0270399 ]
 [0.20301116 0.7561567  0.04083218]]
probabilities: [[1. 0. 0.]
 [1. 0. 0.]
 [1. 0. 0.]
 [1. 0. 0.]
 [1. 0. 0.]]
probabilities: [[0.03519241 0.09432558 0.870482  ]
 [0.15838534 0.82516515 0.01644949]
 [0.07990725 0.86001986 0.06007288]
 [0.42258468 0.3328993  0.24451602]
 [0.02410518 0.49639854 0.47949627]]
probabilities: [[0.25008458 0.01034062 0.7395748 ]
 [0.10972545 0.5855766  0.30469796]
 [0.03304472 0.09177043 0.87518483]
 [0.67036074 0.0609168  0.26872244]
 [0.08674123 0.23293898 0.6803198 ]]
probabilities: [[0.16875857 0.55543625 0.2758052 ]
 [0.33955735 0.2640161  0.39642653]
 [0.11726817 0.21709104 0.6656408 ]
 [0.29937643 0.26702815 0.43359542]
 [0.39284217 0.3491756  0.25798222]]
probabilities: [[1. 0. 0.]
 [1. 0. 0.]
 [1. 0. 0.]
 [1. 0. 0.]
 [1. 0. 0.]]
probabilities: [[0.5365335  0.26118585 0.20228066]
 [0.04075089 0.73736084 0.22188829]
 [0.09354906 0.26580185 0.6406491 ]
 [0.15615311 0.7211864  0.12266048]
 [0.22065128 0.5688069  0.21054183]]
probabilities: [[0.10620259 0.2727676  0.6210298 ]
 [0.4160033  0.1056765  0.4783202 ]
 [0.18112566 0.30311367 0.51576066]
 [0.13173902 0.3725564  0.4957046 ]
 [0.43750677 0.34159565 0.22089757]]
probabilities: [[0.422754   0.16469048 0.41255555]
 [0.4554064  0.21386114 0.33073246]
 [0.2612078  0.4660842  0.27270803]
 [0.46500424 0.2750623  0.25993347]
 [0.6267237  0.24215925 0.13111708]]
probabilities: [[1. 0. 0.]
 [1. 0. 0.]
 [1. 0. 0.]
 [1. 0. 0.]
 [1. 0. 0.]]
probabilities: [[0.17754525 0.12593128 0.6965235 ]
 [0.11201685 0.2381602  0.64982295]
 [0.337778   0.300079   0.36214298]
 [0.12994814 0.23287675 0.63717514]
 [0.72324413 0.11612125 0.16063464]]
probabilities: [[0.15478307 0.5746329  0.27058408]
 [0.18613169 0.22671936 0.58714896]
 [0.41210085 0.09258955 0.4953096 ]
 [0.15588412 0.65219396 0.19192189]
 [0.49326834 0.43705988 0.06967179]]
probabilities: [[0.2103453  0.2740855  0.5155692 ]
 [0.13338917 0.8590119  0.00759897]
 [0.69690007 0.2592488  0.04385111]
 [0.12106284 0.1779859  0.7009512 ]
 [0.11486198 0.7997665  0.08537155]]
probabilities: [[0. 0. 1.]
 [0. 1. 0.]
 [0. 0. 1.]
 [0. 0. 1.]
 [0. 0. 1.]]
probabilities: [[0.5113428  0.25971833 0.22893889]
 [0.12981376 0.5051314  0.36505482]
 [0.1834022  0.10151463 0.7150832 ]
 [0.24321656 0.62474865 0.13203476]
 [0.60468835 0.07672158 0.3185901 ]]
probabilities: [[0.42479044 0.39254314 0.18266644]
 [0.69784755 0.10340524 0.19874723]
 [0.01463675 0.90347344 0.08188984]
 [0.23888211 0.6197149  0.14140296]
 [0.604467   0.16923879 0.22629426]]
probabilities: [[0.5471185  0.40788418 0.04499735]
 [0.04476788 0.20075394 0.7544782 ]
 [0.61406153 0.37768322 0.00825522]
 [0.3641506  0.14898615 0.48686326]
 [0.49823117 0.29272458 0.20904422]]
probabilities: [[0. 1. 0.]
 [0. 1. 0.]
 [0. 1. 0.]
 [0. 1. 0.]
 [0. 1. 0.]]
probabilities: [[0.09330995 0.4864419  0.42024815]
 [0.09157267 0.8533592  0.05506813]
 [0.13624087 0.81997985 0.04377931]
 [0.19437857 0.34382918 0.46179226]
 [0.27472773 0.31679145 0.40848082]]
probabilities: [[0.444227   0.47075725 0.08501573]
 [0.6836105  0.1263628  0.19002673]
 [0.8477588  0.08363953 0.06860166]
 [0.07581118 0.09433796 0.82985085]
 [0.10780693 0.5030467  0.38914642]]
probabilities: [[0.07590816 0.38457543 0.5395164 ]
 [0.58493096 0.13404214 0.2810269 ]
 [0.36927757 0.48205122 0.1486712 ]
 [0.09711383 0.35904694 0.5438392 ]
 [0.63329315 0.0727108  0.29399604]]
probabilities: [[0. 0. 1.]
 [0. 1. 0.]
 [0. 0. 1.]
 [0. 0. 1.]
 [0. 0. 1.]]
probabilities: [[0.0962335  0.74202067 0.16174582]
 [0.41421202 0.2129124  0.37287557]
 [0.55434924 0.3143956  0.13125512]
 [0.12610075 0.58833253 0.28556672]
 [0.26043573 0.68471533 0.05484892]]
probabilities: [[0.3458255  0.12912089 0.5250536 ]
 [0.09211888 0.03328836 0.8745928 ]
 [0.42492706 0.04283077 0.5322422 ]
 [0.06102012 0.83660525 0.10237463]
 [0.68442553 0.11979607 0.19577838]]
probabilities: [[0.6465606  0.09615907 0.25728032]
 [0.4965905  0.29872474 0.2046848 ]
 [0.30276477 0.4188936  0.27834162]
 [0.07002925 0.7441528  0.18581796]
 [0.05863557 0.12019514 0.8211693 ]]
probabilities: [[0. 1. 0.]
 [0. 1. 0.]
 [0. 1. 0.]
 [0. 1. 0.]
 [0. 1. 0.]]
probabilities: [[0.5284217  0.03242078 0.43915752]
 [0.2523187  0.7404487  0.00723258]
 [0.25251994 0.19882278 0.5486573 ]
 [0.32580596 0.5180176  0.15617645]
 [0.50021744 0.19949977 0.3002828 ]]
probabilities: [[0.06049591 0.45968583 0.47981825]
 [0.15661383 0.76233804 0.08104812]
 [0.50557286 0.02011635 0.4743108 ]
 [0.15546903 0.326247   0.51828396]
 [0.47299612 0.2893425  0.2376614 ]]
probabilities: [[0.9401977  0.01110332 0.04869895]
 [0.0066771  0.779485   0.21383788]
 [0.35412502 0.63580257 0.01007239]
 [0.33671927 0.56659174 0.09668896]
 [0.4822878  0.41351587 0.10419633]]
probabilities: [[0. 0. 1.]
 [0. 1. 0.]
 [0. 1. 0.]
 [0. 0. 1.]
 [0. 0. 1.]]
probabilities: [[0.60965323 0.22670093 0.16364585]
 [0.8557875  0.09111083 0.05310169]
 [0.27250716 0.19468443 0.5328084 ]
 [0.49849308 0.39597097 0.10553594]
 [0.5472063  0.21762595 0.23516776]]
probabilities: [[0.5672774  0.40040475 0.03231787]
 [0.85423785 0.12414126 0.02162091]
 [0.3995755  0.33888084 0.26154366]
 [0.672119   0.06768598 0.260195  ]
 [0.49182552 0.47626194 0.03191252]]
probabilities: [[0.48764503 0.28532183 0.22703314]
 [0.08517665 0.04406295 0.8707604 ]
 [0.15199369 0.24204768 0.60595864]
 [0.66058797 0.27191103 0.06750099]
 [0.51465017 0.20371297 0.28163683]]
probabilities: [[1. 0. 0.]
 [1. 0. 0.]
 [1. 0. 0.]
 [1. 0. 0.]
 [1. 0. 0.]]
probabilities: [[0.0518452  0.871531   0.07662379]
 [0.36634165 0.00729309 0.62636524]
 [0.07155699 0.3183364  0.6101066 ]
 [0.15607563 0.21009913 0.63382524]
 [0.0061394  0.8231469  0.1707137 ]]
probabilities: [[0.86147857 0.12043145 0.01808996]
 [0.6260155  0.03817426 0.33581024]
 [0.21820378 0.32806322 0.453733  ]
 [0.19906276 0.5217472  0.27919006]
 [0.29564628 0.24386695 0.46048674]]
probabilities: [[0.8074318  0.18412048 0.00844773]
 [0.1170839  0.2582935  0.6246226 ]
 [0.22562008 0.3165298  0.45785013]
 [0.26465455 0.29594433 0.43940112]
 [0.6569591  0.15153316 0.19150776]]
probabilities: [[1. 0. 0.]
 [1. 0. 0.]
 [1. 0. 0.]
 [1. 0. 0.]
 [1. 0. 0.]]
probabilities: [[0.78716713 0.0401215  0.17271136]
 [0.43132845 0.2464248  0.32224676]
 [0.3507338  0.31238014 0.33688605]
 [0.00680537 0.35184562 0.641349  ]
 [0.09568176 0.09040127 0.813917  ]]
probabilities: [[4.0613669e-01 1.1995525e-01 4.7390804e-01]
 [5.6041044e-01 1.5631320e-01 2.8327635e-01]
 [9.3627855e-02 9.0566808e-01 7.0407055e-04]
 [2.6642524e-02 7.4603194e-01 2.2732556e-01]
 [8.4016019e-01 1.3222072e-01 2.7619077e-02]]
probabilities: [[0.36205575 0.07562878 0.56231546]
 [0.06181189 0.35947165 0.57871646]
 [0.28805634 0.40494916 0.30699447]
 [0.26631954 0.12057755 0.6131029 ]
 [0.00772913 0.46662006 0.5256508 ]]
probabilities: [[1. 0. 0.]
 [1. 0. 0.]
 [1. 0. 0.]
 [1. 0. 0.]
 [1. 0. 0.]]
probabilities: [[0.3290292  0.56784934 0.10312148]
 [0.29544145 0.44385007 0.26070848]
 [0.3602537  0.396285   0.24346131]
 [0.752122   0.13639708 0.11148092]
 [0.39177302 0.44255176 0.16567522]]
probabilities: [[0.1974235  0.76702255 0.03555392]
 [0.1340897  0.33273116 0.53317916]
 [0.6959736  0.2776946  0.02633179]
 [0.02720894 0.13748877 0.8353023 ]
 [0.8484358  0.11795578 0.03360841]]
probabilities: [[9.6650459e-02 3.2371417e-01 5.7963538e-01]
 [6.4304806e-02 1.7969820e-01 7.5599700e-01]
 [5.6466305e-01 8.5746489e-02 3.4959045e-01]
 [5.0183290e-01 6.1681558e-04 4.9755025e-01]
 [3.8220274e-01 1.0784714e-01 5.0995010e-01]]
probabilities: [[0. 1. 0.]
 [0. 1. 0.]
 [0. 1. 0.]
 [0. 1. 0.]
 [0. 1. 0.]]
probabilities: [[0.6284737  0.05201086 0.31951544]
 [0.04637832 0.80325866 0.15036304]
 [0.47942352 0.32698226 0.19359423]
 [0.15480581 0.4659347  0.3792595 ]
 [0.35769588 0.26267868 0.37962544]]
probabilities: [[0.3552961  0.501053   0.14365092]
 [0.28487164 0.2486389  0.46648946]
 [0.12043516 0.6914143  0.18815057]
 [0.06876817 0.60542005 0.32581174]
 [0.4464703  0.22997536 0.32355437]]
probabilities: [[0.7790762  0.02347512 0.19744869]
 [0.48967847 0.31245297 0.19786856]
 [0.5010848  0.31879276 0.18012245]
 [0.0701269  0.12792115 0.80195194]
 [0.7431104  0.08457883 0.17231074]]
probabilities: [[0. 0. 1.]
 [0. 1. 0.]
 [0. 0. 1.]
 [0. 0. 1.]
 [0. 0. 1.]]
probabilities: [[0.59178835 0.32793543 0.08027624]
 [0.3911257  0.36683652 0.24203777]
 [0.47392443 0.2580509  0.26802468]
 [0.05487919 0.45651153 0.48860928]
 [0.28367046 0.22926359 0.48706594]]
probabilities: [[0.19763839 0.24746896 0.55489266]
 [0.29957184 0.27506378 0.4253644 ]
 [0.659547   0.33866102 0.00179199]
 [0.20956826 0.22831273 0.562119  ]
 [0.6654554  0.32508954 0.00945503]]
probabilities: [[0.5559777  0.28481543 0.15920684]
 [0.3598282  0.48980227 0.15036952]
 [0.09328562 0.31103295 0.5956814 ]
 [0.06629869 0.32730237 0.60639894]
 [0.08549079 0.9117673  0.00274189]]
probabilities: [[0. 1. 0.]
 [0. 1. 0.]
 [0. 1. 0.]
 [0. 1. 0.]
 [0. 1. 0.]]
probabilities: [[0.39857867 0.25690454 0.34451678]
 [0.0512027  0.38739005 0.56140727]
 [0.23898904 0.5355483  0.22546262]
 [0.22182882 0.543147   0.23502418]
 [0.93658715 0.00941109 0.05400173]]
probabilities: [[0.07931066 0.1857866  0.73490274]
 [0.08147138 0.2853155  0.6332131 ]
 [0.23151608 0.55134445 0.21713945]
 [0.57645625 0.17612319 0.24742056]
 [0.04669813 0.4875179  0.46578398]]
probabilities: [[0.1225678  0.41950083 0.4579314 ]
 [0.3313115  0.01816224 0.6505263 ]
 [0.60786146 0.05808052 0.33405805]
 [0.14701559 0.75155085 0.10143356]
 [0.21892154 0.13808909 0.6429894 ]]
probabilities: [[0. 1. 0.]
 [0. 1. 0.]
 [0. 1. 0.]
 [0. 1. 0.]
 [0. 1. 0.]]
probabilities: [[0.28401572 0.32298622 0.39299807]
 [0.2611359  0.37815878 0.3607053 ]
 [0.3583962  0.1206404  0.52096343]
 [0.46533468 0.10739745 0.42726788]
 [0.10692189 0.8073575  0.08572063]]
probabilities: [[6.7375511e-01 3.1427962e-01 1.1965285e-02]
 [5.3056848e-01 3.7092164e-01 9.8509893e-02]
 [2.9052830e-01 6.9205329e-02 6.4026636e-01]
 [1.4239944e-04 8.3257580e-01 1.6728182e-01]
 [3.5341331e-01 7.4864104e-02 5.7172263e-01]]
probabilities: [[0.01271979 0.9687859  0.01849434]
 [0.02075473 0.4216912  0.55755407]
 [0.1111855  0.8233047  0.06550977]
 [0.21656878 0.4334872  0.34994403]
 [0.41050586 0.35924366 0.23025048]]
probabilities: [[0. 0. 1.]
 [0. 1. 0.]
 [0. 1. 0.]
 [0. 0. 1.]
 [0. 0. 1.]]
probabilities: [[0.1129947  0.6490973  0.23790798]
 [0.19810493 0.6770974  0.12479766]
 [0.83381015 0.05702822 0.10916161]
 [0.0439232  0.6038048  0.35227194]
 [0.5165707  0.2721575  0.21127184]]
probabilities: [[0.1857025  0.2538116  0.5604859 ]
 [0.04945648 0.13181117 0.8187324 ]
 [0.18992443 0.29145166 0.5186239 ]
 [0.19722803 0.33332705 0.46944493]
 [0.11629763 0.48939896 0.3943034 ]]
probabilities: [[0.02000299 0.16122107 0.81877595]
 [0.3045074  0.55640095 0.13909166]
 [0.55147153 0.19499019 0.25353828]
 [0.54168344 0.26082858 0.19748795]
 [0.9101348  0.0653163  0.02454892]]
probabilities: [[1. 0. 0.]
 [1. 0. 0.]
 [1. 0. 0.]
 [1. 0. 0.]
 [1. 0. 0.]]
probabilities: [[0.2013582  0.39626867 0.40237314]
 [0.08532621 0.33790365 0.5767701 ]
 [0.02090757 0.48859754 0.49049488]
 [0.6853833  0.07085337 0.2437633 ]
 [0.7354004  0.02481306 0.23978655]]
probabilities: [[0.5243803  0.46027496 0.01534473]
 [0.7041143  0.22548276 0.07040293]
 [0.3335938  0.14796835 0.51843786]
 [0.2527149  0.00628645 0.7409986 ]
 [0.37811148 0.5728926  0.04899593]]
probabilities: [[0.77843386 0.05093854 0.17062762]
 [0.04382173 0.01910106 0.9370772 ]
 [0.21958342 0.31163248 0.4687841 ]
 [0.14902228 0.15655842 0.6944193 ]
 [0.6294053  0.14628766 0.224307  ]]
probabilities: [[0. 0. 1.]
 [0. 1. 0.]
 [0. 1. 0.]
 [0. 0. 1.]
 [0. 0. 1.]]
probabilities: [[0.22841546 0.37155476 0.40002978]
 [0.48856792 0.5080697  0.00336237]
 [0.17003131 0.37731022 0.45265847]
 [0.26132992 0.47561008 0.26306   ]
 [0.05963988 0.07948595 0.8608742 ]]
probabilities: [[0.56541604 0.03609094 0.398493  ]
 [0.30218026 0.27902466 0.41879508]
 [0.45426488 0.02680537 0.5189297 ]
 [0.17718902 0.41827688 0.4045341 ]
 [0.44141528 0.5023485  0.05623622]]
probabilities: [[0.31522757 0.1821211  0.50265133]
 [0.36000454 0.5084034  0.13159205]
 [0.8230378  0.01983389 0.15712832]
 [0.02107002 0.8743728  0.10455717]
 [0.0965947  0.19262762 0.7107777 ]]
probabilities: [[1. 0. 0.]
 [1. 0. 0.]
 [1. 0. 0.]
 [1. 0. 0.]
 [1. 0. 0.]]
probabilities: [[2.7757132e-01 6.8562078e-01 3.6807884e-02]
 [2.1046191e-01 8.4414348e-02 7.0512372e-01]
 [2.3142652e-01 1.6997041e-02 7.5157642e-01]
 [5.4038870e-01 8.5031785e-02 3.7457949e-01]
 [5.3399235e-01 2.2157757e-04 4.6578610e-01]]
probabilities: [[0.33849695 0.48996806 0.171535  ]
 [0.3231754  0.23034093 0.44648367]
 [0.2130688  0.4741813  0.31274992]
 [0.1417527  0.36022532 0.49802196]
 [0.11336252 0.76313764 0.12349986]]
probabilities: [[0.22952533 0.535513   0.23496167]
 [0.44444653 0.35000548 0.20554797]
 [0.05681517 0.6171884  0.3259964 ]
 [0.04995344 0.741808   0.20823856]
 [0.1474349  0.05480523 0.7977599 ]]
probabilities: [[0. 0. 1.]
 [0. 1. 0.]
 [0. 0. 1.]
 [0. 0. 1.]
 [0. 0. 1.]]
probabilities: [[0.46938992 0.04924623 0.48136386]
 [0.78048265 0.16394302 0.05557431]
 [0.1842103  0.48718742 0.32860228]
 [0.34918883 0.125631   0.52518016]
 [0.67469233 0.09389734 0.23141031]]
probabilities: [[0.46303478 0.454084   0.08288121]
 [0.1767757  0.63790363 0.18532066]
 [0.0328343  0.75518095 0.21198474]
 [0.29865593 0.6108332  0.09051087]
 [0.48347327 0.04723531 0.46929142]]
probabilities: [[0.25576836 0.4816323  0.26259932]
 [0.34824526 0.22838943 0.4233653 ]
 [0.01287799 0.98024744 0.00687455]
 [0.4158595  0.53581166 0.04832886]
 [0.46539    0.12529455 0.40931547]]
probabilities: [[0. 0. 1.]
 [0. 1. 0.]
 [0. 0. 1.]
 [0. 0. 1.]
 [0. 0. 1.]]
probabilities: [[0.3763488  0.21784651 0.4058047 ]
 [0.3994537  0.3921886  0.20835769]
 [0.39292237 0.44586182 0.1612158 ]
 [0.42327026 0.20687039 0.36985934]
 [0.2995875  0.62723434 0.07317818]]
probabilities: [[0.11614805 0.2381649  0.64568704]
 [0.61317396 0.16154343 0.22528262]
 [0.17136605 0.1216529  0.70698106]
 [0.51739293 0.1643277  0.31827942]
 [0.14331593 0.4304363  0.42624778]]
probabilities: [[0.74394953 0.0939495  0.16210097]
 [0.23189457 0.1935346  0.57457083]
 [0.59692496 0.06023609 0.34283897]
 [0.39124715 0.4452888  0.16346404]
 [0.6090814  0.23738366 0.15353498]]
probabilities: [[0. 0. 1.]
 [0. 1. 0.]
 [0. 0. 1.]
 [0. 0. 1.]
 [0. 0. 1.]]
probabilities: [[0.42132226 0.20624994 0.37242782]
 [0.2548743  0.5342547  0.21087101]
 [0.3267031  0.66877186 0.00452506]
 [0.6321739  0.03673796 0.33108813]
 [0.6616683  0.30904046 0.02929125]]
probabilities: [[0.25052452 0.19720346 0.552272  ]
 [0.30212128 0.5522638  0.1456149 ]
 [0.24791002 0.4048069  0.34728307]
 [0.06922842 0.63693154 0.29384005]
 [0.08287029 0.04550736 0.8716223 ]]
probabilities: [[0.44007394 0.14141765 0.4185084 ]
 [0.24146067 0.46419537 0.29434395]
 [0.33276662 0.55575955 0.11147383]
 [0.80908066 0.06074562 0.13017368]
 [0.06627668 0.5944673  0.33925602]]
probabilities: [[0. 0. 1.]
 [0. 1. 0.]
 [0. 1. 0.]
 [0. 0. 1.]
 [0. 0. 1.]]
probabilities: [[0.43794438 0.10852265 0.45353296]
 [0.3852007  0.19465445 0.42014486]
 [0.06287617 0.08261421 0.85450965]
 [0.11300352 0.67794    0.20905645]
 [0.02887971 0.48083594 0.49028432]]
probabilities: [[0.6232185  0.10253871 0.27424282]
 [0.10432117 0.69641733 0.19926149]
 [0.57793635 0.08429497 0.3377687 ]
 [0.12949829 0.16614538 0.7043563 ]
 [0.7799094  0.09304065 0.12705001]]
probabilities: [[0.39693162 0.49239975 0.11066862]
 [0.10181528 0.41943997 0.47874475]
 [0.43186742 0.4392145  0.1289181 ]
 [0.6442069  0.02958181 0.3262113 ]
 [0.24969494 0.40559304 0.34471202]]
probabilities: [[0. 1. 0.]
 [0. 1. 0.]
 [0. 1. 0.]
 [0. 1. 0.]
 [0. 1. 0.]]
probabilities: [[0.09279902 0.68093324 0.22626771]
 [0.3179102  0.22725885 0.45483097]
 [0.02000385 0.70699865 0.27299753]
 [0.4912907  0.06947713 0.4392322 ]
 [0.87103707 0.12043087 0.00853206]]
probabilities: [[0.00687041 0.00880173 0.98432785]
 [0.13940379 0.15525618 0.70534   ]
 [0.23590088 0.46646273 0.2976364 ]
 [0.34858087 0.643258   0.00816115]
 [0.5295926  0.46218067 0.00822677]]
probabilities: [[0.16499454 0.0171083  0.81789714]
 [0.10994264 0.45834845 0.4317089 ]
 [0.04292823 0.61717075 0.339901  ]
 [0.38267013 0.27646995 0.34085995]
 [0.3178545  0.6100194  0.0721261 ]]
probabilities: [[0. 1. 0.]
 [0. 1. 0.]
 [0. 1. 0.]
 [0. 1. 0.]
 [0. 1. 0.]]
probabilities: [[1.6782221e-01 7.5128752e-01 8.0890246e-02]
 [3.8776863e-01 5.3953642e-01 7.2694972e-02]
 [1.5908004e-01 8.0619401e-01 3.4725968e-02]
 [3.1347269e-01 3.6005603e-04 6.8616724e-01]
 [6.9204617e-01 2.8711691e-01 2.0836910e-02]]
probabilities: [[0.25598642 0.5916233  0.15239026]
 [0.20899378 0.46101904 0.3299872 ]
 [0.17853016 0.7800734  0.04139646]
 [0.06143175 0.23268303 0.70588523]
 [0.59470487 0.21380417 0.19149096]]
probabilities: [[0.24188079 0.55933493 0.19878428]
 [0.02998345 0.6781713  0.29184526]
 [0.07720456 0.13131367 0.7914818 ]
 [0.3722145  0.18860148 0.439184  ]
 [0.04336601 0.5355832  0.42105082]]
probabilities: [[0. 0. 1.]
 [0. 1. 0.]
 [0. 0. 1.]
 [0. 0. 1.]
 [0. 0. 1.]]
probabilities: [[0.25520194 0.06685528 0.67794275]
 [0.36035395 0.30243775 0.3372083 ]
 [0.05845823 0.8358774  0.10566436]
 [0.63342005 0.25202024 0.11455972]
 [0.02284595 0.6626072  0.31454685]]
probabilities: [[0.38034153 0.17719674 0.44246173]
 [0.16820757 0.63921773 0.1925747 ]
 [0.5443966  0.04843662 0.40716678]
 [0.37040302 0.38529184 0.24430513]
 [0.472675   0.3237702  0.20355481]]
probabilities: [[0.08601496 0.1371896  0.77679545]
 [0.03312809 0.4818286  0.48504332]
 [0.09640539 0.6602138  0.24338076]
 [0.1471963  0.1228257  0.729978  ]
 [0.8826415  0.03975159 0.07760693]]
probabilities: [[0. 0. 1.]
 [0. 1. 0.]
 [0. 1. 0.]
 [0. 0. 1.]
 [0. 0. 1.]]
probabilities: [[0.06374523 0.8216941  0.11456071]
 [0.26841617 0.37529808 0.35628575]
 [0.00822726 0.4005908  0.59118193]
 [0.05934064 0.6695166  0.27114275]
 [0.43270233 0.17571294 0.39158472]]
probabilities: [[0.01423495 0.7419685  0.24379656]
 [0.35055494 0.2989723  0.35047275]
 [0.5793125  0.22571217 0.19497536]
 [0.7613953  0.07865597 0.15994874]
 [0.44819942 0.34539527 0.20640533]]
probabilities: [[0.43434015 0.01500806 0.5506518 ]
 [0.09859192 0.10169715 0.7997109 ]
 [0.60589993 0.09683548 0.29726458]
 [0.09481355 0.7041303  0.20105614]
 [0.3149253  0.39962402 0.28545064]]
probabilities: [[0. 1. 0.]
 [0. 1. 0.]
 [0. 1. 0.]
 [0. 1. 0.]
 [0. 1. 0.]]
probabilities: [[0.41448882 0.47666687 0.1088443 ]
 [0.5490221  0.26027405 0.19070387]
 [0.60963804 0.3006157  0.08974625]
 [0.2127047  0.2833343  0.50396097]
 [0.09489644 0.77646154 0.128642  ]]
probabilities: [[0.6030061  0.0169271  0.38006678]
 [0.39590245 0.17103355 0.433064  ]
 [0.11696442 0.39847952 0.48455608]
 [0.09978643 0.82742184 0.07279175]
 [0.19246387 0.43282464 0.37471148]]
probabilities: [[0.29566738 0.63974345 0.06458918]
 [0.17063929 0.15890858 0.6704521 ]
 [0.89643717 0.10028381 0.00327902]
 [0.47455642 0.12143736 0.4040062 ]
 [0.09470921 0.46964055 0.43565026]]
probabilities: [[0. 1. 0.]
 [0. 1. 0.]
 [0. 1. 0.]
 [0. 1. 0.]
 [0. 1. 0.]]
probabilities: [[0.15490797 0.5973672  0.2477248 ]
 [0.21098863 0.5887712  0.20024014]
 [0.9354922  0.00748125 0.05702655]
 [0.07814822 0.5622332  0.3596186 ]
 [0.12522404 0.627839   0.24693696]]
probabilities: [[0.07982665 0.3642288  0.5559445 ]
 [0.0990608  0.7403631  0.16057608]
 [0.45659217 0.35310504 0.1903028 ]
 [0.00087217 0.4340387  0.56508917]
 [0.72513115 0.17161503 0.10325382]]
probabilities: [[0.30039766 0.6607661  0.03883622]
 [0.67148644 0.27319402 0.05531958]
 [0.00391646 0.10754527 0.8885383 ]
 [0.44267854 0.07381571 0.48350573]
 [0.663832   0.16383222 0.17233577]]
probabilities: [[0. 1. 0.]
 [0. 1. 0.]
 [0. 1. 0.]
 [0. 1. 0.]
 [0. 1. 0.]]
probabilities: [[0.07453176 0.50128007 0.42418817]
 [0.92294705 0.01956408 0.05748885]
 [0.42727214 0.23434183 0.33838603]
 [0.7826995  0.09642744 0.120873  ]
 [0.05817531 0.7443925  0.19743216]]
probabilities: [[0.18999365 0.5568974  0.25310898]
 [0.08545688 0.10950724 0.8050359 ]
 [0.15692407 0.7394464  0.10362952]
 [0.18035854 0.22021051 0.5994309 ]
 [0.10295349 0.17253993 0.72450656]]
probabilities: [[0.15386604 0.4738871  0.37224686]
 [0.5277953  0.1270566  0.34514806]
 [0.47846648 0.18815807 0.33337545]
 [0.00129627 0.37429452 0.6244092 ]
 [0.4393144  0.13821732 0.42246827]]
probabilities: [[0. 0. 1.]
 [0. 1. 0.]
 [0. 0. 1.]
 [0. 0. 1.]
 [0. 0. 1.]]
probabilities: [[0.2621641  0.6361192  0.1017167 ]
 [0.20081337 0.5242569  0.27492973]
 [0.5870571  0.07870659 0.3342363 ]
 [0.3742198  0.16669221 0.45908797]
 [0.43423933 0.33048534 0.23527533]]
probabilities: [[0.00609792 0.50844    0.4854621 ]
 [0.16911544 0.46421158 0.36667296]
 [0.01432289 0.21401756 0.77165955]
 [0.47088382 0.05694018 0.47217602]
 [0.12235968 0.62478286 0.25285748]]
probabilities: [[0.44507995 0.3480162  0.20690383]
 [0.8473361  0.01900421 0.13365965]
 [0.23441188 0.4445757  0.32101244]
 [0.2130612  0.5687289  0.21820986]
 [0.17264356 0.8003602  0.02699627]]
probabilities: [[1. 0. 0.]
 [1. 0. 0.]
 [1. 0. 0.]
 [1. 0. 0.]
 [1. 0. 0.]]
probabilities: [[0.56160337 0.22121897 0.21717764]
 [0.19999465 0.3885221  0.41148326]
 [0.48888388 0.46347982 0.04763632]
 [0.28555983 0.28982773 0.42461243]
 [0.25938633 0.49250653 0.24810712]]
probabilities: [[0.13045473 0.65876335 0.2107819 ]
 [0.19681808 0.42482883 0.3783531 ]
 [0.10527495 0.10060675 0.7941183 ]
 [0.4552517  0.12127242 0.4234759 ]
 [0.24734722 0.58267605 0.16997676]]
probabilities: [[0.38924336 0.20692867 0.40382797]
 [0.18439418 0.696042   0.11956382]
 [0.25644717 0.58131933 0.16223352]
 [0.92135626 0.04284023 0.03580351]
 [0.74703217 0.21278605 0.04018179]]
probabilities: [[0. 0. 1.]
 [0. 1. 0.]
 [0. 1. 0.]
 [0. 0. 1.]
 [0. 0. 1.]]
probabilities: [[0.46515736 0.14592284 0.3889198 ]
 [0.25065783 0.17174034 0.57760185]
 [0.13273512 0.7915141  0.07575078]
 [0.3798498  0.04574854 0.5744017 ]
 [0.02669091 0.62717986 0.34612924]]
probabilities: [[0.2987888  0.36206758 0.33914363]
 [0.33218738 0.6477949  0.02001771]
 [0.43734685 0.31354058 0.24911256]
 [0.4775643  0.49942783 0.02300788]
 [0.63983196 0.23325266 0.12691535]]
probabilities: [[0.18954837 0.7861697  0.0242819 ]
 [0.18670149 0.45526615 0.35803235]
 [0.83507305 0.08560035 0.07932662]
 [0.2998085  0.5396573  0.16053416]
 [0.45084938 0.14480196 0.40434864]]
probabilities: [[1. 0. 0.]
 [1. 0. 0.]
 [1. 0. 0.]
 [1. 0. 0.]
 [1. 0. 0.]]
probabilities: [[0.2998336  0.3415274  0.358639  ]
 [0.36585245 0.5202435  0.11390401]
 [0.16026217 0.53682137 0.30291647]
 [0.6674243  0.21560009 0.11697559]
 [0.10585687 0.6578714  0.23627172]]
probabilities: [[0.77725285 0.1743975  0.04834964]
 [0.0135252  0.4105079  0.5759669 ]
 [0.0852747  0.90613633 0.00858896]
 [0.06993543 0.19931719 0.7307474 ]
 [0.09359723 0.775622   0.13078073]]
probabilities: [[0.542083   0.06301236 0.39490464]
 [0.7563435  0.11700918 0.12664735]
 [0.19166707 0.18595533 0.6223776 ]
 [0.0504224  0.55930555 0.39027208]
 [0.04081637 0.07514036 0.8840433 ]]
probabilities: [[1. 0. 0.]
 [1. 0. 0.]
 [1. 0. 0.]
 [1. 0. 0.]
 [1. 0. 0.]]
probabilities: [[0.23794615 0.43750772 0.32454613]
 [0.31695113 0.40902495 0.27402392]
 [0.7848425  0.16919616 0.04596138]
 [0.25038585 0.6284638  0.12115037]
 [0.27896005 0.68581915 0.03522084]]
probabilities: [[0.02364051 0.36451367 0.61184585]
 [0.21244851 0.7237053  0.06384623]
 [0.22875135 0.6348389  0.13640976]
 [0.00493903 0.64730126 0.3477597 ]
 [0.14425063 0.2833603  0.57238907]]
probabilities: [[0.3397737  0.28693506 0.37329122]
 [0.17557105 0.73115283 0.09327614]
 [0.3959876  0.572537   0.03147539]
 [0.26840907 0.30318734 0.4284036 ]
 [0.45487782 0.10872492 0.43639725]]
probabilities: [[0. 0. 1.]
 [0. 1. 0.]
 [0. 0. 1.]
 [0. 0. 1.]
 [0. 0. 1.]]
probabilities: [[0.08612082 0.3430417  0.5708375 ]
 [0.46925718 0.39435092 0.13639191]
 [0.8552139  0.02597705 0.11880909]
 [0.25684503 0.284206   0.45894897]
 [0.32585463 0.5202454  0.1539    ]]
probabilities: [[0.466622   0.46309924 0.07027878]
 [0.64927477 0.13827963 0.21244559]
 [0.06640998 0.70359457 0.22999544]
 [0.32935247 0.12235884 0.5482887 ]
 [0.5450898  0.44065806 0.01425216]]
probabilities: [[0.26600277 0.4736424  0.26035482]
 [0.48006108 0.16057533 0.3593636 ]
 [0.3735753  0.47292826 0.15349644]
 [0.29002857 0.537022   0.17294942]
 [0.6146296  0.05569228 0.32967806]]
probabilities: [[0. 1. 0.]
 [0. 1. 0.]
 [0. 1. 0.]
 [0. 1. 0.]
 [0. 1. 0.]]
probabilities: [[0.1970013  0.60608625 0.19691248]
 [0.5557031  0.4422165  0.00208042]
 [0.6133843  0.23777632 0.14883934]
 [0.5261528  0.12289024 0.350957  ]
 [0.55622584 0.2993088  0.14446537]]
probabilities: [[0.18297665 0.27969277 0.53733057]
 [0.46988064 0.32379848 0.2063209 ]
 [0.5165045  0.21472034 0.2687751 ]
 [0.5991421  0.14816602 0.25269192]
 [0.3455143  0.5630616  0.09142409]]
probabilities: [[0.07011309 0.54542804 0.3844589 ]
 [0.65086436 0.09951556 0.2496201 ]
 [0.33608863 0.6055099  0.05840148]
 [0.02877422 0.05556797 0.9156578 ]
 [0.5964518  0.23268496 0.17086324]]
probabilities: [[0. 0. 1.]
 [0. 1. 0.]
 [0. 1. 0.]
 [0. 0. 1.]
 [0. 0. 1.]]
probabilities: [[0.18003161 0.54679173 0.27317667]
 [0.28493646 0.24972229 0.46534127]
 [0.07655671 0.0273998  0.8960435 ]
 [0.23797512 0.41048574 0.3515391 ]
 [0.45780474 0.3001449  0.24205035]]
probabilities: [[0.48790357 0.0566916  0.45540485]
 [0.30887333 0.28341544 0.40771124]
 [0.11964332 0.80267537 0.07768131]
 [0.41966787 0.27858552 0.30174658]
 [0.0272714  0.7108908  0.26183778]]
probabilities: [[0.9018675  0.09254582 0.00558668]
 [0.40032253 0.07785159 0.5218259 ]
 [0.05616132 0.14087574 0.80296296]
 [0.5689932  0.2229744  0.2080324 ]
 [0.53241396 0.32363623 0.1439498 ]]
probabilities: [[0. 1. 0.]
 [0. 1. 0.]
 [0. 1. 0.]
 [0. 1. 0.]
 [0. 1. 0.]]
probabilities: [[0.06906133 0.36431146 0.5666272 ]
 [0.12560727 0.3049559  0.56943685]
 [0.18785547 0.80808264 0.00406191]
 [0.01585077 0.3535777  0.63057154]
 [0.33309534 0.37738878 0.2895159 ]]
probabilities: [[0.24321584 0.65071744 0.10606675]
 [0.09377897 0.284443   0.6217781 ]
 [0.30601293 0.56137305 0.13261399]
 [0.06715805 0.17917877 0.7536632 ]
 [0.45419422 0.24113174 0.30467406]]
probabilities: [[0.46087664 0.15991174 0.37921163]
 [0.7031831  0.00348613 0.29333076]
 [0.4016065  0.4486894  0.14970411]
 [0.93742275 0.0023354  0.06024185]
 [0.198253   0.79593456 0.00581245]]
probabilities: [[0. 0. 1.]
 [0. 1. 0.]
 [0. 1. 0.]
 [0. 0. 1.]
 [0. 0. 1.]]
probabilities: [[0.63494915 0.31905428 0.04599657]
 [0.10427038 0.8140784  0.08165121]
 [0.01771427 0.55405104 0.4282347 ]
 [0.29580528 0.17573673 0.528458  ]
 [0.37667033 0.09539422 0.52793545]]
probabilities: [[0.37021676 0.4884615  0.14132173]
 [0.5199189  0.46467757 0.01540349]
 [0.5347493  0.17174101 0.29350966]
 [0.45042476 0.24974665 0.2998286 ]
 [0.6751357  0.14849058 0.17637375]]
probabilities: [[0.7283177  0.11303587 0.15864648]
