probabilities: [[0. 0. 1.]
 [0. 1. 0.]
 [0. 1. 0.]
 [0. 0. 1.]
 [0. 0. 1.]]
probabilities: [[0.08976963 0.55176437 0.35846603]
 [0.23837814 0.38284945 0.3787724 ]
 [0.8621226  0.05188302 0.08599439]
 [0.2813284  0.36833167 0.35033992]
 [0.3480665  0.31392646 0.33800703]]
probabilities: [[0.7822706  0.03390209 0.18382728]
 [0.94512135 0.02999714 0.02488154]
 [0.8263759  0.02392791 0.14969622]
 [0.36795074 0.36200428 0.27004498]
 [0.38772377 0.02160509 0.5906711 ]]
probabilities: [[4.9854061e-01 4.6183649e-01 3.9622921e-02]
 [2.6771495e-01 1.7599726e-01 5.5628777e-01]
 [4.4870746e-01 4.9313065e-02 5.0197947e-01]
 [5.3782099e-01 4.6145129e-01 7.2768272e-04]
 [7.9521757e-01 1.9669454e-01 8.0878930e-03]]
probabilities: [[1. 0. 0.]
 [1. 0. 0.]
 [1. 0. 0.]
 [1. 0. 0.]
 [1. 0. 0.]]
probabilities: [[0.66892314 0.00178408 0.32929277]
 [0.07846678 0.10937779 0.8121554 ]
 [0.074249   0.14253238 0.7832186 ]
 [0.00823931 0.38006797 0.6116927 ]
 [0.5727112  0.04469475 0.38259402]]
probabilities: [[0.02855535 0.43053257 0.5409121 ]
 [0.862268   0.1336164  0.00411563]
 [0.15876704 0.48332188 0.35791108]
 [0.31455454 0.09483808 0.5906074 ]
 [0.27496114 0.23444435 0.49059448]]
probabilities: [[0.04772661 0.6980544  0.25421906]
 [0.07802242 0.4523344  0.46964318]
 [0.17486152 0.31756872 0.5075698 ]
 [0.11951556 0.86355    0.01693443]
 [0.10498641 0.7709162  0.12409734]]
probabilities: [[1. 0. 0.]
 [1. 0. 0.]
 [1. 0. 0.]
 [1. 0. 0.]
 [1. 0. 0.]]
probabilities: [[0.39549088 0.55182254 0.05268653]
 [0.14934666 0.62998384 0.22066946]
 [0.58783764 0.19505784 0.21710451]
 [0.43243414 0.342053   0.22551286]
 [0.82581073 0.06879957 0.10538971]]
probabilities: [[0.0776555  0.7912359  0.1311086 ]
 [0.01672582 0.32086018 0.662414  ]
 [0.32547638 0.08049115 0.59403247]
 [0.30754155 0.24915619 0.44330227]
 [0.46653584 0.35349366 0.1799705 ]]
probabilities: [[0.32901374 0.5129115  0.15807477]
 [0.7194882  0.24457301 0.03593878]
 [0.30845937 0.01799702 0.67354363]
 [0.5154085  0.38817593 0.09641557]
 [0.65146846 0.21777298 0.13075857]]
probabilities: [[0. 1. 0.]
 [0. 1. 0.]
 [0. 1. 0.]
 [0. 1. 0.]
 [0. 1. 0.]]
probabilities: [[0.1646602  0.09790054 0.7374393 ]
 [0.012465   0.26511177 0.7224232 ]
 [0.29312506 0.18908662 0.51778835]
 [0.48979846 0.02166742 0.48853412]
 [0.58362204 0.41432098 0.00205697]]
probabilities: [[0.12069599 0.46835357 0.41095045]
 [0.05000675 0.37532997 0.5746633 ]
 [0.10934357 0.7048297  0.18582672]
 [0.9221559  0.05827562 0.01956848]
 [0.3660878  0.5541371  0.07977509]]
probabilities: [[0.67678463 0.18611376 0.13710162]
 [0.31678763 0.67364615 0.00956623]
 [0.4524479  0.37201157 0.17554054]
 [0.39125296 0.49885392 0.10989312]
 [0.27794325 0.686814   0.03524272]]
probabilities: [[1. 0. 0.]
 [1. 0. 0.]
 [1. 0. 0.]
 [1. 0. 0.]
 [1. 0. 0.]]
probabilities: [[0.4807209  0.29536307 0.22391602]
 [0.26472506 0.7075577  0.02771727]
 [0.12176514 0.42265344 0.45558143]
 [0.43340573 0.5503829  0.01621135]
 [0.4331415  0.43418667 0.13267182]]
probabilities: [[0.43061844 0.36506984 0.20431174]
 [0.24794759 0.55279607 0.19925633]
 [0.3794068  0.2755388  0.34505442]
 [0.23419616 0.25119296 0.5146109 ]
 [0.24383533 0.46915483 0.28700984]]
probabilities: [[0.59783256 0.11320996 0.28895748]
 [0.4693966  0.04211602 0.4884874 ]
 [0.05617234 0.39414224 0.5496854 ]
 [0.6791181  0.09108471 0.22979717]
 [0.01511994 0.74530834 0.23957169]]
probabilities: [[0. 0. 1.]
 [0. 1. 0.]
 [0. 1. 0.]
 [0. 0. 1.]
 [0. 0. 1.]]
probabilities: [[0.22569731 0.59047943 0.18382329]
 [0.17440508 0.22859626 0.5969987 ]
 [0.23194855 0.14936842 0.61868304]
 [0.49639148 0.21003322 0.29357532]
 [0.21270762 0.68918455 0.09810783]]
probabilities: [[0.4203825  0.3027019  0.27691564]
 [0.01213185 0.82633597 0.16153218]
 [0.28329265 0.32946095 0.38724643]
 [0.51234436 0.20070691 0.28694874]
 [0.1625088  0.46120682 0.37628436]]
probabilities: [[0.05363223 0.92063093 0.02573681]
 [0.01441053 0.3193172  0.6662723 ]
 [0.02277572 0.24006417 0.7371601 ]
 [0.10048242 0.7300251  0.16949245]
 [0.16572012 0.3358568  0.4984231 ]]
probabilities: [[0. 1. 0.]
 [0. 1. 0.]
 [0. 1. 0.]
 [0. 1. 0.]
 [0. 1. 0.]]
probabilities: [[0.37365684 0.3606596  0.2656836 ]
 [0.5351818  0.41509342 0.04972473]
 [0.07406496 0.8738845  0.05205055]
 [0.38415068 0.22724555 0.38860375]
 [0.48147154 0.12228575 0.3962427 ]]
probabilities: [[0.1797258  0.78115493 0.03911925]
 [0.41098756 0.08189797 0.50711447]
 [0.19296932 0.30717406 0.49985665]
 [0.13055441 0.1723174  0.6971282 ]
 [0.06454255 0.3092645  0.6261929 ]]
probabilities: [[0.4227663  0.06677774 0.51045597]
 [0.08555696 0.6562877  0.2581553 ]
 [0.15135954 0.3170124  0.5316281 ]
 [0.43849185 0.5311548  0.03035332]
 [0.12497882 0.5953583  0.27966285]]
probabilities: [[0. 0. 1.]
 [0. 1. 0.]
 [0. 0. 1.]
 [0. 0. 1.]
 [0. 0. 1.]]
probabilities: [[0.66487074 0.19201723 0.14311202]
 [0.35624808 0.1216967  0.5220552 ]
 [0.41608348 0.26054215 0.32337433]
 [0.6493701  0.22516118 0.12546876]
 [0.64996177 0.3197184  0.03031985]]
probabilities: [[0.76820743 0.21781275 0.0139798 ]
 [0.09972325 0.10976153 0.79051524]
 [0.29283622 0.20118323 0.50598055]
 [0.383633   0.25646108 0.35990593]
 [0.25250205 0.4296029  0.31789505]]
probabilities: [[0.49925485 0.18579313 0.31495202]
 [0.55064386 0.26776338 0.18159273]
 [0.09705997 0.8926993  0.01024071]
 [0.02486016 0.50664955 0.4684903 ]
 [0.26995304 0.67596215 0.05408484]]
probabilities: [[0. 0. 1.]
 [0. 1. 0.]
 [0. 0. 1.]
 [0. 0. 1.]
 [0. 0. 1.]]
probabilities: [[0.73975766 0.19296418 0.06727817]
 [0.16268682 0.12142198 0.7158912 ]
 [0.46701425 0.33619574 0.19679001]
 [0.17598101 0.53069127 0.29332772]
 [0.23098    0.08825954 0.68076044]]
probabilities: [[0.41141158 0.02272672 0.5658617 ]
 [0.18540975 0.7517934  0.06279683]
 [0.09151087 0.74242425 0.16606487]
 [0.07317742 0.21226944 0.7145531 ]
 [0.01923294 0.75027126 0.23049583]]
probabilities: [[0.01478541 0.22953    0.7556846 ]
 [0.05204235 0.8891018  0.05885585]
 [0.60031044 0.3705409  0.02914867]
 [0.42001882 0.23460223 0.34537897]
 [0.03565636 0.0453665  0.91897714]]
probabilities: [[0. 0. 1.]
 [0. 1. 0.]
 [0. 0. 1.]
 [0. 0. 1.]
 [0. 0. 1.]]
probabilities: [[0.28634265 0.6555168  0.05814054]
 [0.04535968 0.6787108  0.27592948]
 [0.06196183 0.1804255  0.75761265]
 [0.22548938 0.3282413  0.44626933]
 [0.13771027 0.3195149  0.5427748 ]]
probabilities: [[0.5665669  0.15128022 0.28215286]
 [0.33460554 0.05418034 0.6112141 ]
 [0.74528265 0.03919168 0.21552566]
 [0.24816458 0.36922717 0.38260826]
 [0.31862044 0.28607023 0.39530933]]
probabilities: [[0.18467698 0.61983323 0.19548976]
 [0.27423686 0.56511486 0.1606483 ]
 [0.1343421  0.7184084  0.1472495 ]
 [0.5014151  0.47807637 0.02050857]
 [0.23889475 0.44251865 0.3185866 ]]
probabilities: [[1. 0. 0.]
 [1. 0. 0.]
 [1. 0. 0.]
 [1. 0. 0.]
 [1. 0. 0.]]
probabilities: [[0.09564934 0.652516   0.25183463]
 [0.3622043  0.45956373 0.17823197]
 [0.15759762 0.1827123  0.6596901 ]
 [0.69298136 0.04413177 0.26288688]
 [0.54964983 0.36055186 0.08979831]]
probabilities: [[0.03991152 0.44871786 0.51137066]
 [0.4386661  0.2609525  0.3003814 ]
 [0.2656712  0.47157946 0.26274934]
 [0.10341933 0.6708493  0.22573133]
 [0.2208102  0.25325876 0.52593106]]
probabilities: [[0.19886798 0.07485524 0.7262768 ]
 [0.23780131 0.20541847 0.5567802 ]
 [0.6147571  0.37092564 0.01431725]
 [0.3996504  0.37337628 0.22697333]
 [0.16652055 0.7288304  0.10464904]]
probabilities: [[0. 0. 1.]
 [0. 1. 0.]
 [0. 0. 1.]
 [0. 0. 1.]
 [0. 0. 1.]]
probabilities: [[0.6584273  0.30121517 0.04035753]
 [0.31202888 0.6809357  0.00703546]
 [0.04740018 0.5223428  0.43025702]
 [0.32389534 0.5655681  0.11053657]
 [0.03758298 0.74456173 0.2178553 ]]
probabilities: [[0.75301206 0.08255294 0.164435  ]
 [0.3048042  0.21241923 0.48277658]
 [0.71826375 0.02283268 0.2589036 ]
 [0.5702051  0.14800939 0.28178552]
 [0.5385353  0.19346173 0.26800296]]
probabilities: [[0.11303928 0.25956875 0.627392  ]
 [0.00891702 0.7775946  0.21348837]
 [0.16806053 0.48229384 0.3496456 ]
 [0.05987066 0.1012933  0.8388361 ]
 [0.3095576  0.60935843 0.081084  ]]
probabilities: [[0. 1. 0.]
 [0. 1. 0.]
 [0. 1. 0.]
 [0. 1. 0.]
 [0. 1. 0.]]
probabilities: [[0.22602743 0.28033876 0.4936338 ]
 [0.75652796 0.09130123 0.15217079]
 [0.5446685  0.2656561  0.1896754 ]
 [0.700423   0.12939402 0.17018294]
 [0.31643313 0.11917283 0.56439406]]
probabilities: [[0.07975212 0.57240415 0.34784374]
 [0.08674114 0.67659974 0.2366591 ]
 [0.23153533 0.1858667  0.582598  ]
 [0.06262583 0.84350574 0.09386841]
 [0.64922774 0.18787493 0.1628973 ]]
probabilities: [[0.19643623 0.08882506 0.7147387 ]
 [0.00453274 0.56598336 0.4294839 ]
 [0.46507916 0.24418215 0.29073867]
 [0.3358003  0.10740595 0.55679375]
 [0.16452235 0.17390718 0.6615705 ]]
probabilities: [[0. 1. 0.]
 [0. 1. 0.]
 [0. 1. 0.]
 [0. 1. 0.]
 [0. 1. 0.]]
probabilities: [[0.28191823 0.30394    0.4141418 ]
 [0.7570466  0.22310436 0.01984907]
 [0.3996184  0.25347546 0.34690616]
 [0.04551169 0.2006607  0.75382763]
 [0.26230136 0.1785869  0.5591117 ]]
probabilities: [[0.39260998 0.3447551  0.2626349 ]
 [0.64800715 0.26513347 0.08685936]
 [0.12204502 0.82236624 0.05558874]
 [0.84675324 0.1458674  0.00737934]
 [0.36620754 0.26759845 0.366194  ]]
probabilities: [[0.41066885 0.44831315 0.14101802]
 [0.4501493  0.1020932  0.4477575 ]
 [0.7269386  0.14228494 0.13077644]
 [0.3564553  0.05989077 0.5836539 ]
 [0.39787188 0.5236492  0.07847889]]
probabilities: [[0. 0. 1.]
 [0. 1. 0.]
 [0. 0. 1.]
 [0. 0. 1.]
 [0. 0. 1.]]
probabilities: [[0.06477849 0.10567007 0.82955146]
 [0.06321308 0.24907956 0.68770736]
 [0.35486007 0.30084726 0.34429267]
 [0.46280897 0.51388353 0.02330747]
 [0.09454546 0.8026302  0.10282438]]
probabilities: [[0.18258172 0.7320044  0.08541385]
 [0.7242145  0.06465742 0.21112806]
 [0.12741695 0.3277759  0.54480714]
 [0.45370403 0.07656374 0.46973222]
 [0.01604658 0.24307631 0.7408771 ]]
probabilities: [[0.3057577  0.4810807  0.2131616 ]
 [0.47225904 0.09445746 0.4332835 ]
 [0.68649995 0.13811305 0.17538698]
 [0.31493682 0.6025153  0.08254787]
 [0.34203473 0.09667353 0.56129175]]
probabilities: [[0. 0. 1.]
 [0. 1. 0.]
 [0. 1. 0.]
 [0. 0. 1.]
 [0. 0. 1.]]
probabilities: [[0.4344102  0.08214464 0.48344514]
 [0.64254326 0.24625172 0.11120505]
 [0.46839827 0.1083269  0.42327484]
 [0.00743217 0.4116462  0.58092165]
 [0.56781405 0.39364815 0.03853783]]
probabilities: [[0.05971475 0.5951098  0.34517542]
 [0.19823833 0.21861756 0.5831441 ]
 [0.539953   0.09397142 0.36607558]
 [0.11622752 0.00745524 0.87631726]
 [0.22106872 0.49530557 0.28362572]]
probabilities: [[0.19137336 0.75562215 0.0530045 ]
 [0.12785222 0.37725583 0.49489197]
 [0.08048315 0.01879662 0.90072024]
 [0.0669495  0.15165299 0.7813975 ]
 [0.26807022 0.3745667  0.35736308]]
probabilities: [[0. 1. 0.]
 [0. 1. 0.]
 [0. 1. 0.]
 [0. 1. 0.]
 [0. 1. 0.]]
probabilities: [[0.7468576  0.03549865 0.21764374]
 [0.06281597 0.6319102  0.30527383]
 [0.27012497 0.00401786 0.72585714]
 [0.8214715  0.01873201 0.15979649]
 [0.18136826 0.81086856 0.00776315]]
probabilities: [[0.29782262 0.28361386 0.41856351]
 [0.1973547  0.26183775 0.54080755]
 [0.65807813 0.2578204  0.08410145]
 [0.01477515 0.4438135  0.54141134]
 [0.12835138 0.32257548 0.54907316]]
probabilities: [[0.460357   0.5373218  0.0023212 ]
 [0.5381484  0.381984   0.07986759]
 [0.9556557  0.03610308 0.00824123]
 [0.5008633  0.04238859 0.4567481 ]
 [0.513447   0.01098836 0.47556463]]
probabilities: [[0. 0. 1.]
 [0. 1. 0.]
 [0. 1. 0.]
 [0. 0. 1.]
 [0. 0. 1.]]
probabilities: [[0.2723802  0.02338956 0.70423025]
 [0.23539342 0.6925058  0.07210078]
 [0.10709568 0.63843274 0.25447154]
 [0.05566917 0.45016572 0.49416512]
 [0.1655859  0.5354777  0.29893643]]
probabilities: [[0.474038   0.4637425  0.0622195 ]
 [0.07907806 0.85098356 0.06993838]
 [0.02247121 0.6255099  0.3520189 ]
 [0.06175162 0.40330353 0.53494483]
 [0.48977405 0.25223434 0.25799164]]
probabilities: [[0.7784519  0.11321411 0.10833398]
 [0.12177603 0.77934957 0.09887441]
 [0.43588027 0.21836837 0.34575137]
 [0.51156646 0.48460042 0.00383311]
 [0.68700534 0.18939076 0.12360393]]
probabilities: [[0. 0. 1.]
 [0. 1. 0.]
 [0. 1. 0.]
 [0. 0. 1.]
 [0. 0. 1.]]
probabilities: [[0.00808655 0.27433416 0.7175793 ]
 [0.16607694 0.63928246 0.19464059]
 [0.28382197 0.47423914 0.2419389 ]
 [0.34759322 0.46909997 0.18330681]
 [0.12558012 0.67574024 0.19867963]]
probabilities: [[0.65405804 0.01164729 0.33429468]
 [0.08661207 0.2862795  0.62710845]
 [0.9164478  0.04471494 0.03883726]
 [0.01442795 0.90936476 0.0762073 ]
 [0.43876243 0.13498938 0.4262482 ]]
probabilities: [[0.0139418  0.03804837 0.94800985]
 [0.22051418 0.24081597 0.5386699 ]
 [0.21897477 0.6452033  0.13582192]
 [0.17549807 0.5819236  0.24257836]
 [0.36166176 0.2657492  0.37258905]]
probabilities: [[1. 0. 0.]
 [1. 0. 0.]
 [1. 0. 0.]
 [1. 0. 0.]
 [1. 0. 0.]]
probabilities: [[0.7491599  0.13075183 0.12008827]
 [0.89261997 0.08690687 0.02047314]
 [0.4588802  0.20860347 0.33251634]
 [0.8127336  0.18486232 0.00240406]
 [0.15460187 0.65985125 0.18554686]]
probabilities: [[0.87822616 0.0880927  0.03368112]
 [0.1826422  0.36795366 0.44940412]
 [0.15200149 0.7541185  0.09388003]
 [0.6670668  0.09150513 0.24142809]
 [0.11925524 0.7281884  0.15255637]]
probabilities: [[0.6189817  0.13730872 0.2437096 ]
 [0.37172967 0.6050183  0.02325202]
 [0.5606898  0.10126764 0.33804253]
 [0.40281206 0.19576077 0.40142718]
 [0.01594515 0.92533624 0.05871863]]
probabilities: [[0. 0. 1.]
 [0. 1. 0.]
 [0. 1. 0.]
 [0. 0. 1.]
 [0. 0. 1.]]
probabilities: [[0.74338335 0.01531192 0.24130474]
 [0.13147457 0.2548721  0.6136533 ]
 [0.8017921  0.00609582 0.1921121 ]
 [0.41548252 0.2776062  0.30691126]
 [0.24261048 0.260527   0.4968625 ]]
probabilities: [[0.4664908  0.29659313 0.23691607]
 [0.22919387 0.41466647 0.35613966]
 [0.50654554 0.23005605 0.2633984 ]
 [0.00205968 0.7618906  0.23604976]
 [0.23087287 0.5754873  0.19363979]]
probabilities: [[0.34862882 0.28077522 0.37059596]
 [0.6800822  0.0797116  0.2402062 ]
 [0.14009778 0.41988552 0.44001672]
 [0.03171743 0.21446003 0.75382257]
 [0.55885977 0.37297666 0.0681636 ]]
probabilities: [[0. 0. 1.]
 [0. 1. 0.]
 [0. 0. 1.]
 [0. 0. 1.]
 [0. 0. 1.]]
probabilities: [[0.7653661  0.13311695 0.101517  ]
 [0.11493329 0.38241032 0.5026564 ]
 [0.07750932 0.7510973  0.17139338]
 [0.34649244 0.578338   0.07516956]
 [0.7880227  0.15509437 0.05688293]]
probabilities: [[0.42702055 0.5609598  0.01201963]
 [0.7161233  0.1226417  0.161235  ]
 [0.43760973 0.28188315 0.28050712]
 [0.7456601  0.23499405 0.01934583]
 [0.4240857  0.4557327  0.12018157]]
probabilities: [[4.2418054e-01 1.5260439e-01 4.2321509e-01]
 [6.3055372e-01 3.6893743e-01 5.0885638e-04]
 [3.8321084e-01 2.5147527e-01 3.6531389e-01]
 [3.3328483e-01 6.4037061e-01 2.6344547e-02]
 [3.3616734e-01 1.5185890e-01 5.1197380e-01]]
probabilities: [[0. 0. 1.]
 [0. 1. 0.]
 [0. 0. 1.]
 [0. 0. 1.]
 [0. 0. 1.]]
probabilities: [[0.15196645 0.43760726 0.41042632]
 [0.2393736  0.26820493 0.49242145]
 [0.0680616  0.64769465 0.2842438 ]
 [0.13359405 0.48896724 0.37743872]
 [0.24823284 0.20037687 0.5513903 ]]
probabilities: [[0.45531222 0.4468118  0.09787598]
 [0.3151543  0.4701962  0.21464948]
 [0.09013906 0.7522725  0.15758847]
 [0.36527678 0.2727827  0.3619405 ]
 [0.2578429  0.05603375 0.6861234 ]]
probabilities: [[0.31017914 0.4033845  0.28643635]
 [0.18253207 0.25124797 0.5662199 ]
 [0.21082082 0.10388675 0.6852924 ]
 [0.23121712 0.04854022 0.7202427 ]
 [0.29288533 0.48253    0.22458467]]
probabilities: [[1. 0. 0.]
 [1. 0. 0.]
 [1. 0. 0.]
 [1. 0. 0.]
 [1. 0. 0.]]
probabilities: [[0.43686655 0.3183972  0.24473628]
 [0.34946012 0.27145216 0.37908775]
 [0.08244242 0.28118792 0.63636965]
 [0.01899796 0.4823993  0.49860275]
 [0.41958156 0.05489993 0.52551854]]
probabilities: [[0.18235834 0.46873093 0.34891075]
 [0.56556946 0.31938124 0.1150493 ]
 [0.00980886 0.19066936 0.7995218 ]
 [0.17990686 0.6776728  0.14242035]
 [0.38354838 0.39711767 0.21933396]]
probabilities: [[0.3578981  0.49657336 0.14552854]
 [0.11192514 0.87896335 0.00911152]
 [0.8456995  0.12753388 0.02676664]
 [0.409856   0.319934   0.27021   ]
 [0.16671312 0.6304863  0.2028006 ]]
probabilities: [[0. 0. 1.]
 [0. 1. 0.]
 [0. 1. 0.]
 [0. 0. 1.]
 [0. 0. 1.]]
probabilities: [[0.1375512  0.21638976 0.64605904]
 [0.20538378 0.6699113  0.1247049 ]
 [0.11143927 0.4723955  0.41616523]
 [0.42221278 0.43511072 0.14267649]
 [0.07725734 0.596891   0.32585168]]
probabilities: [[0.07334009 0.64338404 0.28327587]
 [0.305091   0.20934197 0.48556703]
 [0.62795794 0.36957458 0.00246746]
 [0.3508749  0.27812424 0.37100086]
 [0.01589766 0.55822146 0.42588088]]
probabilities: [[0.28946537 0.33953834 0.3709963 ]
 [0.12472208 0.8600553  0.01522262]
 [0.14238957 0.20922227 0.64838815]
 [0.15074019 0.01342937 0.83583045]
 [0.71472573 0.18926083 0.09601345]]
probabilities: [[0. 1. 0.]
 [0. 1. 0.]
 [0. 1. 0.]
 [0. 1. 0.]
 [0. 1. 0.]]
probabilities: [[0.34608942 0.56259066 0.09131995]
 [0.12540312 0.36355937 0.51103747]
 [0.13457209 0.44058174 0.42484617]
 [0.0378569  0.8512188  0.11092426]
 [0.42667478 0.56927675 0.00404848]]
probabilities: [[0.5782532  0.1617295  0.2600173 ]
 [0.5014701  0.34959155 0.14893834]
 [0.8372838  0.13238367 0.03033255]
 [0.0271974  0.16454531 0.8082573 ]
 [0.45813626 0.36007717 0.18178657]]
probabilities: [[0.6313421  0.00734608 0.3613118 ]
 [0.45841208 0.4964367  0.04515124]
 [0.45752066 0.43678853 0.10569081]
 [0.17338504 0.64959794 0.17701702]
 [0.16036251 0.62308633 0.21655115]]
probabilities: [[0. 0. 1.]
 [0. 1. 0.]
 [0. 0. 1.]
 [0. 0. 1.]
 [0. 0. 1.]]
probabilities: [[0.21998814 0.74112034 0.03889154]
 [0.13698494 0.20170408 0.661311  ]
 [0.83556914 0.04451631 0.11991452]
 [0.07865358 0.4128885  0.5084579 ]
 [0.49869183 0.06272344 0.43858474]]
probabilities: [[0.32748514 0.5680624  0.10445242]
 [0.695735   0.10730381 0.19696122]
 [0.03895605 0.47495142 0.48609254]
 [0.35494784 0.19332066 0.4517315 ]
 [0.6286119  0.19432405 0.17706403]]
probabilities: [[0.5966791  0.37135768 0.03196324]
 [0.03872003 0.11942182 0.84185815]
 [0.5460499  0.3543692  0.09958088]
 [0.07441517 0.85993844 0.0656464 ]
 [0.1014101  0.5960739  0.30251595]]
probabilities: [[0. 0. 1.]
 [0. 1. 0.]
 [0. 0. 1.]
 [0. 0. 1.]
 [0. 0. 1.]]
probabilities: [[0.4075146  0.14973988 0.4427455 ]
 [0.2699196  0.17567588 0.5544045 ]
 [0.4646643  0.3074949  0.22784078]
 [0.67867136 0.27191296 0.04941569]
 [0.3655386  0.0225781  0.6118833 ]]
probabilities: [[0.08077092 0.8847341  0.03449497]
 [0.18567698 0.35944209 0.45488095]
 [0.18064825 0.6758259  0.14352584]
 [0.00966037 0.08354618 0.9067934 ]
 [0.28752092 0.29478925 0.41768983]]
probabilities: [[0.20105517 0.6412617  0.15768315]
 [0.145277   0.4484005  0.4063225 ]
 [0.74725294 0.17336488 0.07938216]
 [0.6461754  0.07470862 0.27911603]
 [0.20309164 0.7934997  0.00340864]]
probabilities: [[0. 0. 1.]
 [0. 1. 0.]
 [0. 1. 0.]
 [0. 0. 1.]
 [0. 0. 1.]]
probabilities: [[0.4259709  0.1807232  0.39330587]
 [0.01605136 0.5552067  0.4287419 ]
 [0.08580446 0.40502188 0.5091737 ]
 [0.33568496 0.23534176 0.4289733 ]
 [0.14593726 0.28695804 0.5671047 ]]
probabilities: [[0.05395373 0.7854562  0.16059011]
 [0.6353647  0.0588633  0.305772  ]
 [0.3274107  0.34018722 0.33240208]
 [0.23551251 0.4855034  0.2789841 ]
 [0.5480884  0.27958357 0.17232808]]
probabilities: [[0.4018214  0.1946975  0.4034811 ]
 [0.21296442 0.00441096 0.7826246 ]
 [0.02733868 0.595304   0.37735733]
 [0.571838   0.24308325 0.18507871]
 [0.33785266 0.06999654 0.5921508 ]]
probabilities: [[0. 0. 1.]
 [0. 1. 0.]
 [0. 1. 0.]
 [0. 0. 1.]
 [0. 0. 1.]]
probabilities: [[0.32808948 0.00780805 0.6641025 ]
 [0.39458025 0.3043391  0.30108064]
 [0.0120007  0.9055138  0.0824855 ]
 [0.8819421  0.09924481 0.0188131 ]
 [0.04531368 0.19853109 0.75615525]]
probabilities: [[0.7936858  0.10313917 0.10317504]
 [0.23451857 0.68555003 0.07993141]
 [0.26470283 0.5691133  0.16618387]
 [0.31932423 0.56358427 0.11709151]
 [0.4098096  0.01210102 0.57808936]]
probabilities: [[0.34509367 0.6291498  0.02575657]
 [0.6862855  0.12130097 0.19241352]
 [0.01471132 0.41563052 0.56965816]
 [0.05392968 0.06562522 0.8804451 ]
 [0.41069213 0.08778153 0.50152636]]
probabilities: [[0. 1. 0.]
 [0. 1. 0.]
 [0. 1. 0.]
 [0. 1. 0.]
 [0. 1. 0.]]
probabilities: [[0.02311105 0.02329456 0.9535944 ]
 [0.08322785 0.6140929  0.30267924]
 [0.64985245 0.2366588  0.11348873]
 [0.2389243  0.08444238 0.6766333 ]
 [0.4194674  0.25968707 0.3208455 ]]
probabilities: [[0.09701951 0.26377055 0.6392099 ]
 [0.48509046 0.23130198 0.28360754]
 [0.04664662 0.3539637  0.5993897 ]
 [0.6173     0.33621565 0.0464844 ]
 [0.2754491  0.09976225 0.62478864]]
probabilities: [[0.9301627  0.04431887 0.0255184 ]
 [0.41670167 0.38424012 0.19905822]
 [0.25044814 0.11128563 0.6382662 ]
 [0.7482391  0.1941435  0.05761738]
 [0.53872323 0.05053375 0.41074303]]
probabilities: [[0. 0. 1.]
 [0. 1. 0.]
 [0. 0. 1.]
 [0. 0. 1.]
 [0. 0. 1.]]
probabilities: [[0.54752016 0.33958244 0.11289736]
 [0.18074737 0.4276816  0.39157104]
 [0.2899143  0.21031973 0.49976596]
 [0.73739094 0.11552642 0.14708266]
 [0.70206827 0.1395557  0.15837605]]
probabilities: [[0.0662827  0.28678572 0.6469316 ]
 [0.07687988 0.08294887 0.8401712 ]
 [0.23831151 0.00106945 0.76061904]
 [0.8235921  0.04901862 0.12738928]
 [0.4704776  0.0320263  0.49749607]]
probabilities: [[0.33292687 0.21856365 0.44850948]
 [0.59615225 0.3336463  0.07020146]
 [0.39661416 0.3582169  0.24516892]
 [0.35561445 0.02264667 0.62173885]
 [0.5507019  0.01563222 0.43366584]]
probabilities: [[0. 0. 1.]
 [0. 1. 0.]
 [0. 1. 0.]
 [0. 0. 1.]
 [0. 0. 1.]]
probabilities: [[0.74980915 0.07282885 0.17736198]
 [0.22396879 0.4950181  0.28101313]
 [0.6892978  0.13013443 0.18056776]
 [0.5000215  0.22794315 0.2720353 ]
 [0.5268726  0.35542578 0.11770166]]
probabilities: [[0.5348678  0.26914796 0.19598421]
 [0.40412515 0.10959959 0.48627526]
 [0.05951628 0.46308532 0.4773984 ]
 [0.6662763  0.25744766 0.07627609]
 [0.02886836 0.9399392  0.03119244]]
probabilities: [[0.04019262 0.5211986  0.43860883]
 [0.46547073 0.33045834 0.20407093]
 [0.66065174 0.10124683 0.23810142]
 [0.41932797 0.16988441 0.4107876 ]
 [0.4888736  0.03336687 0.47775954]]
probabilities: [[1. 0. 0.]
 [1. 0. 0.]
 [1. 0. 0.]
 [1. 0. 0.]
 [1. 0. 0.]]
probabilities: [[0.08808997 0.4366     0.47531003]
 [0.23207891 0.43586454 0.33205655]
 [0.11245661 0.34584096 0.5417024 ]
 [0.14278074 0.19046335 0.6667559 ]
 [0.14623211 0.4721672  0.3816007 ]]
probabilities: [[0.55928063 0.36825892 0.07246046]
 [0.06629962 0.37882894 0.55487144]
 [0.20627572 0.0190662  0.7746581 ]
 [0.30887157 0.5998651  0.09126337]
 [0.17263098 0.14335343 0.6840156 ]]
probabilities: [[0.49042377 0.43313015 0.07644609]
 [0.3594559  0.29175854 0.34878555]
 [0.05038919 0.5543171  0.3952937 ]
 [0.554311   0.15982907 0.28585997]
 [0.13698557 0.12346014 0.7395543 ]]
probabilities: [[0. 0. 1.]
 [0. 1. 0.]
 [0. 1. 0.]
 [0. 0. 1.]
 [0. 0. 1.]]
probabilities: [[0.51442987 0.3579643  0.1276058 ]
 [0.62440264 0.21669675 0.15890057]
 [0.50055873 0.24453127 0.25491   ]
 [0.21986526 0.37631586 0.40381888]
 [0.19727366 0.64495647 0.15776987]]
probabilities: [[0.4972218  0.4998853  0.00289289]
 [0.2013563  0.14604525 0.65259844]
 [0.26747558 0.7038763  0.0286481 ]
 [0.21699536 0.36318746 0.41981718]
 [0.6705838  0.07945315 0.24996307]]
probabilities: [[0.49525562 0.3778999  0.1268445 ]
 [0.22686143 0.45022035 0.3229182 ]
 [0.63107765 0.20806234 0.16086002]
 [0.55154836 0.40481353 0.04363813]
 [0.06015293 0.7660022  0.17384487]]
probabilities: [[0. 0. 1.]
 [0. 1. 0.]
 [0. 0. 1.]
 [0. 0. 1.]
 [0. 0. 1.]]
probabilities: [[0.3210417  0.5690047  0.10995359]
 [0.81916595 0.07067151 0.11016256]
 [0.7428094  0.03160061 0.22558996]
 [0.62756234 0.27154523 0.10089241]
 [0.31851688 0.100577   0.58090615]]
probabilities: [[0.00645402 0.3610556  0.63249034]
 [0.05918618 0.5293976  0.4114162 ]
 [0.13527343 0.5393297  0.32539687]
 [0.3773047  0.46776772 0.15492755]
 [0.23124439 0.42977545 0.33898017]]
probabilities: [[0.5552449  0.29433733 0.15041775]
 [0.17770118 0.8152843  0.0070145 ]
 [0.44444054 0.32325926 0.23230019]
 [0.49761662 0.30939457 0.1929888 ]
 [0.5123539  0.33407298 0.1535731 ]]
probabilities: [[1. 0. 0.]
 [1. 0. 0.]
 [1. 0. 0.]
 [1. 0. 0.]
 [1. 0. 0.]]
probabilities: [[0.0780757  0.66526985 0.25665444]
 [0.05380109 0.8705384  0.0756605 ]
 [0.03988026 0.3352712  0.62484854]
 [0.5809856  0.14431055 0.27470386]
 [0.06006868 0.24673465 0.69319665]]
probabilities: [[0.08958112 0.9083245  0.00209438]
 [0.24370058 0.7510479  0.0052515 ]
 [0.00302928 0.60835755 0.3886132 ]
 [0.5457182  0.36176646 0.09251533]
 [0.40395677 0.1545108  0.44153243]]
probabilities: [[0.37745813 0.5422398  0.08030209]
 [0.60964984 0.35390872 0.03644141]
 [0.7027365  0.11575006 0.18151344]
 [0.20095207 0.5568518  0.24219614]
 [0.3514288  0.04601244 0.6025588 ]]
probabilities: [[0. 1. 0.]
 [0. 1. 0.]
 [0. 1. 0.]
 [0. 1. 0.]
 [0. 1. 0.]]
probabilities: [[0.2205311  0.75474787 0.02472102]
 [0.25011432 0.07296878 0.6769169 ]
 [0.28352597 0.05220311 0.6642709 ]
 [0.61545163 0.0617089  0.32283947]
 [0.04646615 0.24462596 0.7089079 ]]
probabilities: [[0.92444915 0.01958836 0.05596248]
 [0.6001627  0.01265934 0.38717794]
 [0.21290372 0.04585859 0.7412377 ]
 [0.2389713  0.6353864  0.1256423 ]
 [0.00297556 0.4215416  0.57548285]]
probabilities: [[0.16750942 0.8248384  0.00765217]
 [0.06924731 0.02486635 0.90588635]
 [0.72509855 0.08493737 0.18996409]
 [0.7877647  0.03803142 0.17420386]
 [0.0482289  0.5078689  0.4439022 ]]
probabilities: [[0. 0. 1.]
 [0. 1. 0.]
 [0. 1. 0.]
 [0. 0. 1.]
 [0. 0. 1.]]
probabilities: [[0.21700452 0.33560097 0.4473945 ]
 [0.74625343 0.20336169 0.05038485]
 [0.6066653  0.02993579 0.3633989 ]
 [0.09411505 0.57688034 0.32900465]
 [0.15575132 0.15324849 0.6910002 ]]
probabilities: [[0.34571046 0.18548836 0.4688012 ]
 [0.34710893 0.24758092 0.40531015]
 [0.00801001 0.9318548  0.06013519]
 [0.5997585  0.37285057 0.02739095]
 [0.15111183 0.31789565 0.5309925 ]]
probabilities: [[0.3115144  0.6486645  0.03982116]
 [0.60131747 0.08055093 0.31813163]
 [0.515598   0.14342871 0.3409733 ]
 [0.05621694 0.73188907 0.21189396]
 [0.0026543  0.40157583 0.5957699 ]]
probabilities: [[0. 0. 1.]
 [0. 1. 0.]
 [0. 1. 0.]
 [0. 0. 1.]
 [0. 0. 1.]]
probabilities: [[0.48612922 0.24886139 0.2650094 ]
 [0.83222556 0.10950518 0.05826927]
 [0.45146847 0.02511854 0.523413  ]
 [0.12376366 0.01882662 0.8574097 ]
 [0.48985323 0.43786022 0.07228655]]
probabilities: [[0.17937815 0.48236904 0.3382528 ]
 [0.22998254 0.20963909 0.5603784 ]
 [0.07581957 0.66732734 0.25685304]
 [0.02661713 0.8345429  0.13884   ]
 [0.39490405 0.32500735 0.28008863]]
probabilities: [[0.14036658 0.45455012 0.4050833 ]
 [0.0842138  0.40134215 0.51444405]
 [0.60880864 0.06315122 0.32804015]
 [0.02175892 0.0420597  0.93618137]
 [0.44290686 0.04811283 0.5089803 ]]
probabilities: [[0. 0. 1.]
 [0. 1. 0.]
 [0. 1. 0.]
 [0. 0. 1.]
 [0. 0. 1.]]
probabilities: [[0.39212376 0.20012218 0.40775406]
 [0.18746637 0.62802213 0.1845115 ]
 [0.01632523 0.28972593 0.69394886]
 [0.34754005 0.12722026 0.5252397 ]
 [0.7000115  0.00899927 0.29098925]]
probabilities: [[0.1021521  0.37705234 0.5207955 ]
 [0.29811785 0.09170751 0.61017466]
 [0.08010238 0.7976705  0.12222712]
 [0.22984399 0.27283028 0.49732572]
 [0.21384831 0.13769564 0.64845604]]
probabilities: [[0.67259026 0.27162004 0.05578969]
 [0.7034705  0.19650263 0.10002683]
 [0.11872831 0.539823   0.34144872]
 [0.2102896  0.25071654 0.53899384]
 [0.30584982 0.38535616 0.30879402]]
probabilities: [[1. 0. 0.]
 [1. 0. 0.]
 [1. 0. 0.]
 [1. 0. 0.]
 [1. 0. 0.]]
probabilities: [[0.5020744  0.14891936 0.34900627]
 [0.38339707 0.32303637 0.29356655]
 [0.83874935 0.05059382 0.11065681]
 [0.3760216  0.51695627 0.10702214]
 [0.535639   0.4603364  0.00402465]]
probabilities: [[0.38985977 0.20068218 0.40945804]
 [0.54204327 0.44876602 0.00919069]
 [0.2683775  0.21175067 0.51987183]
 [0.15264235 0.07975996 0.7675977 ]
 [0.19181389 0.74034804 0.06783804]]
probabilities: [[0.10529204 0.8398373  0.05487062]
 [0.9484324  0.04865117 0.00291643]
 [0.38896614 0.553954   0.05707983]
 [0.0599206  0.09754579 0.8425336 ]
 [0.59491485 0.3690688  0.03601636]]
probabilities: [[0. 1. 0.]
 [0. 1. 0.]
 [0. 1. 0.]
 [0. 1. 0.]
 [0. 1. 0.]]
probabilities: [[0.6627361  0.23285198 0.10441189]
 [0.45470977 0.37487644 0.17041379]
 [0.42803746 0.1655676  0.40639493]
 [0.45249107 0.5202915  0.02721744]
 [0.8708213  0.08246156 0.04671714]]
probabilities: [[0.3311613  0.02591271 0.64292604]
 [0.02953843 0.90375286 0.06670871]
 [0.04786336 0.0302686  0.921868  ]
 [0.4993926  0.24719946 0.25340796]
 [0.06592497 0.6333131  0.3007619 ]]
probabilities: [[0.12983504 0.8096242  0.06054077]
 [0.17887117 0.12885445 0.6922744 ]
 [0.08797122 0.88865817 0.02337064]
 [0.6818584  0.28228927 0.03585232]
 [0.54667485 0.00091264 0.4524125 ]]
probabilities: [[0. 0. 1.]
 [0. 1. 0.]
 [0. 1. 0.]
 [0. 0. 1.]
 [0. 0. 1.]]
probabilities: [[0.31466904 0.10500827 0.5803227 ]
 [0.41802588 0.13456108 0.44741303]
 [0.3583518  0.46093696 0.18071125]
 [0.38497892 0.5036404  0.1113807 ]
 [0.21366371 0.20752656 0.57880974]]
probabilities: [[0.40550593 0.29068893 0.30380517]
 [0.21815465 0.73919606 0.04264931]
 [0.05272515 0.8664721  0.08080272]
 [0.55168414 0.22034724 0.22796859]
 [0.63774604 0.22309849 0.13915548]]
probabilities: [[0.20753263 0.19980958 0.5926578 ]
 [0.22568128 0.64048904 0.13382968]
 [0.2124882  0.6794622  0.10804961]
 [0.49991804 0.23231992 0.26776204]
 [0.48891056 0.43199202 0.07909742]]
probabilities: [[0. 0. 1.]
 [0. 1. 0.]
 [0. 0. 1.]
 [0. 0. 1.]
 [0. 0. 1.]]
probabilities: [[0.01185752 0.5672548  0.4208877 ]
 [0.3739934  0.2138906  0.41211602]
 [0.2268654  0.3519506  0.42118403]
 [0.38515946 0.4861721  0.12866844]
 [0.05923015 0.6082546  0.33251527]]
probabilities: [[0.06609366 0.34389195 0.5900144 ]
 [0.87441534 0.09048625 0.03509844]
 [0.50226456 0.23101553 0.26671988]
 [0.21472538 0.33440185 0.45087278]
 [0.38623253 0.53695756 0.07680993]]
probabilities: [[0.08675086 0.24555637 0.6676928 ]
 [0.6738386  0.11748594 0.20867546]
 [0.83450574 0.04670851 0.11878578]
 [0.03641947 0.16500393 0.7985766 ]
 [0.0315659  0.06594524 0.9024888 ]]
probabilities: [[0. 1. 0.]
 [0. 1. 0.]
 [0. 1. 0.]
 [0. 1. 0.]
 [0. 1. 0.]]
probabilities: [[0.7292167  0.19296339 0.07781991]
 [0.04988403 0.8543219  0.09579404]
 [0.0660983  0.33320725 0.6006945 ]
 [0.19929954 0.21769917 0.5830013 ]
 [0.63831776 0.04191432 0.3197679 ]]
probabilities: [[0.18612164 0.34436268 0.46951565]
 [0.11026321 0.18901494 0.70072186]
 [0.03959204 0.89377487 0.06663308]
 [0.12909213 0.00274907 0.8681588 ]
 [0.9325951  0.04981286 0.01759209]]
probabilities: [[0.3150239  0.1399911  0.544985  ]
 [0.25105086 0.07609136 0.67285776]
 [0.62109035 0.33216736 0.04674232]
 [0.5391563  0.43811947 0.02272421]
 [0.41184956 0.14101498 0.44713548]]
probabilities: [[0. 1. 0.]
 [0. 1. 0.]
 [0. 1. 0.]
 [0. 1. 0.]
 [0. 1. 0.]]
probabilities: [[0.06530658 0.88151723 0.05317618]
 [0.4130161  0.03513829 0.5518456 ]
 [0.4628499  0.39306697 0.14408314]
 [0.6248348  0.10177905 0.27338615]
 [0.58396775 0.21128182 0.20475043]]
probabilities: [[0.7513262  0.06404582 0.18462795]
 [0.26569894 0.0502985  0.6840026 ]
 [0.04525003 0.37551522 0.5792348 ]
 [0.44438806 0.0634381  0.49217382]
 [0.02740461 0.67559934 0.29699606]]
probabilities: [[0.208624   0.7072945  0.08408147]
 [0.21680608 0.6088467  0.17434718]
 [0.54838204 0.34343803 0.10817995]
 [0.30981573 0.20093882 0.48924544]
 [0.19283064 0.02416299 0.78300637]]
probabilities: [[1. 0. 0.]
 [1. 0. 0.]
 [1. 0. 0.]
 [1. 0. 0.]
 [1. 0. 0.]]
probabilities: [[0.06884596 0.7943121  0.13684191]
 [0.24697235 0.18430535 0.5687223 ]
 [0.09008892 0.21315822 0.69675285]
 [0.18986371 0.2973785  0.5127578 ]
 [0.8157611  0.07161672 0.11262216]]
probabilities: [[0.5014789  0.4918715  0.00664958]
 [0.54972124 0.22217165 0.2281071 ]
 [0.8249704  0.02750293 0.14752662]
 [0.512422   0.37807807 0.1094999 ]
 [0.28633416 0.69537103 0.01829482]]
probabilities: [[0.3485145  0.02089729 0.6305882 ]
 [0.16303273 0.66050035 0.17646693]
 [0.06856169 0.49691197 0.43452635]
 [0.4416007  0.42245668 0.13594261]
 [0.2924748  0.5873625  0.12016266]]
probabilities: [[0. 0. 1.]
 [0. 1. 0.]
 [0. 0. 1.]
 [0. 0. 1.]
 [0. 0. 1.]]
probabilities: [[0.09198692 0.557448   0.35056502]
 [0.04973242 0.34224054 0.60802704]
 [0.17922021 0.35968897 0.4610908 ]
 [0.7590354  0.1544274  0.08653721]
 [0.24511445 0.04838932 0.70649624]]
probabilities: [[0.33390105 0.33824694 0.327852  ]
 [0.7190618  0.2214361  0.05950212]
 [0.26138693 0.4250967  0.31351638]
 [0.36299932 0.46878374 0.16821694]
 [0.20836112 0.42716646 0.36447242]]
probabilities: [[0.28531462 0.576171   0.13851437]
 [0.03121739 0.5113509  0.45743167]
 [0.02065378 0.7029225  0.2764237 ]
 [0.59658724 0.1839231  0.21948965]
 [0.2561033  0.26729274 0.47660396]]
probabilities: [[1. 0. 0.]
 [1. 0. 0.]
 [1. 0. 0.]
 [1. 0. 0.]
 [1. 0. 0.]]
probabilities: [[0.43319634 0.22535554 0.34144813]
 [0.7560969  0.04941026 0.19449285]
 [0.13855661 0.22946452 0.63197887]
 [0.24000731 0.703117   0.05687565]
 [0.8315575  0.11106794 0.05737454]]
probabilities: [[0.7723919  0.2028791  0.02472899]
 [0.6424255  0.35482365 0.00275087]
 [0.41210455 0.208548   0.37934744]
 [0.49675223 0.46572727 0.03752048]
 [0.2306998  0.30125394 0.46804625]]
probabilities: [[0.2955023  0.05668821 0.6478095 ]
 [0.43896618 0.5499431  0.01109072]
 [0.46106946 0.5049324  0.03399814]
 [0.12495454 0.66099066 0.21405481]
 [0.02163256 0.67645174 0.3019157 ]]
probabilities: [[1. 0. 0.]
 [1. 0. 0.]
 [1. 0. 0.]
 [1. 0. 0.]
 [1. 0. 0.]]
probabilities: [[0.00702204 0.7057991  0.28717887]
 [0.24575455 0.4549242  0.29932126]
 [0.25185308 0.23260555 0.5155414 ]
 [0.544466   0.18578774 0.26974624]
 [0.23111022 0.47624794 0.29264185]]
probabilities: [[0.22058439 0.50639945 0.27301612]
 [0.04574791 0.63970464 0.31454742]
 [0.06153886 0.36350393 0.5749572 ]
 [0.7294465  0.15542664 0.11512686]
 [0.72469616 0.17704447 0.09825936]]
probabilities: [[0.7519598  0.1429944  0.1050458 ]
 [0.2191079  0.0996201  0.681272  ]
 [0.68381053 0.24615459 0.07003487]
 [0.13011625 0.6679851  0.20189868]
 [0.1114367  0.63459945 0.25396386]]
probabilities: [[1. 0. 0.]
 [1. 0. 0.]
 [1. 0. 0.]
 [1. 0. 0.]
 [1. 0. 0.]]
probabilities: [[0.2967554  0.36403072 0.33921388]
 [0.4323771  0.22519836 0.34242454]
 [0.3220119  0.5578697  0.12011842]
 [0.26190677 0.21627711 0.52181613]
 [0.6099263  0.21431749 0.17575625]]
probabilities: [[0.24191225 0.36832136 0.3897664 ]
 [0.58460754 0.34454578 0.07084668]
 [0.19746932 0.5153545  0.28717616]
 [0.3217876  0.3559275  0.3222849 ]
 [0.01380304 0.8540098  0.13218717]]
probabilities: [[0.17838342 0.24467894 0.5769376 ]
 [0.6050007  0.06670476 0.32829458]
 [0.17827484 0.52332896 0.2983962 ]
 [0.07696618 0.5997638  0.32327   ]
 [0.04960939 0.10709944 0.84329116]]
probabilities: [[0. 0. 1.]
 [0. 1. 0.]
 [0. 1. 0.]
 [0. 0. 1.]
 [0. 0. 1.]]
probabilities: [[0.07182207 0.551552   0.37662596]
 [0.47544485 0.15549003 0.3690651 ]
 [0.17190778 0.15114872 0.6769435 ]
 [0.7842285  0.07989776 0.13587375]
 [0.57304037 0.12651119 0.30044842]]
probabilities: [[0.13345632 0.14363478 0.7229089 ]
 [0.47786775 0.33420742 0.18792483]
 [0.45389703 0.34746113 0.19864187]
 [0.4353293  0.05493552 0.50973517]
 [0.7255356  0.2661688  0.00829562]]
probabilities: [[0.210809   0.1737744  0.6154166 ]
 [0.17824715 0.22225402 0.5994988 ]
 [0.15485394 0.3518249  0.49332115]
 [0.13449292 0.36756414 0.49794295]
 [0.03862253 0.5437607  0.41761675]]
probabilities: [[0. 0. 1.]
 [0. 1. 0.]
 [0. 0. 1.]
 [0. 0. 1.]
 [0. 0. 1.]]
probabilities: [[0.04627955 0.06781281 0.88590765]
 [0.07478112 0.682105   0.24311385]
 [0.07367098 0.71965075 0.20667826]
 [0.09859767 0.5842596  0.3171427 ]
 [0.2867638  0.24855101 0.4646852 ]]
probabilities: [[0.38340366 0.03094983 0.5856465 ]
 [0.07361018 0.7410741  0.18531573]
 [0.1115496  0.7888604  0.09959001]
 [0.1878332  0.12164847 0.6905183 ]
 [0.38044742 0.3080885  0.31146407]]
probabilities: [[0.18385187 0.15996142 0.6561867 ]
 [0.45693558 0.22928981 0.3137746 ]
 [0.5776173  0.35320708 0.06917562]
 [0.2905505  0.6475753  0.06187417]
 [0.6434579  0.2917729  0.06476923]]
probabilities: [[1. 0. 0.]
 [1. 0. 0.]
 [1. 0. 0.]
 [1. 0. 0.]
 [1. 0. 0.]]
probabilities: [[0.0904134  0.44545987 0.46412674]
 [0.18895938 0.09307653 0.7179641 ]
 [0.6011765  0.00562453 0.39319897]
 [0.3795069  0.0799108  0.5405823 ]
 [0.32697454 0.48862278 0.18440267]]
probabilities: [[0.89047205 0.02247497 0.08705297]
 [0.19588462 0.4597628  0.34435257]
 [0.17817937 0.55263114 0.26918945]
 [0.6021514  0.26279068 0.1350579 ]
 [0.38337952 0.3561381  0.26048237]]
probabilities: [[0.28685555 0.0787731  0.63437134]
 [0.74656    0.14771593 0.10572407]
 [0.5308452  0.09700575 0.37214905]
 [0.23734428 0.45272958 0.30992612]
 [0.29771137 0.574745   0.12754364]]
probabilities: [[0. 0. 1.]
 [0. 1. 0.]
 [0. 1. 0.]
 [0. 0. 1.]
 [0. 0. 1.]]
probabilities: [[0.43320057 0.4099334  0.15686603]
 [0.350449   0.07228403 0.577267  ]
 [0.2009517  0.08620998 0.7128383 ]
 [0.11226253 0.6876913  0.20004621]
 [0.33526173 0.2945105  0.37022775]]
probabilities: [[0.7146558  0.05683828 0.22850592]
 [0.6400515  0.3197275  0.04022099]
 [0.04717902 0.36360487 0.5892161 ]
 [0.25369164 0.6171801  0.12912825]
 [0.09755199 0.87302333 0.02942467]]
probabilities: [[0.13503958 0.8305667  0.03439369]
 [0.59001    0.20031637 0.20967363]
 [0.87087625 0.04090346 0.08822031]
 [0.35397798 0.31759003 0.328432  ]
 [0.05650643 0.9195683  0.02392524]]
probabilities: [[1. 0. 0.]
 [1. 0. 0.]
 [1. 0. 0.]
 [1. 0. 0.]
 [1. 0. 0.]]
probabilities: [[0.14042906 0.3049709  0.55460006]
 [0.6623693  0.21726497 0.12036572]
 [0.15626203 0.41624692 0.42749107]
 [0.05371476 0.0113967  0.93488854]
 [0.09771053 0.697322   0.20496747]]
probabilities: [[0.6143285  0.3321147  0.05355678]
 [0.45130056 0.22482014 0.3238793 ]
 [0.18134618 0.37693277 0.44172105]
 [0.04242168 0.45269972 0.5048786 ]
 [0.58990204 0.0395872  0.37051076]]
probabilities: [[0.00449267 0.67429394 0.3212134 ]
 [0.14226678 0.528633   0.32910022]
 [0.28388    0.08617063 0.6299494 ]
 [0.23951127 0.61168396 0.1488048 ]
 [0.12083449 0.7430824  0.13608313]]
probabilities: [[1. 0. 0.]
 [1. 0. 0.]
 [1. 0. 0.]
 [1. 0. 0.]
 [1. 0. 0.]]
probabilities: [[0.0368829  0.95441747 0.00869961]
 [0.5731915  0.14539151 0.28141695]
 [0.20663452 0.56294733 0.23041816]
 [0.6445213  0.09802909 0.25744963]
 [0.15013012 0.1248084  0.7250615 ]]
probabilities: [[0.34845325 0.3761996  0.27534714]
 [0.17306691 0.00762141 0.8193117 ]
 [0.06486496 0.2763859  0.6587491 ]
 [0.31297508 0.48825252 0.19877242]
 [0.23100597 0.25856552 0.5104285 ]]
probabilities: [[0.03699892 0.8119563  0.15104479]
 [0.44919002 0.07985029 0.4709597 ]
 [0.8317783  0.11112025 0.05710147]
 [0.19544299 0.5536507  0.25090635]
 [0.215115   0.03830605 0.74657893]]
probabilities: [[1. 0. 0.]
 [1. 0. 0.]
 [1. 0. 0.]
 [1. 0. 0.]
 [1. 0. 0.]]
probabilities: [[0.5409387  0.3491669  0.10989442]
 [0.6623472  0.2556923  0.08196048]
 [0.25419515 0.5892791  0.15652573]
 [0.67519444 0.09643349 0.22837207]
 [0.08496884 0.08894753 0.8260836 ]]
probabilities: [[0.40584898 0.18030271 0.4138483 ]
 [0.43483442 0.36774483 0.19742075]
 [0.11423111 0.51560247 0.37016642]
 [0.22277524 0.32654405 0.4506807 ]
 [0.08635835 0.09675459 0.8168871 ]]
probabilities: [[0.28395474 0.07569952 0.64034575]
 [0.0774874  0.406696   0.5158166 ]
 [0.3157915  0.47644228 0.20776623]
 [0.31011394 0.5567205  0.13316554]
 [0.25187936 0.5059263  0.2421943 ]]
probabilities: [[1. 0. 0.]
 [1. 0. 0.]
 [1. 0. 0.]
 [1. 0. 0.]
 [1. 0. 0.]]
probabilities: [[0.58557844 0.14667542 0.26774612]
 [0.49247912 0.34187874 0.16564216]
 [0.3860894  0.34052896 0.2733816 ]
 [0.74408185 0.2261542  0.02976394]
 [0.23944245 0.6375493  0.12300827]]
probabilities: [[0.23276113 0.09878249 0.6684564 ]
 [0.15388735 0.53065157 0.31546107]
 [0.40617847 0.20831731 0.38550422]
 [0.31781426 0.65762246 0.02456325]
 [0.47455737 0.45634785 0.06909478]]
probabilities: [[0.06692909 0.15192117 0.78114974]
 [0.13889119 0.3257658  0.53534305]
 [0.8826752  0.09316951 0.02415534]
 [0.8421998  0.07654253 0.08125764]
 [0.48442864 0.33798173 0.17758963]]
probabilities: [[0. 0. 1.]
 [0. 1. 0.]
 [0. 1. 0.]
 [0. 0. 1.]
