probabilities: [[1. 0. 0.]
 [1. 0. 0.]
 [1. 0. 0.]
 [1. 0. 0.]
 [1. 0. 0.]]
probabilities: [[0.13945197 0.6336197  0.2269283 ]
 [0.10934192 0.40325612 0.48740196]
 [0.2843385  0.44478643 0.27087507]
 [0.01055723 0.23573871 0.7537041 ]
 [0.9789063  0.01709994 0.00399378]]
probabilities: [[0.02609921 0.61468756 0.3592132 ]
 [0.63913727 0.32015792 0.04070479]
 [0.6596733  0.28385112 0.0564756 ]
 [0.08510564 0.3068777  0.60801667]
 [0.33497536 0.53908795 0.12593672]]
probabilities: [[0.29934177 0.5512513  0.14940695]
 [0.27189147 0.32583147 0.40227705]
 [0.07577683 0.743663   0.18056016]
 [0.414209   0.5310787  0.05471228]
 [0.37993515 0.57268816 0.04737669]]
probabilities: [[0. 0. 1.]
 [0. 1. 0.]
 [0. 1. 0.]
 [0. 0. 1.]
 [0. 0. 1.]]
probabilities: [[0.2002509  0.66788054 0.1318686 ]
 [0.5707135  0.35088527 0.0784012 ]
 [0.09685467 0.42166522 0.48148012]
 [0.1790626  0.43738982 0.38354757]
 [0.03856922 0.34270802 0.61872274]]
probabilities: [[0.00892231 0.79185426 0.1992234 ]
 [0.37086254 0.39723796 0.23189951]
 [0.17125498 0.27310687 0.55563813]
 [0.5871521  0.04337805 0.36946985]
 [0.09636519 0.21159756 0.6920372 ]]
probabilities: [[0.04038033 0.8964278  0.06319185]
 [0.07650107 0.50582546 0.41767344]
 [0.39876306 0.220894   0.38034293]
 [0.37639445 0.4052117  0.21839385]
 [0.13157502 0.20416695 0.66425806]]
probabilities: [[0. 0. 1.]
 [0. 1. 0.]
 [0. 0. 1.]
 [0. 0. 1.]
 [0. 0. 1.]]
probabilities: [[0.21272826 0.18411362 0.6031581 ]
 [0.04906091 0.21771146 0.7332276 ]
 [0.05431162 0.09833229 0.8473561 ]
 [0.64945686 0.21672231 0.13382085]
 [0.559524   0.34852225 0.09195375]]
probabilities: [[0.08138955 0.64260066 0.2760098 ]
 [0.3663832  0.46785864 0.16575815]
 [0.76631016 0.08165177 0.1520381 ]
 [0.05516411 0.2694901  0.6753458 ]
 [0.37402058 0.51585174 0.11012767]]
probabilities: [[0.14178194 0.6696486  0.18856947]
 [0.16628337 0.524374   0.30934265]
 [0.7352048  0.1470369  0.1177583 ]
 [0.3775316  0.42085722 0.2016112 ]
 [0.40078312 0.5095064  0.08971048]]
probabilities: [[0. 0. 1.]
 [0. 1. 0.]
 [0. 0. 1.]
 [0. 0. 1.]
 [0. 0. 1.]]
probabilities: [[0.56786156 0.3868132  0.04532528]
 [0.6110024  0.18729673 0.20170088]
 [0.08003379 0.15510938 0.7648568 ]
 [0.31015214 0.58956546 0.10028242]
 [0.5404651  0.27090737 0.18862754]]
probabilities: [[0.1838805  0.13395989 0.6821596 ]
 [0.40560326 0.17983775 0.41455898]
 [0.31548777 0.26544872 0.4190635 ]
 [0.9559456  0.04297082 0.00108358]
 [0.2529304  0.14992486 0.5971447 ]]
probabilities: [[0.39841697 0.21926962 0.3823134 ]
 [0.35947576 0.4719671  0.16855712]
 [0.4367586  0.34860078 0.2146406 ]
 [0.19318545 0.59734815 0.2094664 ]
 [0.44987053 0.32152182 0.22860765]]
probabilities: [[0. 0. 1.]
 [0. 1. 0.]
 [0. 1. 0.]
 [0. 0. 1.]
 [0. 0. 1.]]
probabilities: [[0.79238796 0.11490334 0.09270871]
 [0.1847777  0.02641922 0.7888031 ]
 [0.76503474 0.1797922  0.05517308]
 [0.8524009  0.06410955 0.08348954]
 [0.81705606 0.14528006 0.0376639 ]]
probabilities: [[0.36255142 0.00324621 0.63420236]
 [0.56130964 0.13265325 0.30603713]
 [0.36461592 0.48280203 0.15258203]
 [0.09625135 0.6081049  0.29564375]
 [0.37681487 0.0307046  0.59248054]]
probabilities: [[0.285047   0.3236122  0.3913408 ]
 [0.78044945 0.15239052 0.06716001]
 [0.12899975 0.30193385 0.5690664 ]
 [0.02821777 0.9514286  0.02035363]
 [0.3093139  0.1372007  0.5534854 ]]
probabilities: [[1. 0. 0.]
 [1. 0. 0.]
 [1. 0. 0.]
 [1. 0. 0.]
 [1. 0. 0.]]
probabilities: [[0.27915588 0.01216049 0.7086836 ]
 [0.4185757  0.26833853 0.31308576]
 [0.05616379 0.8703076  0.07352858]
 [0.39156473 0.33158964 0.27684563]
 [0.00653271 0.9501508  0.04331647]]
probabilities: [[0.2178626  0.1030744  0.679063  ]
 [0.2595855  0.65282315 0.08759134]
 [0.22983378 0.24879126 0.52137494]
 [0.47659242 0.38083816 0.14256944]
 [0.3160209  0.3593568  0.3246223 ]]
probabilities: [[0.67179585 0.06251097 0.2656932 ]
 [0.43318763 0.36191165 0.20490071]
 [0.7792043  0.19813465 0.02266106]
 [0.75332254 0.15413213 0.09254533]
 [0.0615726  0.30097893 0.6374485 ]]
probabilities: [[1. 0. 0.]
 [1. 0. 0.]
 [1. 0. 0.]
 [1. 0. 0.]
 [1. 0. 0.]]
probabilities: [[0.07984157 0.8187461  0.10141232]
 [0.06844458 0.17126    0.7602954 ]
 [0.45764476 0.51700765 0.02534756]
 [0.11934747 0.51858765 0.3620649 ]
 [0.05176973 0.14412662 0.8041037 ]]
probabilities: [[0.5544126  0.39025483 0.05533261]
 [0.8407524  0.14601527 0.01323232]
 [0.25236282 0.59662515 0.15101205]
 [0.33042344 0.61822075 0.05135583]
 [0.04858884 0.8099937  0.1414175 ]]
probabilities: [[0.5502687  0.18864307 0.26108822]
 [0.67437166 0.0059952  0.3196332 ]
 [0.06437852 0.6922495  0.24337202]
 [0.4007777  0.3971826  0.2020397 ]
 [0.86250234 0.05009781 0.08739986]]
probabilities: [[0. 1. 0.]
 [0. 1. 0.]
 [0. 1. 0.]
 [0. 1. 0.]
 [0. 1. 0.]]
probabilities: [[0.34478253 0.03912711 0.61609036]
 [0.3448215  0.54790765 0.10727086]
 [0.3447514  0.37105376 0.28419486]
 [0.25024232 0.709543   0.04021466]
 [0.16439232 0.7781478  0.05745983]]
probabilities: [[0.38313672 0.4571339  0.15972939]
 [0.03999009 0.8711845  0.0888254 ]
 [0.6754992  0.22158946 0.10291135]
 [0.37945053 0.4855947  0.1349548 ]
 [0.48372453 0.48107344 0.03520203]]
probabilities: [[0.12647054 0.06427821 0.80925125]
 [0.53085387 0.3748775  0.09426863]
 [0.16201603 0.74187356 0.0961104 ]
 [0.25192475 0.48326236 0.2648129 ]
 [0.29855835 0.26978514 0.4316565 ]]
probabilities: [[0. 1. 0.]
 [0. 1. 0.]
 [0. 1. 0.]
 [0. 1. 0.]
 [0. 1. 0.]]
probabilities: [[0.43968272 0.02153437 0.5387829 ]
 [0.3491273  0.16153346 0.48933923]
 [0.37423378 0.5678466  0.05791965]
 [0.07551282 0.8874144  0.03707276]
 [0.739432   0.22670336 0.03386467]]
probabilities: [[0.74447525 0.17183535 0.08368941]
 [0.14302208 0.50159526 0.35538265]
 [0.41356546 0.04616081 0.5402737 ]
 [0.07063629 0.4534314  0.47593233]
 [0.01516946 0.79805195 0.1867786 ]]
probabilities: [[0.03125567 0.26355454 0.70518976]
 [0.50866854 0.4061622  0.08516923]
 [0.18575141 0.0299413  0.7843073 ]
 [0.59801525 0.13332681 0.26865795]
 [0.12375575 0.6190515  0.25719276]]
probabilities: [[0. 0. 1.]
 [0. 1. 0.]
 [0. 1. 0.]
 [0. 0. 1.]
 [0. 0. 1.]]
probabilities: [[0.08966832 0.04144449 0.8688872 ]
 [0.34944516 0.24812165 0.4024332 ]
 [0.10947825 0.8063102  0.0842116 ]
 [0.86561704 0.1334839  0.00089906]
 [0.2644658  0.07799324 0.6575409 ]]
probabilities: [[0.131637   0.65467626 0.2136867 ]
 [0.39941186 0.04102758 0.55956054]
 [0.46212628 0.22894108 0.30893263]
 [0.67007875 0.1201855  0.20973572]
 [0.15700515 0.21038057 0.63261425]]
probabilities: [[0.06567556 0.4639922  0.47033224]
 [0.24200892 0.5338189  0.22417219]
 [0.10980265 0.03563983 0.8545575 ]
 [0.17096308 0.28928772 0.5397492 ]
 [0.44370416 0.03267306 0.5236228 ]]
probabilities: [[0. 0. 1.]
 [0. 1. 0.]
 [0. 1. 0.]
 [0. 0. 1.]
 [0. 0. 1.]]
probabilities: [[0.6435253  0.10907256 0.24740213]
 [0.12423357 0.35963237 0.516134  ]
 [0.08872783 0.6517909  0.25948125]
 [0.51004916 0.3715857  0.11836512]
 [0.27191573 0.70636153 0.02172277]]
probabilities: [[0.13384952 0.16596271 0.7001878 ]
 [0.36574656 0.37598652 0.25826693]
 [0.11664085 0.37130156 0.5120576 ]
 [0.3877417  0.5412421  0.07101614]
 [0.14914872 0.5509679  0.29988343]]
probabilities: [[0.63427985 0.10074936 0.26497078]
 [0.60585326 0.11764266 0.2765041 ]
 [0.09887189 0.5338529  0.36727524]
 [0.23838374 0.38878137 0.3728349 ]
 [0.6359515  0.22525068 0.13879779]]
probabilities: [[0. 0. 1.]
 [0. 1. 0.]
 [0. 1. 0.]
 [0. 0. 1.]
 [0. 0. 1.]]
probabilities: [[0.12951227 0.44643396 0.42405376]
 [0.5526862  0.03764696 0.4096668 ]
 [0.08259898 0.08004246 0.83735853]
 [0.43343693 0.00351024 0.56305283]
 [0.13313732 0.13806532 0.7287974 ]]
probabilities: [[0.3032398  0.46614754 0.23061265]
 [0.2852881  0.4899576  0.22475429]
 [0.89516324 0.02426936 0.08056737]
 [0.5462006  0.43732736 0.01647204]
 [0.06440352 0.24560344 0.689993  ]]
probabilities: [[0.5789045  0.28085914 0.14023633]
 [0.5422757  0.30856854 0.14915574]
 [0.05406815 0.5441198  0.4018121 ]
 [0.05232136 0.01371559 0.93396306]
 [0.25464767 0.64832467 0.09702765]]
probabilities: [[0. 1. 0.]
 [0. 1. 0.]
 [0. 1. 0.]
 [0. 1. 0.]
 [0. 1. 0.]]
probabilities: [[0.60406727 0.34179324 0.05413951]
 [0.8571917  0.09810417 0.04470415]
 [0.2076636  0.45648515 0.33585125]
 [0.03986246 0.5686182  0.39151937]
 [0.24636462 0.42156023 0.33207515]]
probabilities: [[0.6270184  0.19929132 0.17369029]
 [0.49152017 0.38052583 0.12795399]
 [0.01034889 0.51536167 0.47428945]
 [0.5515781  0.40458414 0.04383775]
 [0.5919812  0.01132321 0.3966956 ]]
probabilities: [[0.13040406 0.18781929 0.68177664]
 [0.74537873 0.1973408  0.05728046]
 [0.20315245 0.03478283 0.7620647 ]
 [0.5446526  0.2554218  0.19992565]
 [0.25226256 0.6668379  0.08089956]]
probabilities: [[1. 0. 0.]
 [1. 0. 0.]
 [1. 0. 0.]
 [1. 0. 0.]
 [1. 0. 0.]]
probabilities: [[0.03463243 0.941173   0.02419455]
 [0.3689983  0.01687726 0.6141245 ]
 [0.21764608 0.77602375 0.0063302 ]
 [0.52856696 0.4287576  0.04267545]
 [0.17491445 0.05356089 0.77152467]]
probabilities: [[0.33792233 0.57927316 0.08280452]
 [0.64155126 0.01973677 0.33871195]
 [0.73791283 0.02988247 0.2322047 ]
 [0.3530733  0.25032803 0.3965987 ]
 [0.747637   0.15850475 0.09385824]]
probabilities: [[0.50822735 0.36340782 0.12836483]
 [0.02550841 0.6162587  0.35823295]
 [0.65521914 0.33049127 0.01428961]
 [0.7729821  0.0515775  0.17544039]
 [0.21634953 0.173866   0.6097845 ]]
probabilities: [[1. 0. 0.]
 [1. 0. 0.]
 [1. 0. 0.]
 [1. 0. 0.]
 [1. 0. 0.]]
probabilities: [[0.56395763 0.29836237 0.13767998]
 [0.17431025 0.583491   0.24219869]
 [0.35136437 0.1968519  0.45178375]
 [0.5367658  0.17116047 0.29207373]
 [0.1327285  0.06181164 0.80545986]]
probabilities: [[0.69051975 0.2805689  0.02891134]
 [0.08678737 0.49110883 0.4221038 ]
 [0.3455975  0.30486894 0.34953353]
 [0.01335615 0.59324515 0.3933987 ]
 [0.06184481 0.1600262  0.778129  ]]
probabilities: [[0.42232198 0.04959475 0.52808326]
 [0.07521752 0.7629791  0.16180336]
 [0.224187   0.69252384 0.08328915]
 [0.6130422  0.26218328 0.12477454]
 [0.39482972 0.11649517 0.48867512]]
probabilities: [[0. 0. 1.]
 [0. 1. 0.]
 [0. 0. 1.]
 [0. 0. 1.]
 [0. 0. 1.]]
probabilities: [[0.28509232 0.6590094  0.05589831]
 [0.2152142  0.4443984  0.34038737]
 [0.11785235 0.6515864  0.23056126]
 [0.43621624 0.53374976 0.03003397]
 [0.81067795 0.17615499 0.01316709]]
probabilities: [[0.12115312 0.30324534 0.5756016 ]
 [0.0514115  0.25323185 0.69535667]
 [0.14715187 0.291753   0.5610951 ]
 [0.4501664  0.29288852 0.25694504]
 [0.03393305 0.41257432 0.5534926 ]]
probabilities: [[0.00722921 0.734314   0.25845677]
 [0.2553805  0.7209445  0.02367496]
 [0.14861292 0.5179376  0.33344945]
 [0.02671445 0.759745   0.21354057]
 [0.26647663 0.21594508 0.5175783 ]]
probabilities: [[1. 0. 0.]
 [1. 0. 0.]
 [1. 0. 0.]
 [1. 0. 0.]
 [1. 0. 0.]]
probabilities: [[0.72282404 0.11101773 0.16615826]
 [0.13255894 0.75883186 0.10860919]
 [0.07658311 0.5613338  0.3620831 ]
 [0.47616422 0.32116425 0.20267154]
 [0.30983427 0.2994325  0.39073324]]
probabilities: [[0.28140208 0.17895404 0.5396439 ]
 [0.522003   0.08003228 0.3979647 ]
 [0.50233483 0.4136837  0.08398145]
 [0.55859864 0.11849206 0.3229093 ]
 [0.57163596 0.3905477  0.03781632]]
probabilities: [[0.14755374 0.0284173  0.82402897]
 [0.079652   0.10913388 0.81121415]
 [0.13483255 0.24667972 0.6184877 ]
 [0.04903756 0.559279   0.3916834 ]
 [0.40445217 0.38992885 0.20561898]]
probabilities: [[0. 1. 0.]
 [0. 1. 0.]
 [0. 1. 0.]
 [0. 1. 0.]
 [0. 1. 0.]]
probabilities: [[0.5906486  0.32011756 0.08923387]
 [0.27120027 0.52748185 0.20131788]
 [0.40005487 0.11741538 0.48252976]
 [0.15910797 0.28338146 0.55751055]
 [0.21512322 0.5429294  0.24194737]]
probabilities: [[1.1702223e-01 3.1351365e-02 8.5162640e-01]
 [1.5505069e-01 5.0080389e-01 3.4414542e-01]
 [5.1260263e-01 2.3319982e-01 2.5419754e-01]
 [8.1162345e-01 3.7345474e-04 1.8800311e-01]
 [6.1701965e-01 1.6033372e-02 3.6694700e-01]]
probabilities: [[0.10058259 0.26281047 0.63660693]
 [0.05755564 0.8250141  0.11743028]
 [0.77240133 0.11855799 0.10904068]
 [0.33909926 0.42940265 0.23149808]
 [0.26256186 0.31554732 0.42189083]]
probabilities: [[0. 0. 1.]
 [0. 1. 0.]
 [0. 0. 1.]
 [0. 0. 1.]
 [0. 0. 1.]]
probabilities: [[0.37638137 0.15871744 0.46490118]
 [0.3032983  0.5793103  0.11739142]
 [0.4609198  0.39380664 0.14527358]
 [0.5795611  0.2501021  0.17033677]
 [0.23015359 0.4846866  0.2851598 ]]
probabilities: [[0.35781324 0.25250843 0.38967833]
 [0.33361483 0.01748158 0.6489036 ]
 [0.5848235  0.32955512 0.08562136]
 [0.1684882  0.7455605  0.08595126]
 [0.07750797 0.3974052  0.5250868 ]]
probabilities: [[0.16927008 0.79958934 0.03114059]
 [0.07392581 0.8899839  0.03609028]
 [0.5589121  0.26248595 0.17860195]
 [0.40900168 0.3595159  0.2314824 ]
 [0.53012705 0.37105188 0.09882107]]
probabilities: [[0. 0. 1.]
 [0. 1. 0.]
 [0. 1. 0.]
 [0. 0. 1.]
 [0. 0. 1.]]
probabilities: [[0.5713934  0.39987245 0.02873415]
 [0.18035041 0.02960667 0.79004294]
 [0.4785257  0.19967519 0.32179913]
 [0.28146082 0.11135891 0.6071803 ]
 [0.10697217 0.32569447 0.56733334]]
probabilities: [[0.28402165 0.24204329 0.47393507]
 [0.3474827  0.20226091 0.45025638]
 [0.24328777 0.5533866  0.20332557]
 [0.59906226 0.39033172 0.01060602]
 [0.25938296 0.53744614 0.2031709 ]]
probabilities: [[0.70933676 0.16027674 0.13038653]
 [0.07638071 0.9042362  0.01938309]
 [0.43150926 0.36861616 0.19987457]
 [0.19955724 0.48478806 0.3156547 ]
 [0.30485725 0.05830094 0.63684183]]
probabilities: [[1. 0. 0.]
 [1. 0. 0.]
 [1. 0. 0.]
 [1. 0. 0.]
 [1. 0. 0.]]
probabilities: [[0.9364448  0.05756232 0.00599288]
 [0.0402749  0.8514949  0.10823018]
 [0.13339286 0.21024324 0.6563639 ]
 [0.3879194  0.19353974 0.4185409 ]
 [0.2986028  0.49401233 0.20738488]]
probabilities: [[0.38170213 0.28893888 0.32935897]
 [0.7255113  0.26095805 0.01353063]
 [0.00112885 0.35532522 0.6435459 ]
 [0.47320735 0.13372739 0.39306527]
 [0.48914692 0.40612996 0.10472312]]
probabilities: [[0.5455564  0.09983379 0.3546098 ]
 [0.35445157 0.4524233  0.19312514]
 [0.63687944 0.3573922  0.0057284 ]
 [0.13870502 0.6422486  0.21904643]
 [0.17144631 0.5013222  0.3272315 ]]
probabilities: [[0. 0. 1.]
 [0. 1. 0.]
 [0. 1. 0.]
 [0. 0. 1.]
 [0. 0. 1.]]
probabilities: [[0.6978138  0.26601157 0.03617458]
 [0.3790762  0.47464418 0.14627962]
 [0.42320606 0.2968484  0.27994555]
 [0.35639563 0.28101027 0.3625941 ]
 [0.07743502 0.40942183 0.5131431 ]]
probabilities: [[0.09827231 0.15312678 0.7486009 ]
 [0.05406868 0.81960595 0.12632537]
 [0.24149689 0.66001946 0.09848364]
 [0.67490804 0.18456684 0.14052509]
 [0.70773333 0.12532708 0.1669396 ]]
probabilities: [[0.07570313 0.40816966 0.5161272 ]
 [0.15465966 0.08842251 0.75691783]
 [0.78222525 0.20890096 0.00887381]
 [0.0469483  0.4732733  0.4797784 ]
 [0.2796554  0.20101094 0.51933366]]
probabilities: [[1. 0. 0.]
 [1. 0. 0.]
 [1. 0. 0.]
 [1. 0. 0.]
 [1. 0. 0.]]
probabilities: [[0.53919166 0.27837312 0.18243523]
 [0.06999155 0.42885214 0.50115633]
 [0.09507003 0.06154824 0.8433817 ]
 [0.7706899  0.04771629 0.18159382]
 [0.01920427 0.15042344 0.8303723 ]]
probabilities: [[6.88274670e-03 5.42358756e-01 4.50758487e-01]
 [1.26571894e-01 6.00940228e-01 2.72487909e-01]
 [8.15354824e-01 7.79182762e-02 1.06726915e-01]
 [1.32859275e-02 3.22395384e-01 6.64318681e-01]
 [5.85711539e-01 4.13667560e-01 6.20927312e-04]]
probabilities: [[0.18393855 0.74761206 0.06844938]
 [0.07979701 0.6080139  0.31218904]
 [0.2939347  0.68186164 0.02420365]
 [0.26120213 0.00640868 0.7323892 ]
 [0.56659746 0.15753844 0.27586412]]
probabilities: [[0. 0. 1.]
 [0. 1. 0.]
 [0. 0. 1.]
 [0. 0. 1.]
 [0. 0. 1.]]
probabilities: [[0.489495   0.09536548 0.41513953]
 [0.09054399 0.7579376  0.15151842]
 [0.17176895 0.46780306 0.36042798]
 [0.22476341 0.5670612  0.20817539]
 [0.6269987  0.10500851 0.2679928 ]]
probabilities: [[0.74229085 0.11489496 0.14281417]
 [0.474617   0.11083791 0.4145451 ]
 [0.33044422 0.65339434 0.01616145]
 [0.7394175  0.22275662 0.03782586]
 [0.863748   0.13383996 0.00241204]]
probabilities: [[6.1972723e-03 6.3441342e-01 3.5938928e-01]
 [3.7344888e-02 9.0116405e-01 6.1491076e-02]
 [2.3071603e-01 2.4793221e-01 5.2135175e-01]
 [3.3008564e-01 6.6949558e-01 4.1878634e-04]
 [4.5626217e-01 5.1075155e-01 3.2986283e-02]]
probabilities: [[0. 0. 1.]
 [0. 1. 0.]
 [0. 1. 0.]
 [0. 0. 1.]
 [0. 0. 1.]]
probabilities: [[0.40290594 0.38042492 0.21666914]
 [0.07142514 0.50039494 0.42817995]
 [0.10196207 0.23199451 0.6660434 ]
 [0.13311417 0.21711592 0.6497699 ]
 [0.42111018 0.53101474 0.04787505]]
probabilities: [[0.49342656 0.13062489 0.37594855]
 [0.7124356  0.02996971 0.2575947 ]
 [0.03594409 0.27276468 0.6912912 ]
 [0.36751536 0.08686685 0.5456178 ]
 [0.6599966  0.16244577 0.17755759]]
probabilities: [[0.41755632 0.38667366 0.19577001]
 [0.35184145 0.21512046 0.4330381 ]
 [0.23590915 0.29628113 0.46780974]
 [0.00247292 0.01169145 0.9858356 ]
 [0.34501392 0.46776956 0.18721654]]
probabilities: [[0. 0. 1.]
 [0. 1. 0.]
 [0. 1. 0.]
 [0. 0. 1.]
 [0. 0. 1.]]
probabilities: [[0.01698401 0.7921284  0.19088759]
 [0.47698078 0.27427766 0.24874157]
 [0.41810924 0.45785576 0.124035  ]
 [0.01217372 0.7909731  0.19685316]
 [0.07863551 0.77985805 0.14150645]]
probabilities: [[0.00403992 0.2755881  0.720372  ]
 [0.567966   0.19259626 0.23943777]
 [0.19985828 0.22746632 0.5726754 ]
 [0.0836736  0.4855232  0.4308032 ]
 [0.22777112 0.41760892 0.35461995]]
probabilities: [[0.03750128 0.7086801  0.2538186 ]
 [0.18799932 0.5102142  0.30178645]
 [0.64679635 0.0844567  0.26874694]
 [0.44432783 0.32804903 0.22762313]
 [0.6935621  0.21088769 0.09555023]]
probabilities: [[0. 1. 0.]
 [0. 1. 0.]
 [0. 1. 0.]
 [0. 1. 0.]
 [0. 1. 0.]]
probabilities: [[0.5684187  0.02907035 0.40251097]
 [0.22070509 0.48822466 0.29107025]
 [0.18185022 0.71274525 0.10540451]
 [0.09516545 0.78362125 0.12121326]
 [0.03432451 0.19429441 0.7713811 ]]
probabilities: [[0.6798698  0.07568807 0.24444216]
 [0.32165682 0.35510305 0.32324013]
 [0.21308835 0.38162264 0.405289  ]
 [0.14480795 0.4346209  0.42057118]
 [0.45548695 0.01305997 0.5314531 ]]
probabilities: [[0.19932792 0.4133266  0.3873455 ]
 [0.7184064  0.00453311 0.2770605 ]
 [0.4841347  0.08727246 0.42859286]
 [0.07786063 0.8880082  0.03413121]
 [0.30165172 0.5419718  0.15637647]]
probabilities: [[0. 0. 1.]
 [0. 1. 0.]
 [0. 0. 1.]
 [0. 0. 1.]
 [0. 0. 1.]]
probabilities: [[0.07452405 0.8409661  0.08450982]
 [0.318384   0.3941194  0.2874966 ]
 [0.62569153 0.25464627 0.11966219]
 [0.250655   0.42275968 0.32658532]
 [0.7358155  0.09180857 0.1723759 ]]
probabilities: [[0.4798151  0.25083554 0.26934934]
 [0.05492968 0.18434829 0.76072204]
 [0.07461677 0.75995564 0.16542755]
 [0.26384592 0.25814122 0.47801286]
 [0.3492439  0.38793615 0.26281995]]
probabilities: [[0.01406145 0.7550348  0.23090373]
 [0.7147401  0.28167447 0.00358541]
 [0.18141164 0.70000607 0.11858228]
 [0.12558891 0.4970251  0.377386  ]
 [0.11911751 0.44680285 0.43407965]]
probabilities: [[0. 1. 0.]
 [0. 1. 0.]
 [0. 1. 0.]
 [0. 1. 0.]
 [0. 1. 0.]]
probabilities: [[0.4842686  0.21171395 0.30401745]
 [0.4802331  0.1997384  0.3200285 ]
 [0.6576451  0.14647256 0.19588235]
 [0.74677813 0.17403391 0.07918794]
 [0.40746993 0.03351525 0.5590148 ]]
probabilities: [[0.6321969  0.3298635  0.0379396 ]
 [0.37126324 0.54247856 0.0862582 ]
 [0.00939917 0.83283174 0.15776911]
 [0.21371368 0.5920987  0.19418761]
 [0.08247301 0.51920193 0.39832506]]
probabilities: [[0.64932925 0.3399817  0.01068907]
 [0.05703676 0.8621529  0.08081037]
 [0.24505723 0.19482426 0.5601185 ]
 [0.21182843 0.62036175 0.16780984]
 [0.14852758 0.3747163  0.4767561 ]]
probabilities: [[1. 0. 0.]
 [1. 0. 0.]
 [1. 0. 0.]
 [1. 0. 0.]
 [1. 0. 0.]]
probabilities: [[0.27911893 0.01782642 0.70305467]
 [0.0165339  0.39775443 0.58571166]
 [0.0157492  0.8681078  0.11614299]
 [0.8842913  0.06812494 0.04758379]
 [0.30426595 0.10150586 0.5942282 ]]
probabilities: [[0.803296   0.12972648 0.0669775 ]
 [0.00424511 0.8455181  0.1502368 ]
 [0.38467973 0.58337724 0.03194304]
 [0.02877025 0.12647349 0.84475625]
 [0.5615436  0.03335566 0.40510073]]
probabilities: [[0.5845711  0.00111313 0.41431576]
 [0.5686007  0.18805873 0.24334055]
 [0.22690785 0.47287187 0.3002203 ]
 [0.6260696  0.11545145 0.25847894]
 [0.5545005  0.3572608  0.08823869]]
probabilities: [[1. 0. 0.]
 [1. 0. 0.]
 [1. 0. 0.]
 [1. 0. 0.]
 [1. 0. 0.]]
probabilities: [[0.31472322 0.20521915 0.48005763]
 [0.07562411 0.08080716 0.84356874]
 [0.0126509  0.66486615 0.32248294]
 [0.39333895 0.30213025 0.3045308 ]
 [0.5324586  0.01199789 0.45554352]]
probabilities: [[0.09761681 0.769935   0.13244818]
 [0.09325377 0.37006783 0.53667843]
 [0.48991102 0.37973475 0.13035421]
 [0.45603433 0.18083872 0.36312693]
 [0.874838   0.02423832 0.10092369]]
probabilities: [[0.04548176 0.83343476 0.12108346]
 [0.25494638 0.24891996 0.49613366]
 [0.59178305 0.33247632 0.07574063]
 [0.24452582 0.27544114 0.48003307]
 [0.6289822  0.30980352 0.06121431]]
probabilities: [[0. 0. 1.]
 [0. 1. 0.]
 [0. 1. 0.]
 [0. 0. 1.]
 [0. 0. 1.]]
probabilities: [[0.2995049  0.36414674 0.33634833]
 [0.25681594 0.25795174 0.48523232]
 [0.5025749  0.16091673 0.33650833]
 [0.21832336 0.7593667  0.02230996]
 [0.78705835 0.07024502 0.14269665]]
probabilities: [[0.44584045 0.3842105  0.16994904]
 [0.05175498 0.26195413 0.6862909 ]
 [0.16651389 0.39883837 0.43464774]
 [0.77679515 0.00133018 0.22187464]
 [0.24160528 0.26188108 0.49651363]]
probabilities: [[0.31059536 0.3918855  0.29751915]
 [0.18273073 0.40906355 0.40820572]
 [0.5422167  0.11460838 0.3431749 ]
 [0.532556   0.20370586 0.26373813]
 [0.6194684  0.34698185 0.03354977]]
probabilities: [[0. 0. 1.]
 [0. 1. 0.]
 [0. 0. 1.]
 [0. 0. 1.]
 [0. 0. 1.]]
probabilities: [[0.0488585  0.03041404 0.92072743]
 [0.252078   0.07311415 0.67480785]
 [0.51185673 0.20837994 0.2797633 ]
 [0.61201423 0.1570751  0.23091063]
 [0.41105592 0.16803767 0.4209064 ]]
probabilities: [[0.16238125 0.6909708  0.14664799]
 [0.23586184 0.25167394 0.5124642 ]
 [0.6594859  0.31037924 0.03013492]
 [0.59205747 0.3910096  0.01693293]
 [0.21083207 0.09131112 0.6978568 ]]
probabilities: [[0.48853892 0.12705928 0.3844018 ]
 [0.59064233 0.05955075 0.3498069 ]
 [0.628864   0.30863005 0.06250595]
 [0.33529982 0.18521631 0.47948387]
 [0.5000825  0.3152917  0.1846258 ]]
probabilities: [[0. 0. 1.]
 [0. 1. 0.]
 [0. 1. 0.]
 [0. 0. 1.]
 [0. 0. 1.]]
probabilities: [[0.64046186 0.20455986 0.15497826]
 [0.8376352  0.08780151 0.07456328]
 [0.23499978 0.09036528 0.67463493]
 [0.10346335 0.15563442 0.74090225]
 [0.5077272  0.06369177 0.42858103]]
probabilities: [[0.72738606 0.17166577 0.10094813]
 [0.1685951  0.13375594 0.69764894]
 [0.22324115 0.49322113 0.28353775]
 [0.29902315 0.6319846  0.06899224]
 [0.36088783 0.35382473 0.28528744]]
probabilities: [[0.45310014 0.44737014 0.09952971]
 [0.3051937  0.15914181 0.5356645 ]
 [0.33860356 0.49712518 0.16427127]
 [0.22669767 0.12673086 0.64657146]
 [0.5865772  0.13476415 0.2786587 ]]
probabilities: [[0. 1. 0.]
 [0. 1. 0.]
 [0. 1. 0.]
 [0. 1. 0.]
 [0. 1. 0.]]
probabilities: [[0.01412772 0.76742685 0.21844542]
 [0.29460862 0.02941829 0.67597306]
 [0.23678419 0.12594362 0.6372722 ]
 [0.20249458 0.11972399 0.6777814 ]
 [0.62495196 0.34934574 0.02570227]]
probabilities: [[0.52816087 0.12233656 0.34950256]
 [0.22619274 0.302734   0.47107327]
 [0.5702737  0.21385257 0.21587376]
 [0.03170843 0.91481847 0.05347312]
 [0.32766175 0.64621305 0.02612522]]
probabilities: [[0.04310178 0.14133307 0.81556517]
 [0.66827726 0.18128522 0.15043755]
 [0.04003244 0.9473274  0.01264021]
 [0.770287   0.1233473  0.10636573]
 [0.29549935 0.27387163 0.43062904]]
probabilities: [[0. 1. 0.]
 [0. 1. 0.]
 [0. 1. 0.]
 [0. 1. 0.]
 [0. 1. 0.]]
probabilities: [[0.53848416 0.2855097  0.17600615]
 [0.24518284 0.5960955  0.15872167]
 [0.2951165  0.41182503 0.29305843]
 [0.49454236 0.40397385 0.1014838 ]
 [0.07906006 0.88505816 0.0358818 ]]
probabilities: [[0.03650624 0.255361   0.7081328 ]
 [0.34749258 0.48005107 0.17245637]
 [0.33827972 0.04209932 0.6196209 ]
 [0.05010938 0.05709607 0.89279455]
 [0.33528885 0.5332771  0.13143402]]
probabilities: [[0.11404882 0.1314399  0.7545113 ]
 [0.2100489  0.19773021 0.5922209 ]
 [0.20804687 0.7197663  0.07218682]
 [0.60190916 0.08486066 0.31323022]
 [0.21406095 0.20152934 0.5844097 ]]
probabilities: [[0. 0. 1.]
 [0. 1. 0.]
 [0. 1. 0.]
 [0. 0. 1.]
 [0. 0. 1.]]
probabilities: [[0.6779979  0.17234425 0.14965786]
 [0.07635815 0.03406079 0.889581  ]
 [0.3546262  0.5879871  0.05738669]
 [0.64986235 0.18561026 0.16452742]
 [0.26660025 0.54147655 0.19192319]]
probabilities: [[0.3716928  0.34484896 0.2834582 ]
 [0.6730542  0.13666238 0.19028337]
 [0.84559274 0.0899037  0.06450357]
 [0.71599084 0.18380629 0.10020288]
 [0.7026431  0.13215531 0.16520156]]
probabilities: [[0.30616522 0.64887106 0.04496371]
 [0.12419354 0.5012687  0.37453777]
 [0.28812683 0.40310025 0.30877295]
 [0.28272158 0.64289445 0.07438399]
 [0.7505273  0.03638427 0.2130884 ]]
probabilities: [[0. 1. 0.]
 [0. 1. 0.]
 [0. 1. 0.]
 [0. 1. 0.]
 [0. 1. 0.]]
probabilities: [[0.4633843  0.25584698 0.28076872]
 [0.5389076  0.38419086 0.07690155]
 [0.23249228 0.16439453 0.6031132 ]
 [0.06364942 0.158876   0.7774746 ]
 [0.0012042  0.7880708  0.21072498]]
probabilities: [[0.6262331  0.34876418 0.02500271]
 [0.9119272  0.04523697 0.04283578]
 [0.39386484 0.38505644 0.22107872]
 [0.3989475  0.4404572  0.1605953 ]
 [0.06151007 0.7619503  0.1765396 ]]
probabilities: [[0.766565   0.20826164 0.02517334]
 [0.6309851  0.3540028  0.0150121 ]
 [0.02440903 0.7380093  0.2375817 ]
 [0.3643859  0.33861265 0.29700142]
 [0.21242988 0.3755473  0.41202283]]
probabilities: [[0. 1. 0.]
 [0. 1. 0.]
 [0. 1. 0.]
 [0. 1. 0.]
 [0. 1. 0.]]
probabilities: [[0.005882   0.47280896 0.521309  ]
 [0.1595236  0.7573136  0.08316281]
 [0.6103425  0.15977387 0.22988363]
 [0.36389726 0.4160028  0.22009994]
 [0.3855889  0.51545346 0.09895762]]
probabilities: [[0.23428778 0.00097095 0.7647413 ]
 [0.18623938 0.5049507  0.3088099 ]
 [0.05966137 0.43329158 0.50704706]
 [0.42620435 0.48088425 0.09291139]
 [0.15698966 0.0746439  0.7683664 ]]
probabilities: [[0.4486354  0.2689699  0.2823947 ]
 [0.37687993 0.4097061  0.21341398]
 [0.49034563 0.24551684 0.26413754]
 [0.01810004 0.16761127 0.8142887 ]
 [0.45048767 0.32764718 0.22186515]]
probabilities: [[0. 0. 1.]
 [0. 1. 0.]
 [0. 0. 1.]
 [0. 0. 1.]
 [0. 0. 1.]]
probabilities: [[0.16562314 0.4688287  0.36554813]
 [0.3358589  0.43261656 0.23152451]
 [0.2984009  0.31903297 0.38256612]
 [0.51657873 0.13960876 0.34381253]
 [0.7889358  0.09292269 0.11814152]]
probabilities: [[0.16521713 0.8150546  0.01972827]
 [0.06027735 0.49480492 0.4449177 ]
 [0.13894148 0.36861026 0.49244824]
 [0.34800714 0.59789914 0.05409371]
 [0.33942097 0.5812452  0.07933385]]
probabilities: [[0.01929662 0.11062418 0.8700792 ]
 [0.20364857 0.44981152 0.34653988]
 [0.0867633  0.71206015 0.20117654]
 [0.4569726  0.33895853 0.20406888]
 [0.62342256 0.05311622 0.32346123]]
probabilities: [[0. 0. 1.]
 [0. 1. 0.]
 [0. 1. 0.]
 [0. 0. 1.]
 [0. 0. 1.]]
probabilities: [[0.63673085 0.320714   0.04255512]
 [0.04597529 0.8896158  0.06440893]
 [0.29373962 0.37652493 0.32973546]
 [0.00579794 0.14312527 0.8510768 ]
 [0.15106793 0.3958567  0.45307535]]
probabilities: [[0.4500921  0.1050964  0.4448115 ]
 [0.17035821 0.09553465 0.73410714]
 [0.4735865  0.2587981  0.2676154 ]
 [0.16719253 0.45697537 0.37583208]
 [0.74329007 0.06422898 0.19248098]]
probabilities: [[0.34227234 0.5836354  0.07409225]
 [0.08057727 0.19701841 0.7224043 ]
 [0.16553883 0.77487904 0.05958212]
 [0.11288985 0.3306785  0.55643165]
 [0.39509442 0.32880142 0.27610415]]
probabilities: [[0. 0. 1.]
 [0. 1. 0.]
 [0. 0. 1.]
 [0. 0. 1.]
 [0. 0. 1.]]
probabilities: [[0.27433455 0.27643743 0.44922802]
 [0.4982905  0.11267243 0.38903707]
 [0.59879076 0.13137949 0.26982972]
 [0.4402303  0.07191441 0.4878553 ]
 [0.4541192  0.42087072 0.12501009]]
probabilities: [[0.17847    0.26956186 0.55196816]
 [0.2077518  0.40701044 0.38523775]
 [0.02112279 0.49529067 0.48358655]
 [0.1172394  0.2415955  0.6411651 ]
 [0.03126726 0.4881131  0.48061964]]
probabilities: [[0.35691077 0.05653154 0.5865577 ]
 [0.4818418  0.03981813 0.47834006]
 [0.59955275 0.30432695 0.09612029]
 [0.00312691 0.9133105  0.08356259]
 [0.7187704  0.05044696 0.23078267]]
probabilities: [[0. 1. 0.]
 [0. 1. 0.]
 [0. 1. 0.]
 [0. 1. 0.]
 [0. 1. 0.]]
probabilities: [[0.2550025  0.5569299  0.18806762]
 [0.15461019 0.79199797 0.05339182]
 [0.1679335  0.3057615  0.526305  ]
 [0.46988463 0.02952342 0.50059193]
 [0.08013739 0.8561262  0.06373642]]
probabilities: [[0.03186378 0.21693563 0.7512006 ]
 [0.52757925 0.02714921 0.44527152]
 [0.57214046 0.01910076 0.40875876]
 [0.3507264  0.25169852 0.39757508]
 [0.0023025  0.31470856 0.68298894]]
probabilities: [[0.04085244 0.29662922 0.6625184 ]
 [0.43225294 0.30480173 0.26294535]
 [0.341119   0.27595916 0.38292184]
 [0.40421867 0.15623675 0.4395446 ]
 [0.12828943 0.21003099 0.66167957]]
probabilities: [[1. 0. 0.]
 [1. 0. 0.]
 [1. 0. 0.]
 [1. 0. 0.]
 [1. 0. 0.]]
probabilities: [[0.01526557 0.5403539  0.44438055]
 [0.10254277 0.80155903 0.09589823]
 [0.41640985 0.5393471  0.04424303]
 [0.04477793 0.91019464 0.04502745]
 [0.46434137 0.41740373 0.11825491]]
probabilities: [[0.9727597  0.0117873  0.01545296]
 [0.3850377  0.26809093 0.34687138]
 [0.20825714 0.78564113 0.00610173]
 [0.79670274 0.02974959 0.17354764]
 [0.12292597 0.6887424  0.18833162]]
probabilities: [[0.74945515 0.08925217 0.16129269]
 [0.4318363  0.23264506 0.33551866]
 [0.5337312  0.25115976 0.215109  ]
 [0.17709357 0.38306284 0.4398436 ]
 [0.02364579 0.37725154 0.5991027 ]]
probabilities: [[0. 0. 1.]
 [0. 1. 0.]
 [0. 1. 0.]
 [0. 0. 1.]
 [0. 0. 1.]]
probabilities: [[0.13148308 0.47867626 0.38984066]
 [0.7672833  0.08489809 0.14781861]
 [0.49006334 0.38316333 0.12677333]
 [0.5735286  0.23204622 0.19442518]
 [0.12111827 0.47259    0.40629172]]
probabilities: [[0.33060715 0.5504851  0.11890777]
 [0.51920944 0.42378628 0.05700424]
 [0.5583164  0.19684967 0.24483393]
 [0.6764656  0.1184791  0.20505533]
 [0.35813364 0.37541816 0.26644817]]
probabilities: [[0.53642964 0.02998149 0.43358886]
 [0.66251475 0.26750368 0.06998158]
 [0.35078153 0.5762731  0.07294537]
 [0.606101   0.36802667 0.02587237]
 [0.5205136  0.21875924 0.26072717]]
probabilities: [[0. 0. 1.]
 [0. 1. 0.]
 [0. 1. 0.]
 [0. 0. 1.]
 [0. 0. 1.]]
probabilities: [[0.6352417  0.2811452  0.08361311]
 [0.08728836 0.7621404  0.15057124]
 [0.1496465  0.4498175  0.40053597]
 [0.34228122 0.38576537 0.27195337]
 [0.18285397 0.6930477  0.12409834]]
probabilities: [[0.1498026  0.77495754 0.07523988]
 [0.38380095 0.2214772  0.39472187]
 [0.3227441  0.3576739  0.31958196]
 [0.7187751  0.19185467 0.08937022]
 [0.3741727  0.3568133  0.269014  ]]
probabilities: [[1.6521436e-01 6.3426596e-01 2.0051968e-01]
 [1.7193556e-01 2.8121710e-01 5.4684734e-01]
 [9.0503842e-01 4.5158911e-02 4.9802661e-02]
 [4.8060131e-01 2.6871076e-01 2.5068793e-01]
 [7.0891686e-04 8.9890927e-01 1.0038183e-01]]
probabilities: [[0. 0. 1.]
 [0. 1. 0.]
 [0. 0. 1.]
 [0. 0. 1.]
 [0. 0. 1.]]
probabilities: [[0.16717912 0.77047986 0.06234103]
 [0.3681687  0.50824946 0.12358179]
 [0.29311138 0.42652464 0.28036398]
 [0.09376539 0.04929616 0.8569384 ]
 [0.63517165 0.06341542 0.3014129 ]]
probabilities: [[0.25389817 0.10599462 0.6401072 ]
 [0.11321691 0.8449993  0.04178375]
 [0.2434609  0.2081334  0.5484057 ]
 [0.34514326 0.57749254 0.0773642 ]
 [0.40284628 0.21792968 0.37922403]]
probabilities: [[0.26822037 0.14524247 0.5865372 ]
 [0.38022822 0.06011148 0.5596603 ]
 [0.16396257 0.78151315 0.05452426]
 [0.7450948  0.01846729 0.23643796]
 [0.0561806  0.17649345 0.76732594]]
probabilities: [[0. 0. 1.]
 [0. 1. 0.]
 [0. 0. 1.]
 [0. 0. 1.]
 [0. 0. 1.]]
probabilities: [[0.04601676 0.7748807  0.17910251]
 [0.5720509  0.12127753 0.30667153]
 [0.4987684  0.17853527 0.32269633]
 [0.06429686 0.6361747  0.29952845]
 [0.04819965 0.00762132 0.94417906]]
probabilities: [[0.29321262 0.1934466  0.5133408 ]
 [0.04228305 0.29029113 0.6674258 ]
 [0.3180347  0.30557027 0.37639502]
 [0.22084509 0.07055652 0.7085984 ]
 [0.4097136  0.15426719 0.4360192 ]]
probabilities: [[0.2743614  0.23967494 0.48596367]
 [0.13330577 0.45817912 0.4085151 ]
 [0.3372563  0.35979238 0.3029513 ]
 [0.16704428 0.55245125 0.2805045 ]
 [0.4193872  0.26164055 0.31897226]]
probabilities: [[1. 0. 0.]
 [1. 0. 0.]
 [1. 0. 0.]
 [1. 0. 0.]
 [1. 0. 0.]]
probabilities: [[0.29938436 0.17928666 0.521329  ]
 [0.73831564 0.10178989 0.15989444]
 [0.7950738  0.05644026 0.14848594]
 [0.63415563 0.15096039 0.21488397]
 [0.60307616 0.05812129 0.33880255]]
probabilities: [[0.20173667 0.7155881  0.08267523]
 [0.06630348 0.1305392  0.8031573 ]
 [0.5211269  0.10887536 0.36999768]
 [0.45428357 0.2363798  0.30933663]
 [0.38822085 0.41901186 0.19276728]]
probabilities: [[0.5564047  0.00830312 0.43529218]
 [0.64315444 0.23647836 0.12036722]
 [0.06710105 0.14231813 0.7905808 ]
 [0.3876     0.12848559 0.48391438]
 [0.8725981  0.09758716 0.02981476]]
probabilities: [[0. 1. 0.]
 [0. 1. 0.]
 [0. 1. 0.]
 [0. 1. 0.]
 [0. 1. 0.]]
probabilities: [[0.16350487 0.6234939  0.2130012 ]
 [0.29465365 0.48435062 0.22099574]
 [0.15028425 0.72125983 0.12845589]
 [0.72002286 0.1383213  0.14165586]
 [0.2062826  0.09635527 0.6973621 ]]
probabilities: [[0.30270645 0.02001623 0.6772773 ]
 [0.6554138  0.17953387 0.16505231]
 [0.3771266  0.10853275 0.51434064]
 [0.5135243  0.17283691 0.3136388 ]
 [0.5128465  0.23100127 0.2561522 ]]
probabilities: [[0.5155677  0.43108526 0.05334702]
 [0.03537964 0.9268232  0.03779719]
 [0.4433291  0.05929289 0.49737802]
 [0.66979927 0.19212991 0.1380708 ]
 [0.18865092 0.62653357 0.18481554]]
probabilities: [[1. 0. 0.]
 [1. 0. 0.]
 [1. 0. 0.]
 [1. 0. 0.]
 [1. 0. 0.]]
probabilities: [[0.10169748 0.25782403 0.6404785 ]
 [0.4547915  0.02800934 0.51719916]
 [0.6675305  0.12319269 0.20927685]
 [0.48400134 0.08050666 0.43549198]
 [0.31737316 0.47635135 0.2062755 ]]
probabilities: [[0.52406645 0.35619152 0.119742  ]
 [0.34983316 0.15637773 0.4937891 ]
 [0.15410483 0.8370781  0.00881706]
 [0.06811472 0.1777879  0.7540974 ]
 [0.7158643  0.10198945 0.18214624]]
probabilities: [[0.02558021 0.2269681  0.7474517 ]
 [0.08658211 0.84714645 0.06627144]
 [0.58206326 0.3649162  0.05302054]
 [0.24973285 0.59155506 0.15871207]
 [0.44124562 0.23936051 0.31939387]]
probabilities: [[0. 1. 0.]
 [0. 1. 0.]
 [0. 1. 0.]
 [0. 1. 0.]
 [0. 1. 0.]]
probabilities: [[0.24531095 0.44787416 0.30681488]
 [0.2176012  0.53608745 0.24631132]
 [0.22597086 0.33431563 0.4397135 ]
 [0.07289787 0.84335876 0.08374335]
 [0.4060844  0.43871954 0.15519606]]
probabilities: [[0.04156981 0.7410957  0.2173345 ]
 [0.4275312  0.30078477 0.27168402]
 [0.00939939 0.20329046 0.7873101 ]
 [0.22450618 0.63169116 0.14380266]
 [0.34077823 0.42997316 0.22924863]]
probabilities: [[0.7718357  0.08234315 0.1458212 ]
 [0.42460647 0.5693971  0.00599645]
 [0.5433528  0.16444257 0.29220468]
 [0.01038473 0.5430187  0.44659656]
 [0.02655179 0.96026087 0.01318737]]
probabilities: [[0. 1. 0.]
 [0. 1. 0.]
 [0. 1. 0.]
 [0. 1. 0.]
 [0. 1. 0.]]
probabilities: [[0.38099343 0.30592164 0.31308493]
 [0.343354   0.30098104 0.35566497]
 [0.6430478  0.18687099 0.1700812 ]
 [0.6024722  0.09683985 0.30068794]
 [0.27427807 0.59058464 0.13513732]]
probabilities: [[0.7090026  0.2843951  0.0066023 ]
 [0.1897597  0.30809653 0.50214374]
 [0.27879548 0.59148407 0.12972046]
 [0.35241395 0.10962978 0.53795624]
 [0.37078348 0.31537122 0.3138453 ]]
probabilities: [[0.21162565 0.2148064  0.573568  ]
 [0.18239117 0.5835509  0.23405798]
 [0.47685006 0.2949537  0.22819625]
 [0.08913846 0.23025542 0.6806061 ]
 [0.2681313  0.6138856  0.11798313]]
probabilities: [[1. 0. 0.]
 [1. 0. 0.]
 [1. 0. 0.]
 [1. 0. 0.]
 [1. 0. 0.]]
probabilities: [[0.24797517 0.7369334  0.01509143]
 [0.02335247 0.7292346  0.24741295]
 [0.0268541  0.50083804 0.4723079 ]
 [0.33074775 0.48478875 0.1844635 ]
 [0.07385389 0.04537605 0.8807701 ]]
probabilities: [[0.53593856 0.20400949 0.26005194]
 [0.33815908 0.34627244 0.31556848]
 [0.27423325 0.5857979  0.13996886]
 [0.63742304 0.04612594 0.31645104]
 [0.14178187 0.30662745 0.5515907 ]]
probabilities: [[0.01826282 0.6021548  0.37958238]
 [0.06972294 0.8993711  0.03090598]
 [0.772681   0.04321421 0.1841048 ]
 [0.3621001  0.44545674 0.19244313]
 [0.15745263 0.03555873 0.80698866]]
probabilities: [[0. 0. 1.]
 [0. 1. 0.]
 [0. 0. 1.]
 [0. 0. 1.]
 [0. 0. 1.]]
probabilities: [[0.2681281  0.45660755 0.27526435]
 [0.2436418  0.08832765 0.66803056]
 [0.07801848 0.89950365 0.02247786]
 [0.01868184 0.0872827  0.89403546]
 [0.61067    0.27904278 0.11028722]]
probabilities: [[0.4389894  0.09115372 0.4698569 ]
 [0.09004103 0.8988968  0.01106216]
 [0.64065933 0.05310474 0.3062359 ]
 [0.06812909 0.00201157 0.92985934]
 [0.32188174 0.32530236 0.3528159 ]]
probabilities: [[0.17028208 0.3133165  0.5164014 ]
 [0.47970438 0.05463043 0.4656652 ]
 [0.47429636 0.26171985 0.2639838 ]
 [0.13438717 0.29924566 0.56636715]
 [0.04725251 0.338355   0.6143925 ]]
probabilities: [[1. 0. 0.]
 [1. 0. 0.]
 [1. 0. 0.]
 [1. 0. 0.]
 [1. 0. 0.]]
probabilities: [[0.58370525 0.19878352 0.21751124]
 [0.24332057 0.25179493 0.5048845 ]
 [0.28165397 0.43157145 0.28677458]
 [0.59206873 0.2570545  0.15087673]
 [0.3589865  0.3009544  0.34005907]]
probabilities: [[0.39508063 0.41638866 0.18853073]
 [0.04439876 0.3812812  0.5743201 ]
 [0.17011116 0.49041417 0.33947468]
 [0.34502316 0.4911906  0.16378623]
 [0.05639981 0.6780501  0.26555008]]
probabilities: [[0.17454433 0.29600397 0.52945167]
 [0.39760497 0.38414037 0.21825467]
 [0.41332555 0.46045116 0.12622331]
 [0.31305915 0.22869813 0.4582427 ]
 [0.7421138  0.13803113 0.11985506]]
probabilities: [[0. 0. 1.]
 [0. 1. 0.]
 [0. 1. 0.]
 [0. 0. 1.]
 [0. 0. 1.]]
probabilities: [[0.53690684 0.37921244 0.08388074]
 [0.2436985  0.42824703 0.32805446]
 [0.0567508  0.5359693  0.4072799 ]
 [0.56630147 0.06559615 0.3681024 ]
 [0.49646795 0.1312717  0.37226036]]
probabilities: [[0.23084031 0.6870342  0.08212549]
 [0.37967423 0.13261475 0.48771104]
 [0.09126647 0.21510024 0.69363326]
 [0.37872854 0.19881064 0.4224608 ]
 [0.5447748  0.1231124  0.33211285]]
probabilities: [[0.69950813 0.04655259 0.2539393 ]
 [0.01158571 0.36411294 0.6243014 ]
 [0.435459   0.29770014 0.26684088]
 [0.7452332  0.12248098 0.13228585]
 [0.5701793  0.17990133 0.24991937]]
probabilities: [[0. 0. 1.]
 [0. 1. 0.]
 [0. 1. 0.]
 [0. 0. 1.]
 [0. 0. 1.]]
probabilities: [[0.28406152 0.36030206 0.35563642]
 [0.5396124  0.3213808  0.13900678]
 [0.5843082  0.37269104 0.04300075]
 [0.3746893  0.21558852 0.40972215]
 [0.08700097 0.6446713  0.2683277 ]]
probabilities: [[0.24236646 0.7169419  0.04069164]
 [0.38590673 0.38354182 0.23055142]
 [0.3894888  0.33828968 0.2722215 ]
 [0.16162175 0.31653124 0.521847  ]
 [0.30401745 0.3514034  0.34457916]]
probabilities: [[0.01233185 0.9385089  0.04915923]
 [0.25685522 0.56168586 0.18145892]
 [0.81365424 0.05979225 0.1265535 ]
 [0.44731042 0.2860791  0.26661047]
 [0.18375137 0.27825385 0.53799474]]
probabilities: [[0. 0. 1.]
 [0. 1. 0.]
 [0. 1. 0.]
 [0. 0. 1.]
 [0. 0. 1.]]
probabilities: [[0.38404515 0.5345059  0.08144894]
 [0.03589674 0.19176163 0.77234167]
 [0.25234246 0.08113196 0.6665256 ]
 [0.13530187 0.38499975 0.4796984 ]
 [0.35618034 0.5860084  0.05781123]]
probabilities: [[0.04993077 0.13466077 0.81540847]
 [0.6754116  0.3041187  0.02046974]
 [0.43502748 0.50235516 0.06261735]
 [0.15340273 0.27088314 0.5757141 ]
 [0.01944052 0.81067586 0.1698836 ]]
probabilities: [[0.24606043 0.3605208  0.39341876]
 [0.19211575 0.6394628  0.16842142]
 [0.30902722 0.15106186 0.5399109 ]
 [0.4205014  0.22083879 0.3586598 ]
 [0.51068586 0.04585763 0.44345647]]
probabilities: [[0. 1. 0.]
 [0. 1. 0.]
 [0. 1. 0.]
 [0. 1. 0.]
 [0. 1. 0.]]
probabilities: [[0.16407973 0.7488933  0.08702695]
 [0.77651364 0.05799404 0.16549233]
 [0.49034247 0.41478977 0.09486779]
 [0.1385327  0.23464224 0.62682503]
 [0.35184547 0.4480621  0.20009242]]
probabilities: [[0.09419008 0.12495051 0.7808594 ]
 [0.5671345  0.00519941 0.42766607]
 [0.16849583 0.26493064 0.56657356]
 [0.18249263 0.40920535 0.408302  ]
 [0.14186172 0.74077374 0.11736453]]
probabilities: [[0.1760512  0.5357961  0.2881527 ]
 [0.6554703  0.0627661  0.28176358]
 [0.6444319  0.1186636  0.23690452]
 [0.16683379 0.5977995  0.23536673]
