probabilities: [[1. 0. 0.]
 [1. 0. 0.]
 [1. 0. 0.]
 [1. 0. 0.]
 [1. 0. 0.]]
probabilities: [[0.63730955 0.24873641 0.11395406]
 [0.39186656 0.52450085 0.08363259]
 [0.13003951 0.20972754 0.66023296]
 [0.3990678  0.53718156 0.06375067]
 [0.08492106 0.8353937  0.07968522]]
probabilities: [[0.7799016  0.20150647 0.01859194]
 [0.16352633 0.6908136  0.14566007]
 [0.798971   0.08522529 0.11580371]
 [0.25192225 0.1714431  0.57663465]
 [0.30095926 0.21574283 0.4832979 ]]
probabilities: [[0.04128908 0.11008593 0.848625  ]
 [0.01075235 0.43770933 0.5515383 ]
 [0.6966297  0.17990887 0.1234614 ]
 [0.3285657  0.10636021 0.5650741 ]
 [0.16191831 0.00720695 0.83087474]]
probabilities: [[1. 0. 0.]
 [1. 0. 0.]
 [1. 0. 0.]
 [1. 0. 0.]
 [1. 0. 0.]]
probabilities: [[0.20147212 0.5946777  0.20385021]
 [0.4911112  0.22003813 0.28885067]
 [0.4496713  0.05939905 0.49092966]
 [0.6528258  0.13231094 0.21486329]
 [0.05575008 0.22052911 0.7237208 ]]
probabilities: [[0.09672596 0.0400653  0.8632087 ]
 [0.4049786  0.28207988 0.31294152]
 [0.8377611  0.08343403 0.07880484]
 [0.34965247 0.2754653  0.37488225]
 [0.14907864 0.5222208  0.3287006 ]]
probabilities: [[4.41296369e-01 1.06425442e-01 4.52278197e-01]
 [4.06519264e-01 5.36592722e-01 5.68879917e-02]
 [4.86956179e-01 4.89706337e-01 2.33374797e-02]
 [1.15122564e-01 2.83877820e-01 6.00999594e-01]
 [3.79186473e-04 1.28494650e-01 8.71126175e-01]]
probabilities: [[0. 0. 1.]
 [0. 1. 0.]
 [0. 0. 1.]
 [0. 0. 1.]
 [0. 0. 1.]]
probabilities: [[0.33830792 0.02600445 0.63568765]
 [0.25326842 0.62185717 0.12487441]
 [0.02612613 0.27152133 0.7023525 ]
 [0.6104847  0.11492232 0.27459297]
 [0.34385446 0.2780522  0.37809333]]
probabilities: [[0.34144562 0.47130165 0.18725275]
 [0.80836844 0.06285672 0.12877482]
 [0.1836071  0.48827243 0.32812047]
 [0.09823689 0.32540107 0.576362  ]
 [0.30028427 0.19810718 0.50160855]]
probabilities: [[0.24783054 0.46701032 0.28515914]
 [0.2688336  0.25817198 0.4729944 ]
 [0.09249389 0.4603405  0.4471656 ]
 [0.44787908 0.05585847 0.49626243]
 [0.378745   0.049945   0.57131   ]]
probabilities: [[0. 0. 1.]
 [0. 1. 0.]
 [0. 1. 0.]
 [0. 0. 1.]
 [0. 0. 1.]]
probabilities: [[0.01327932 0.31319588 0.6735248 ]
 [0.632538   0.1381244  0.22933756]
 [0.04812848 0.031977   0.9198945 ]
 [0.27049756 0.49042696 0.23907548]
 [0.28667945 0.21216477 0.5011558 ]]
probabilities: [[0.63963205 0.05892906 0.30143887]
 [0.05774868 0.93697196 0.00527933]
 [0.11809283 0.26052982 0.62137735]
 [0.65600806 0.15055609 0.19343585]
 [0.41089174 0.51246643 0.07664183]]
probabilities: [[0.23663254 0.47988817 0.2834793 ]
 [0.59123445 0.36462805 0.04413751]
 [0.6258347  0.30673432 0.06743098]
 [0.09237878 0.18599743 0.7216238 ]
 [0.09729353 0.1046732  0.7980333 ]]
probabilities: [[0. 0. 1.]
 [0. 1. 0.]
 [0. 0. 1.]
 [0. 0. 1.]
 [0. 0. 1.]]
probabilities: [[0.29382604 0.471379   0.23479493]
 [0.07648274 0.03927869 0.8842386 ]
 [0.22207999 0.57096565 0.20695436]
 [0.34333023 0.01653418 0.6401356 ]
 [0.62766117 0.13801736 0.23432145]]
probabilities: [[0.4387801  0.41306257 0.14815731]
 [0.62663215 0.17954423 0.19382362]
 [0.39113405 0.10004112 0.5088248 ]
 [0.03850206 0.68364245 0.27785552]
 [0.20977846 0.09300257 0.69721895]]
probabilities: [[0.69756335 0.09179115 0.21064548]
 [0.7339289  0.2223589  0.04371216]
 [0.15484703 0.70971364 0.13543934]
 [0.08580139 0.05004263 0.86415595]
 [0.32073715 0.622361   0.05690182]]
probabilities: [[1. 0. 0.]
 [1. 0. 0.]
 [1. 0. 0.]
 [1. 0. 0.]
 [1. 0. 0.]]
probabilities: [[0.3705566  0.04254926 0.58689415]
 [0.30942807 0.28008005 0.41049188]
 [0.26101628 0.2792059  0.45977783]
 [0.17633073 0.26080614 0.5628631 ]
 [0.4951753  0.13954651 0.36527818]]
probabilities: [[0.02746566 0.83248353 0.14005081]
 [0.08052285 0.91483873 0.00463841]
 [0.211798   0.5355216  0.25268036]
 [0.43214583 0.4585034  0.10935079]
 [0.19603598 0.19916798 0.60479605]]
probabilities: [[0.91993743 0.03555721 0.04450535]
 [0.2324423  0.30469772 0.46286   ]
 [0.04829468 0.85006475 0.10164058]
 [0.31708342 0.6548214  0.02809518]
 [0.09742752 0.56289274 0.33967975]]
probabilities: [[0. 0. 1.]
 [0. 1. 0.]
 [0. 1. 0.]
 [0. 0. 1.]
 [0. 0. 1.]]
probabilities: [[0.16351163 0.6503839  0.18610448]
 [0.42331278 0.23160993 0.3450773 ]
 [0.28581193 0.1443717  0.56981635]
 [0.93324167 0.03818656 0.02857179]
 [0.21073595 0.41812947 0.37113458]]
probabilities: [[0.15193978 0.19229035 0.6557699 ]
 [0.06268892 0.37640783 0.56090325]
 [0.08513278 0.2677361  0.64713115]
 [0.3133504  0.5076656  0.17898402]
 [0.24686396 0.16911386 0.58402216]]
probabilities: [[0.14427754 0.80266434 0.05305812]
 [0.23760703 0.25581586 0.50657713]
 [0.21402006 0.34340042 0.4425795 ]
 [0.3858359  0.04313219 0.5710319 ]
 [0.10401872 0.4394811  0.45650017]]
probabilities: [[1. 0. 0.]
 [1. 0. 0.]
 [1. 0. 0.]
 [1. 0. 0.]
 [1. 0. 0.]]
probabilities: [[0.41035312 0.30442727 0.2852196 ]
 [0.6694096  0.25605676 0.0745337 ]
 [0.08312453 0.3405741  0.5763014 ]
 [0.33529016 0.12288364 0.5418262 ]
 [0.5645013  0.24079846 0.19470029]]
probabilities: [[0.9176267  0.03705158 0.04532173]
 [0.36227986 0.07982879 0.55789137]
 [0.852308   0.04719425 0.10049779]
 [0.25009957 0.6038655  0.14603493]
 [0.03971945 0.86083764 0.09944291]]
probabilities: [[0.09401336 0.07022799 0.8357586 ]
 [0.85403425 0.0016611  0.14430463]
 [0.43775877 0.3046448  0.25759643]
 [0.20087753 0.23337533 0.56574714]
 [0.55991375 0.3952734  0.04481284]]
probabilities: [[1. 0. 0.]
 [1. 0. 0.]
 [1. 0. 0.]
 [1. 0. 0.]
 [1. 0. 0.]]
probabilities: [[0.6725779  0.10286363 0.22455843]
 [0.05581811 0.4949741  0.44920778]
 [0.48891494 0.43991828 0.07116678]
 [0.61100423 0.02440381 0.36459193]
 [0.74334556 0.25109798 0.00555643]]
probabilities: [[0.2725347  0.618398   0.10906729]
 [0.18458988 0.12540545 0.6900047 ]
 [0.43368274 0.40550548 0.16081175]
 [0.75691956 0.04840969 0.19467072]
 [0.39934275 0.32067    0.27998725]]
probabilities: [[0.01322645 0.22978032 0.75699323]
 [0.07082963 0.22351371 0.70565665]
 [0.01856647 0.27763027 0.70380324]
 [0.24703465 0.65018827 0.10277706]
 [0.30246857 0.4686288  0.22890262]]
probabilities: [[0. 0. 1.]
 [0. 1. 0.]
 [0. 1. 0.]
 [0. 0. 1.]
 [0. 0. 1.]]
probabilities: [[0.31531549 0.3266807  0.35800385]
 [0.0882792  0.8104829  0.10123786]
 [0.4057829  0.42287147 0.17134564]
 [0.11302347 0.80722326 0.07975329]
 [0.3688933  0.13442627 0.49668044]]
probabilities: [[0.53663135 0.16452663 0.29884204]
 [0.10311838 0.73639566 0.16048598]
 [0.49572322 0.15878487 0.34549192]
 [0.46699822 0.39118195 0.14181983]
 [0.1900731  0.71498436 0.09494252]]
probabilities: [[0.08722237 0.57879466 0.33398297]
 [0.65044665 0.01620516 0.33334818]
 [0.179295   0.24569514 0.5750099 ]
 [0.1719521  0.6537148  0.17433314]
 [0.1504595  0.65276384 0.19677667]]
probabilities: [[1. 0. 0.]
 [1. 0. 0.]
 [1. 0. 0.]
 [1. 0. 0.]
 [1. 0. 0.]]
probabilities: [[0.3425458  0.17695639 0.48049784]
 [0.42645225 0.04647519 0.52707255]
 [0.37454557 0.4784151  0.14703932]
 [0.3888337  0.15517125 0.45599505]
 [0.8997088  0.09825969 0.00203151]]
probabilities: [[0.2466     0.58153874 0.17186129]
 [0.31289858 0.21813521 0.46896622]
 [0.7504183  0.15309872 0.09648296]
 [0.08485279 0.57489693 0.34025028]
 [0.14246671 0.65957475 0.19795856]]
probabilities: [[0.7262215  0.00835856 0.26541993]
 [0.34185913 0.30288428 0.3552566 ]
 [0.20376582 0.48421025 0.31202394]
 [0.01868168 0.78690785 0.19441046]
 [0.19816445 0.60943073 0.19240484]]
probabilities: [[0. 0. 1.]
 [0. 1. 0.]
 [0. 0. 1.]
 [0. 0. 1.]
 [0. 0. 1.]]
probabilities: [[0.16809097 0.01612196 0.8157871 ]
 [0.10127171 0.00718822 0.89154005]
 [0.58038366 0.13312916 0.28648713]
 [0.26633662 0.62609    0.10757337]
 [0.13099627 0.5451065  0.32389727]]
probabilities: [[0.6153539  0.1327094  0.25193673]
 [0.04318599 0.12816657 0.82864743]
 [0.35528094 0.1499547  0.49476436]
 [0.5596424  0.4205286  0.01982901]
 [0.2654631  0.33133343 0.40320346]]
probabilities: [[0.35174075 0.09912213 0.5491371 ]
 [0.37865785 0.42628568 0.19505645]
 [0.64966094 0.14014877 0.2101903 ]
 [0.742195   0.03094282 0.22686218]
 [0.24360941 0.01922978 0.7371608 ]]
probabilities: [[0. 1. 0.]
 [0. 1. 0.]
 [0. 1. 0.]
 [0. 1. 0.]
 [0. 1. 0.]]
probabilities: [[0.20266514 0.6452237  0.1521112 ]
 [0.05194036 0.53110266 0.416957  ]
 [0.16533221 0.0672215  0.7674463 ]
 [0.03715501 0.8031112  0.1597338 ]
 [0.25788888 0.47414276 0.26796836]]
probabilities: [[0.81441855 0.04141488 0.14416656]
 [0.1142908  0.8800924  0.00561683]
 [0.4913208  0.2770326  0.23164658]
 [0.9570291  0.03866851 0.00430241]
 [0.01058743 0.65548617 0.3339264 ]]
probabilities: [[0.05378899 0.9017754  0.04443558]
 [0.20616461 0.6457018  0.14813358]
 [0.57872957 0.29459876 0.12667166]
 [0.55633134 0.04739932 0.39626935]
 [0.40146586 0.4333138  0.16522038]]
probabilities: [[1. 0. 0.]
 [1. 0. 0.]
 [1. 0. 0.]
 [1. 0. 0.]
 [1. 0. 0.]]
probabilities: [[0.10636123 0.24619313 0.6474457 ]
 [0.10303845 0.5441019  0.35285968]
 [0.1409959  0.41661334 0.44239074]
 [0.28538412 0.66733813 0.04727775]
 [0.10917607 0.28100815 0.6098158 ]]
probabilities: [[0.38336793 0.04813291 0.56849915]
 [0.2441947  0.4610631  0.29474223]
 [0.55092317 0.28549916 0.16357768]
 [0.72367215 0.18219909 0.09412878]
 [0.25160018 0.6499737  0.09842611]]
probabilities: [[0.3968871  0.5775677  0.02554518]
 [0.0811616  0.08666623 0.83217216]
 [0.85523283 0.04283787 0.10192928]
 [0.6464679  0.01061197 0.34292012]
 [0.49620906 0.26999965 0.23379129]]
probabilities: [[1. 0. 0.]
 [1. 0. 0.]
 [1. 0. 0.]
 [1. 0. 0.]
 [1. 0. 0.]]
probabilities: [[0.18329258 0.4585291  0.3581783 ]
 [0.4929609  0.3981532  0.10888591]
 [0.19578102 0.13232985 0.6718891 ]
 [0.4918587  0.17599943 0.33214188]
 [0.45168084 0.49094757 0.05737159]]
probabilities: [[0.49703148 0.30539155 0.19757697]
 [0.14529125 0.81324863 0.04146009]
 [0.08347076 0.08393421 0.83259505]
 [0.43083194 0.28955716 0.2796109 ]
 [0.25831223 0.01799819 0.7236896 ]]
probabilities: [[0.02654865 0.59044766 0.3830037 ]
 [0.06021773 0.259652   0.6801303 ]
 [0.02508773 0.62179905 0.3531132 ]
 [0.39935094 0.36955157 0.2310975 ]
 [0.3546399  0.62967205 0.01568803]]
probabilities: [[1. 0. 0.]
 [1. 0. 0.]
 [1. 0. 0.]
 [1. 0. 0.]
 [1. 0. 0.]]
probabilities: [[1.5741105e-01 6.5763605e-01 1.8495288e-01]
 [3.1195915e-01 6.7239243e-01 1.5648421e-02]
 [9.4392848e-01 5.5301409e-02 7.7011925e-04]
 [2.9564950e-01 3.2473186e-01 3.7961864e-01]
 [1.2534979e-02 2.6817599e-01 7.1928900e-01]]
probabilities: [[0.4788377  0.20257011 0.3185922 ]
 [0.13206987 0.3097645  0.5581656 ]
 [0.16826364 0.813627   0.01810934]
 [0.3220678  0.03136941 0.6465628 ]
 [0.11681642 0.43734583 0.44583774]]
probabilities: [[0.14524907 0.6522801  0.20247084]
 [0.4209956  0.10594688 0.4730575 ]
 [0.346248   0.07976058 0.5739914 ]
 [0.05310001 0.5987804  0.34811956]
 [0.77728856 0.14538677 0.07732471]]
probabilities: [[0. 0. 1.]
 [0. 1. 0.]
 [0. 1. 0.]
 [0. 0. 1.]
 [0. 0. 1.]]
probabilities: [[0.52303624 0.28971553 0.18724824]
 [0.08569245 0.51051205 0.40379548]
 [0.7122784  0.02861977 0.2591018 ]
 [0.06829499 0.7263501  0.20535487]
 [0.17731485 0.68383515 0.13885002]]
probabilities: [[0.03511639 0.6070488  0.3578348 ]
 [0.48058483 0.4669001  0.05251505]
 [0.28528276 0.31816375 0.3965535 ]
 [0.09825463 0.88616204 0.0155833 ]
 [0.20410392 0.45461985 0.34127623]]
probabilities: [[0.12836894 0.6831916  0.18843944]
 [0.25925392 0.24770209 0.493044  ]
 [0.31498045 0.46048748 0.22453207]
 [0.7200325  0.0979341  0.18203339]
 [0.8648921  0.11373717 0.02137069]]
probabilities: [[1. 0. 0.]
 [1. 0. 0.]
 [1. 0. 0.]
 [1. 0. 0.]
 [1. 0. 0.]]
probabilities: [[0.2456883  0.04847186 0.7058398 ]
 [0.6416044  0.03948101 0.31891456]
 [0.16686118 0.803185   0.02995382]
 [0.13278446 0.3826282  0.48458734]
 [0.07617363 0.46474475 0.45908165]]
probabilities: [[0.01940154 0.4462175  0.534381  ]
 [0.03791171 0.8574546  0.10463371]
 [0.16970448 0.11830206 0.71199346]
 [0.26362395 0.10327762 0.6330984 ]
 [0.506132   0.00183179 0.49203622]]
probabilities: [[0.44686222 0.42463732 0.12850048]
 [0.0661393  0.8303589  0.10350176]
 [0.01910098 0.6892892  0.29160982]
 [0.02180372 0.01749793 0.96069837]
 [0.03896684 0.5040264  0.45700678]]
probabilities: [[1. 0. 0.]
 [1. 0. 0.]
 [1. 0. 0.]
 [1. 0. 0.]
 [1. 0. 0.]]
probabilities: [[0.50438577 0.24838008 0.24723412]
 [0.75757223 0.17190102 0.07052674]
 [0.7213385  0.23294039 0.04572111]
 [0.58265847 0.40395272 0.01338883]
 [0.71601087 0.05530873 0.22868037]]
probabilities: [[0.4350204  0.31188568 0.25309393]
 [0.3923941  0.41727254 0.19033337]
 [0.47660378 0.3617162  0.16168003]
 [0.27140027 0.13118316 0.5974166 ]
 [0.05990148 0.50829643 0.43180206]]
probabilities: [[0.25508195 0.52160704 0.223311  ]
 [0.7212464  0.08270913 0.19604442]
 [0.39340693 0.45342338 0.15316972]
 [0.6084098  0.06004194 0.3315482 ]
 [0.44234762 0.1771158  0.3805366 ]]
probabilities: [[0. 0. 1.]
 [0. 1. 0.]
 [0. 0. 1.]
 [0. 0. 1.]
 [0. 0. 1.]]
probabilities: [[0.83724964 0.1495688  0.01318156]
 [0.8074594  0.1409071  0.05163349]
 [0.7986357  0.16507949 0.0362848 ]
 [0.4832475  0.05460515 0.46214738]
 [0.05525839 0.56259847 0.38214317]]
probabilities: [[0.63636005 0.24836215 0.11527783]
 [0.1862106  0.47327635 0.34051305]
 [0.17718916 0.21833454 0.6044763 ]
 [0.327179   0.01860364 0.65421736]
 [0.28947538 0.21746393 0.4930607 ]]
probabilities: [[0.14349578 0.6572392  0.19926503]
 [0.36019707 0.04545961 0.5943433 ]
 [0.39482948 0.29140237 0.31376818]
 [0.2491321  0.43600178 0.31486613]
 [0.4394237  0.49931386 0.06126243]]
probabilities: [[0. 0. 1.]
 [0. 1. 0.]
 [0. 1. 0.]
 [0. 0. 1.]
 [0. 0. 1.]]
probabilities: [[0.5940406  0.10227208 0.30368736]
 [0.29409948 0.25756735 0.44833317]
 [0.7930018  0.16616146 0.04083678]
 [0.20585766 0.2139302  0.5802121 ]
 [0.6725915  0.16118263 0.16622588]]
probabilities: [[0.40646482 0.04701243 0.54652274]
 [0.7322626  0.20303811 0.06469928]
 [0.19380146 0.54084617 0.26535237]
 [0.07087208 0.7854878  0.14364018]
 [0.4137574  0.570685   0.01555758]]
probabilities: [[0.5889134  0.08607522 0.32501137]
 [0.83721656 0.0051453  0.15763813]
 [0.17510767 0.5367566  0.2881357 ]
 [0.49938095 0.19505073 0.3055683 ]
 [0.34500557 0.00479683 0.6501976 ]]
probabilities: [[0. 0. 1.]
 [0. 1. 0.]
 [0. 0. 1.]
 [0. 0. 1.]
 [0. 0. 1.]]
probabilities: [[0.33883867 0.11630419 0.54485714]
 [0.50406283 0.45866278 0.0372744 ]
 [0.8407697  0.01627661 0.1429537 ]
 [0.22517888 0.75816935 0.01665175]
 [0.16070056 0.55903435 0.2802651 ]]
probabilities: [[0.18761763 0.09508684 0.7172955 ]
 [0.3923509  0.29382792 0.31382114]
 [0.16733338 0.13205716 0.70060945]
 [0.61851907 0.17404705 0.2074339 ]
 [0.54375434 0.24444813 0.21179757]]
probabilities: [[0.06818788 0.34155837 0.5902538 ]
 [0.09683589 0.84952873 0.05363537]
 [0.8778723  0.10744334 0.01468436]
 [0.13090207 0.14204358 0.72705436]
 [0.01246757 0.96200174 0.02553066]]
probabilities: [[1. 0. 0.]
 [1. 0. 0.]
 [1. 0. 0.]
 [1. 0. 0.]
 [1. 0. 0.]]
probabilities: [[0.21518312 0.24283229 0.5419846 ]
 [0.90259033 0.09440621 0.00300344]
 [0.26371276 0.01205632 0.72423095]
 [0.13182046 0.42574468 0.44243485]
 [0.20565666 0.28280568 0.5115377 ]]
probabilities: [[0.06892997 0.4053098  0.52576023]
 [0.6124161  0.06088745 0.3266965 ]
 [0.20148525 0.6307273  0.16778743]
 [0.36592653 0.34562546 0.288448  ]
 [0.47143826 0.10223989 0.42632186]]
probabilities: [[0.34115502 0.6534691  0.00537589]
 [0.1234333  0.351948   0.5246187 ]
 [0.6545327  0.15745695 0.18801041]
 [0.14161064 0.72322744 0.13516194]
 [0.07623146 0.71731216 0.20645635]]
probabilities: [[0. 0. 1.]
 [0. 1. 0.]
 [0. 1. 0.]
 [0. 0. 1.]
 [0. 0. 1.]]
probabilities: [[0.60834926 0.0162216  0.37542912]
 [0.13482034 0.14482442 0.7203552 ]
 [0.14512144 0.6799155  0.17496309]
 [0.02324793 0.59425354 0.38249853]
 [0.39048374 0.52641505 0.08310124]]
probabilities: [[0.2792401  0.14711471 0.5736452 ]
 [0.65535796 0.11295038 0.23169166]
 [0.15352552 0.6369777  0.20949684]
 [0.64831525 0.3373206  0.01436415]
 [0.7646517  0.13508189 0.10026637]]
probabilities: [[0.07126181 0.5166377  0.41210052]
 [0.396869   0.23144934 0.37168166]
 [0.001575   0.425167   0.573258  ]
 [0.48666403 0.4841348  0.02920117]
 [0.4424372  0.09560192 0.46196088]]
probabilities: [[0. 0. 1.]
 [0. 1. 0.]
 [0. 0. 1.]
 [0. 0. 1.]
 [0. 0. 1.]]
probabilities: [[0.03270616 0.42156312 0.5457307 ]
 [0.06875207 0.77935755 0.15189038]
 [0.16000627 0.196663   0.64333075]
 [0.7795375  0.14485899 0.0756035 ]
 [0.00217104 0.05849288 0.93933606]]
probabilities: [[0.4219545  0.20918843 0.36885706]
 [0.41107634 0.48831728 0.10060638]
 [0.49444404 0.49102324 0.01453273]
 [0.03064414 0.03764386 0.931712  ]
 [0.86985743 0.1226319  0.00751068]]
probabilities: [[0.36406392 0.3191633  0.31677276]
 [0.10169814 0.7679017  0.13040017]
 [0.33844703 0.12949145 0.5320615 ]
 [0.29723087 0.0474423  0.65532684]
 [0.1802658  0.3603041  0.4594301 ]]
probabilities: [[0. 0. 1.]
 [0. 1. 0.]
 [0. 0. 1.]
 [0. 0. 1.]
 [0. 0. 1.]]
probabilities: [[0.46565062 0.04622113 0.48812827]
 [0.25545552 0.7239016  0.02064288]
 [0.04027462 0.45364746 0.5060779 ]
 [0.14505602 0.42281023 0.43213373]
 [0.01181988 0.5993721  0.388808  ]]
probabilities: [[0.20819513 0.40876052 0.38304436]
 [0.3333165  0.27005887 0.39662462]
 [0.461991   0.5276769  0.01033213]
 [0.8268055  0.14093114 0.03226338]
 [0.26572755 0.50378907 0.23048337]]
probabilities: [[0.08388122 0.34729916 0.56881964]
 [0.36767322 0.39260328 0.23972352]
 [0.42781532 0.2101176  0.3620671 ]
 [0.7627271  0.01066533 0.2266076 ]
 [0.03737271 0.4909145  0.4717128 ]]
probabilities: [[0. 1. 0.]
 [0. 1. 0.]
 [0. 1. 0.]
 [0. 1. 0.]
 [0. 1. 0.]]
probabilities: [[0.10603371 0.8550823  0.038884  ]
 [0.56504446 0.08116632 0.3537892 ]
 [0.09812422 0.58074945 0.3211263 ]
 [0.08034661 0.64658606 0.27306733]
 [0.33902502 0.44441962 0.21655536]]
probabilities: [[0.7641506  0.14324264 0.09260676]
 [0.831629   0.08803391 0.08033711]
 [0.3262047  0.5117071  0.16208822]
 [0.1801092  0.15480551 0.6650853 ]
 [0.3280587  0.5756044  0.09633692]]
probabilities: [[0.22205825 0.4038554  0.37408632]
 [0.08488034 0.1812213  0.73389834]
 [0.06087653 0.5566053  0.38251817]
 [0.7597972  0.11339232 0.12681046]
 [0.097205   0.79823077 0.10456423]]
probabilities: [[1. 0. 0.]
 [1. 0. 0.]
 [1. 0. 0.]
 [1. 0. 0.]
 [1. 0. 0.]]
probabilities: [[0.05701779 0.78504604 0.15793619]
 [0.12069128 0.5880084  0.29130036]
 [0.36206377 0.49748287 0.14045337]
 [0.4667096  0.46126223 0.07202815]
 [0.02673925 0.6443196  0.32894114]]
probabilities: [[0.25220966 0.49155733 0.256233  ]
 [0.10128208 0.532068   0.36664993]
 [0.60822874 0.36487907 0.0268922 ]
 [0.05268463 0.02330205 0.9240133 ]
 [0.51297885 0.4437204  0.04330073]]
probabilities: [[0.01084301 0.19088207 0.79827493]
 [0.81406796 0.12758945 0.05834261]
 [0.46210593 0.46972993 0.06816416]
 [0.36631265 0.2969327  0.33675465]
 [0.48635343 0.4429044  0.07074218]]
probabilities: [[0. 0. 1.]
 [0. 1. 0.]
 [0. 0. 1.]
 [0. 0. 1.]
 [0. 0. 1.]]
probabilities: [[0.7536866  0.0191442  0.22716923]
 [0.7118508  0.21299385 0.07515536]
 [0.17917193 0.11835849 0.7024696 ]
 [0.12098515 0.22046213 0.6585527 ]
 [0.07585497 0.0963046  0.82784045]]
probabilities: [[0.45202127 0.5274661  0.02051263]
 [0.2414824  0.31881952 0.4396981 ]
 [0.05233938 0.11887841 0.8287822 ]
 [0.10694371 0.27534872 0.61770755]
 [0.40841085 0.17309028 0.41849884]]
probabilities: [[0.07904832 0.02018428 0.9007674 ]
 [0.05137734 0.6592081  0.28941453]
 [0.82828695 0.07833968 0.09337337]
 [0.703075   0.10192822 0.1949968 ]
 [0.42922625 0.2764033  0.29437044]]
probabilities: [[0. 0. 1.]
 [0. 1. 0.]
 [0. 1. 0.]
 [0. 0. 1.]
 [0. 0. 1.]]
probabilities: [[0.17491461 0.46070486 0.36438054]
 [0.7102074  0.2831909  0.00660171]
 [0.3721935  0.3113642  0.31644228]
 [0.3752691  0.25706705 0.36766386]
 [0.01926446 0.8554571  0.12527843]]
probabilities: [[0.16974667 0.6737419  0.15651147]
 [0.5302675  0.41382086 0.05591165]
 [0.37042287 0.34396562 0.28561154]
 [0.42347687 0.03524815 0.54127496]
 [0.1185205  0.43091792 0.45056158]]
probabilities: [[0.30758792 0.3418568  0.35055527]
 [0.2197546  0.69939864 0.08084676]
 [0.5447974  0.20083463 0.25436795]
 [0.8121464  0.05588648 0.13196708]
 [0.33557573 0.11207709 0.5523472 ]]
probabilities: [[0. 0. 1.]
 [0. 1. 0.]
 [0. 0. 1.]
 [0. 0. 1.]
 [0. 0. 1.]]
probabilities: [[0.61920244 0.35348296 0.02731464]
 [0.51587534 0.42591786 0.05820679]
 [0.5624032  0.35757858 0.08001819]
 [0.6649773  0.10738118 0.22764152]
 [0.00411657 0.22350541 0.772378  ]]
probabilities: [[0.61864495 0.01356031 0.36779475]
 [0.04472153 0.6076914  0.34758705]
 [0.697295   0.2261519  0.07655308]
 [0.30188185 0.578749   0.11936918]
 [0.366386   0.15440492 0.4792091 ]]
probabilities: [[0.24692135 0.01044359 0.7426351 ]
 [0.16304508 0.49556518 0.34138975]
 [0.41893524 0.22225855 0.35880622]
 [0.13410434 0.84091747 0.02497818]
 [0.73568004 0.12001261 0.14430735]]
probabilities: [[0. 0. 1.]
 [0. 1. 0.]
 [0. 1. 0.]
 [0. 0. 1.]
 [0. 0. 1.]]
probabilities: [[0.10856187 0.5088929  0.3825452 ]
 [0.4446757  0.151188   0.40413627]
 [0.6160278  0.22502324 0.158949  ]
 [0.21013199 0.06910651 0.7207615 ]
 [0.4529625  0.1397447  0.4072928 ]]
probabilities: [[0.22327802 0.57359695 0.20312501]
 [0.3781654  0.01139908 0.61043555]
 [0.4296002  0.4464335  0.12396629]
 [0.17387034 0.04914383 0.7769858 ]
 [0.30580804 0.58386636 0.11032561]]
probabilities: [[0.12077184 0.23004852 0.64917964]
 [0.5930519  0.1969025  0.21004558]
 [0.10326704 0.6281267  0.26860628]
 [0.25732633 0.43586585 0.30680782]
 [0.20839702 0.13909732 0.65250564]]
probabilities: [[0. 1. 0.]
 [0. 1. 0.]
 [0. 1. 0.]
 [0. 1. 0.]
 [0. 1. 0.]]
probabilities: [[0.08586126 0.05820138 0.85593736]
 [0.20898996 0.40698922 0.3840208 ]
 [0.11316644 0.2172163  0.66961724]
 [0.28816637 0.23847441 0.4733592 ]
 [0.0809525  0.06757123 0.85147625]]
probabilities: [[0.226347   0.28581282 0.48784018]
 [0.68173414 0.1623437  0.15592219]
 [0.14942072 0.19482915 0.6557501 ]
 [0.18412894 0.71319807 0.10267301]
 [0.11669184 0.63486624 0.2484419 ]]
probabilities: [[0.2147146  0.49762055 0.28766486]
 [0.47987944 0.22411874 0.29600182]
 [0.59433687 0.28268635 0.12297677]
 [0.4125742  0.02386069 0.56356514]
 [0.4342936  0.36564213 0.20006427]]
probabilities: [[0. 0. 1.]
 [0. 1. 0.]
 [0. 1. 0.]
 [0. 0. 1.]
 [0. 0. 1.]]
probabilities: [[0.33467412 0.65514225 0.01018364]
 [0.31050152 0.60882884 0.08066963]
 [0.13253053 0.4138754  0.45359406]
 [0.01638475 0.37486714 0.60874814]
 [0.21027477 0.76682127 0.02290398]]
probabilities: [[0.19579302 0.18532032 0.61888665]
 [0.11753115 0.5914251  0.29104373]
 [0.10852563 0.6272884  0.264186  ]
 [0.01495696 0.5008262  0.48421687]
 [0.35744753 0.46187457 0.18067789]]
probabilities: [[0.20883727 0.301383   0.48977974]
 [0.16683064 0.5540051  0.27916428]
 [0.42733368 0.03091756 0.54174876]
 [0.28679186 0.10353074 0.6096774 ]
 [0.0692905  0.15940844 0.7713011 ]]
probabilities: [[0. 0. 1.]
 [0. 1. 0.]
 [0. 1. 0.]
 [0. 0. 1.]
 [0. 0. 1.]]
probabilities: [[0.53234136 0.29666364 0.17099498]
 [0.57888883 0.07522698 0.34588417]
 [0.80654573 0.12272759 0.07072668]
 [0.532332   0.3598442  0.10782378]
 [0.19710891 0.5324873  0.2704038 ]]
probabilities: [[0.52976733 0.11333495 0.3568977 ]
 [0.25399736 0.36320436 0.38279828]
 [0.30633944 0.59689516 0.09676542]
 [0.196941   0.42553827 0.37752074]
 [0.06522483 0.05361385 0.88116133]]
probabilities: [[0.14435434 0.43887627 0.4167694 ]
 [0.28959334 0.6136418  0.09676484]
 [0.62803185 0.23547825 0.13648993]
 [0.35668543 0.32479522 0.31851935]
 [0.2775941  0.15700202 0.5654039 ]]
probabilities: [[0. 0. 1.]
 [0. 1. 0.]
 [0. 1. 0.]
 [0. 0. 1.]
 [0. 0. 1.]]
probabilities: [[0.30251986 0.25818366 0.4392965 ]
 [0.57764024 0.0721149  0.35024485]
 [0.30180028 0.10677692 0.5914228 ]
 [0.4870292  0.26640627 0.24656455]
 [0.36367813 0.60755354 0.02876835]]
probabilities: [[0.0892173  0.56853586 0.34224686]
 [0.16741243 0.7133064  0.11928114]
 [0.7697762  0.06792588 0.16229789]
 [0.78415173 0.12298839 0.09285991]
 [0.04489851 0.01589096 0.93921053]]
probabilities: [[0.390142   0.5494127  0.06044526]
 [0.36671963 0.10447752 0.5288029 ]
 [0.2725809  0.22229895 0.50512016]
 [0.80297357 0.09126145 0.105765  ]
 [0.8207171  0.13044114 0.04884173]]
probabilities: [[0. 0. 1.]
 [0. 1. 0.]
 [0. 0. 1.]
 [0. 0. 1.]
 [0. 0. 1.]]
probabilities: [[0.6299587  0.06324667 0.3067946 ]
 [0.3441256  0.07119403 0.5846804 ]
 [0.57321566 0.35141197 0.07537237]
 [0.23942257 0.3608021  0.3997753 ]
 [0.03830307 0.5864823  0.37521464]]
probabilities: [[0.2730399  0.5133048  0.21365531]
 [0.00483803 0.32675815 0.6684038 ]
 [0.3931414  0.04718227 0.55967635]
 [0.1017508  0.79770607 0.10054313]
 [0.32000938 0.6756488  0.0043418 ]]
probabilities: [[0.29553944 0.10123193 0.6032286 ]
 [0.02230081 0.2616852  0.716014  ]
 [0.4266034  0.13639468 0.4370019 ]
 [0.78404623 0.04100938 0.17494439]
 [0.23237427 0.5733503  0.19427542]]
probabilities: [[0. 0. 1.]
 [0. 1. 0.]
 [0. 1. 0.]
 [0. 0. 1.]
 [0. 0. 1.]]
probabilities: [[0.22182506 0.17774203 0.6004329 ]
 [0.23242433 0.6967671  0.07080855]
 [0.27860236 0.44168222 0.2797154 ]
 [0.87409186 0.05926967 0.06663844]
 [0.56959367 0.05277125 0.3776351 ]]
probabilities: [[0.23662838 0.60847384 0.15489778]
 [0.11938091 0.8098177  0.07080144]
 [0.12985429 0.33976716 0.5303786 ]
 [0.42752147 0.32687044 0.24560808]
 [0.38621238 0.6128839  0.00090373]]
probabilities: [[3.9283997e-01 1.8596138e-01 4.2119864e-01]
 [1.4332005e-01 8.9798361e-02 7.6688159e-01]
 [3.5231805e-04 8.9204603e-01 1.0760163e-01]
 [3.3110341e-01 3.0898711e-01 3.5990945e-01]
 [4.9038684e-01 4.2139974e-01 8.8213429e-02]]
probabilities: [[0. 0. 1.]
 [0. 1. 0.]
 [0. 0. 1.]
 [0. 0. 1.]
 [0. 0. 1.]]
probabilities: [[0.25738707 0.18702291 0.55559003]
 [0.02291286 0.02577481 0.9513123 ]
 [0.23624773 0.4722174  0.29153484]
 [0.18041198 0.32857355 0.49101448]
 [0.16918488 0.22795925 0.60285586]]
probabilities: [[0.0772569  0.52493054 0.39781255]
 [0.20241666 0.7302797  0.06730364]
 [0.17555259 0.26803958 0.5564078 ]
 [0.40320194 0.43288714 0.16391091]
 [0.7322508  0.2639594  0.0037898 ]]
probabilities: [[0.03017145 0.62081766 0.3490109 ]
 [0.07637895 0.76541495 0.1582061 ]
 [0.27814892 0.6593766  0.06247447]
 [0.6167491  0.27981317 0.10343775]
 [0.39108682 0.17428933 0.43462384]]
probabilities: [[0. 1. 0.]
 [0. 1. 0.]
 [0. 1. 0.]
 [0. 1. 0.]
 [0. 1. 0.]]
probabilities: [[0.3039957  0.6702649  0.0257394 ]
 [0.32325056 0.64582866 0.0309208 ]
 [0.18075024 0.08223692 0.73701286]
 [0.31952333 0.36188456 0.3185921 ]
 [0.13509636 0.12065311 0.74425054]]
probabilities: [[0.12431283 0.86081195 0.01487524]
 [0.09645165 0.25318968 0.6503587 ]
 [0.2484431  0.6838717  0.0676852 ]
 [0.12075484 0.18371795 0.6955272 ]
 [0.13916503 0.5043521  0.3564829 ]]
probabilities: [[0.11810432 0.64462906 0.23726664]
 [0.67950594 0.16698435 0.1535097 ]
 [0.01641572 0.88482887 0.0987554 ]
 [0.04477991 0.19338828 0.7618318 ]
 [0.11994322 0.39502686 0.4850299 ]]
probabilities: [[1. 0. 0.]
 [1. 0. 0.]
 [1. 0. 0.]
 [1. 0. 0.]
 [1. 0. 0.]]
probabilities: [[0.03118775 0.41054428 0.55826795]
 [0.44462574 0.22262049 0.33275378]
 [0.15522385 0.42466402 0.42011213]
 [0.3666864  0.35906312 0.27425048]
 [0.24195543 0.27992186 0.47812268]]
probabilities: [[0.6151111  0.17352001 0.21136886]
 [0.2041269  0.08365367 0.7122194 ]
 [0.22958498 0.51390773 0.25650728]
 [0.07359656 0.45584252 0.47056094]
 [0.11285882 0.44215068 0.4449905 ]]
probabilities: [[0.6941725  0.11157177 0.19425571]
 [0.43229306 0.34570524 0.2220017 ]
 [0.22624855 0.18498006 0.5887714 ]
 [0.18732022 0.7856756  0.02700418]
 [0.07383876 0.8866604  0.03950087]]
probabilities: [[1. 0. 0.]
 [1. 0. 0.]
 [1. 0. 0.]
 [1. 0. 0.]
 [1. 0. 0.]]
probabilities: [[0.5381476  0.38979918 0.0720532 ]
 [0.2278364  0.27140823 0.50075537]
 [0.49630085 0.16950627 0.33419287]
 [0.3576667  0.45267773 0.18965559]
 [0.21160367 0.3446363  0.44376   ]]
probabilities: [[0.01379575 0.7162032  0.27000102]
 [0.31493065 0.01133224 0.6737371 ]
 [0.22402763 0.04317962 0.73279274]
 [0.43287364 0.15994526 0.40718108]
 [0.42638648 0.17979668 0.39381686]]
probabilities: [[0.6497863  0.14107007 0.20914365]
 [0.12601003 0.35358343 0.52040654]
 [0.14147606 0.37433767 0.48418626]
 [0.24732514 0.06743909 0.6852358 ]
 [0.29620287 0.05668346 0.6471137 ]]
probabilities: [[0. 0. 1.]
 [0. 1. 0.]
 [0. 0. 1.]
 [0. 0. 1.]
 [0. 0. 1.]]
probabilities: [[0.23683909 0.01204482 0.7511161 ]
 [0.39075395 0.2124911  0.39675495]
 [0.02878128 0.70707536 0.26414335]
 [0.14017236 0.09539132 0.7644363 ]
 [0.24867073 0.28207916 0.4692501 ]]
probabilities: [[0.5707304  0.2012792  0.22799043]
 [0.4515991  0.38641146 0.16198947]
 [0.71299994 0.19225837 0.09474171]
 [0.40507933 0.05622753 0.53869313]
 [0.5634543  0.16480096 0.27174476]]
probabilities: [[0.32620504 0.08840796 0.585387  ]
 [0.4963223  0.13429704 0.36938065]
 [0.6396236  0.1173898  0.24298665]
 [0.11887087 0.37805638 0.50307274]
 [0.07129033 0.18288234 0.7458273 ]]
probabilities: [[1. 0. 0.]
 [1. 0. 0.]
 [1. 0. 0.]
 [1. 0. 0.]
 [1. 0. 0.]]
probabilities: [[0.04698092 0.41100845 0.5420106 ]
 [0.4352655  0.24190423 0.32283026]
 [0.81813383 0.12925467 0.05261153]
 [0.43746823 0.24524578 0.31728598]
 [0.22276518 0.10630166 0.6709332 ]]
probabilities: [[0.05722516 0.7885842  0.15419067]
 [0.641394   0.1352222  0.22338377]
 [0.70233786 0.22963943 0.06802274]
 [0.18933475 0.12869596 0.6819693 ]
 [0.14852609 0.74545485 0.10601906]]
probabilities: [[0.00480148 0.16380514 0.83139336]
 [0.1706172  0.00589158 0.8234912 ]
 [0.3852196  0.03334242 0.58143795]
 [0.17426673 0.13008606 0.69564724]
 [0.02914042 0.29496738 0.6758922 ]]
probabilities: [[0. 1. 0.]
 [0. 1. 0.]
 [0. 1. 0.]
 [0. 1. 0.]
 [0. 1. 0.]]
probabilities: [[0.01381043 0.90150917 0.08468039]
 [0.23787597 0.7357025  0.02642151]
 [0.5523474  0.19920409 0.2484485 ]
 [0.258618   0.46299624 0.27838576]
 [0.05075137 0.3427557  0.60649294]]
probabilities: [[0.19447708 0.44551533 0.36000758]
 [0.09527545 0.5481688  0.35655576]
 [0.21319082 0.6653966  0.12141259]
 [0.16876444 0.5420536  0.28918198]
 [0.23755293 0.26583663 0.49661046]]
probabilities: [[0.04597846 0.42172593 0.5322956 ]
 [0.5638196  0.22155967 0.21462077]
 [0.19775489 0.56734097 0.23490413]
 [0.86541235 0.09801946 0.03656819]
 [0.3735161  0.06027239 0.5662115 ]]
probabilities: [[0. 1. 0.]
 [0. 1. 0.]
 [0. 1. 0.]
 [0. 1. 0.]
 [0. 1. 0.]]
probabilities: [[0.28590378 0.08520054 0.62889564]
 [0.07435306 0.07240192 0.853245  ]
 [0.01469891 0.0688652  0.9164359 ]
 [0.18795012 0.45472738 0.35732248]
 [0.42402107 0.06209963 0.5138793 ]]
probabilities: [[0.32117403 0.06204123 0.61678475]
 [0.42509767 0.45554024 0.11936207]
 [0.22975565 0.4105522  0.35969216]
 [0.79919815 0.0398858  0.16091608]
 [0.53321815 0.05814235 0.4086395 ]]
probabilities: [[0.4703025  0.34209892 0.1875986 ]
 [0.04476943 0.5069859  0.44824466]
 [0.7172018  0.15071057 0.13208759]
 [0.31978744 0.0966685  0.5835441 ]
 [0.17475928 0.72165734 0.10358337]]
probabilities: [[0. 0. 1.]
 [0. 1. 0.]
 [0. 1. 0.]
 [0. 0. 1.]
 [0. 0. 1.]]
probabilities: [[0.01422453 0.5058527  0.47992277]
 [0.04649036 0.7475981  0.2059115 ]
 [0.313135   0.48583782 0.20102717]
 [0.51183414 0.453749   0.03441685]
 [0.5431347  0.04258501 0.4142803 ]]
probabilities: [[0.15614559 0.83882487 0.00502952]
 [0.03472675 0.36609885 0.5991744 ]
 [0.3132991  0.06016228 0.62653863]
 [0.3465357  0.3549867  0.29847756]
 [0.22334886 0.32514405 0.45150712]]
probabilities: [[0.18353216 0.67954314 0.13692473]
 [0.4028     0.5048682  0.0923318 ]
 [0.4542773  0.04944272 0.49627995]
 [0.285459   0.5031003  0.21144071]
 [0.01595843 0.02703744 0.95700413]]
probabilities: [[1. 0. 0.]
 [1. 0. 0.]
 [1. 0. 0.]
 [1. 0. 0.]
 [1. 0. 0.]]
probabilities: [[0.35473484 0.07084117 0.57442397]
 [0.0190754  0.42349654 0.55742806]
 [0.02043268 0.71045965 0.26910767]
 [0.64847106 0.04489298 0.30663595]
 [0.42198092 0.07944424 0.49857482]]
probabilities: [[8.7545939e-02 9.4868682e-02 8.1758535e-01]
 [2.3081166e-01 1.9785589e-01 5.7133245e-01]
 [2.0004307e-01 1.1489732e-04 7.9984206e-01]
 [1.8650474e-01 7.0431012e-01 1.0918513e-01]
 [6.0181268e-02 1.9499263e-01 7.4482608e-01]]
probabilities: [[0.16091946 0.2842876  0.55479294]
 [0.07379645 0.1352999  0.7909036 ]
 [0.47603342 0.2399318  0.2840348 ]
 [0.3532073  0.18738022 0.4594125 ]
 [0.00646109 0.19081426 0.80272466]]
probabilities: [[0. 0. 1.]
 [0. 1. 0.]
 [0. 0. 1.]
 [0. 0. 1.]
 [0. 0. 1.]]
probabilities: [[0.29031435 0.06972149 0.63996416]
 [0.1282022  0.4592969  0.41250086]
 [0.25166726 0.6390584  0.10927435]
 [0.01291888 0.40649152 0.5805896 ]
 [0.2192525  0.11086935 0.6698781 ]]
probabilities: [[0.2130411  0.2192955  0.56766343]
 [0.25027475 0.20530118 0.54442406]
 [0.4284932  0.00227004 0.56923676]
 [0.2061254  0.38355944 0.41031516]
 [0.88083893 0.0457967  0.07336439]]
probabilities: [[0.47067425 0.16355176 0.365774  ]
 [0.6432513  0.27673492 0.0800138 ]
 [0.11613652 0.37526816 0.50859535]
 [0.79959404 0.12403248 0.07637347]
 [0.5871526  0.31291163 0.09993577]]
probabilities: [[0. 0. 1.]
 [0. 1. 0.]
 [0. 1. 0.]
 [0. 0. 1.]
 [0. 0. 1.]]
probabilities: [[0.5013903  0.17004654 0.32856315]
 [0.2009739  0.04105639 0.7579697 ]
 [0.14064224 0.81402755 0.04533024]
 [0.23824242 0.4857452  0.2760124 ]
 [0.28627294 0.51557374 0.19815332]]
probabilities: [[0.29821393 0.2954648  0.4063213 ]
 [0.61658466 0.35011914 0.0332962 ]
 [0.43851903 0.53910565 0.02237533]
 [0.21060978 0.13457204 0.6548182 ]
 [0.29509494 0.45489687 0.2500082 ]]
probabilities: [[0.11987619 0.08981533 0.7903085 ]
 [0.34424728 0.33145443 0.3242983 ]
 [0.5587869  0.22773089 0.2134822 ]
 [0.84404165 0.10064095 0.05531742]
 [0.3755153  0.3306978  0.29378688]]
probabilities: [[0. 0. 1.]
 [0. 1. 0.]
 [0. 0. 1.]
 [0. 0. 1.]
 [0. 0. 1.]]
probabilities: [[0.30155954 0.49596527 0.20247519]
 [0.10263865 0.4069309  0.49043047]
 [0.05275172 0.77975774 0.16749057]
 [0.08962696 0.53987384 0.37049922]
 [0.38037193 0.35527986 0.26434818]]
probabilities: [[0.00126436 0.01454267 0.98419297]
 [0.5077643  0.29918265 0.1930531 ]
 [0.54157084 0.40345633 0.0549728 ]
 [0.11977469 0.13185629 0.74836904]
 [0.13036111 0.48722714 0.38241172]]
probabilities: [[0.4724084  0.07258447 0.45500714]
 [0.0277188  0.8911372  0.08114404]
 [0.209222   0.33711362 0.45366436]
 [0.06980424 0.8831842  0.04701159]
 [0.39550838 0.1769147  0.4275769 ]]
probabilities: [[0. 0. 1.]
 [0. 1. 0.]
 [0. 0. 1.]
 [0. 0. 1.]
 [0. 0. 1.]]
probabilities: [[0.01651597 0.3767463  0.60673773]
 [0.07559168 0.5018015  0.42260683]
 [0.19606125 0.56134355 0.24259517]
 [0.24493854 0.05213375 0.7029277 ]
 [0.3808413  0.13813971 0.48101896]]
probabilities: [[0.22609437 0.04115222 0.7327534 ]
 [0.07814092 0.17417453 0.74768454]
 [0.06901333 0.15379661 0.77719   ]
 [0.35162205 0.5109346  0.13744336]
 [0.7170992  0.07473101 0.20816979]]
probabilities: [[0.8111208  0.04570435 0.14317481]
 [0.3122945  0.00689983 0.6808056 ]
 [0.05478702 0.7538821  0.19133087]
 [0.7065383  0.22837299 0.06508873]
 [0.29978922 0.22233084 0.47787994]]
probabilities: [[0. 1. 0.]
 [0. 1. 0.]
 [0. 1. 0.]
 [0. 1. 0.]
 [0. 1. 0.]]
probabilities: [[0.18372214 0.08234704 0.7339308 ]
 [0.4967619  0.26571536 0.23752277]
 [0.63921845 0.19307825 0.16770327]
 [0.2180955  0.29617923 0.48572528]
 [0.2788413  0.10134137 0.6198174 ]]
probabilities: [[0.7441297  0.22428447 0.03158583]
 [0.532298   0.28123036 0.18647161]
 [0.28227282 0.31288835 0.40483883]
 [0.29793903 0.39341688 0.3086441 ]
 [0.12808563 0.80182767 0.0700867 ]]
probabilities: [[0.03848948 0.95933324 0.00217725]
 [0.5882504  0.12978747 0.2819621 ]
 [0.06000379 0.27794722 0.662049  ]
 [0.19876462 0.31469163 0.48654374]
 [0.06174204 0.4748791  0.46337888]]
probabilities: [[0. 1. 0.]
 [0. 1. 0.]
 [0. 1. 0.]
 [0. 1. 0.]
 [0. 1. 0.]]
probabilities: [[1.76237792e-01 6.32896364e-01 1.90865830e-01]
 [2.12606430e-01 6.29828334e-01 1.57565251e-01]
 [1.74156249e-01 1.92360938e-01 6.33482814e-01]
 [3.51565242e-01 5.38338721e-01 1.10096015e-01]
 [7.90314317e-01 2.53349019e-04 2.09432319e-01]]
probabilities: [[0.25035435 0.13650338 0.61314225]
 [0.6014528  0.22528219 0.173265  ]
 [0.14197406 0.46513572 0.39289021]
 [0.37726018 0.45064858 0.17209125]
 [0.03152636 0.7541397  0.21433394]]
probabilities: [[0.11349738 0.09871902 0.7877836 ]
 [0.40770844 0.56027114 0.03202039]
 [0.16782616 0.28085005 0.5513238 ]
 [0.5795328  0.15995374 0.26051345]
 [0.80393356 0.02787478 0.16819167]]
probabilities: [[0. 1. 0.]
 [0. 1. 0.]
 [0. 1. 0.]
 [0. 1. 0.]
 [0. 1. 0.]]
probabilities: [[0.04112661 0.19842482 0.7604486 ]
 [0.05908197 0.5291837  0.4117343 ]
 [0.7010554  0.29511344 0.00383113]
 [0.31729656 0.25058198 0.4321215 ]
 [0.09888142 0.30212894 0.59898967]]
probabilities: [[0.41481912 0.5443934  0.04078745]
 [0.64558256 0.10340637 0.25101107]
 [0.06146795 0.03877337 0.8997587 ]
 [0.369572   0.27157566 0.3588523 ]
 [0.6130744  0.04243047 0.3444951 ]]
probabilities: [[0.39723536 0.08146986 0.5212948 ]
 [0.03059311 0.5743911  0.39501578]
 [0.38092408 0.13568117 0.48339474]
 [0.11711877 0.22493859 0.65794265]
 [0.735647   0.26165125 0.00270172]]
probabilities: [[0. 0. 1.]
 [0. 1. 0.]
 [0. 1. 0.]
 [0. 0. 1.]
 [0. 0. 1.]]
probabilities: [[0.10641865 0.868069   0.02551238]
 [0.15775758 0.30036816 0.54187423]
 [0.39265302 0.3459583  0.26138866]
 [0.1951634  0.55061585 0.25422075]
 [0.32205093 0.47866338 0.19928569]]
probabilities: [[0.07708792 0.43319535 0.48971674]
 [0.34717023 0.09235751 0.56047225]
 [0.00679203 0.22558732 0.7676206 ]
 [0.62453073 0.23090693 0.14456232]
 [0.10605899 0.77214944 0.12179156]]
probabilities: [[0.6904541  0.30522963 0.00431626]
 [0.22988412 0.32973775 0.44037813]
 [0.75970435 0.21666798 0.02362768]
 [0.13371262 0.7718726  0.09441482]
 [0.04752929 0.89404345 0.05842726]]
probabilities: [[1. 0. 0.]
 [1. 0. 0.]
 [1. 0. 0.]
 [1. 0. 0.]
 [1. 0. 0.]]
probabilities: [[0.25651637 0.4630818  0.28040183]
 [0.13984597 0.1661622  0.69399184]
 [0.78757215 0.21110296 0.00132486]
 [0.1936069  0.4810843  0.3253088 ]
 [0.05740432 0.04776385 0.89483184]]
probabilities: [[0.15748158 0.7605336  0.08198486]
 [0.5165412  0.36099637 0.12246244]
 [0.08025822 0.21415472 0.7055871 ]
 [0.56901044 0.29605538 0.1349342 ]
 [0.03800702 0.3066424  0.65535057]]
probabilities: [[0.3054762  0.45759395 0.23692986]
 [0.30481592 0.06787634 0.6273078 ]
 [0.10964828 0.4381391  0.45221263]
 [0.6909443  0.12820001 0.18085566]
 [0.04797106 0.74345684 0.20857209]]
probabilities: [[0. 0. 1.]
 [0. 1. 0.]
 [0. 0. 1.]
 [0. 0. 1.]
 [0. 0. 1.]]
probabilities: [[0.01424927 0.93419546 0.05155525]
 [0.2024777  0.30020964 0.49731266]
 [0.27507806 0.3266237  0.39829823]
 [0.12050932 0.37968785 0.49980283]
 [0.06688812 0.6347793  0.29833263]]
probabilities: [[0.4802612  0.41997853 0.09976029]
 [0.56577486 0.12417374 0.31005138]
 [0.04375681 0.31102946 0.6452137 ]
 [0.11486717 0.6687288  0.21640402]
 [0.11505589 0.67548776 0.20945634]]
probabilities: [[0.3048192  0.47141707 0.22376373]
 [0.4879106  0.06588347 0.44620594]
 [0.15978304 0.17446841 0.66574854]
 [0.29085875 0.10077371 0.60836756]
 [0.3683487  0.5634555  0.06819581]]
probabilities: [[1. 0. 0.]
 [1. 0. 0.]
 [1. 0. 0.]
 [1. 0. 0.]
 [1. 0. 0.]]
probabilities: [[0.7936137  0.09225816 0.1141282 ]
 [0.2925807  0.4329958  0.2744235 ]
 [0.34589818 0.31581444 0.33828738]
 [0.5003225  0.32061842 0.17905906]
 [0.12495416 0.79686964 0.07817622]]
probabilities: [[0.2808862  0.32055548 0.39855835]
 [0.14869171 0.17677656 0.67453176]
 [0.14705132 0.62149686 0.23145184]
 [0.36878374 0.46205544 0.16916081]
 [0.10556929 0.13321652 0.7612142 ]]
probabilities: [[0.33989492 0.18826757 0.47183752]
 [0.34178737 0.52888054 0.12933208]
 [0.04892697 0.5061224  0.4449506 ]
 [0.4847387  0.512385   0.00287625]
 [0.66226274 0.29458496 0.04315229]]
probabilities: [[0. 0. 1.]
 [0. 1. 0.]
 [0. 1. 0.]
 [0. 0. 1.]
 [0. 0. 1.]]
probabilities: [[0.05930774 0.5223381  0.41835415]
 [0.31097963 0.13447002 0.55455035]
 [0.27427346 0.6053485  0.12037801]
 [0.69594544 0.25708634 0.04696824]
 [0.04661622 0.5379338  0.41544995]]
probabilities: [[0.64705193 0.07190423 0.28104383]
 [0.18298909 0.5914554  0.22555552]
 [0.05503602 0.18259801 0.762366  ]
 [0.10755124 0.16683155 0.72561723]
 [0.0595894  0.525897   0.4145136 ]]
probabilities: [[0.462883   0.33867592 0.1984411 ]
 [0.27281383 0.45769617 0.26949   ]
