probabilities: [[0. 0. 1.]
 [0. 1. 0.]
 [0. 1. 0.]
 [0. 0. 1.]
 [0. 0. 1.]]
probabilities: [[0.2746945  0.17995526 0.54535025]
 [0.4136259  0.54624736 0.04012673]
 [0.7286638  0.26754788 0.00378834]
 [0.24288195 0.17615516 0.5809629 ]
 [0.01826664 0.27412698 0.7076064 ]]
probabilities: [[0.2566241  0.29647535 0.44690058]
 [0.7232349  0.06695889 0.20980623]
 [0.06298744 0.03165764 0.9053549 ]
 [0.4084374  0.42436084 0.16720177]
 [0.01476439 0.40348092 0.5817547 ]]
probabilities: [[0.2275081  0.50490904 0.26758286]
 [0.00603602 0.27552867 0.7184353 ]
 [0.4075296  0.20010637 0.39236405]
 [0.4631344  0.3365689  0.2002967 ]
 [0.13382816 0.78966606 0.0765058 ]]
probabilities: [[1. 0. 0.]
 [1. 0. 0.]
 [1. 0. 0.]
 [1. 0. 0.]
 [1. 0. 0.]]
probabilities: [[0.8352037  0.09207188 0.07272444]
 [0.25072336 0.6866578  0.06261887]
 [0.48271048 0.18316536 0.33412418]
 [0.31426305 0.04849186 0.63724506]
 [0.55573916 0.16981384 0.274447  ]]
probabilities: [[0.35879958 0.21939671 0.4218037 ]
 [0.641834   0.3219517  0.03621429]
 [0.40310395 0.589073   0.00782305]
 [0.8249078  0.06353918 0.11155304]
 [0.03414799 0.8302086  0.13564341]]
probabilities: [[0.63712007 0.05347408 0.30940586]
 [0.2708126  0.7219528  0.00723458]
 [0.2219357  0.72833043 0.04973383]
 [0.00315572 0.80426705 0.1925772 ]
 [0.33500767 0.18957868 0.47541365]]
probabilities: [[0. 0. 1.]
 [0. 1. 0.]
 [0. 0. 1.]
 [0. 0. 1.]
 [0. 0. 1.]]
probabilities: [[0.32166657 0.38966042 0.28867304]
 [0.76262414 0.21763441 0.01974146]
 [0.10855708 0.84079605 0.0506469 ]
 [0.09760463 0.36951214 0.5328832 ]
 [0.80258256 0.19500758 0.00240988]]
probabilities: [[0.5803942  0.02077521 0.39883056]
 [0.5253559  0.44516018 0.02948397]
 [0.26506704 0.7334711  0.00146187]
 [0.0174758  0.21348777 0.7690364 ]
 [0.39996698 0.5334979  0.06653511]]
probabilities: [[0.8508541  0.08628147 0.06286443]
 [0.2703369  0.47427055 0.25539252]
 [0.20962738 0.06772994 0.7226427 ]
 [0.18416822 0.15631051 0.6595213 ]
 [0.49151218 0.15310532 0.3553825 ]]
probabilities: [[0. 0. 1.]
 [0. 1. 0.]
 [0. 1. 0.]
 [0. 0. 1.]
 [0. 0. 1.]]
probabilities: [[0.36946806 0.1891275  0.44140443]
 [0.47815153 0.477434   0.04441446]
 [0.6540273  0.17250925 0.1734635 ]
 [0.13598067 0.6068528  0.25716653]
 [0.14398207 0.6883411  0.16767684]]
probabilities: [[0.4838019  0.07030503 0.44589305]
 [0.01028202 0.04637582 0.94334215]
 [0.38105354 0.5344864  0.08446007]
 [0.5136512  0.1997082  0.28664058]
 [0.37590933 0.13592781 0.48816288]]
probabilities: [[0.08690067 0.00351741 0.9095819 ]
 [0.8267264  0.1527897  0.02048393]
 [0.02391014 0.8385152  0.13757466]
 [0.20385872 0.18483047 0.6113108 ]
 [0.14287636 0.41478488 0.4423388 ]]
probabilities: [[1. 0. 0.]
 [1. 0. 0.]
 [1. 0. 0.]
 [1. 0. 0.]
 [1. 0. 0.]]
probabilities: [[0.4763453  0.22727908 0.29637563]
 [0.48228848 0.14600894 0.37170258]
 [0.0947063  0.8211021  0.08419159]
 [0.16524923 0.08227777 0.752473  ]
 [0.20378286 0.6463422  0.14987493]]
probabilities: [[0.21235727 0.50904095 0.27860177]
 [0.12778182 0.06342144 0.80879676]
 [0.32225302 0.5208225  0.15692447]
 [0.12717877 0.11511739 0.75770384]
 [0.28316557 0.5425072  0.17432725]]
probabilities: [[0.17125243 0.6363881  0.19235948]
 [0.3305804  0.24941108 0.4200085 ]
 [0.01570811 0.8206031  0.16368882]
 [0.4951535  0.4847103  0.02013621]
 [0.6356953  0.2979929  0.06631183]]
probabilities: [[1. 0. 0.]
 [1. 0. 0.]
 [1. 0. 0.]
 [1. 0. 0.]
 [1. 0. 0.]]
probabilities: [[0.23449542 0.19184572 0.5736589 ]
 [0.1321703  0.2807118  0.5871179 ]
 [0.7221102  0.00259868 0.27529112]
 [0.7194195  0.1820127  0.09856778]
 [0.25373    0.3270481  0.41922194]]
probabilities: [[0.13304722 0.06042717 0.8065256 ]
 [0.01239712 0.54069835 0.44690454]
 [0.19120453 0.615791   0.19300443]
 [0.24960375 0.41480067 0.33559558]
 [0.02443136 0.47983158 0.49573708]]
probabilities: [[0.12269133 0.4017456  0.47556308]
 [0.45984033 0.18773653 0.35242316]
 [0.17220359 0.10149225 0.7263042 ]
 [0.46306774 0.4092605  0.12767176]
 [0.3350117  0.30373535 0.36125296]]
probabilities: [[0. 1. 0.]
 [0. 1. 0.]
 [0. 1. 0.]
 [0. 1. 0.]
 [0. 1. 0.]]
probabilities: [[0.4999259  0.27743652 0.22263755]
 [0.43808135 0.46133304 0.10058559]
 [0.04639596 0.67111915 0.2824849 ]
 [0.22598943 0.6544628  0.11954778]
 [0.14478791 0.60545254 0.24975957]]
probabilities: [[0.27764976 0.30352327 0.41882697]
 [0.40984282 0.32393342 0.26622376]
 [0.58859783 0.07523589 0.33616626]
 [0.48811308 0.44262525 0.06926167]
 [0.20146233 0.7726415  0.02589618]]
probabilities: [[0.3166094  0.15603293 0.52735764]
 [0.5002138  0.04883271 0.4509535 ]
 [0.13298786 0.29965043 0.5673617 ]
 [0.1499715  0.4874702  0.36255828]
 [0.8003293  0.09388138 0.10578931]]
probabilities: [[0. 1. 0.]
 [0. 1. 0.]
 [0. 1. 0.]
 [0. 1. 0.]
 [0. 1. 0.]]
probabilities: [[0.32846865 0.07944296 0.5920884 ]
 [0.31627005 0.337295   0.34643495]
 [0.13146697 0.15147547 0.7170575 ]
 [0.35038903 0.24759606 0.4020149 ]
 [0.22340879 0.12224404 0.6543472 ]]
probabilities: [[0.6318591  0.12239332 0.24574757]
 [0.31860796 0.07803815 0.6033539 ]
 [0.38566715 0.2791735  0.33515933]
 [0.09871293 0.06733192 0.83395517]
 [0.6144109  0.00818061 0.3774085 ]]
probabilities: [[0.45120728 0.21584709 0.33294564]
 [0.48007903 0.04850545 0.47141552]
 [0.49461082 0.3950164  0.11037278]
 [0.38331923 0.23967604 0.3770047 ]
 [0.0795278  0.30176207 0.6187101 ]]
probabilities: [[0. 1. 0.]
 [0. 1. 0.]
 [0. 1. 0.]
 [0. 1. 0.]
 [0. 1. 0.]]
probabilities: [[0.83494914 0.14699699 0.01805389]
 [0.23131925 0.3483196  0.42036116]
 [0.5656457  0.29686022 0.13749409]
 [0.8684159  0.06392537 0.06765877]
 [0.9761892  0.01248866 0.01132215]]
probabilities: [[0.7876658  0.17602411 0.03631011]
 [0.05527454 0.35396802 0.5907574 ]
 [0.09900732 0.08430348 0.8166892 ]
 [0.482081   0.04197976 0.47593924]
 [0.5854982  0.18531518 0.2291866 ]]
probabilities: [[0.25808674 0.2397463  0.5021669 ]
 [0.03806742 0.711908   0.2500246 ]
 [0.18851915 0.20702899 0.60445184]
 [0.1385953  0.39386845 0.46753627]
 [0.455671   0.47280663 0.07152234]]
probabilities: [[0. 0. 1.]
 [0. 1. 0.]
 [0. 0. 1.]
 [0. 0. 1.]
 [0. 0. 1.]]
probabilities: [[0.43329108 0.39560282 0.17110611]
 [0.24509506 0.46475747 0.29014745]
 [0.43707186 0.04317931 0.51974887]
 [0.04256538 0.52856004 0.42887458]
 [0.30987528 0.36131757 0.32880715]]
probabilities: [[0.09091925 0.83702004 0.0720607 ]
 [0.12779295 0.38789362 0.48431343]
 [0.12626107 0.65507805 0.21866086]
 [0.18626095 0.0317407  0.78199834]
 [0.2453356  0.05524983 0.6994146 ]]
probabilities: [[0.09202786 0.29008976 0.6178824 ]
 [0.2614042  0.18636706 0.55222875]
 [0.35056284 0.20072405 0.4487131 ]
 [0.27679205 0.10142444 0.6217835 ]
 [0.15439014 0.17216244 0.67344743]]
probabilities: [[0. 0. 1.]
 [0. 1. 0.]
 [0. 1. 0.]
 [0. 0. 1.]
 [0. 0. 1.]]
probabilities: [[0.11414193 0.7063408  0.17951727]
 [0.27910274 0.6066445  0.11425275]
 [0.45020455 0.03145991 0.5183355 ]
 [0.1014379  0.7248715  0.17369059]
 [0.24873191 0.5986435  0.15262458]]
probabilities: [[0.39218867 0.06481509 0.5429962 ]
 [0.14023642 0.7703403  0.08942323]
 [0.29461554 0.4254103  0.27997416]
 [0.67659885 0.31208405 0.01131711]
 [0.24155402 0.47250995 0.28593603]]
probabilities: [[0.41922432 0.19092706 0.38984862]
 [0.576537   0.2222538  0.20120919]
 [0.05578851 0.04201769 0.9021938 ]
 [0.19088063 0.379064   0.4300554 ]
 [0.21838403 0.1455714  0.63604456]]
probabilities: [[1. 0. 0.]
 [1. 0. 0.]
 [1. 0. 0.]
 [1. 0. 0.]
 [1. 0. 0.]]
probabilities: [[0.84852725 0.0134505  0.13802223]
 [0.055969   0.6653     0.278731  ]
 [0.35797462 0.18130387 0.46072152]
 [0.07713639 0.53886527 0.38399833]
 [0.21286637 0.2722571  0.51487654]]
probabilities: [[0.05412517 0.59484166 0.35103315]
 [0.16233139 0.05706856 0.7806001 ]
 [0.357308   0.28515142 0.35754058]
 [0.02490012 0.42945814 0.5456417 ]
 [0.23510098 0.32168412 0.4432149 ]]
probabilities: [[0.38533843 0.32500735 0.28965423]
 [0.15564963 0.03062921 0.8137212 ]
 [0.05347811 0.3023968  0.6441251 ]
 [0.48630396 0.4384166  0.07527947]
 [0.08898374 0.73944503 0.17157122]]
probabilities: [[1. 0. 0.]
 [1. 0. 0.]
 [1. 0. 0.]
 [1. 0. 0.]
 [1. 0. 0.]]
probabilities: [[0.21087337 0.30619806 0.4829286 ]
 [0.19166885 0.6033133  0.20501779]
 [0.17011854 0.8211248  0.00875665]
 [0.08555418 0.2507019  0.6637439 ]
 [0.6330457  0.23400785 0.13294646]]
probabilities: [[0.03753197 0.6360507  0.32641736]
 [0.41611665 0.10828611 0.47559723]
 [0.11083714 0.5739053  0.31525758]
 [0.18002933 0.05953561 0.76043504]
 [0.0734513  0.45102277 0.47552595]]
probabilities: [[0.23963742 0.5331052  0.2272574 ]
 [0.10150845 0.7438861  0.15460545]
 [0.14558177 0.45585647 0.39856175]
 [0.5375558  0.28022838 0.18221584]
 [0.4027335  0.24987686 0.34738964]]
probabilities: [[0. 1. 0.]
 [0. 1. 0.]
 [0. 1. 0.]
 [0. 1. 0.]
 [0. 1. 0.]]
probabilities: [[0.24574523 0.31241336 0.44184142]
 [0.04762968 0.2615125  0.6908578 ]
 [0.48340732 0.04710324 0.46948943]
 [0.31669408 0.47881925 0.20448667]
 [0.43987152 0.00784532 0.55228317]]
probabilities: [[0.43922487 0.29909426 0.26168087]
 [0.2784832  0.04732239 0.6741944 ]
 [0.26986885 0.7074018  0.02272935]
 [0.5098654  0.00373158 0.486403  ]
 [0.26368982 0.43577477 0.3005354 ]]
probabilities: [[0.28723973 0.35173216 0.3610281 ]
 [0.413707   0.37733573 0.2089573 ]
 [0.04841947 0.831105   0.12047556]
 [0.09074618 0.1830009  0.7262529 ]
 [0.3598129  0.07642251 0.5637646 ]]
probabilities: [[0. 0. 1.]
 [0. 1. 0.]
 [0. 1. 0.]
 [0. 0. 1.]
 [0. 0. 1.]]
probabilities: [[0.01676257 0.53325826 0.44997916]
 [0.24499449 0.24894348 0.50606203]
 [0.22861874 0.18527454 0.5861067 ]
 [0.8079531  0.156196   0.03585089]
 [0.41814432 0.19231321 0.38954246]]
probabilities: [[0.5181693  0.03224916 0.44958153]
 [0.4498884  0.2951856  0.254926  ]
 [0.7360027  0.19456382 0.06943352]
 [0.149844   0.4879605  0.36219552]
 [0.20465563 0.44057965 0.35476473]]
probabilities: [[0.25119835 0.55342746 0.19537424]
 [0.29985383 0.07378182 0.62636435]
 [0.08994728 0.60095656 0.3090962 ]
 [0.19763827 0.06523272 0.73712903]
 [0.494364   0.07757159 0.42806444]]
probabilities: [[0. 1. 0.]
 [0. 1. 0.]
 [0. 1. 0.]
 [0. 1. 0.]
 [0. 1. 0.]]
probabilities: [[0.3090609  0.54163855 0.14930056]
 [0.5655074  0.09222313 0.34226948]
 [0.2406093  0.47340497 0.28598574]
 [0.42777142 0.30214018 0.27008837]
 [0.57088315 0.24066074 0.18845612]]
probabilities: [[0.57684124 0.04883418 0.37432456]
 [0.76258636 0.12533784 0.11207581]
 [0.5440772  0.30395842 0.15196435]
 [0.1177227  0.75950557 0.12277171]
 [0.43888676 0.08200676 0.4791065 ]]
probabilities: [[0.33603314 0.23677124 0.42719564]
 [0.20730154 0.35694945 0.435749  ]
 [0.1077529  0.3932963  0.4989508 ]
 [0.07541334 0.3668189  0.55776775]
 [0.3406132  0.04565329 0.61373353]]
probabilities: [[0. 0. 1.]
 [0. 1. 0.]
 [0. 0. 1.]
 [0. 0. 1.]
 [0. 0. 1.]]
probabilities: [[0.07326853 0.6158717  0.31085974]
 [0.52671516 0.1546184  0.3186665 ]
 [0.3150749  0.37887228 0.3060528 ]
 [0.13626549 0.0948877  0.7688468 ]
 [0.28452986 0.08693628 0.62853384]]
probabilities: [[0.5853476  0.39791957 0.01673286]
 [0.64315    0.19244237 0.16440766]
 [0.15110575 0.7779665  0.07092774]
 [0.15442993 0.08436476 0.7612053 ]
 [0.13467813 0.5806214  0.28470048]]
probabilities: [[0.11169909 0.09233084 0.7959701 ]
 [0.23407416 0.42756438 0.33836147]
 [0.78925884 0.18361108 0.02713005]
 [0.47257215 0.39155895 0.1358689 ]
 [0.4891158  0.28819314 0.22269106]]
probabilities: [[1. 0. 0.]
 [1. 0. 0.]
 [1. 0. 0.]
 [1. 0. 0.]
 [1. 0. 0.]]
probabilities: [[0.32450464 0.14477514 0.53072023]
 [0.11822255 0.10030655 0.7814709 ]
 [0.24135597 0.72161686 0.03702718]
 [0.23834218 0.47690612 0.28475168]
 [0.4934221  0.29385602 0.21272187]]
probabilities: [[0.7358155  0.21835907 0.04582544]
 [0.5216965  0.17844003 0.2998635 ]
 [0.44077453 0.3378612  0.22136426]
 [0.15697928 0.06839316 0.77462757]
 [0.04679747 0.6267924  0.32641014]]
probabilities: [[0.08535443 0.29316655 0.62147903]
 [0.01152034 0.15751961 0.83096004]
 [0.4209039  0.18336412 0.395732  ]
 [0.21431555 0.50985926 0.27582517]
 [0.3230346  0.42410645 0.25285894]]
probabilities: [[0. 0. 1.]
 [0. 1. 0.]
 [0. 0. 1.]
 [0. 0. 1.]
 [0. 0. 1.]]
probabilities: [[0.28942594 0.45168978 0.25888428]
 [0.40553227 0.475302   0.11916574]
 [0.4743636  0.30691212 0.21872428]
 [0.71023303 0.10868579 0.18108116]
 [0.03908354 0.48986998 0.47104648]]
probabilities: [[0.6835047  0.2059453  0.11055001]
 [0.01001935 0.12899664 0.860984  ]
 [0.07567554 0.3394996  0.58482486]
 [0.3970815  0.53855455 0.06436398]
 [0.40468925 0.07749234 0.5178184 ]]
probabilities: [[0.51307195 0.16575529 0.32117274]
 [0.04266663 0.27885407 0.6784793 ]
 [0.78168917 0.06072417 0.15758665]
 [0.5161825  0.4609644  0.02285309]
 [0.22437872 0.5691477  0.20647359]]
probabilities: [[0. 0. 1.]
 [0. 1. 0.]
 [0. 0. 1.]
 [0. 0. 1.]
 [0. 0. 1.]]
probabilities: [[0.24025252 0.581122   0.1786255 ]
 [0.01886529 0.67387486 0.30725986]
 [0.06062997 0.08625513 0.8531149 ]
 [0.2363168  0.14152482 0.62215835]
 [0.24735333 0.7483943  0.00425238]]
probabilities: [[0.749909   0.24309018 0.0070008 ]
 [0.42123586 0.4841868  0.09457733]
 [0.09948359 0.2303411  0.6701753 ]
 [0.08654497 0.05026396 0.86319107]
 [0.31127846 0.5039135  0.18480803]]
probabilities: [[0.4659327  0.0331439  0.5009234 ]
 [0.3970996  0.4475699  0.15533048]
 [0.73373604 0.09177395 0.17448999]
 [0.58878666 0.25065497 0.16055833]
 [0.27782834 0.4024336  0.31973806]]
probabilities: [[0. 0. 1.]
 [0. 1. 0.]
 [0. 0. 1.]
 [0. 0. 1.]
 [0. 0. 1.]]
probabilities: [[0.09749213 0.59033    0.31217784]
 [0.63929003 0.07903234 0.2816776 ]
 [0.4135822  0.01554991 0.5708679 ]
 [0.20710404 0.482554   0.31034198]
 [0.01176178 0.73120826 0.25702998]]
probabilities: [[0.15427469 0.63226223 0.21346307]
 [0.43249902 0.2614621  0.3060389 ]
 [0.43135247 0.55515355 0.013494  ]
 [0.04004439 0.0106344  0.9493212 ]
 [0.16663042 0.80865324 0.02471633]]
probabilities: [[0.43433356 0.48610443 0.079562  ]
 [0.00337715 0.35952744 0.6370954 ]
 [0.64693636 0.28276962 0.07029401]
 [0.20495272 0.6795522  0.11549509]
 [0.00881961 0.08778834 0.9033921 ]]
probabilities: [[1. 0. 0.]
 [1. 0. 0.]
 [1. 0. 0.]
 [1. 0. 0.]
 [1. 0. 0.]]
probabilities: [[0.14263621 0.8304487  0.02691511]
 [0.04411124 0.8091951  0.14669365]
 [0.2004441  0.52004063 0.27951527]
 [0.0826709  0.8720035  0.04532561]
 [0.24882197 0.11773469 0.63344336]]
probabilities: [[0.18816479 0.7676526  0.04418264]
 [0.5547526  0.28235605 0.16289133]
 [0.83060014 0.00466422 0.1647356 ]
 [0.01693433 0.44946706 0.5335986 ]
 [0.08854304 0.7274306  0.1840264 ]]
probabilities: [[0.04200483 0.5437028  0.4142924 ]
 [0.5696213  0.03860468 0.39177397]
 [0.60734355 0.16044402 0.23221244]
 [0.7758203  0.05125383 0.17292586]
 [0.6640024  0.23957787 0.09641971]]
probabilities: [[0. 0. 1.]
 [0. 1. 0.]
 [0. 1. 0.]
 [0. 0. 1.]
 [0. 0. 1.]]
probabilities: [[0.14378898 0.11967144 0.7365396 ]
 [0.21508925 0.6246231  0.16028763]
 [0.10206056 0.09189656 0.8060429 ]
 [0.40338612 0.08611239 0.5105015 ]
 [0.25439322 0.12842734 0.61717945]]
probabilities: [[0.58898664 0.06683092 0.34418246]
 [0.43569306 0.5498967  0.01441024]
 [0.74487734 0.0829593  0.17216334]
 [0.16779673 0.5537339  0.27846938]
 [0.32772455 0.44256368 0.22971177]]
probabilities: [[0.31254745 0.48597923 0.20147333]
 [0.07550076 0.81715757 0.10734165]
 [0.6912964  0.00974771 0.2989559 ]
 [0.395037   0.12782386 0.47713915]
 [0.32580078 0.6478938  0.02630543]]
probabilities: [[0. 0. 1.]
 [0. 1. 0.]
 [0. 0. 1.]
 [0. 0. 1.]
 [0. 0. 1.]]
probabilities: [[0.42674583 0.32271802 0.25053614]
 [0.01213639 0.20307681 0.7847868 ]
 [0.212011   0.1667607  0.62122834]
 [0.3759353  0.46797717 0.15608755]
 [0.5495813  0.30769032 0.14272836]]
probabilities: [[0.22141221 0.43328685 0.34530094]
 [0.6546974  0.01361942 0.3316832 ]
 [0.16758233 0.0053812  0.82703644]
 [0.0242853  0.9481979  0.02751681]
 [0.945284   0.03795436 0.0167616 ]]
probabilities: [[0.35789946 0.19084539 0.45125514]
 [0.27460134 0.03297439 0.69242424]
 [0.2842971  0.42760497 0.28809792]
 [0.274643   0.55532616 0.17003083]
 [0.6863964  0.02219553 0.29140803]]
probabilities: [[0. 0. 1.]
 [0. 1. 0.]
 [0. 1. 0.]
 [0. 0. 1.]
 [0. 0. 1.]]
probabilities: [[0.8302276  0.06774583 0.10202659]
 [0.06603298 0.6297744  0.30419266]
 [0.03878498 0.5424689  0.41874614]
 [0.04774851 0.4089949  0.5432566 ]
 [0.22043209 0.5460381  0.23352982]]
probabilities: [[0.4011264  0.32364258 0.275231  ]
 [0.19548567 0.28880987 0.5157045 ]
 [0.1309005  0.08205535 0.78704417]
 [0.0454117  0.84352034 0.11106794]
 [0.69984424 0.27168164 0.02847409]]
probabilities: [[0.08458874 0.43693754 0.47847372]
 [0.05067668 0.27727246 0.67205083]
 [0.585522   0.3482393  0.06623871]
 [0.39712098 0.38955724 0.21332176]
 [0.24545267 0.11848316 0.6360642 ]]
probabilities: [[1. 0. 0.]
 [1. 0. 0.]
 [1. 0. 0.]
 [1. 0. 0.]
 [1. 0. 0.]]
probabilities: [[0.16171774 0.6345088  0.20377348]
 [0.25242177 0.10664335 0.6409349 ]
 [0.0156232  0.6556469  0.3287299 ]
 [0.3581665  0.35964057 0.28219298]
 [0.09035768 0.09220164 0.8174407 ]]
probabilities: [[0.75609344 0.2067593  0.03714724]
 [0.78381854 0.05161332 0.16456816]
 [0.47724256 0.03807027 0.48468718]
 [0.02653818 0.6449629  0.3284989 ]
 [0.39074033 0.59137326 0.01788637]]
probabilities: [[0.42398468 0.11356317 0.46245214]
 [0.0627543  0.10677212 0.8304736 ]
 [0.2807355  0.07785642 0.6414081 ]
 [0.24784623 0.68350416 0.0686496 ]
 [0.32335186 0.13308333 0.5435648 ]]
probabilities: [[0. 1. 0.]
 [0. 1. 0.]
 [0. 1. 0.]
 [0. 1. 0.]
 [0. 1. 0.]]
probabilities: [[0.39758477 0.47112948 0.13128576]
 [0.8076048  0.15865867 0.03373654]
 [0.42143968 0.26053092 0.31802943]
 [0.31697577 0.22408225 0.45894197]
 [0.26759744 0.30570826 0.4266943 ]]
probabilities: [[0.47292176 0.44837204 0.07870619]
 [0.0358799  0.5928202  0.37129986]
 [0.91277635 0.06876714 0.01845653]
 [0.06051117 0.86363834 0.07585051]
 [0.0260592  0.16866876 0.80527204]]
probabilities: [[0.72835535 0.21586992 0.05577474]
 [0.47976214 0.37880886 0.14142899]
 [0.01889568 0.38356996 0.59753436]
 [0.34880498 0.57780415 0.07339086]
 [0.08811752 0.3423502  0.5695323 ]]
probabilities: [[0. 0. 1.]
 [0. 1. 0.]
 [0. 0. 1.]
 [0. 0. 1.]
 [0. 0. 1.]]
probabilities: [[0.07403763 0.6526312  0.27333114]
 [0.06783571 0.29950908 0.6326552 ]
 [0.53174996 0.20993592 0.25831413]
 [0.40102777 0.1193313  0.47964093]
 [0.5599433  0.26427987 0.17577682]]
probabilities: [[0.11329026 0.10046545 0.7862443 ]
 [0.12516636 0.66726357 0.2075701 ]
 [0.21918228 0.3501687  0.430649  ]
 [0.24740058 0.1261412  0.6264582 ]
 [0.8153315  0.12396444 0.06070407]]
probabilities: [[0.34361398 0.13730906 0.51907694]
 [0.13855408 0.3699766  0.49146932]
 [0.57627803 0.25916484 0.16455708]
 [0.8240363  0.03032647 0.14563723]
 [0.10160283 0.20956013 0.68883705]]
probabilities: [[0. 0. 1.]
 [0. 1. 0.]
 [0. 1. 0.]
 [0. 0. 1.]
 [0. 0. 1.]]
probabilities: [[0.4734     0.45580688 0.07079311]
 [0.35856682 0.20035413 0.44107905]
 [0.26985058 0.11261027 0.61753917]
 [0.6618001  0.06449399 0.27370596]
 [0.11838298 0.1690105  0.7126065 ]]
probabilities: [[0.5828901  0.13905355 0.27805635]
 [0.07214833 0.74669665 0.18115503]
 [0.06347462 0.7479149  0.18861043]
 [0.04190478 0.79092765 0.16716757]
 [0.31293312 0.527885   0.15918186]]
probabilities: [[0.42100528 0.27050495 0.30848977]
 [0.02761447 0.24612673 0.7262588 ]
 [0.27738446 0.6380434  0.08457211]
 [0.0191641  0.9283467  0.0524892 ]
 [0.59106755 0.11394887 0.2949836 ]]
probabilities: [[1. 0. 0.]
 [1. 0. 0.]
 [1. 0. 0.]
 [1. 0. 0.]
 [1. 0. 0.]]
probabilities: [[0.20063773 0.37292698 0.4264353 ]
 [0.20832168 0.36649984 0.42517847]
 [0.36762285 0.29446614 0.33791104]
 [0.15279946 0.80175304 0.04544748]
 [0.16199253 0.7835895  0.05441801]]
probabilities: [[0.21434794 0.2141989  0.57145315]
 [0.18414846 0.09165811 0.72419345]
 [0.4261151  0.20859446 0.36529043]
 [0.71616405 0.03130845 0.2525275 ]
 [0.1256041  0.08741917 0.78697675]]
probabilities: [[0.38767615 0.5028508  0.10947309]
 [0.16318442 0.6406824  0.19613317]
 [0.49034193 0.36834395 0.14131412]
 [0.5407887  0.01336807 0.4458432 ]
 [0.44131938 0.38522077 0.17345986]]
probabilities: [[0. 1. 0.]
 [0. 1. 0.]
 [0. 1. 0.]
 [0. 1. 0.]
 [0. 1. 0.]]
probabilities: [[0.40334618 0.4193397  0.17731412]
 [0.204683   0.78003407 0.01528293]
 [0.06886315 0.79417706 0.1369598 ]
 [0.3829421  0.3638535  0.25320438]
 [0.29792118 0.43721285 0.26486593]]
probabilities: [[0.05704711 0.05822321 0.8847297 ]
 [0.13664162 0.49223703 0.37112135]
 [0.01486191 0.8063285  0.17880961]
 [0.08486319 0.79186225 0.12327453]
 [0.11115701 0.4446431  0.4441999 ]]
probabilities: [[0.19515453 0.539445   0.2654005 ]
 [0.22112766 0.12149265 0.6573797 ]
 [0.49275824 0.12632638 0.3809154 ]
 [0.27776825 0.3268362  0.39539558]
 [0.40198684 0.11118814 0.48682502]]
probabilities: [[0. 0. 1.]
 [0. 1. 0.]
 [0. 1. 0.]
 [0. 0. 1.]
 [0. 0. 1.]]
probabilities: [[0.16076596 0.8311432  0.00809085]
 [0.7081545  0.17960185 0.11224367]
 [0.2079498  0.02829788 0.76375234]
 [0.15221775 0.0392981  0.80848414]
 [0.76878244 0.1615144  0.06970318]]
probabilities: [[0.28521872 0.3978158  0.3169655 ]
 [0.37546104 0.16722685 0.45731208]
 [0.4603409  0.5338354  0.00582372]
 [0.3853834  0.02277671 0.59183985]
 [0.13717924 0.12916738 0.73365337]]
probabilities: [[0.29536256 0.03739472 0.6672427 ]
 [0.23801808 0.7387094  0.02327252]
 [0.27113318 0.24395332 0.4849135 ]
 [0.28313926 0.40878943 0.30807135]
 [0.58176917 0.35173273 0.0664981 ]]
probabilities: [[0. 1. 0.]
 [0. 1. 0.]
 [0. 1. 0.]
 [0. 1. 0.]
 [0. 1. 0.]]
probabilities: [[0.30242184 0.5527089  0.14486927]
 [0.3669655  0.22591181 0.4071227 ]
 [0.3135543  0.25718972 0.429256  ]
 [0.13331929 0.25271046 0.6139702 ]
 [0.2542399  0.6482578  0.09750231]]
probabilities: [[0.02004271 0.15696022 0.8229971 ]
 [0.02905825 0.43313643 0.5378053 ]
 [0.35824707 0.6117919  0.02996105]
 [0.6903406  0.2877461  0.02191335]
 [0.52888817 0.21366632 0.2574455 ]]
probabilities: [[0.01478965 0.25169772 0.73351264]
 [0.79997295 0.12843537 0.07159168]
 [0.8622094  0.06027234 0.07751828]
 [0.3019884  0.4439768  0.25403482]
 [0.09923984 0.8112796  0.08948059]]
probabilities: [[0. 0. 1.]
 [0. 1. 0.]
 [0. 1. 0.]
 [0. 0. 1.]
 [0. 0. 1.]]
probabilities: [[0.0175941  0.3784596  0.60394627]
 [0.08142008 0.07569073 0.8428892 ]
 [0.5780932  0.14869317 0.27321362]
 [0.30438605 0.1375733  0.5580407 ]
 [0.74630386 0.1901947  0.06350148]]
probabilities: [[0.07332065 0.20897084 0.7177085 ]
 [0.22128592 0.1388794  0.6398347 ]
 [0.17088918 0.61752015 0.21159069]
 [0.73909897 0.2117692  0.04913187]
 [0.4638229  0.1763307  0.35984638]]
probabilities: [[0.6536373  0.18349653 0.16286618]
 [0.52238894 0.21686786 0.26074317]
 [0.02243976 0.10428891 0.87327135]
 [0.42040387 0.13486046 0.44473568]
 [0.47359285 0.43243456 0.09397259]]
probabilities: [[1. 0. 0.]
 [1. 0. 0.]
 [1. 0. 0.]
 [1. 0. 0.]
 [1. 0. 0.]]
probabilities: [[0.10734488 0.8532102  0.03944493]
 [0.3341686  0.5979529  0.06787846]
 [0.33929288 0.15213732 0.5085698 ]
 [0.25884268 0.3259452  0.41521212]
 [0.38548273 0.512135   0.10238226]]
probabilities: [[0.12334306 0.04145084 0.8352061 ]
 [0.5189632  0.11470088 0.36633587]
 [0.1100281  0.5371647  0.3528072 ]
 [0.02055554 0.8004272  0.17901726]
 [0.22104774 0.35788265 0.4210696 ]]
probabilities: [[0.8955326  0.0497354  0.05473199]
 [0.587888   0.1620279  0.25008413]
 [0.4455471  0.19368395 0.36076894]
 [0.18391062 0.70073557 0.11535379]
 [0.13062672 0.07010881 0.7992645 ]]
probabilities: [[1. 0. 0.]
 [1. 0. 0.]
 [1. 0. 0.]
 [1. 0. 0.]
 [1. 0. 0.]]
probabilities: [[0.13035493 0.393472   0.47617307]
 [0.8267619  0.14876635 0.02447171]
 [0.69604164 0.08000548 0.22395289]
 [0.03197855 0.1120102  0.8560113 ]
 [0.12748665 0.1760405  0.6964728 ]]
probabilities: [[0.5771198  0.13769735 0.28518283]
 [0.10851503 0.68193436 0.2095506 ]
 [0.5252155  0.44876564 0.02601886]
 [0.09758631 0.56678903 0.3356247 ]
 [0.30422392 0.10903372 0.58674234]]
probabilities: [[0.18102925 0.58009386 0.2388769 ]
 [0.45031872 0.00396323 0.545718  ]
 [0.06685469 0.01816777 0.91497755]
 [0.31853333 0.18391721 0.49754944]
 [0.08227003 0.11009989 0.80763006]]
probabilities: [[0. 1. 0.]
 [0. 1. 0.]
 [0. 1. 0.]
 [0. 1. 0.]
 [0. 1. 0.]]
probabilities: [[0.28184122 0.5224373  0.19572152]
 [0.3326788  0.40785357 0.25946763]
 [0.08296592 0.8614713  0.05556279]
 [0.2701285  0.1402334  0.5896381 ]
 [0.44052055 0.5156987  0.04378079]]
probabilities: [[0.17510708 0.44545335 0.3794396 ]
 [0.520999   0.26071286 0.21828814]
 [0.16376914 0.10546509 0.73076576]
 [0.11659019 0.5201794  0.36323044]
 [0.5089578  0.30589747 0.18514475]]
probabilities: [[0.07672635 0.7256966  0.197577  ]
 [0.01882553 0.28460306 0.6965714 ]
 [0.33191004 0.5041021  0.16398785]
 [0.3629701  0.21100596 0.42602393]
 [0.18124337 0.36914718 0.44960943]]
probabilities: [[0. 0. 1.]
 [0. 1. 0.]
 [0. 1. 0.]
 [0. 0. 1.]
 [0. 0. 1.]]
probabilities: [[0.14392981 0.08601744 0.77005273]
 [0.54830563 0.22711594 0.22457846]
 [0.37365207 0.20253617 0.42381173]
 [0.04062237 0.29992536 0.65945226]
 [0.45906645 0.13205083 0.4088827 ]]
probabilities: [[0.15251864 0.41054904 0.4369323 ]
 [0.54976666 0.280357   0.16987634]
 [0.40005806 0.52105486 0.0788871 ]
 [0.00805126 0.30757645 0.6843723 ]
 [0.56728923 0.3193257  0.11338512]]
probabilities: [[0.74560267 0.1662918  0.08810555]
 [0.1277687  0.32547134 0.54675996]
 [0.12157112 0.87734836 0.00108054]
 [0.04262321 0.68831015 0.26906663]
 [0.02011661 0.61526746 0.36461595]]
probabilities: [[0. 1. 0.]
 [0. 1. 0.]
 [0. 1. 0.]
 [0. 1. 0.]
 [0. 1. 0.]]
probabilities: [[0.5213324  0.10159543 0.3770722 ]
 [0.17901814 0.01961313 0.8013687 ]
 [0.57649434 0.41113356 0.01237213]
 [0.64827746 0.03808085 0.31364173]
 [0.65493345 0.12784225 0.21722429]]
probabilities: [[0.20124684 0.5809598  0.21779336]
 [0.24712089 0.5252686  0.22761053]
 [0.6041989  0.3686161  0.02718502]
 [0.04802385 0.8770564  0.07491975]
 [0.241417   0.11062407 0.64795893]]
probabilities: [[0.565461   0.04175616 0.39278284]
 [0.59579086 0.3721494  0.03205975]
 [0.02167609 0.28757176 0.69075215]
 [0.5707924  0.24668059 0.18252704]
 [0.1964228  0.06790134 0.7356759 ]]
probabilities: [[0. 1. 0.]
 [0. 1. 0.]
 [0. 1. 0.]
 [0. 1. 0.]
 [0. 1. 0.]]
probabilities: [[0.6365954  0.06514725 0.29825732]
 [0.31425348 0.44096538 0.24478114]
 [0.39006746 0.21472092 0.3952116 ]
 [0.03208159 0.86852765 0.09939076]
 [0.16079517 0.14523806 0.69396675]]
probabilities: [[0.78439337 0.0483351  0.16727154]
 [0.10318793 0.7860446  0.11076748]
 [0.2114348  0.75848854 0.0300767 ]
 [0.44816348 0.38669088 0.16514565]
 [0.5069688  0.22756778 0.2654634 ]]
probabilities: [[0.6578575  0.24513589 0.09700661]
 [0.40510917 0.05172737 0.5431635 ]
 [0.3345927  0.26593527 0.39947203]
 [0.18915215 0.13949142 0.67135644]
 [0.32923755 0.23080608 0.4399564 ]]
probabilities: [[0. 0. 1.]
 [0. 1. 0.]
 [0. 1. 0.]
 [0. 0. 1.]
 [0. 0. 1.]]
probabilities: [[0.38370544 0.03952456 0.57677   ]
 [0.28817463 0.5501497  0.16167566]
 [0.07455432 0.68269217 0.24275349]
 [0.4847272  0.16929726 0.34597552]
 [0.44081616 0.09021108 0.46897277]]
probabilities: [[0.10734934 0.66341054 0.2292401 ]
 [0.15500285 0.08706041 0.7579367 ]
 [0.26473334 0.05734203 0.67792463]
 [0.28847373 0.0469896  0.66453665]
 [0.3458319  0.3382274  0.3159407 ]]
probabilities: [[0.5910208  0.39954922 0.00942993]
 [0.36226866 0.20877512 0.42895624]
 [0.24894166 0.08120627 0.6698521 ]
 [0.41642544 0.2600899  0.32348466]
 [0.29068422 0.37046504 0.33885074]]
probabilities: [[0. 0. 1.]
 [0. 1. 0.]
 [0. 1. 0.]
 [0. 0. 1.]
 [0. 0. 1.]]
probabilities: [[0.3796663  0.61128867 0.00904505]
 [0.02360482 0.7997329  0.17666228]
 [0.23172654 0.11002392 0.65824956]
 [0.44697136 0.2517916  0.30123708]
 [0.58216953 0.06355897 0.3542715 ]]
probabilities: [[0.47283715 0.028024   0.49913886]
 [0.68290347 0.26568234 0.0514142 ]
 [0.88880694 0.03694491 0.07424816]
 [0.29302338 0.6929431  0.01403351]
 [0.4904129  0.4662906  0.0432965 ]]
probabilities: [[0.46271333 0.03756459 0.49972206]
 [0.03959638 0.3074364  0.6529672 ]
 [0.38541284 0.2998623  0.31472486]
 [0.4912833  0.3738622  0.13485448]
 [0.08135823 0.183633   0.7350088 ]]
probabilities: [[0. 0. 1.]
 [0. 1. 0.]
 [0. 1. 0.]
 [0. 0. 1.]
 [0. 0. 1.]]
probabilities: [[0.07140075 0.50035006 0.4282492 ]
 [0.15802203 0.2115652  0.63041276]
 [0.11348017 0.7002797  0.18624014]
 [0.6982763  0.12929423 0.1724295 ]
 [0.29937777 0.5521974  0.1484248 ]]
probabilities: [[0.07869396 0.6741949  0.24711114]
 [0.02512188 0.70098627 0.27389184]
 [0.49338165 0.0870557  0.41956267]
 [0.6260792  0.10629309 0.26762772]
 [0.6330675  0.06131514 0.30561736]]
probabilities: [[0.09972808 0.27816576 0.62210613]
 [0.5896501  0.00599392 0.40435594]
 [0.4385047  0.50896764 0.05252765]
 [0.32928333 0.3670445  0.30367216]
 [0.16424206 0.7502791  0.08547883]]
probabilities: [[0. 0. 1.]
 [0. 1. 0.]
 [0. 0. 1.]
 [0. 0. 1.]
 [0. 0. 1.]]
probabilities: [[0.0309456  0.9054078  0.06364663]
 [0.7607115  0.20754746 0.03174105]
 [0.05022863 0.5901944  0.35957697]
 [0.35422915 0.2896767  0.35609418]
 [0.30966833 0.40915766 0.281174  ]]
probabilities: [[0.04465101 0.72713476 0.22821419]
 [0.03060374 0.82607603 0.14332023]
 [0.20437092 0.32062924 0.47499985]
 [0.12684855 0.70163816 0.1715133 ]
 [0.24648185 0.52419925 0.22931889]]
probabilities: [[0.01975763 0.13501428 0.8452281 ]
 [0.16767575 0.25055993 0.58176434]
 [0.71704257 0.19339809 0.08955935]
 [0.20447183 0.16531448 0.6302137 ]
 [0.4394077  0.04577747 0.51481485]]
probabilities: [[0. 1. 0.]
 [0. 1. 0.]
 [0. 1. 0.]
 [0. 1. 0.]
 [0. 1. 0.]]
probabilities: [[0.06714489 0.723685   0.2091701 ]
 [0.10035857 0.19017148 0.70947   ]
 [0.87742513 0.00481649 0.11775836]
 [0.49865437 0.22452302 0.27682263]
 [0.8091336  0.05368792 0.13717847]]
probabilities: [[0.49874452 0.4842105  0.01704498]
 [0.02459801 0.33030865 0.6450933 ]
 [0.06243926 0.7681601  0.16940065]
 [0.03868274 0.8957278  0.06558944]
 [0.1376527  0.3418986  0.5204487 ]]
probabilities: [[0.13743868 0.39189678 0.47066453]
 [0.61063147 0.05393682 0.33543172]
 [0.10267929 0.8619632  0.0353575 ]
 [0.16369952 0.66910166 0.16719885]
 [0.32171693 0.06516563 0.61311746]]
probabilities: [[0. 1. 0.]
 [0. 1. 0.]
 [0. 1. 0.]
 [0. 1. 0.]
 [0. 1. 0.]]
probabilities: [[0.14152278 0.5165458  0.34193146]
 [0.1370476  0.58013284 0.28281957]
 [0.05275153 0.534469   0.41277945]
 [0.3950143  0.24556907 0.35941666]
 [0.1932841  0.045014   0.76170194]]
probabilities: [[0.1283282  0.06135747 0.81031436]
 [0.5396799  0.04149732 0.4188228 ]
 [0.24549372 0.10193588 0.6525704 ]
 [0.31089622 0.18341301 0.50569075]
 [0.78763276 0.19501609 0.01735112]]
probabilities: [[0.5506451  0.34457555 0.10477936]
 [0.20085661 0.48270062 0.3164428 ]
 [0.342364   0.22037382 0.43726215]
 [0.39676663 0.5563648  0.04686858]
 [0.25215733 0.08703418 0.6608085 ]]
probabilities: [[1. 0. 0.]
 [1. 0. 0.]
 [1. 0. 0.]
 [1. 0. 0.]
 [1. 0. 0.]]
probabilities: [[0.30904987 0.2485716  0.44237852]
 [0.0023659  0.11634856 0.88128555]
 [0.1714509  0.05908309 0.76946604]
 [0.3060247  0.1836421  0.5103332 ]
 [0.8365562  0.16215843 0.00128535]]
probabilities: [[0.2517454  0.7310419  0.01721267]
 [0.0688504  0.45084983 0.48029977]
 [0.1508409  0.7895373  0.05962183]
 [0.1268692  0.7860599  0.08707086]
 [0.24904415 0.14483243 0.6061234 ]]
probabilities: [[0.5375235  0.07915862 0.38331786]
 [0.1616705  0.8084308  0.02989873]
 [0.3586343  0.5785542  0.06281148]
 [0.05419049 0.6414413  0.30436826]
 [0.11811903 0.31150618 0.5703748 ]]
probabilities: [[1. 0. 0.]
 [1. 0. 0.]
 [1. 0. 0.]
 [1. 0. 0.]
 [1. 0. 0.]]
probabilities: [[0.00270612 0.15095438 0.8463395 ]
 [0.36389968 0.4941784  0.14192194]
 [0.28958407 0.20404398 0.5063719 ]
 [0.1628254  0.5098038  0.32737085]
 [0.02940956 0.67735434 0.2932361 ]]
probabilities: [[0.6262124  0.23800969 0.13577788]
 [0.02384301 0.01155453 0.9646025 ]
 [0.30329216 0.5417335  0.15497437]
 [0.0692808  0.21636024 0.714359  ]
 [0.16399297 0.6202091  0.21579792]]
probabilities: [[0.04399949 0.69620365 0.25979686]
 [0.53235924 0.08439821 0.38324255]
 [0.11547011 0.6861943  0.19833559]
 [0.51782066 0.32334217 0.1588372 ]
 [0.4410366  0.06465708 0.4943063 ]]
probabilities: [[1. 0. 0.]
 [1. 0. 0.]
 [1. 0. 0.]
 [1. 0. 0.]
 [1. 0. 0.]]
probabilities: [[0.2701245  0.40909234 0.3207832 ]
 [0.57361174 0.03335087 0.39303738]
 [0.14195365 0.51362765 0.34441867]
 [0.06505967 0.9078814  0.02705895]
 [0.4833632  0.49243245 0.02420433]]
probabilities: [[0.21407242 0.4769227  0.3090049 ]
 [0.8858667  0.09813444 0.01599887]
 [0.03375683 0.22075564 0.7454875 ]
 [0.548033   0.02479035 0.42717668]
 [0.04006175 0.4854342  0.47450405]]
probabilities: [[0.33293062 0.33353007 0.3335393 ]
 [0.42970607 0.30916926 0.2611247 ]
 [0.2530997  0.44145802 0.30544227]
 [0.5896322  0.1305858  0.27978197]
 [0.3333863  0.41627276 0.25034094]]
probabilities: [[0. 1. 0.]
 [0. 1. 0.]
 [0. 1. 0.]
 [0. 1. 0.]
 [0. 1. 0.]]
probabilities: [[0.23965159 0.47278458 0.2875638 ]
 [0.43380338 0.3702964  0.19590023]
 [0.7853502  0.11725729 0.09739252]
 [0.58318275 0.38697085 0.02984643]
 [0.5605642  0.14409968 0.29533607]]
probabilities: [[0.71703553 0.09278931 0.19017518]
 [0.24860987 0.48814893 0.2632412 ]
 [0.03357353 0.24223791 0.72418857]
 [0.57420063 0.4176043  0.00819505]
 [0.36475366 0.05400958 0.5812368 ]]
probabilities: [[0.5911173  0.12941597 0.2794667 ]
 [0.27549866 0.05159959 0.67290175]
 [0.1671049  0.20658514 0.62631   ]
 [0.48683456 0.17261134 0.34055412]
 [0.1521439  0.7491993  0.09865684]]
probabilities: [[1. 0. 0.]
 [1. 0. 0.]
 [1. 0. 0.]
 [1. 0. 0.]
 [1. 0. 0.]]
probabilities: [[0.06835558 0.06489446 0.86674994]
 [0.27861887 0.4168003  0.30458084]
 [0.6413789  0.3227166  0.03590455]
 [0.69414794 0.0721719  0.23368014]
 [0.28652704 0.65428805 0.05918494]]
probabilities: [[0.15883367 0.15397722 0.6871891 ]
 [0.2999991  0.38457322 0.3154277 ]
 [0.63594735 0.32628784 0.03776481]
 [0.28415456 0.32674995 0.38909546]
 [0.16151902 0.49166813 0.34681284]]
probabilities: [[0.13686629 0.0435564  0.81957734]
 [0.6632652  0.05212913 0.28460565]
 [0.04573076 0.9205877  0.03368154]
 [0.27877083 0.1598504  0.5613788 ]
 [0.10968107 0.19008245 0.7002365 ]]
probabilities: [[0. 0. 1.]
 [0. 1. 0.]
 [0. 0. 1.]
 [0. 0. 1.]
 [0. 0. 1.]]
probabilities: [[0.20823061 0.6316859  0.16008344]
 [0.3922574  0.60068727 0.00705536]
 [0.01755332 0.45155564 0.53089106]
 [0.25117993 0.12363298 0.6251871 ]
 [0.10731342 0.00501877 0.88766783]]
probabilities: [[0.5311534  0.261528   0.20731865]
 [0.18722263 0.26812217 0.5446552 ]
 [0.23660333 0.6333187  0.13007791]
 [0.7365088  0.11684212 0.14664908]
 [0.22858058 0.5835061  0.18791333]]
probabilities: [[0.12257916 0.14065695 0.7367639 ]
 [0.0312913  0.58462477 0.3840839 ]
 [0.04646095 0.80419147 0.14934754]
 [0.16568887 0.43560165 0.39870945]
 [0.9710693  0.00123798 0.02769274]]
probabilities: [[0. 0. 1.]
 [0. 1. 0.]
 [0. 0. 1.]
 [0. 0. 1.]
 [0. 0. 1.]]
probabilities: [[0.36652404 0.5813363  0.05213967]
 [0.25227737 0.7275708  0.02015187]
 [0.06119176 0.32023096 0.61857724]
 [0.45158246 0.31532648 0.23309107]
 [0.343537   0.07474992 0.5817131 ]]
probabilities: [[0.27920017 0.00122387 0.719576  ]
 [0.05044438 0.840432   0.10912364]
 [0.10417543 0.26262927 0.6331953 ]
 [0.22654098 0.7451603  0.0282987 ]
 [0.20596802 0.5419749  0.25205705]]
probabilities: [[0.06231373 0.07433674 0.86334956]
 [0.21505606 0.11231391 0.67263   ]
 [0.17628333 0.09367762 0.73003906]
 [0.15787809 0.59223187 0.24989004]
 [0.03594615 0.40450373 0.5595501 ]]
probabilities: [[0. 0. 1.]
 [0. 1. 0.]
 [0. 1. 0.]
 [0. 0. 1.]
 [0. 0. 1.]]
probabilities: [[0.15812743 0.44793358 0.393939  ]
 [0.24639496 0.5825537  0.17105137]
 [0.44306153 0.13669105 0.4202474 ]
 [0.33151165 0.22265035 0.445838  ]
 [0.38430735 0.32462606 0.2910666 ]]
probabilities: [[0.04484803 0.15293978 0.8022122 ]
 [0.24591546 0.3267377  0.42734686]
 [0.60258913 0.38057506 0.01683582]
 [0.03434742 0.7498248  0.21582778]
 [0.27853993 0.06135205 0.66010803]]
probabilities: [[0.10846048 0.2820421  0.6094974 ]
 [0.259238   0.25384444 0.48691756]
 [0.61649805 0.145394   0.23810792]
 [0.27525482 0.2061071  0.5186381 ]
 [0.04563041 0.32546604 0.62890357]]
probabilities: [[0. 0. 1.]
 [0. 1. 0.]
 [0. 0. 1.]
 [0. 0. 1.]
 [0. 0. 1.]]
probabilities: [[0.5331726  0.10593088 0.36089653]
 [0.8151129  0.03196416 0.15292296]
 [0.7696514  0.14711429 0.08323433]
 [0.4344283  0.56463283 0.00093887]
 [0.3937479  0.1784589  0.4277932 ]]
probabilities: [[0.2920499  0.4726149  0.23533517]
 [0.08563041 0.04232629 0.8720433 ]
 [0.11051015 0.74134535 0.1481445 ]
 [0.3009963  0.50497323 0.19403043]
 [0.21671878 0.4908167  0.2924645 ]]
probabilities: [[0.22139825 0.40341493 0.37518683]
 [0.8214572  0.16940878 0.00913398]
 [0.02352422 0.71501964 0.26145613]
 [0.07076731 0.8574032  0.07182951]
 [0.4237502  0.12635823 0.44989157]]
probabilities: [[0. 0. 1.]
 [0. 1. 0.]
 [0. 1. 0.]
 [0. 0. 1.]
 [0. 0. 1.]]
probabilities: [[0.20097417 0.6523434  0.14668244]
 [0.6199375  0.27840066 0.10166183]
 [0.75470513 0.10599857 0.13929628]
 [0.628388   0.11596598 0.25564602]
 [0.5633709  0.04030386 0.3963253 ]]
probabilities: [[0.77298295 0.22273105 0.00428602]
 [0.09847335 0.48406157 0.4174651 ]
 [0.28650358 0.3378284  0.37566802]
 [0.50180334 0.31921706 0.17897959]
 [0.0048246  0.408234   0.5869414 ]]
probabilities: [[0.13929705 0.16971236 0.69099057]
 [0.56533515 0.35959446 0.07507037]
 [0.00768849 0.35914662 0.6331649 ]
 [0.19696215 0.37890658 0.42413127]
 [0.70370936 0.05391576 0.24237485]]
probabilities: [[0. 0. 1.]
 [0. 1. 0.]
 [0. 0. 1.]
 [0. 0. 1.]
 [0. 0. 1.]]
probabilities: [[0.40107527 0.02148169 0.57744306]
 [0.60486674 0.18018332 0.2149499 ]
 [0.53226095 0.09597261 0.37176642]
 [0.24236661 0.04521329 0.7124201 ]
 [0.08872793 0.72078145 0.1904906 ]]
probabilities: [[0.8203193  0.00666481 0.1730159 ]
 [0.05213955 0.2626802  0.68518025]
 [0.8950982  0.0330373  0.07186452]
 [0.71647114 0.24038069 0.04314818]
 [0.10107693 0.49599382 0.40292925]]
probabilities: [[0.4626841  0.44783235 0.08948355]
 [0.78411186 0.17441455 0.04147362]
 [0.6072481  0.13707264 0.25567925]
 [0.3175772  0.36583436 0.3165884 ]
 [0.19548826 0.38571134 0.41880038]]
probabilities: [[0. 0. 1.]
 [0. 1. 0.]
 [0. 0. 1.]
 [0. 0. 1.]
 [0. 0. 1.]]
probabilities: [[0.26963288 0.4012378  0.32912934]
 [0.49136898 0.15795298 0.35067806]
 [0.0912215  0.38450006 0.52427846]
 [0.06644687 0.03975725 0.8937959 ]
 [0.3990268  0.05208739 0.54888576]]
probabilities: [[2.5882745e-01 7.4048114e-01 6.9142354e-04]
 [7.7339035e-01 5.3905994e-02 1.7270365e-01]
 [4.2794263e-01 4.4508415e-01 1.2697321e-01]
 [3.8280892e-01 4.3530369e-01 1.8188737e-01]
 [1.7339049e-01 5.8141744e-01 2.4519208e-01]]
probabilities: [[0.17060725 0.7396424  0.08975038]
 [0.1485158  0.67708576 0.17439844]
 [0.3476848  0.24627055 0.40604466]
 [0.4372555  0.03052148 0.53222305]
 [0.66677606 0.30216134 0.03106262]]
probabilities: [[0. 0. 1.]
 [0. 1. 0.]
 [0. 1. 0.]
 [0. 0. 1.]
 [0. 0. 1.]]
probabilities: [[0.09088821 0.30946073 0.59965104]
 [0.2176707  0.71504396 0.06728535]
 [0.47795343 0.19096087 0.3310857 ]
 [0.85199106 0.10410536 0.04390361]
 [0.16160649 0.3417698  0.4966237 ]]
probabilities: [[0.07002056 0.76145154 0.16852792]
 [0.04692766 0.00244148 0.95063084]
 [0.02996708 0.04356021 0.9264727 ]
 [0.10432182 0.419754   0.4759242 ]
 [0.1252034  0.7056339  0.16916275]]
probabilities: [[0.3943122  0.02610552 0.5795823 ]
 [0.5844275  0.07267044 0.3429021 ]
 [0.19953232 0.08140257 0.7190651 ]
 [0.01720837 0.26641488 0.7163767 ]
 [0.41126397 0.14186656 0.44686946]]
probabilities: [[0. 0. 1.]
 [0. 1. 0.]
 [0. 0. 1.]
 [0. 0. 1.]
 [0. 0. 1.]]
probabilities: [[0.14452223 0.47576824 0.37970954]
 [0.83008724 0.13204028 0.03787246]
 [0.14216381 0.83452857 0.02330762]
 [0.37274215 0.42806274 0.19919512]
 [0.5635268  0.20226662 0.23420659]]
probabilities: [[0.10168555 0.82827467 0.07003979]
 [0.03496934 0.9583263  0.00670438]
 [0.7647066  0.23222885 0.00306454]
 [0.01206545 0.74625254 0.24168204]
 [0.38615683 0.3307224  0.28312078]]
probabilities: [[0.307449   0.34971237 0.34283862]
 [0.50924563 0.08245847 0.4082959 ]
 [0.41193005 0.5553732  0.03269672]
 [0.19686784 0.4919306  0.31120157]
 [0.24741895 0.6170582  0.13552283]]
probabilities: [[1. 0. 0.]
 [1. 0. 0.]
 [1. 0. 0.]
 [1. 0. 0.]
 [1. 0. 0.]]
