probabilities: [[0. 0. 1.]
 [0. 1. 0.]
 [0. 1. 0.]
 [0. 0. 1.]
 [0. 0. 1.]]
probabilities: [[0.00178645 0.81458    0.1836335 ]
 [0.39002046 0.5912888  0.01869076]
 [0.8652419  0.11325246 0.02150565]
 [0.03368012 0.344908   0.6214119 ]
 [0.15483274 0.42649937 0.41866788]]
probabilities: [[0.3985959  0.12390615 0.47749797]
 [0.08877758 0.20253095 0.7086915 ]
 [0.32732832 0.15016457 0.5225071 ]
 [0.0058949  0.88564086 0.10846426]
 [0.61454713 0.09835479 0.2870981 ]]
probabilities: [[0.34731835 0.15679851 0.49588314]
 [0.01259052 0.58058095 0.40682852]
 [0.55221224 0.125426   0.32236174]
 [0.58202744 0.06133985 0.3566327 ]
 [0.47616088 0.05513853 0.4687006 ]]
probabilities: [[0. 0. 1.]
 [0. 1. 0.]
 [0. 1. 0.]
 [0. 0. 1.]
 [0. 0. 1.]]
probabilities: [[1.1867211e-01 7.0089978e-01 1.8042813e-01]
 [2.3596317e-02 3.8444236e-01 5.9196132e-01]
 [7.8398776e-01 5.1918127e-02 1.6409409e-01]
 [3.5863212e-01 2.6706010e-01 3.7430778e-01]
 [8.4658593e-02 5.2332383e-04 9.1481811e-01]]
probabilities: [[0.17371464 0.6335366  0.19274879]
 [0.85283023 0.05223228 0.0949375 ]
 [0.41139224 0.0128102  0.57579756]
 [0.4432792  0.3741034  0.18261738]
 [0.3993443  0.14582236 0.45483336]]
probabilities: [[1.0175849e-01 4.8483545e-01 4.1340607e-01]
 [2.7594501e-01 4.6736771e-01 2.5668728e-01]
 [5.3542048e-01 6.6961080e-02 3.9761841e-01]
 [1.9258298e-01 6.7856407e-01 1.2885295e-01]
 [6.4673607e-04 1.7673630e-01 8.2261699e-01]]
probabilities: [[0. 1. 0.]
 [0. 1. 0.]
 [0. 1. 0.]
 [0. 1. 0.]
 [0. 1. 0.]]
probabilities: [[0.11708096 0.25785458 0.62506443]
 [0.7519056  0.0721732  0.17592116]
 [0.12645362 0.56005734 0.31348905]
 [0.64523643 0.34836861 0.00639495]
 [0.16837837 0.7255691  0.10605253]]
probabilities: [[0.47637105 0.11482652 0.40880245]
 [0.02847918 0.12670371 0.8448171 ]
 [0.50449264 0.39571014 0.09979722]
 [0.0337836  0.10260627 0.86361015]
 [0.04841141 0.91039836 0.0411902 ]]
probabilities: [[0.48736528 0.43439594 0.07823879]
 [0.13469382 0.5271024  0.3382038 ]
 [0.14577597 0.85281885 0.00140518]
 [0.64388514 0.2737424  0.08237243]
 [0.3121555  0.06738169 0.62046283]]
probabilities: [[0. 1. 0.]
 [0. 1. 0.]
 [0. 1. 0.]
 [0. 1. 0.]
 [0. 1. 0.]]
probabilities: [[0.35960177 0.4492619  0.19113633]
 [0.09968391 0.5343647  0.3659514 ]
 [0.41111162 0.13191946 0.45696893]
 [0.0084811  0.22906771 0.7624512 ]
 [0.21100919 0.62169915 0.16729164]]
probabilities: [[0.3071344  0.40192667 0.29093894]
 [0.0146412  0.32825795 0.65710086]
 [0.25151938 0.43520457 0.31327605]
 [0.21763083 0.7482057  0.03416342]
 [0.46699086 0.09556727 0.4374419 ]]
probabilities: [[0.55090606 0.14129813 0.3077958 ]
 [0.07386645 0.85235155 0.07378203]
 [0.29214072 0.364454   0.34340528]
 [0.4431544  0.2764221  0.28042346]
 [0.18782537 0.19541946 0.6167552 ]]
probabilities: [[0. 0. 1.]
 [0. 1. 0.]
 [0. 0. 1.]
 [0. 0. 1.]
 [0. 0. 1.]]
probabilities: [[0.30433938 0.00134567 0.69431496]
 [0.55463165 0.36454535 0.08082302]
 [0.06505021 0.77594763 0.15900213]
 [0.9168152  0.02257677 0.060608  ]
 [0.16686417 0.763327   0.06980886]]
probabilities: [[0.04455444 0.01020566 0.9452399 ]
 [0.253261   0.37037402 0.37636498]
 [0.6290101  0.02639108 0.34459886]
 [0.4487833  0.5411577  0.01005898]
 [0.7005682  0.2661963  0.0332355 ]]
probabilities: [[0.5985567  0.00415697 0.39728636]
 [0.5577362  0.18496642 0.25729734]
 [0.15386532 0.2931667  0.55296797]
 [0.64074135 0.1302808  0.22897786]
 [0.14156225 0.78721935 0.07121839]]
probabilities: [[1. 0. 0.]
 [1. 0. 0.]
 [1. 0. 0.]
 [1. 0. 0.]
 [1. 0. 0.]]
probabilities: [[0.15518521 0.3936623  0.45115247]
 [0.05250874 0.375558   0.57193327]
 [0.12217864 0.11412732 0.76369405]
 [0.09950532 0.19471988 0.7057748 ]
 [0.45469505 0.00333776 0.5419672 ]]
probabilities: [[0.10549624 0.6646404  0.22986336]
 [0.35558957 0.11642987 0.52798057]
 [0.72943264 0.18408385 0.08648348]
 [0.332698   0.05169174 0.6156103 ]
 [0.23092872 0.6638244  0.10524688]]
probabilities: [[0.33638433 0.2013697  0.46224597]
 [0.31963527 0.5899949  0.09036981]
 [0.05630077 0.21914238 0.72455686]
 [0.550563   0.3716089  0.07782808]
 [0.5282935  0.21432091 0.25738558]]
probabilities: [[0. 0. 1.]
 [0. 1. 0.]
 [0. 0. 1.]
 [0. 0. 1.]
 [0. 0. 1.]]
probabilities: [[0.04605282 0.08442801 0.8695192 ]
 [0.6181766  0.11925074 0.2625727 ]
 [0.69015473 0.11100521 0.19884008]
 [0.31251195 0.33390975 0.3535783 ]
 [0.48810908 0.34732312 0.1645678 ]]
probabilities: [[0.20140652 0.12589425 0.6726992 ]
 [0.21870674 0.14512916 0.63616407]
 [0.2430263  0.5358852  0.22108848]
 [0.68198985 0.05312458 0.26488554]
 [0.8181523  0.17699331 0.0048544 ]]
probabilities: [[0.06677269 0.61928207 0.31394526]
 [0.4178246  0.34337035 0.23880504]
 [0.17151116 0.24714145 0.5813474 ]
 [0.08340916 0.73313004 0.18346082]
 [0.08326544 0.83181196 0.08492259]]
probabilities: [[0. 0. 1.]
 [0. 1. 0.]
 [0. 1. 0.]
 [0. 0. 1.]
 [0. 0. 1.]]
probabilities: [[0.23301496 0.4955301  0.27145496]
 [0.13072453 0.50834394 0.36093152]
 [0.10555103 0.08896345 0.80548555]
 [0.286233   0.03998195 0.67378503]
 [0.1388743  0.0830076  0.7781181 ]]
probabilities: [[0.14151587 0.7913722  0.06711195]
 [0.5282911  0.41281688 0.05889203]
 [0.48159042 0.31032926 0.2080803 ]
 [0.6652607  0.04417112 0.2905682 ]
 [0.623046   0.06013135 0.31682265]]
probabilities: [[0.25688887 0.4198371  0.32327408]
 [0.5660668  0.21301842 0.22091475]
 [0.56926024 0.02728563 0.40345415]
 [0.4329185  0.2488949  0.3181866 ]
 [0.3370759  0.11937138 0.54355276]]
probabilities: [[1. 0. 0.]
 [1. 0. 0.]
 [1. 0. 0.]
 [1. 0. 0.]
 [1. 0. 0.]]
probabilities: [[0.47445133 0.36328107 0.1622676 ]
 [0.6125691  0.2762318  0.11119911]
 [0.45736867 0.27394995 0.26868138]
 [0.18738526 0.23674692 0.57586783]
 [0.38880822 0.2283012  0.38289058]]
probabilities: [[0.3006469  0.17344722 0.52590585]
 [0.42267007 0.07682324 0.5005067 ]
 [0.21784525 0.7120021  0.07015263]
 [0.1718887  0.6099711  0.21814021]
 [0.23131835 0.07329726 0.6953844 ]]
probabilities: [[0.24227324 0.31308985 0.4446369 ]
 [0.7082913  0.23368247 0.05802627]
 [0.03417268 0.84427655 0.12155075]
 [0.04207201 0.53152335 0.42640465]
 [0.6208936  0.24414077 0.13496563]]
probabilities: [[1. 0. 0.]
 [1. 0. 0.]
 [1. 0. 0.]
 [1. 0. 0.]
 [1. 0. 0.]]
probabilities: [[0.10810823 0.29171786 0.6001739 ]
 [0.0125486  0.47085914 0.51659226]
 [0.15829676 0.38913414 0.4525691 ]
 [0.23287094 0.59827286 0.16885622]
 [0.01743084 0.3721662  0.61040294]]
probabilities: [[0.17328973 0.73672634 0.0899839 ]
 [0.15421005 0.6564565  0.18933347]
 [0.6468122  0.24962528 0.10356251]
 [0.40707916 0.12334793 0.4695729 ]
 [0.15359016 0.7283834  0.1180264 ]]
probabilities: [[0.33256418 0.3233355  0.34410033]
 [0.23293509 0.1965034  0.5705615 ]
 [0.2891459  0.49524635 0.21560775]
 [0.20854817 0.7591605  0.03229131]
 [0.7012033  0.08629248 0.21250425]]
probabilities: [[0. 0. 1.]
 [0. 1. 0.]
 [0. 0. 1.]
 [0. 0. 1.]
 [0. 0. 1.]]
probabilities: [[0.7189709  0.10098403 0.1800451 ]
 [0.18892835 0.1545845  0.65648717]
 [0.7908843  0.04402478 0.16509092]
 [0.41793218 0.08198062 0.5000872 ]
 [0.95582515 0.03670986 0.00746499]]
probabilities: [[0.49319723 0.14898354 0.35781923]
 [0.1788611  0.23331012 0.5878288 ]
 [0.7988034  0.1500529  0.05114373]
 [0.49225542 0.47346753 0.03427706]
 [0.02808895 0.08943813 0.88247293]]
probabilities: [[0.76398784 0.14171648 0.09429569]
 [0.03189521 0.47534153 0.49276328]
 [0.53047854 0.33561045 0.13391101]
 [0.03601073 0.02513053 0.93885875]
 [0.54155946 0.14191169 0.3165289 ]]
probabilities: [[0. 0. 1.]
 [0. 1. 0.]
 [0. 1. 0.]
 [0. 0. 1.]
 [0. 0. 1.]]
probabilities: [[0.23377584 0.3790185  0.3872057 ]
 [0.06710622 0.48264477 0.45024902]
 [0.71044385 0.05885502 0.2307011 ]
 [0.03408522 0.8627496  0.10316519]
 [0.14720221 0.56407976 0.28871801]]
probabilities: [[0.2771117  0.41349772 0.30939057]
 [0.3990244  0.5362637  0.06471192]
 [0.06676782 0.9292351  0.00399707]
 [0.25295007 0.00201713 0.7450328 ]
 [0.31089562 0.5732354  0.11586901]]
probabilities: [[0.57630944 0.12257525 0.3011153 ]
 [0.4399831  0.42865965 0.13135725]
 [0.24327229 0.6285016  0.12822609]
 [0.44767097 0.08918759 0.46314144]
 [0.4054671  0.4863915  0.10814141]]
probabilities: [[1. 0. 0.]
 [1. 0. 0.]
 [1. 0. 0.]
 [1. 0. 0.]
 [1. 0. 0.]]
probabilities: [[0.40962335 0.25497425 0.33540237]
 [0.00158074 0.9863625  0.01205674]
 [0.04303066 0.57759345 0.37937587]
 [0.22317536 0.49893895 0.27788568]
 [0.53662276 0.18649717 0.2768801 ]]
probabilities: [[0.6242984  0.15252925 0.22317237]
 [0.42226282 0.11652981 0.4612074 ]
 [0.6285229  0.23857802 0.13289908]
 [0.1210343  0.21052757 0.66843814]
 [0.28871042 0.37522244 0.33606714]]
probabilities: [[0.14940429 0.22804953 0.6225462 ]
 [0.14479531 0.601948   0.25325665]
 [0.6100924  0.28331304 0.10659458]
 [0.63476384 0.02930303 0.33593315]
 [0.21781392 0.56899697 0.2131891 ]]
probabilities: [[0. 0. 1.]
 [0. 1. 0.]
 [0. 0. 1.]
 [0. 0. 1.]
 [0. 0. 1.]]
probabilities: [[0.573884   0.08988557 0.33623046]
 [0.61119586 0.24993291 0.13887125]
 [0.22758527 0.28332192 0.48909283]
 [0.29012594 0.05636266 0.6535114 ]
 [0.5494335  0.19176377 0.25880268]]
probabilities: [[0.49715495 0.0455328  0.45731223]
 [0.63414484 0.28575104 0.08010413]
 [0.4240171  0.52082646 0.05515647]
 [0.13326903 0.10862217 0.7581088 ]
 [0.90681046 0.06349304 0.02969649]]
probabilities: [[0.42940602 0.40516508 0.16542889]
 [0.4242235  0.13959813 0.43617836]
 [0.34404588 0.13013594 0.52581817]
 [0.45411497 0.51775813 0.02812691]
 [0.65219486 0.03960799 0.30819717]]
probabilities: [[0. 0. 1.]
 [0. 1. 0.]
 [0. 0. 1.]
 [0. 0. 1.]
 [0. 0. 1.]]
probabilities: [[0.23735178 0.49623528 0.26641294]
 [0.4500524  0.21839638 0.3315512 ]
 [0.2299135  0.27065903 0.49942747]
 [0.10285364 0.24396464 0.65318173]
 [0.22449526 0.63394403 0.14156072]]
probabilities: [[0.3053538  0.42441645 0.27022976]
 [0.16347313 0.23617478 0.6003521 ]
 [0.23615967 0.6460967  0.1177436 ]
 [0.18531936 0.66849685 0.14618377]
 [0.43309432 0.5214729  0.0454328 ]]
probabilities: [[0.05687536 0.9023147  0.04080989]
 [0.1103055  0.22819342 0.6615011 ]
 [0.04164162 0.70839    0.24996841]
 [0.6359151  0.30247286 0.06161205]
 [0.37873983 0.00816149 0.6130987 ]]
probabilities: [[0. 0. 1.]
 [0. 1. 0.]
 [0. 0. 1.]
 [0. 0. 1.]
 [0. 0. 1.]]
probabilities: [[0.08539601 0.77763295 0.13697107]
 [0.44884846 0.21384972 0.33730182]
 [0.18023662 0.4399574  0.37980595]
 [0.3286633  0.66882175 0.00251496]
 [0.5360647  0.16703914 0.29689616]]
probabilities: [[0.54411983 0.17679456 0.2790856 ]
 [0.73415995 0.04959476 0.21624526]
 [0.00944734 0.47999808 0.5105546 ]
 [0.1049201  0.8912578  0.00382209]
 [0.6067556  0.33948296 0.05376143]]
probabilities: [[0.65994126 0.31852472 0.02153399]
 [0.74482703 0.19001618 0.06515678]
 [0.08533656 0.42362988 0.49103358]
 [0.19524589 0.35326138 0.45149273]
 [0.56555164 0.3182615  0.11618688]]
probabilities: [[0. 1. 0.]
 [0. 1. 0.]
 [0. 1. 0.]
 [0. 1. 0.]
 [0. 1. 0.]]
probabilities: [[0.61388576 0.2025163  0.18359792]
 [0.20494322 0.46262333 0.33243346]
 [0.8929428  0.02748953 0.07956772]
 [0.60053295 0.25309014 0.14637692]
 [0.5458646  0.06596445 0.38817093]]
probabilities: [[0.11039564 0.26055542 0.62904894]
 [0.5513171  0.12629606 0.32238683]
 [0.0355126  0.4308984  0.533589  ]
 [0.02001998 0.33910954 0.6408705 ]
 [0.31621373 0.00147464 0.6823116 ]]
probabilities: [[0.22273016 0.6373725  0.13989735]
 [0.2238345  0.7214401  0.0547254 ]
 [0.34424493 0.15599169 0.49976337]
 [0.4602668  0.25271675 0.28701645]
 [0.3737387  0.5327376  0.0935237 ]]
probabilities: [[0. 0. 1.]
 [0. 1. 0.]
 [0. 0. 1.]
 [0. 0. 1.]
 [0. 0. 1.]]
probabilities: [[0.11591832 0.6009423  0.28313935]
 [0.27016142 0.15234213 0.57749647]
 [0.39627892 0.5640249  0.03969619]
 [0.6634993  0.17145602 0.1650447 ]
 [0.22589627 0.46894076 0.305163  ]]
probabilities: [[0.6220262  0.31143114 0.06654263]
 [0.06572486 0.04615015 0.888125  ]
 [0.16760878 0.32292596 0.5094652 ]
 [0.20303284 0.3726594  0.42430776]
 [0.13822383 0.6950827  0.16669346]]
probabilities: [[0.11973564 0.5219154  0.358349  ]
 [0.587447   0.3522387  0.06031429]
 [0.39744806 0.26054937 0.34200257]
 [0.45172727 0.4141219  0.13415083]
 [0.4850084  0.49440977 0.02058185]]
probabilities: [[1. 0. 0.]
 [1. 0. 0.]
 [1. 0. 0.]
 [1. 0. 0.]
 [1. 0. 0.]]
probabilities: [[0.6458444  0.20242672 0.15172887]
 [0.03926192 0.74021715 0.22052093]
 [0.59784216 0.29074278 0.11141507]
 [0.06732491 0.0613089  0.8713662 ]
 [0.9824602  0.00664116 0.01089863]]
probabilities: [[0.63483554 0.35011867 0.01504579]
 [0.13007288 0.42026728 0.44965982]
 [0.54707825 0.32003754 0.1328842 ]
 [0.10863525 0.7894454  0.10191933]
 [0.5845819  0.30376807 0.11165003]]
probabilities: [[0.58431995 0.14648305 0.269197  ]
 [0.12314316 0.01168763 0.8651692 ]
 [0.01803173 0.05052761 0.93144065]
 [0.35131735 0.23157373 0.41710892]
 [0.7662487  0.13376315 0.09998815]]
probabilities: [[0. 1. 0.]
 [0. 1. 0.]
 [0. 1. 0.]
 [0. 1. 0.]
 [0. 1. 0.]]
probabilities: [[0.34436122 0.2891813  0.36645752]
 [0.32251608 0.05327979 0.6242041 ]
 [0.2070621  0.5800938  0.21284409]
 [0.5447606  0.20403484 0.25120455]
 [0.02800606 0.03793806 0.93405586]]
probabilities: [[0.07306149 0.21193257 0.71500593]
 [0.29275745 0.5739974  0.1332452 ]
 [0.0854208  0.2518464  0.6627328 ]
 [0.00205627 0.68450946 0.31343427]
 [0.2045097  0.6708093  0.12468095]]
probabilities: [[0.41811803 0.5245794  0.05730259]
 [0.10360871 0.01283692 0.88355434]
 [0.38301966 0.36690262 0.25007772]
 [0.08976156 0.6682983  0.24194011]
 [0.02505644 0.61957765 0.3553659 ]]
probabilities: [[1. 0. 0.]
 [1. 0. 0.]
 [1. 0. 0.]
 [1. 0. 0.]
 [1. 0. 0.]]
probabilities: [[0.01044722 0.77060014 0.21895263]
 [0.23936643 0.74114275 0.0194908 ]
 [0.26600987 0.7033088  0.03068131]
 [0.16679898 0.5455626  0.28763843]
 [0.44447395 0.45533577 0.10019029]]
probabilities: [[0.16846192 0.09730048 0.7342376 ]
 [0.4478018  0.49454343 0.05765474]
 [0.57113105 0.13915314 0.28971583]
 [0.4078467  0.5885413  0.00361199]
 [0.04720936 0.6807609  0.2720297 ]]
probabilities: [[0.43541455 0.21428616 0.3502993 ]
 [0.7292761  0.12822194 0.14250197]
 [0.13252728 0.41468093 0.45279178]
 [0.49355406 0.3495632  0.15688272]
 [0.26466706 0.03060813 0.7047248 ]]
probabilities: [[0. 0. 1.]
 [0. 1. 0.]
 [0. 0. 1.]
 [0. 0. 1.]
 [0. 0. 1.]]
probabilities: [[0.27569106 0.4383034  0.28600553]
 [0.31586555 0.3980861  0.28604838]
 [0.04139291 0.80880183 0.14980529]
 [0.00567405 0.23668073 0.75764525]
 [0.05023493 0.22175787 0.7280072 ]]
probabilities: [[0.4466062  0.5393654  0.01402838]
 [0.6849464  0.01298924 0.30206436]
 [0.00346772 0.23413849 0.7623938 ]
 [0.14552876 0.69211173 0.1623595 ]
 [0.7796745  0.00733918 0.21298638]]
probabilities: [[0.06040538 0.38050088 0.5590937 ]
 [0.52625525 0.04049435 0.4332504 ]
 [0.6955593  0.09927993 0.20516075]
 [0.42203462 0.18364738 0.394318  ]
 [0.4556655  0.19768912 0.34664539]]
probabilities: [[0. 0. 1.]
 [0. 1. 0.]
 [0. 1. 0.]
 [0. 0. 1.]
 [0. 0. 1.]]
probabilities: [[0.45542252 0.3891618  0.15541568]
 [0.27053052 0.050153   0.67931646]
 [0.8263308  0.01663266 0.15703657]
 [0.48964912 0.14390104 0.36644986]
 [0.45264715 0.30635223 0.24100062]]
probabilities: [[0.1599603  0.4830281  0.3570116 ]
 [0.59295416 0.13110727 0.27593857]
 [0.00738702 0.4886423  0.5039707 ]
 [0.24528788 0.21898825 0.53572387]
 [0.68577266 0.01014385 0.3040835 ]]
probabilities: [[0.05481171 0.45845842 0.4867299 ]
 [0.01276645 0.12135723 0.8658763 ]
 [0.41580212 0.368916   0.21528189]
 [0.01309002 0.20278175 0.78412825]
 [0.02548973 0.44904476 0.5254655 ]]
probabilities: [[0. 1. 0.]
 [0. 1. 0.]
 [0. 1. 0.]
 [0. 1. 0.]
 [0. 1. 0.]]
probabilities: [[0.45116264 0.13493998 0.4138974 ]
 [0.74610704 0.1458948  0.10799814]
 [0.6686699  0.05126719 0.28006297]
 [0.01387157 0.85687333 0.1292551 ]
 [0.37147215 0.30150837 0.32701948]]
probabilities: [[0.3545614  0.5638611  0.08157757]
 [0.04684571 0.08578264 0.8673716 ]
 [0.4240264  0.33146998 0.24450362]
 [0.23388508 0.29389137 0.47222355]
 [0.16191271 0.30218747 0.5358998 ]]
probabilities: [[0.6959227  0.13246475 0.17161259]
 [0.0449     0.66556954 0.28953046]
 [0.24003033 0.32203218 0.43793747]
 [0.17622302 0.31132662 0.51245034]
 [0.35993904 0.24083336 0.3992276 ]]
probabilities: [[1. 0. 0.]
 [1. 0. 0.]
 [1. 0. 0.]
 [1. 0. 0.]
 [1. 0. 0.]]
probabilities: [[0.03594808 0.6482913  0.31576064]
 [0.08448295 0.2730722  0.64244485]
 [0.01826855 0.11293487 0.8687966 ]
 [0.66306055 0.10954481 0.22739461]
 [0.11710136 0.24829414 0.6346045 ]]
probabilities: [[0.05741915 0.37065545 0.5719254 ]
 [0.2642193  0.7163769  0.0194038 ]
 [0.36600304 0.2269518  0.4070452 ]
 [0.04120266 0.10303479 0.85576254]
 [0.09602635 0.18676117 0.7172125 ]]
probabilities: [[3.1787679e-01 5.1059318e-01 1.7153001e-01]
 [3.7531978e-01 9.1285110e-02 5.3339511e-01]
 [8.4407943e-01 1.5556732e-01 3.5325845e-04]
 [1.2465281e-01 3.9571396e-01 4.7963321e-01]
 [7.3559934e-01 1.0608318e-01 1.5831746e-01]]
probabilities: [[0. 1. 0.]
 [0. 1. 0.]
 [0. 1. 0.]
 [0. 1. 0.]
 [0. 1. 0.]]
probabilities: [[0.9100351  0.05258154 0.03738337]
 [0.6500894  0.1858043  0.16410632]
 [0.06931115 0.21130128 0.7193876 ]
 [0.01267134 0.85400575 0.1333229 ]
 [0.14331101 0.3169933  0.5396957 ]]
probabilities: [[0.29757577 0.1993953  0.5030289 ]
 [0.7224684  0.22312582 0.05440581]
 [0.25569135 0.35409868 0.39021   ]
 [0.32930478 0.1242482  0.546447  ]
 [0.6909178  0.0666441  0.24243811]]
probabilities: [[0.4945324  0.3174301  0.18803748]
 [0.84700006 0.02705608 0.12594384]
 [0.24680214 0.23601699 0.51718086]
 [0.03317054 0.667356   0.2994734 ]
 [0.19725317 0.19220906 0.61053777]]
probabilities: [[1. 0. 0.]
 [1. 0. 0.]
 [1. 0. 0.]
 [1. 0. 0.]
 [1. 0. 0.]]
probabilities: [[0.55170447 0.40288526 0.04541028]
 [0.37241974 0.5853171  0.04226319]
 [0.9644874  0.00814405 0.02736857]
 [0.56538993 0.37799153 0.05661853]
 [0.16092798 0.6458523  0.19321966]]
probabilities: [[0.8112608  0.04366979 0.1450694 ]
 [0.27106848 0.6296356  0.09929592]
 [0.41894576 0.2549152  0.32613903]
 [0.16670956 0.65662754 0.17666289]
 [0.43563372 0.3592999  0.2050664 ]]
probabilities: [[0.49928    0.30304837 0.19767162]
 [0.86686105 0.10351536 0.0296236 ]
 [0.02832324 0.4958907  0.47578603]
 [0.60073996 0.18028799 0.21897209]
 [0.05329087 0.00958279 0.93712634]]
probabilities: [[0. 1. 0.]
 [0. 1. 0.]
 [0. 1. 0.]
 [0. 1. 0.]
 [0. 1. 0.]]
probabilities: [[0.9423561  0.04399507 0.01364883]
 [0.6407469  0.01398287 0.34527022]
 [0.00943149 0.71146023 0.27910826]
 [0.02730048 0.09515171 0.8775478 ]
 [0.26746938 0.21860215 0.5139285 ]]
probabilities: [[0.41528454 0.07654656 0.5081689 ]
 [0.22705834 0.1027577  0.67018396]
 [0.04414506 0.1401531  0.81570184]
 [0.31800178 0.06746428 0.61453396]
 [0.6320734  0.3140549  0.05387172]]
probabilities: [[0.40533644 0.58801836 0.00664524]
 [0.09932233 0.32410416 0.5765735 ]
 [0.6708842  0.29517573 0.03394008]
 [0.41359648 0.49913093 0.08727258]
 [0.46632478 0.07758611 0.4560891 ]]
probabilities: [[1. 0. 0.]
 [1. 0. 0.]
 [1. 0. 0.]
 [1. 0. 0.]
 [1. 0. 0.]]
probabilities: [[0.12443174 0.50082415 0.37474412]
 [0.35996845 0.5922512  0.04778039]
 [0.12604752 0.02268822 0.85126424]
 [0.3953568  0.31595707 0.28868613]
 [0.34138146 0.01736772 0.6412508 ]]
probabilities: [[0.34985    0.28317806 0.36697194]
 [0.5772495  0.32340914 0.0993413 ]
 [0.15558846 0.8157177  0.02869383]
 [0.5178779  0.02259669 0.45952544]
 [0.54838204 0.01785817 0.43375978]]
probabilities: [[0.5335886  0.26502043 0.20139101]
 [0.22820757 0.5078393  0.2639531 ]
 [0.49889508 0.15990879 0.34119615]
 [0.42686886 0.10932333 0.46380782]
 [0.33574855 0.06734501 0.5969064 ]]
probabilities: [[1. 0. 0.]
 [1. 0. 0.]
 [1. 0. 0.]
 [1. 0. 0.]
 [1. 0. 0.]]
probabilities: [[0.46308064 0.50246704 0.03445232]
 [0.18573925 0.624087   0.19017379]
 [0.28773266 0.46616924 0.24609809]
 [0.05867888 0.8663844  0.07493672]
 [0.09099044 0.330165   0.57884455]]
probabilities: [[0.14231332 0.80459416 0.05309253]
 [0.42963997 0.2720866  0.29827344]
 [0.25098088 0.36245173 0.38656738]
 [0.05026661 0.70712894 0.24260445]
 [0.0550709  0.5882076  0.35672152]]
probabilities: [[0.10459956 0.42778203 0.4676184 ]
 [0.48800963 0.19716309 0.31482726]
 [0.61842483 0.2837759  0.09779926]
 [0.05875347 0.19183454 0.749412  ]
 [0.19222812 0.5102764  0.29749548]]
probabilities: [[0. 1. 0.]
 [0. 1. 0.]
 [0. 1. 0.]
 [0. 1. 0.]
 [0. 1. 0.]]
probabilities: [[0.08380602 0.26147833 0.65471566]
 [0.5966662  0.3670703  0.03626348]
 [0.7759556  0.00451229 0.21953206]
 [0.3300195  0.3506969  0.3192836 ]
 [0.13989322 0.5914608  0.26864594]]
probabilities: [[0.41193557 0.30858067 0.27948377]
 [0.6828022  0.30550915 0.01168867]
 [0.5755101  0.25102082 0.17346908]
 [0.09371545 0.11371108 0.79257345]
 [0.15692428 0.30579734 0.5372784 ]]
probabilities: [[0.16313829 0.4164773  0.4203844 ]
 [0.30000925 0.39729866 0.3026921 ]
 [0.36154714 0.332736   0.30571687]
 [0.7080033  0.23695475 0.05504196]
 [0.15450032 0.65966463 0.18583503]]
probabilities: [[0. 0. 1.]
 [0. 1. 0.]
 [0. 0. 1.]
 [0. 0. 1.]
 [0. 0. 1.]]
probabilities: [[0.07369608 0.79134715 0.13495678]
 [0.28137195 0.3352662  0.38336182]
 [0.03602844 0.6802955  0.28367603]
 [0.01076371 0.00125477 0.9879815 ]
 [0.06853714 0.33556646 0.59589636]]
probabilities: [[0.29494864 0.3622607  0.34279066]
 [0.64034194 0.34189314 0.0177649 ]
 [0.65151423 0.1696231  0.17886266]
 [0.6297444  0.0391836  0.331072  ]
 [0.35927376 0.29963955 0.34108672]]
probabilities: [[0.43385145 0.10347857 0.46267   ]
 [0.20987247 0.6580846  0.13204294]
 [0.18892041 0.54578376 0.2652958 ]
 [0.23564593 0.03012951 0.73422456]
 [0.3979947  0.18828227 0.41372302]]
probabilities: [[0. 1. 0.]
 [0. 1. 0.]
 [0. 1. 0.]
 [0. 1. 0.]
 [0. 1. 0.]]
probabilities: [[0.6415571  0.24581872 0.11262416]
 [0.6356463  0.20477091 0.1595828 ]
 [0.6352603  0.1231749  0.24156481]
 [0.74521154 0.14479649 0.109992  ]
 [0.09377456 0.35571072 0.5505147 ]]
probabilities: [[0.01333565 0.2072085  0.77945584]
 [0.29517224 0.02081233 0.68401545]
 [0.6340767  0.23354919 0.13237406]
 [0.16466698 0.34981513 0.4855179 ]
 [0.15563557 0.5010207  0.3433437 ]]
probabilities: [[0.5522937  0.25363687 0.19406945]
 [0.38598597 0.3522659  0.26174814]
 [0.7754022  0.01104249 0.2135553 ]
 [0.05058436 0.52517277 0.42424285]
 [0.4647852  0.24814838 0.28706643]]
probabilities: [[0. 1. 0.]
 [0. 1. 0.]
 [0. 1. 0.]
 [0. 1. 0.]
 [0. 1. 0.]]
probabilities: [[0.29582542 0.42463198 0.27954262]
 [0.01453925 0.5120954  0.47336537]
 [0.6448348  0.17871056 0.17645462]
 [0.07701708 0.04957541 0.8734075 ]
 [0.56275135 0.09669305 0.34055558]]
probabilities: [[0.6042698  0.13718273 0.25854746]
 [0.26485842 0.3213919  0.41374967]
 [0.3062206  0.62579983 0.06797955]
 [0.27107504 0.2833877  0.44553727]
 [0.27290267 0.06778254 0.6593148 ]]
probabilities: [[0.2831591  0.4397615  0.2770794 ]
 [0.15583795 0.7234871  0.12067495]
 [0.6256259  0.18804498 0.18632911]
 [0.26809633 0.39496583 0.33693787]
 [0.13563998 0.7305601  0.13379993]]
probabilities: [[0. 0. 1.]
 [0. 1. 0.]
 [0. 1. 0.]
 [0. 0. 1.]
 [0. 0. 1.]]
probabilities: [[0.8468698  0.14975595 0.00337423]
 [0.16777141 0.32179874 0.51042986]
 [0.38779515 0.4924743  0.11973055]
 [0.31260738 0.25158414 0.43580848]
 [0.16939278 0.8199428  0.01066444]]
probabilities: [[0.28432113 0.43406686 0.281612  ]
 [0.44188133 0.09905466 0.459064  ]
 [0.25293183 0.58630365 0.16076452]
 [0.510196   0.2104874  0.27931663]
 [0.33409798 0.1547703  0.51113176]]
probabilities: [[0.0546257  0.9340301  0.01134416]
 [0.15920942 0.11058333 0.73020726]
 [0.76547515 0.22191924 0.01260563]
 [0.44897464 0.2503615  0.3006639 ]
 [0.42810643 0.18484558 0.38704798]]
probabilities: [[0. 0. 1.]
 [0. 1. 0.]
 [0. 0. 1.]
 [0. 0. 1.]
 [0. 0. 1.]]
probabilities: [[0.6434859  0.30034873 0.05616537]
 [0.40531504 0.3547864  0.23989856]
 [0.86942214 0.07038131 0.06019655]
 [0.44931164 0.45218363 0.09850473]
 [0.0722231  0.5296568  0.39812008]]
probabilities: [[0.22391498 0.5671666  0.20891838]
 [0.22734292 0.70114386 0.07151325]
 [0.27836794 0.52636236 0.19526966]
 [0.14233813 0.3548485  0.50281334]
 [0.05937855 0.85824996 0.08237148]]
probabilities: [[0.22365338 0.20010114 0.5762455 ]
 [0.09624959 0.81557107 0.08817933]
 [0.4629183  0.21273361 0.32434806]
 [0.46919653 0.37133107 0.15947239]
 [0.55290496 0.3770178  0.07007725]]
probabilities: [[0. 0. 1.]
 [0. 1. 0.]
 [0. 1. 0.]
 [0. 0. 1.]
 [0. 0. 1.]]
probabilities: [[0.44384953 0.36621672 0.18993375]
 [0.79874074 0.02798706 0.17327218]
 [0.16232614 0.0468455  0.79082835]
 [0.3134791  0.02967737 0.65684354]
 [0.2897834  0.15568316 0.5545334 ]]
probabilities: [[0.07224345 0.6862443  0.24151224]
 [0.3692593  0.14135723 0.48938346]
 [0.6501752  0.22510806 0.12471675]
 [0.41820446 0.26440617 0.31738937]
 [0.34177485 0.3316778  0.32654735]]
probabilities: [[0.08535358 0.41427583 0.5003706 ]
 [0.15504771 0.28759986 0.5573524 ]
 [0.14796941 0.3575212  0.49450937]
 [0.4016436  0.09019603 0.50816035]
 [0.27375984 0.6926263  0.03361388]]
probabilities: [[0. 0. 1.]
 [0. 1. 0.]
 [0. 0. 1.]
 [0. 0. 1.]
 [0. 0. 1.]]
probabilities: [[0.18560526 0.441181   0.3732137 ]
 [0.1340076  0.3000115  0.5659809 ]
 [0.7078322  0.05141028 0.24075752]
 [0.03812985 0.17188706 0.7899831 ]
 [0.42092764 0.07654187 0.5025305 ]]
probabilities: [[0.4772386  0.21495685 0.30780452]
 [0.01629704 0.9144601  0.06924284]
 [0.71109307 0.02408024 0.26482671]
 [0.6615488  0.08968724 0.24876396]
 [0.2648763  0.23646873 0.49865496]]
probabilities: [[0.50170326 0.36427343 0.13402334]
 [0.2596043  0.5494531  0.19094263]
 [0.8614344  0.08390689 0.0546587 ]
 [0.3869465  0.5726102  0.04044328]
 [0.6687764  0.27233407 0.05888956]]
probabilities: [[1. 0. 0.]
 [1. 0. 0.]
 [1. 0. 0.]
 [1. 0. 0.]
 [1. 0. 0.]]
probabilities: [[0.40858197 0.57895297 0.01246506]
 [0.07520977 0.5257292  0.39906102]
 [0.962565   0.01282428 0.02461072]
 [0.15296862 0.20692424 0.64010715]
 [0.31611633 0.28642163 0.39746204]]
probabilities: [[0.7655011  0.00817422 0.22632466]
 [0.2194641  0.46518114 0.31535476]
 [0.36097527 0.02403613 0.6149886 ]
 [0.00868961 0.0406318  0.9506786 ]
 [0.20717184 0.67460114 0.11822703]]
probabilities: [[0.24681762 0.58882725 0.16435513]
 [0.15716948 0.34763527 0.49519524]
 [0.569289   0.40323916 0.02747181]
 [0.12188701 0.47287485 0.40523815]
 [0.04671989 0.08884553 0.8644346 ]]
probabilities: [[0. 0. 1.]
 [0. 1. 0.]
 [0. 0. 1.]
 [0. 0. 1.]
 [0. 0. 1.]]
probabilities: [[0.13823147 0.36217308 0.49959543]
 [0.4840758  0.22827047 0.2876537 ]
 [0.12998368 0.6941427  0.17587362]
 [0.18211548 0.8014947  0.01638977]
 [0.31458065 0.23921208 0.44620728]]
probabilities: [[0.04909764 0.86360043 0.0873019 ]
 [0.16417925 0.07236563 0.7634551 ]
 [0.24489301 0.1084322  0.6466748 ]
 [0.27944687 0.15944673 0.56110644]
 [0.4742714  0.04961783 0.4761108 ]]
probabilities: [[0.49110684 0.26595125 0.24294192]
 [0.18407649 0.01346689 0.8024566 ]
 [0.14279412 0.092423   0.7647829 ]
 [0.5617005  0.19454591 0.24375358]
 [0.23082551 0.7454526  0.02372191]]
probabilities: [[1. 0. 0.]
 [1. 0. 0.]
 [1. 0. 0.]
 [1. 0. 0.]
 [1. 0. 0.]]
probabilities: [[0.11876666 0.0529081  0.8283252 ]
 [0.1890962  0.6940161  0.11688772]
 [0.73745686 0.09384409 0.16869909]
 [0.8335652  0.12574379 0.04069106]
 [0.35513285 0.15615718 0.48870996]]
probabilities: [[0.6427717  0.14742115 0.20980714]
 [0.08898737 0.8442517  0.06676092]
 [0.19848703 0.6975508  0.1039622 ]
 [0.23498909 0.20031416 0.5646967 ]
 [0.28861517 0.50380045 0.2075844 ]]
probabilities: [[0.548691   0.3890261  0.06228292]
 [0.55209506 0.16042589 0.287479  ]
 [0.66925704 0.01888915 0.3118538 ]
 [0.49262092 0.1913807  0.3159984 ]
 [0.43122956 0.23580672 0.3329637 ]]
probabilities: [[0. 0. 1.]
 [0. 1. 0.]
 [0. 0. 1.]
 [0. 0. 1.]
 [0. 0. 1.]]
probabilities: [[0.48137262 0.19838017 0.3202472 ]
 [0.29533494 0.5102532  0.1944119 ]
 [0.15337087 0.659019   0.1876101 ]
 [0.17287625 0.7332115  0.0939122 ]
 [0.18233667 0.4208309  0.3968324 ]]
probabilities: [[0.24048042 0.16891038 0.5906092 ]
 [0.5419682  0.13573483 0.32229698]
 [0.40478188 0.35347182 0.2417463 ]
 [0.72578007 0.16649804 0.10772191]
 [0.12378159 0.56339955 0.31281888]]
probabilities: [[0.38669035 0.41532323 0.19798641]
 [0.42840222 0.23888671 0.33271107]
 [0.30298713 0.6698406  0.02717231]
 [0.837977   0.13504368 0.02697933]
 [0.01705754 0.74980354 0.23313889]]
probabilities: [[0. 1. 0.]
 [0. 1. 0.]
 [0. 1. 0.]
 [0. 1. 0.]
 [0. 1. 0.]]
probabilities: [[0.5086204  0.17979763 0.311582  ]
 [0.6594525  0.03554945 0.3049981 ]
 [0.2913664  0.635684   0.07294961]
 [0.25087965 0.24837701 0.5007433 ]
 [0.3951607  0.39296767 0.21187162]]
probabilities: [[0.7563358  0.1115623  0.13210192]
 [0.02874681 0.41000092 0.56125224]
 [0.16295134 0.3265469  0.51050174]
 [0.29382765 0.45558447 0.25058788]
 [0.3378504  0.17321853 0.48893106]]
probabilities: [[0.15350378 0.5676283  0.2788679 ]
 [0.04442629 0.9355176  0.0200561 ]
 [0.1360646  0.45233807 0.41159734]
 [0.3280037  0.26804367 0.40395266]
 [0.170949   0.6591344  0.16991664]]
probabilities: [[0. 0. 1.]
 [0. 1. 0.]
 [0. 0. 1.]
 [0. 0. 1.]
 [0. 0. 1.]]
probabilities: [[0.44223458 0.41769773 0.14006771]
 [0.47663292 0.37836716 0.14499992]
 [0.04777689 0.49576    0.4564631 ]
 [0.6183774  0.10490398 0.27671868]
 [0.13916571 0.19533832 0.665496  ]]
probabilities: [[0.2874096  0.08023128 0.6323591 ]
 [0.1312653  0.3183634  0.5503713 ]
 [0.5053448  0.37775216 0.11690305]
 [0.28545558 0.07620104 0.6383434 ]
 [0.54977447 0.09711457 0.35311097]]
probabilities: [[0.23006237 0.05244633 0.7174913 ]
 [0.12029332 0.7947423  0.08496438]
 [0.72017133 0.18516508 0.09466358]
 [0.5108862  0.22657812 0.2625357 ]
 [0.6110719  0.25178948 0.13713863]]
probabilities: [[0. 0. 1.]
 [0. 1. 0.]
 [0. 1. 0.]
 [0. 0. 1.]
 [0. 0. 1.]]
probabilities: [[0.09419636 0.4645871  0.44121656]
 [0.3971591  0.28007513 0.32276577]
 [0.33897218 0.2737475  0.38728032]
 [0.23079768 0.7164901  0.0527122 ]
 [0.23901457 0.62429136 0.13669409]]
probabilities: [[0.69070446 0.11087801 0.19841751]
 [0.30682528 0.17616636 0.51700836]
 [0.23325695 0.17684032 0.5899027 ]
 [0.29343432 0.1952503  0.5113154 ]
 [0.07749812 0.09584789 0.826654  ]]
probabilities: [[0.12531692 0.00194137 0.8727417 ]
 [0.34563255 0.6240225  0.03034495]
 [0.33150902 0.24092393 0.42756703]
 [0.5986073  0.37272316 0.02866952]
 [0.17132998 0.8223359  0.00633412]]
probabilities: [[0. 0. 1.]
 [0. 1. 0.]
 [0. 0. 1.]
 [0. 0. 1.]
 [0. 0. 1.]]
probabilities: [[0.3912405  0.42254922 0.18621026]
 [0.02493747 0.21929948 0.75576305]
 [0.19671498 0.5755621  0.2277229 ]
 [0.45371985 0.42275897 0.12352119]
 [0.8245599  0.11318186 0.06225821]]
probabilities: [[0.5066699  0.3300355  0.16329461]
 [0.23204678 0.0641726  0.7037806 ]
 [0.02090723 0.8381733  0.14091952]
 [0.35520834 0.04912671 0.5956649 ]
 [0.7440399  0.05736886 0.19859122]]
probabilities: [[0.84757113 0.01686059 0.1355683 ]
 [0.52234715 0.24953368 0.22811916]
 [0.12363882 0.17616278 0.7001984 ]
 [0.4364305  0.24964261 0.31392688]
 [0.36546806 0.39737874 0.23715322]]
probabilities: [[0. 1. 0.]
 [0. 1. 0.]
 [0. 1. 0.]
 [0. 1. 0.]
 [0. 1. 0.]]
probabilities: [[0.03171062 0.804964   0.16332537]
 [0.18251152 0.63439333 0.18309511]
 [0.23210463 0.19830829 0.56958705]
 [0.77709544 0.06697387 0.15593071]
 [0.14957629 0.44906336 0.40136033]]
probabilities: [[0.31298617 0.12619945 0.5608144 ]
 [0.06168906 0.480396   0.45791495]
 [0.11057702 0.4437804  0.44564256]
 [0.22101587 0.00898457 0.76999956]
 [0.6694435  0.2183997  0.11215682]]
probabilities: [[0.81821    0.15092222 0.03086774]
 [0.35014924 0.21003217 0.4398186 ]
 [0.89872015 0.06105991 0.04021994]
 [0.10925623 0.6039904  0.28675342]
 [0.10821041 0.6688928  0.2228968 ]]
probabilities: [[1. 0. 0.]
 [1. 0. 0.]
 [1. 0. 0.]
 [1. 0. 0.]
 [1. 0. 0.]]
probabilities: [[0.8866609  0.03395788 0.07938122]
 [0.19631845 0.23669998 0.56698155]
 [0.10301214 0.6789827  0.21800515]
 [0.67662585 0.09372659 0.22964755]
 [0.35421154 0.20029306 0.4454954 ]]
probabilities: [[0.30416143 0.134969   0.5608696 ]
 [0.62165314 0.21107261 0.16727422]
 [0.51587236 0.05457238 0.42955527]
 [0.2691271  0.6160165  0.11485641]
 [0.13219646 0.12097787 0.7468257 ]]
probabilities: [[0.36810604 0.13167535 0.50021863]
 [0.3249409  0.51526153 0.15979756]
 [0.06662456 0.12643944 0.806936  ]
 [0.4997613  0.14900422 0.35123447]
 [0.30086932 0.40376005 0.29537064]]
probabilities: [[0. 1. 0.]
 [0. 1. 0.]
 [0. 1. 0.]
 [0. 1. 0.]
 [0. 1. 0.]]
probabilities: [[0.6530801  0.06773172 0.2791882 ]
 [0.395409   0.45609418 0.14849682]
 [0.44936493 0.21057947 0.34005558]
 [0.59880835 0.1310196  0.27017206]
 [0.38326702 0.31799665 0.29873633]]
probabilities: [[0.0297472  0.3503216  0.6199312 ]
 [0.05403635 0.86399287 0.0819708 ]
 [0.0337721  0.5045368  0.4616911 ]
 [0.2948866  0.4523329  0.2527805 ]
 [0.5303193  0.19654627 0.27313447]]
probabilities: [[0.6942245  0.2203267  0.08544883]
 [0.5046089  0.07978821 0.41560283]
 [0.6292051  0.30856046 0.06223445]
 [0.33951342 0.4916003  0.16888626]
 [0.44007528 0.08523893 0.4746858 ]]
probabilities: [[1. 0. 0.]
 [1. 0. 0.]
 [1. 0. 0.]
 [1. 0. 0.]
 [1. 0. 0.]]
probabilities: [[0.22462046 0.21315779 0.56222177]
 [0.31643707 0.5236234  0.15993953]
 [0.02476592 0.3915812  0.58365285]
 [0.55934155 0.39597753 0.04468092]
 [0.69139826 0.09255417 0.21604757]]
probabilities: [[0.02560944 0.82650363 0.1478869 ]
 [0.6169917  0.1886616  0.19434673]
 [0.7260296  0.16393594 0.11003447]
 [0.3715356  0.24341282 0.38505158]
 [0.55339736 0.16587843 0.2807242 ]]
probabilities: [[0.23828231 0.4794104  0.2823073 ]
 [0.77783215 0.19876215 0.0234057 ]
 [0.22297658 0.6587729  0.11825056]
 [0.2604182  0.38516912 0.35441267]
 [0.8396518  0.09584206 0.06450611]]
probabilities: [[1. 0. 0.]
 [1. 0. 0.]
 [1. 0. 0.]
 [1. 0. 0.]
 [1. 0. 0.]]
probabilities: [[0.32488266 0.6053942  0.06972317]
 [0.5505736  0.24854201 0.2008844 ]
 [0.2881981  0.22781065 0.48399124]
 [0.16808191 0.74045753 0.09146055]
 [0.23549758 0.10619288 0.6583095 ]]
probabilities: [[0.06771285 0.48763725 0.4446499 ]
 [0.13019855 0.42112547 0.448676  ]
 [0.224138   0.0232414  0.7526206 ]
 [0.3676824  0.19037285 0.44194475]
 [0.50688666 0.06959703 0.4235163 ]]
probabilities: [[0.62801903 0.08105695 0.29092404]
 [0.8814532  0.03580269 0.08274407]
 [0.15582788 0.28789237 0.5562797 ]
 [0.5874417  0.05270397 0.35985434]
 [0.16941358 0.5991304  0.23145604]]
probabilities: [[0. 0. 1.]
 [0. 1. 0.]
 [0. 0. 1.]
 [0. 0. 1.]
 [0. 0. 1.]]
probabilities: [[0.6021196  0.1549761  0.24290429]
 [0.03280809 0.03806184 0.9291301 ]
 [0.19736949 0.55872405 0.24390645]
 [0.03728136 0.41691014 0.5458085 ]
 [0.20614162 0.46971297 0.3241454 ]]
probabilities: [[0.1834292  0.40270433 0.41386646]
 [0.7409207  0.23826598 0.02081328]
 [0.41644007 0.54824084 0.03531906]
 [0.40208343 0.49202925 0.10588732]
 [0.46098837 0.12912495 0.4098867 ]]
probabilities: [[0.14593254 0.02997847 0.824089  ]
 [0.21125583 0.53804463 0.25069952]
 [0.12259784 0.631778   0.24562413]
 [0.09118398 0.8669928  0.04182322]
 [0.38984764 0.02140802 0.58874434]]
probabilities: [[1. 0. 0.]
 [1. 0. 0.]
 [1. 0. 0.]
 [1. 0. 0.]
 [1. 0. 0.]]
probabilities: [[0.5380327  0.28219333 0.17977396]
 [0.46922755 0.46793357 0.06283887]
 [0.10158569 0.16293423 0.73548007]
 [0.82058346 0.07961052 0.09980603]
 [0.43436894 0.02938598 0.5362451 ]]
probabilities: [[0.53043157 0.43928793 0.03028052]
 [0.1732027  0.3897741  0.4370232 ]
 [0.31982037 0.34296378 0.33721584]
 [0.22584766 0.05472731 0.719425  ]
 [0.11732351 0.08242963 0.80024683]]
probabilities: [[0.47056746 0.17290533 0.3565272 ]
 [0.43742415 0.40969115 0.1528847 ]
 [0.6840311  0.12820871 0.18776016]
 [0.33494875 0.12152884 0.5435224 ]
 [0.19537455 0.50753534 0.2970901 ]]
probabilities: [[0. 0. 1.]
 [0. 1. 0.]
 [0. 0. 1.]
 [0. 0. 1.]
 [0. 0. 1.]]
probabilities: [[0.26188126 0.31278518 0.42533356]
 [0.90527916 0.01041294 0.0843079 ]
 [0.5928232  0.28712857 0.12004818]
 [0.22500993 0.63724864 0.13774145]
 [0.2486961  0.68335253 0.06795137]]
probabilities: [[0.2847726  0.0500007  0.6652267 ]
 [0.27275476 0.4436428  0.28360245]
 [0.42706484 0.25830308 0.3146321 ]
 [0.07684598 0.7569689  0.1661851 ]
 [0.22441123 0.564398   0.21119075]]
probabilities: [[0.3928028  0.10637094 0.50082624]
 [0.05676522 0.8616858  0.08154896]
 [0.31670448 0.2699269  0.4133686 ]
 [0.08286555 0.39776248 0.519372  ]
 [0.2348475  0.21416356 0.550989  ]]
probabilities: [[0. 1. 0.]
 [0. 1. 0.]
 [0. 1. 0.]
 [0. 1. 0.]
 [0. 1. 0.]]
probabilities: [[0.5310799  0.43397546 0.03494468]
 [0.1874667  0.492734   0.3197993 ]
 [0.7147804  0.22806849 0.05715112]
 [0.6698041  0.0378723  0.2923236 ]
 [0.49501467 0.2518592  0.25312614]]
probabilities: [[0.12153099 0.30170766 0.57676136]
 [0.16694362 0.32981822 0.50323814]
 [0.43310302 0.4534074  0.11348958]
 [0.0901379  0.65498394 0.2548782 ]
 [0.27909258 0.54579836 0.17510907]]
probabilities: [[0.25144708 0.6488059  0.09974698]
 [0.5221779  0.26413503 0.21368714]
 [0.23644282 0.5591141  0.20444308]
 [0.3758257  0.5716222  0.05255209]
 [0.43991277 0.36500204 0.19508518]]
probabilities: [[0. 0. 1.]
 [0. 1. 0.]
 [0. 1. 0.]
 [0. 0. 1.]
 [0. 0. 1.]]
probabilities: [[0.26088846 0.05032327 0.6887883 ]
 [0.47024244 0.35519803 0.17455955]
 [0.02973489 0.07295224 0.8973129 ]
 [0.21007118 0.51279336 0.27713546]
 [0.22717278 0.61245906 0.16036817]]
probabilities: [[0.01012214 0.052521   0.9373568 ]
 [0.16313025 0.78097546 0.05589431]
 [0.08102564 0.85704863 0.06192571]
 [0.17389123 0.6962817  0.12982708]
 [0.7662354  0.04428326 0.18948136]]
probabilities: [[0.30759218 0.4630349  0.2293729 ]
 [0.4343616  0.15692306 0.40871534]
 [0.14481297 0.09902097 0.75616604]
 [0.5745479  0.11034627 0.31510586]
 [0.6335839  0.35401967 0.01239641]]
probabilities: [[0. 1. 0.]
 [0. 1. 0.]
 [0. 1. 0.]
 [0. 1. 0.]
 [0. 1. 0.]]
probabilities: [[0.17347012 0.69094837 0.1355815 ]
 [0.1115687  0.19187473 0.69655657]
 [0.09547298 0.5357488  0.36877823]
 [0.3867015  0.5984901  0.01480838]
 [0.19281459 0.2192953  0.58789015]]
probabilities: [[0.6125339  0.36885044 0.0186156 ]
 [0.4476726  0.3958664  0.15646103]
 [0.6214535  0.01779342 0.3607531 ]
 [0.19641975 0.53966004 0.26392022]
 [0.42939526 0.0095181  0.56108665]]
probabilities: [[0.12497674 0.13051213 0.7445111 ]
 [0.7361304  0.24819598 0.01567362]
 [0.02340352 0.4262243  0.5503722 ]
 [0.57283366 0.09258825 0.33457807]
 [0.27212867 0.7105984  0.01727295]]
probabilities: [[0. 1. 0.]
 [0. 1. 0.]
 [0. 1. 0.]
 [0. 1. 0.]
 [0. 1. 0.]]
probabilities: [[0.08229446 0.7754275  0.14227802]
 [0.18563864 0.46006298 0.35429838]
 [0.19804613 0.09520517 0.7067487 ]
 [0.2085234  0.3214013  0.4700753 ]
 [0.8488501  0.04522146 0.10592847]]
probabilities: [[0.88983494 0.00213288 0.10803217]
 [0.06922448 0.6866301  0.24414545]
 [0.5237189  0.27719772 0.19908339]
 [0.4914771  0.3873695  0.12115341]
 [0.0294607  0.03204672 0.9384926 ]]
probabilities: [[0.54159486 0.25520858 0.20319659]
 [0.12499484 0.05615487 0.8188503 ]
 [0.36225286 0.31914517 0.31860197]
 [0.08534097 0.01861351 0.8960455 ]
 [0.09643937 0.5600972  0.34346345]]
probabilities: [[0. 0. 1.]
 [0. 1. 0.]
 [0. 1. 0.]
 [0. 0. 1.]
 [0. 0. 1.]]
probabilities: [[0.2053261  0.40580755 0.38886636]
 [0.2635674  0.1772975  0.5591351 ]
 [0.09616668 0.38852522 0.5153081 ]
 [0.5835412  0.27304742 0.14341138]
 [0.51979935 0.4593054  0.02089528]]
probabilities: [[0.40894088 0.24644938 0.34460974]
 [0.12410328 0.36042097 0.51547575]
 [0.09193307 0.23103304 0.6770339 ]
 [0.14492276 0.06820776 0.78686947]
 [0.21745616 0.16227303 0.6202708 ]]
probabilities: [[2.8432274e-01 7.1519887e-01 4.7839683e-04]
 [4.6786809e-01 2.2708860e-01 3.0504331e-01]
 [3.9818272e-01 3.2816157e-01 2.7365571e-01]
 [1.7724973e-01 2.7702010e-01 5.4573017e-01]
 [2.1405604e-01 3.4942761e-01 4.3651634e-01]]
probabilities: [[0. 0. 1.]
 [0. 1. 0.]
 [0. 1. 0.]
 [0. 0. 1.]
 [0. 0. 1.]]
probabilities: [[0.3788387  0.10494533 0.516216  ]
 [0.210806   0.4321924  0.35700163]
 [0.23326091 0.5610895  0.20564958]
 [0.09442133 0.03165846 0.8739202 ]
 [0.10140153 0.0207904  0.8778081 ]]
probabilities: [[0.1796839  0.6725957  0.14772043]
 [0.6724016  0.23898049 0.08861793]
 [0.49562472 0.36224252 0.14213273]
 [0.3500303  0.36433607 0.28563362]
 [0.7444228  0.23932578 0.01625142]]
probabilities: [[0.25928935 0.5186444  0.22206624]
 [0.05031009 0.7551995  0.19449043]
 [0.24313526 0.67759424 0.07927051]
 [0.48192814 0.1856864  0.33238545]
