probabilities: [[0. 1. 0.]
 [0. 1. 0.]
 [0. 1. 0.]
 [0. 1. 0.]
 [0. 1. 0.]]
probabilities: [[0.02546919 0.40917712 0.5653537 ]
 [0.07146633 0.2224342  0.70609945]
 [0.23648816 0.5377457  0.22576609]
 [0.6376266  0.05568649 0.3066869 ]
 [0.17120574 0.03787177 0.79092246]]
probabilities: [[0.63871825 0.04589367 0.31538808]
 [0.1500824  0.31024802 0.5396696 ]
 [0.4409798  0.54789156 0.01112865]
 [0.1770466  0.1638012  0.6591522 ]
 [0.31287065 0.6750515  0.01207784]]
probabilities: [[0.13962948 0.7434811  0.11688945]
 [0.17935787 0.7147957  0.10584644]
 [0.14947808 0.2719738  0.57854813]
 [0.37218988 0.3031505  0.32465962]
 [0.24423926 0.1864099  0.56935084]]
probabilities: [[0. 0. 1.]
 [0. 1. 0.]
 [0. 1. 0.]
 [0. 0. 1.]
 [0. 0. 1.]]
probabilities: [[0.40602255 0.06796655 0.52601093]
 [0.6927504  0.13263598 0.17461362]
 [0.42046994 0.11287539 0.46665466]
 [0.86601573 0.06021434 0.07376995]
 [0.17703108 0.81824017 0.00472872]]
probabilities: [[0.3523172  0.26732245 0.38036036]
 [0.51148677 0.4602943  0.02821897]
 [0.52181727 0.30097672 0.17720601]
 [0.06840025 0.3654413  0.5661585 ]
 [0.00419986 0.86848414 0.12731598]]
probabilities: [[0.14542226 0.5615455  0.29303223]
 [0.3198871  0.65179646 0.0283164 ]
 [0.41117302 0.42284176 0.1659852 ]
 [0.14791033 0.6017277  0.25036192]
 [0.06707798 0.7533707  0.1795513 ]]
probabilities: [[0. 0. 1.]
 [0. 1. 0.]
 [0. 0. 1.]
 [0. 0. 1.]
 [0. 0. 1.]]
probabilities: [[0.00438721 0.8701358  0.12547702]
 [0.2772296  0.02384036 0.69893   ]
 [0.08797803 0.7766047  0.13541725]
 [0.05794803 0.54142267 0.40062928]
 [0.20884228 0.6213537  0.169804  ]]
probabilities: [[0.02886514 0.26834592 0.70278895]
 [0.37780085 0.18651818 0.43568096]
 [0.9065251  0.00482755 0.08864739]
 [0.4156511  0.01544666 0.56890225]
 [0.04825516 0.494233   0.45751184]]
probabilities: [[0.13617292 0.19385575 0.66997135]
 [0.26520813 0.29785398 0.4369379 ]
 [0.2567246  0.48984677 0.2534286 ]
 [0.02725726 0.7172495  0.2554932 ]
 [0.23471427 0.22611739 0.53916836]]
probabilities: [[0. 0. 1.]
 [0. 1. 0.]
 [0. 0. 1.]
 [0. 0. 1.]
 [0. 0. 1.]]
probabilities: [[0.23411463 0.57074094 0.19514441]
 [0.33629662 0.00379437 0.659909  ]
 [0.6371976  0.25698295 0.10581942]
 [0.67115986 0.2206923  0.10814783]
 [0.05531237 0.347076   0.5976116 ]]
probabilities: [[0.33446184 0.29754287 0.36799532]
 [0.41493863 0.49517336 0.08988802]
 [0.18756391 0.64208025 0.17035586]
 [0.38118112 0.26267114 0.35614774]
 [0.36183688 0.3250954  0.31306773]]
probabilities: [[0.11386414 0.5393858  0.34675005]
 [0.8352787  0.05523059 0.10949069]
 [0.5033865  0.1993975  0.29721597]
 [0.25069937 0.3370214  0.4122792 ]
 [0.76667804 0.02257228 0.2107497 ]]
probabilities: [[0. 0. 1.]
 [0. 1. 0.]
 [0. 0. 1.]
 [0. 0. 1.]
 [0. 0. 1.]]
probabilities: [[0.39528957 0.3015748  0.3031356 ]
 [0.27666134 0.5257991  0.19753957]
 [0.21387088 0.0943964  0.6917327 ]
 [0.20897253 0.5894651  0.20156242]
 [0.2184309  0.16174582 0.6198233 ]]
probabilities: [[0.68190926 0.06033159 0.25775915]
 [0.36884585 0.62893057 0.00222359]
 [0.1778191  0.6226637  0.19951724]
 [0.3503292  0.41740423 0.23226658]
 [0.48817706 0.12092429 0.39089864]]
probabilities: [[1.2191335e-01 1.2786864e-01 7.5021803e-01]
 [4.5169035e-01 5.1639718e-01 3.1912465e-02]
 [8.0348414e-01 8.8757453e-03 1.8764012e-01]
 [7.8523308e-01 7.9763075e-04 2.1396928e-01]
 [6.2259275e-01 7.0518805e-03 3.7035534e-01]]
probabilities: [[0. 0. 1.]
 [0. 1. 0.]
 [0. 0. 1.]
 [0. 0. 1.]
 [0. 0. 1.]]
probabilities: [[0.03658308 0.16191284 0.8015041 ]
 [0.27981737 0.40053588 0.31964675]
 [0.72120756 0.2243101  0.05448237]
 [0.11587705 0.2553626  0.62876034]
 [0.31112066 0.45786366 0.23101568]]
probabilities: [[0.3861833  0.22876348 0.38505325]
 [0.44358408 0.00757841 0.54883754]
 [0.25438187 0.7151159  0.03050224]
 [0.32513034 0.67175764 0.00311201]
 [0.8286722  0.05864367 0.11268416]]
probabilities: [[0.5315553  0.07448503 0.39395967]
 [0.60329974 0.01007844 0.3866218 ]
 [0.62804586 0.12979357 0.24216057]
 [0.4457522  0.24919055 0.30505726]
 [0.53400755 0.09922374 0.36676875]]
probabilities: [[0. 0. 1.]
 [0. 1. 0.]
 [0. 1. 0.]
 [0. 0. 1.]
 [0. 0. 1.]]
probabilities: [[0.6017108  0.07497539 0.3233138 ]
 [0.12715696 0.5949082  0.27793488]
 [0.26287463 0.56671834 0.17040701]
 [0.05140234 0.75757533 0.19102234]
 [0.5425315  0.23344456 0.22402397]]
probabilities: [[0.22753587 0.49745396 0.27501017]
 [0.05673116 0.8907712  0.05249761]
 [0.4979901  0.3983536  0.10365629]
 [0.34233457 0.6390223  0.01864313]
 [0.66890484 0.1790289  0.15206628]]
probabilities: [[0.7691848  0.03873607 0.19207913]
 [0.445575   0.24970861 0.3047164 ]
 [0.2081582  0.4754317  0.3164101 ]
 [0.7426419  0.20408782 0.05327027]
 [0.17694253 0.7361063  0.0869512 ]]
probabilities: [[0. 0. 1.]
 [0. 1. 0.]
 [0. 0. 1.]
 [0. 0. 1.]
 [0. 0. 1.]]
probabilities: [[0.7194152  0.04579574 0.23478909]
 [0.36901766 0.4996138  0.13136855]
 [0.5410745  0.43673313 0.02219235]
 [0.6438184  0.18869431 0.16748731]
 [0.16734274 0.61693966 0.21571761]]
probabilities: [[0.09623171 0.48458213 0.41918617]
 [0.72118956 0.07962357 0.19918686]
 [0.01676505 0.90370035 0.07953457]
 [0.7648017  0.01517239 0.22002594]
 [0.09757734 0.11336736 0.7890553 ]]
probabilities: [[0.15399072 0.20429955 0.64170974]
 [0.39654472 0.3569614  0.24649388]
 [0.5200471  0.3198978  0.16005507]
 [0.393423   0.3234586  0.28311837]
 [0.06939531 0.9106089  0.01999579]]
probabilities: [[0. 0. 1.]
 [0. 1. 0.]
 [0. 0. 1.]
 [0. 0. 1.]
 [0. 0. 1.]]
probabilities: [[0.13220912 0.20001572 0.66777515]
 [0.02128533 0.7870046  0.19171005]
 [0.45120323 0.02981    0.51898676]
 [0.38755125 0.12435057 0.48809817]
 [0.02393805 0.1398807  0.8361812 ]]
probabilities: [[0.23859698 0.13708587 0.62431717]
 [0.29946154 0.15474619 0.5457923 ]
 [0.06345321 0.6718833  0.2646635 ]
 [0.6235539  0.00116485 0.3752813 ]
 [0.1701025  0.2305155  0.599382  ]]
probabilities: [[0.19986312 0.48518616 0.31495073]
 [0.14836353 0.3631507  0.48848578]
 [0.1633323  0.7718375  0.06483024]
 [0.0059825  0.51437765 0.47963983]
 [0.36924797 0.1063448  0.5244072 ]]
probabilities: [[1. 0. 0.]
 [1. 0. 0.]
 [1. 0. 0.]
 [1. 0. 0.]
 [1. 0. 0.]]
probabilities: [[0.04477513 0.65190375 0.30332112]
 [0.5526288  0.3985465  0.04882466]
 [0.5131378  0.4447186  0.04214359]
 [0.8417593  0.09944337 0.05879728]
 [0.47130844 0.5235855  0.00510609]]
probabilities: [[0.62185127 0.04859652 0.3295522 ]
 [0.03168085 0.5328948  0.43542436]
 [0.17423296 0.49243814 0.33332893]
 [0.37929335 0.1275338  0.49317285]
 [0.9245772  0.04172666 0.03369613]]
probabilities: [[0.0364447  0.45217246 0.5113828 ]
 [0.824198   0.01478563 0.16101639]
 [0.06237742 0.78968257 0.14794   ]
 [0.5378593  0.35111654 0.11102412]
 [0.7346318  0.12473567 0.14063257]]
probabilities: [[0. 0. 1.]
 [0. 1. 0.]
 [0. 0. 1.]
 [0. 0. 1.]
 [0. 0. 1.]]
probabilities: [[0.05706763 0.35211045 0.5908219 ]
 [0.9472679  0.04736824 0.00536388]
 [0.4159665  0.39446965 0.18956383]
 [0.08662917 0.6584744  0.25489643]
 [0.54363835 0.39222637 0.06413528]]
probabilities: [[0.06019618 0.76957995 0.17022389]
 [0.66628623 0.3011603  0.03255347]
 [0.25984842 0.58138317 0.1587684 ]
 [0.05081607 0.6414496  0.30773437]
 [0.6448478  0.17666262 0.17848957]]
probabilities: [[0.3514712  0.15812787 0.49040094]
 [0.30396613 0.16097477 0.5350591 ]
 [0.65842813 0.01000615 0.3315657 ]
 [0.8304278  0.0228121  0.14676005]
 [0.03836075 0.26122865 0.7004106 ]]
probabilities: [[0. 1. 0.]
 [0. 1. 0.]
 [0. 1. 0.]
 [0. 1. 0.]
 [0. 1. 0.]]
probabilities: [[0.29922467 0.67728406 0.02349125]
 [0.23813143 0.48527628 0.27659225]
 [0.34932587 0.37897468 0.27169946]
 [0.64630735 0.23445877 0.11923387]
 [0.9458076  0.02558643 0.02860598]]
probabilities: [[0.47164628 0.27094114 0.25741258]
 [0.21075864 0.03115572 0.75808567]
 [0.7134917  0.02123543 0.26527292]
 [0.886662   0.01419377 0.09914421]
 [0.45609668 0.08227047 0.46163285]]
probabilities: [[0.6862486  0.29079503 0.02295636]
 [0.10846891 0.75214666 0.13938442]
 [0.00469254 0.8822603  0.11304711]
 [0.2541688  0.4468356  0.29899558]
 [0.65875554 0.10407949 0.23716499]]
probabilities: [[0. 0. 1.]
 [0. 1. 0.]
 [0. 0. 1.]
 [0. 0. 1.]
 [0. 0. 1.]]
probabilities: [[0.75366575 0.12092591 0.12540835]
 [0.8241486  0.02061098 0.15524043]
 [0.61243486 0.19440006 0.19316508]
 [0.59450173 0.20233677 0.20316148]
 [0.63445246 0.15257558 0.21297193]]
probabilities: [[0.4086481  0.5386004  0.05275151]
 [0.2837958  0.44336864 0.27283555]
 [0.56258446 0.21436445 0.22305109]
 [0.09642106 0.84949493 0.05408401]
 [0.5556816  0.28460255 0.15971588]]
probabilities: [[0.5663926  0.31165    0.12195739]
 [0.08630715 0.11878708 0.7949058 ]
 [0.2913991  0.357305   0.35129595]
 [0.07489716 0.35739747 0.5677054 ]
 [0.12647505 0.48267204 0.39085293]]
probabilities: [[0. 0. 1.]
 [0. 1. 0.]
 [0. 0. 1.]
 [0. 0. 1.]
 [0. 0. 1.]]
probabilities: [[0.13481261 0.2346897  0.6304977 ]
 [0.06272737 0.53584933 0.4014233 ]
 [0.01360877 0.36562264 0.62076855]
 [0.6934499  0.09091018 0.2156399 ]
 [0.61369604 0.0465172  0.33978674]]
probabilities: [[0.18176511 0.6330467  0.18518819]
 [0.08754081 0.17194855 0.74051064]
 [0.2346604  0.6642435  0.10109609]
 [0.2858737  0.7029977  0.01112861]
 [0.40353274 0.09265669 0.5038106 ]]
probabilities: [[0.20352349 0.11234526 0.68413126]
 [0.80413437 0.04321532 0.15265033]
 [0.08857412 0.33830124 0.57312465]
 [0.8457854  0.09493729 0.05927734]
 [0.4234987  0.27795276 0.29854855]]
probabilities: [[1. 0. 0.]
 [1. 0. 0.]
 [1. 0. 0.]
 [1. 0. 0.]
 [1. 0. 0.]]
probabilities: [[0.30686507 0.09130806 0.6018269 ]
 [0.0253495  0.9579062  0.0167443 ]
 [0.2649555  0.18776642 0.5472781 ]
 [0.3151497  0.66026205 0.02458824]
 [0.72704387 0.13221045 0.14074567]]
probabilities: [[0.28948295 0.22205307 0.488464  ]
 [0.0680085  0.06190608 0.8700854 ]
 [0.64539415 0.00893969 0.34566614]
 [0.689368   0.13921462 0.1714174 ]
 [0.34900668 0.21449122 0.4365021 ]]
probabilities: [[0.12693538 0.19315712 0.6799075 ]
 [0.18456313 0.46687692 0.34855995]
 [0.27732676 0.28481278 0.43786046]
 [0.14479889 0.39077246 0.46442863]
 [0.5901094  0.32432026 0.08557031]]
probabilities: [[1. 0. 0.]
 [1. 0. 0.]
 [1. 0. 0.]
 [1. 0. 0.]
 [1. 0. 0.]]
probabilities: [[0.7369982  0.06598604 0.19701578]
 [0.61864144 0.33175075 0.0496078 ]
 [0.46341345 0.18309294 0.3534936 ]
 [0.08284219 0.8784311  0.03872671]
 [0.26371586 0.47221985 0.26406428]]
probabilities: [[0.33359912 0.434637   0.23176388]
 [0.25425377 0.42823446 0.31751177]
 [0.6146016  0.03887929 0.3465191 ]
 [0.549227   0.00190042 0.44887257]
 [0.2016359  0.3128878  0.48547632]]
probabilities: [[0.2699018  0.5962591  0.13383906]
 [0.10988259 0.6448274  0.24528997]
 [0.3279247  0.12511088 0.5469644 ]
 [0.02190266 0.39405668 0.58404064]
 [0.28241765 0.4892418  0.22834054]]
probabilities: [[1. 0. 0.]
 [1. 0. 0.]
 [1. 0. 0.]
 [1. 0. 0.]
 [1. 0. 0.]]
probabilities: [[0.40153083 0.01353205 0.5849371 ]
 [0.79268163 0.16496293 0.04235544]
 [0.36514264 0.10671852 0.5281388 ]
 [0.08692409 0.29455784 0.61851805]
 [0.7797202  0.0509794  0.16930044]]
probabilities: [[0.07864672 0.2663789  0.65497434]
 [0.01761791 0.31584927 0.6665328 ]
 [0.13760886 0.0362518  0.82613933]
 [0.81603485 0.05856039 0.12540475]
 [0.4327219  0.07500086 0.49227723]]
probabilities: [[0.18325798 0.07301462 0.7437274 ]
 [0.6774907  0.27779832 0.04471099]
 [0.04278179 0.72738737 0.22983085]
 [0.11306491 0.14138757 0.74554753]
 [0.24054572 0.53930986 0.22014445]]
probabilities: [[0. 1. 0.]
 [0. 1. 0.]
 [0. 1. 0.]
 [0. 1. 0.]
 [0. 1. 0.]]
probabilities: [[0.73888785 0.09753551 0.16357663]
 [0.01528083 0.92033637 0.06438281]
 [0.41787875 0.12805814 0.45406312]
 [0.33957794 0.4461709  0.21425119]
 [0.72479784 0.25030065 0.02490151]]
probabilities: [[0.42410126 0.15891193 0.41698682]
 [0.34826013 0.5807586  0.07098129]
 [0.88073725 0.01307888 0.10618387]
 [0.32249257 0.14542095 0.5320865 ]
 [0.17839277 0.40877938 0.41282785]]
probabilities: [[0.12467617 0.8570541  0.0182697 ]
 [0.23187195 0.6682736  0.09985445]
 [0.49877486 0.38746354 0.1137616 ]
 [0.29945958 0.48235986 0.21818057]
 [0.0876094  0.7579335  0.15445708]]
probabilities: [[0. 0. 1.]
 [0. 1. 0.]
 [0. 1. 0.]
 [0. 0. 1.]
 [0. 0. 1.]]
probabilities: [[0.47615936 0.36031994 0.16352068]
 [0.04162077 0.21637687 0.74200237]
 [0.23171501 0.6076536  0.16063136]
 [0.413076   0.5648584  0.02206563]
 [0.3664822  0.07069645 0.5628213 ]]
probabilities: [[0.18994589 0.7159862  0.09406794]
 [0.32460314 0.04604204 0.62935483]
 [0.74435633 0.17939311 0.07625056]
 [0.34872463 0.4531024  0.19817294]
 [0.15046167 0.5831903  0.26634797]]
probabilities: [[0.19477375 0.5493612  0.25586498]
 [0.37065488 0.30866113 0.320684  ]
 [0.01091036 0.71179926 0.2772904 ]
 [0.8060631  0.04258895 0.15134792]
 [0.79164875 0.02299686 0.18535437]]
probabilities: [[0. 0. 1.]
 [0. 1. 0.]
 [0. 1. 0.]
 [0. 0. 1.]
 [0. 0. 1.]]
probabilities: [[0.21511167 0.09151217 0.6933762 ]
 [0.10442864 0.1182175  0.7773539 ]
 [0.4258675  0.21751112 0.35662138]
 [0.24273895 0.46218872 0.29507235]
 [0.02587511 0.34679195 0.6273329 ]]
probabilities: [[0.25688785 0.14029607 0.60281605]
 [0.08497395 0.09145059 0.82357544]
 [0.33442926 0.2555586  0.41001216]
 [0.3941954  0.3280232  0.2777814 ]
 [0.8868773  0.00485135 0.10827137]]
probabilities: [[0.03985411 0.8775125  0.08263335]
 [0.40118068 0.0983106  0.5005087 ]
 [0.40732595 0.20944996 0.38322407]
 [0.14207362 0.71890223 0.13902417]
 [0.44186231 0.3060867  0.25205097]]
probabilities: [[0. 0. 1.]
 [0. 1. 0.]
 [0. 1. 0.]
 [0. 0. 1.]
 [0. 0. 1.]]
probabilities: [[0.38888457 0.31564116 0.29547426]
 [0.3124345  0.4005218  0.2870437 ]
 [0.02358242 0.5194741  0.45694348]
 [0.01520812 0.56449705 0.42029485]
 [0.36412227 0.43125877 0.20461895]]
probabilities: [[0.5297221  0.34350044 0.12677749]
 [0.08135172 0.4290132  0.48963508]
 [0.23367874 0.64693147 0.1193898 ]
 [0.53192466 0.05606316 0.4120122 ]
 [0.19935146 0.05663045 0.7440181 ]]
probabilities: [[0.47204238 0.4776995  0.05025814]
 [0.48865545 0.31033954 0.20100503]
 [0.87776583 0.11216635 0.01006779]
 [0.36169484 0.535728   0.10257719]
 [0.30711126 0.39410204 0.2987867 ]]
probabilities: [[0. 1. 0.]
 [0. 1. 0.]
 [0. 1. 0.]
 [0. 1. 0.]
 [0. 1. 0.]]
probabilities: [[0.1558579  0.76129454 0.08284754]
 [0.6641368  0.00854116 0.327322  ]
 [0.22138609 0.73252773 0.04608616]
 [0.112005   0.27262214 0.61537284]
 [0.16396469 0.13923037 0.69680494]]
probabilities: [[0.15340723 0.28437558 0.5622172 ]
 [0.46670362 0.29134297 0.2419534 ]
 [0.27301085 0.14062323 0.58636594]
 [0.02176031 0.45413417 0.52410555]
 [0.59648377 0.36383566 0.0396806 ]]
probabilities: [[0.211438   0.4438565  0.3447055 ]
 [0.3446377  0.54520726 0.11015505]
 [0.12050317 0.6533429  0.22615393]
 [0.03873036 0.18327858 0.77799106]
 [0.2596802  0.64851886 0.09180092]]
probabilities: [[1. 0. 0.]
 [1. 0. 0.]
 [1. 0. 0.]
 [1. 0. 0.]
 [1. 0. 0.]]
probabilities: [[0.4187407  0.22935069 0.35190862]
 [0.2708633  0.02051918 0.7086175 ]
 [0.03442535 0.08347947 0.88209516]
 [0.6675225  0.19194262 0.14053488]
 [0.00373596 0.10197286 0.89429116]]
probabilities: [[0.27446267 0.37431583 0.3512215 ]
 [0.15256849 0.2606627  0.5867688 ]
 [0.0104117  0.3468247  0.6427636 ]
 [0.13427535 0.15885568 0.70686895]
 [0.03175594 0.50141114 0.4668329 ]]
probabilities: [[0.16181086 0.16453396 0.6736552 ]
 [0.6313344  0.0219175  0.34674808]
 [0.42003793 0.21105978 0.3689023 ]
 [0.2732449  0.58380127 0.14295383]
 [0.5003544  0.4209968  0.07864879]]
probabilities: [[0. 0. 1.]
 [0. 1. 0.]
 [0. 1. 0.]
 [0. 0. 1.]
 [0. 0. 1.]]
probabilities: [[0.11166135 0.1641286  0.72421   ]
 [0.31625858 0.431455   0.25228643]
 [0.47803766 0.42863917 0.09332317]
 [0.39699557 0.3235186  0.27948582]
 [0.6928829  0.09547015 0.21164694]]
probabilities: [[0.18893863 0.39189857 0.41916278]
 [0.47163084 0.0301406  0.49822855]
 [0.7804004  0.10144367 0.11815591]
 [0.47699404 0.08471202 0.43829393]
 [0.43596515 0.34889522 0.21513961]]
probabilities: [[0.26548225 0.19245811 0.54205966]
 [0.2989131  0.37903255 0.32205436]
 [0.1968239  0.5889074  0.21426868]
 [0.27429426 0.5051554  0.22055034]
 [0.42728543 0.43280634 0.13990821]]
probabilities: [[0. 0. 1.]
 [0. 1. 0.]
 [0. 1. 0.]
 [0. 0. 1.]
 [0. 0. 1.]]
probabilities: [[0.29322195 0.50637203 0.200406  ]
 [0.46345568 0.5158937  0.02065062]
 [0.21945086 0.17719302 0.6033561 ]
 [0.6005358  0.15220864 0.24725553]
 [0.40256128 0.25259095 0.34484777]]
probabilities: [[0.08487638 0.58932126 0.3258024 ]
 [0.07942899 0.7803486  0.14022243]
 [0.7498882  0.20226127 0.04785057]
 [0.39197057 0.37825167 0.22977775]
 [0.23387615 0.47113672 0.2949871 ]]
probabilities: [[0.30886275 0.26589665 0.4252406 ]
 [0.22469515 0.26954406 0.5057608 ]
 [0.3176842  0.48053518 0.20178063]
 [0.43270352 0.11832384 0.44897264]
 [0.03464393 0.7270079  0.23834813]]
probabilities: [[0. 0. 1.]
 [0. 1. 0.]
 [0. 0. 1.]
 [0. 0. 1.]
 [0. 0. 1.]]
probabilities: [[0.32313567 0.5128383  0.16402604]
 [0.4769498  0.3304755  0.19257466]
 [0.5689878  0.07191473 0.35909748]
 [0.04186356 0.6838935  0.27424294]
 [0.14576927 0.67209053 0.18214019]]
probabilities: [[0.48548865 0.3646824  0.14982896]
 [0.11488571 0.23511018 0.6500041 ]
 [0.1483447  0.56185234 0.28980294]
 [0.45497423 0.12923965 0.41578612]
 [0.29139802 0.33114123 0.37746075]]
probabilities: [[0.3626125  0.09993712 0.5374504 ]
 [0.14604393 0.25544664 0.59850943]
 [0.5607368  0.10862888 0.33063433]
 [0.21908025 0.14338689 0.6375329 ]
 [0.36367622 0.03420162 0.6021221 ]]
probabilities: [[0. 1. 0.]
 [0. 1. 0.]
 [0. 1. 0.]
 [0. 1. 0.]
 [0. 1. 0.]]
probabilities: [[0.25411773 0.57460576 0.17127651]
 [0.01680194 0.11235294 0.87084514]
 [0.08361393 0.14330044 0.77308565]
 [0.01604648 0.38191634 0.6020372 ]
 [0.07819565 0.45398986 0.46781448]]
probabilities: [[0.5162737  0.02832192 0.45540443]
 [0.06008223 0.64599514 0.2939226 ]
 [0.04042896 0.6153238  0.34424728]
 [0.26212105 0.39382768 0.3440513 ]
 [0.24600987 0.5107469  0.24324323]]
probabilities: [[0.6542796  0.23035784 0.11536259]
 [0.00846789 0.9706267  0.02090539]
 [0.65431964 0.19942205 0.14625831]
 [0.13829371 0.32645476 0.53525156]
 [0.01529624 0.50054276 0.48416102]]
probabilities: [[1. 0. 0.]
 [1. 0. 0.]
 [1. 0. 0.]
 [1. 0. 0.]
 [1. 0. 0.]]
probabilities: [[0.04234817 0.7128968  0.24475498]
 [0.50272024 0.33863744 0.15864232]
 [0.17317514 0.7444287  0.08239616]
 [0.11396263 0.08242507 0.8036123 ]
 [0.03865308 0.03805    0.9232969 ]]
probabilities: [[0.02419069 0.8424842  0.13332514]
 [0.31289378 0.5536896  0.13341661]
 [0.68361586 0.20189512 0.11448904]
 [0.56574196 0.24743593 0.18682212]
 [0.13598022 0.720121   0.14389876]]
probabilities: [[0.10921504 0.05744333 0.8333416 ]
 [0.31656995 0.27913347 0.40429658]
 [0.5777029  0.07811794 0.3441792 ]
 [0.01706863 0.24694517 0.7359862 ]
 [0.3293749  0.20543922 0.46518588]]
probabilities: [[1. 0. 0.]
 [1. 0. 0.]
 [1. 0. 0.]
 [1. 0. 0.]
 [1. 0. 0.]]
probabilities: [[0.28748292 0.08244959 0.63006747]
 [0.8817606  0.05703139 0.06120801]
 [0.12098081 0.65160877 0.2274104 ]
 [0.5229355  0.10619429 0.3708702 ]
 [0.03427368 0.6241851  0.34154123]]
probabilities: [[0.0627785  0.5111385  0.42608303]
 [0.36644652 0.27323627 0.36031717]
 [0.24515226 0.4852994  0.26954833]
 [0.11815126 0.65711194 0.22473678]
 [0.25914872 0.1828531  0.5579982 ]]
probabilities: [[0.39317858 0.22774243 0.37907898]
 [0.47977808 0.02148737 0.49873456]
 [0.2020512  0.60757786 0.19037096]
 [0.17461643 0.16564302 0.65974057]
 [0.22215247 0.43643758 0.34140995]]
probabilities: [[0. 1. 0.]
 [0. 1. 0.]
 [0. 1. 0.]
 [0. 1. 0.]
 [0. 1. 0.]]
probabilities: [[0.5882544  0.2372433  0.17450233]
 [0.2139966  0.37916273 0.40684068]
 [0.38434175 0.08453885 0.5311194 ]
 [0.18319976 0.74758303 0.06921718]
 [0.8086687  0.18372814 0.00760315]]
probabilities: [[0.3408684  0.0038951  0.6552365 ]
 [0.08111906 0.5488405  0.37004042]
 [0.18328251 0.7125919  0.10412562]
 [0.41229302 0.3359615  0.2517455 ]
 [0.4111678  0.24572717 0.34310502]]
probabilities: [[0.1388195  0.5173701  0.3438104 ]
 [0.08585253 0.83463097 0.0795165 ]
 [0.1385304  0.7682322  0.09323735]
 [0.84695333 0.06380612 0.08924053]
 [0.04523328 0.4011908  0.55357593]]
probabilities: [[0. 0. 1.]
 [0. 1. 0.]
 [0. 1. 0.]
 [0. 0. 1.]
 [0. 0. 1.]]
probabilities: [[0.19382477 0.4634763  0.34269893]
 [0.13977617 0.18717198 0.67305183]
 [0.05295116 0.8077857  0.13926315]
 [0.11010072 0.84226906 0.04763022]
 [0.06442769 0.8849305  0.05064183]]
probabilities: [[0.7268434  0.06934757 0.20380901]
 [0.6329736  0.31618828 0.05083809]
 [0.59341556 0.1408321  0.26575238]
 [0.82705724 0.05043621 0.12250653]
 [0.64614826 0.24752721 0.10632454]]
probabilities: [[0.14467382 0.28317857 0.5721476 ]
 [0.11472308 0.02939804 0.8558789 ]
 [0.1476451  0.02402406 0.8283308 ]
 [0.09849636 0.59716576 0.3043379 ]
 [0.22902519 0.71381086 0.05716396]]
probabilities: [[0. 0. 1.]
 [0. 1. 0.]
 [0. 1. 0.]
 [0. 0. 1.]
 [0. 0. 1.]]
probabilities: [[0.02351918 0.18507469 0.79140615]
 [0.06654502 0.5887114  0.34474358]
 [0.12935893 0.47222334 0.39841774]
 [0.5307857  0.16962849 0.29958585]
 [0.24588504 0.6185414  0.13557355]]
probabilities: [[0.08837172 0.20010921 0.71151906]
 [0.31984243 0.49316385 0.18699372]
 [0.9188698  0.00347303 0.07765716]
 [0.20895582 0.34113294 0.4499112 ]
 [0.46945336 0.41485906 0.11568758]]
probabilities: [[0.46929258 0.44874898 0.08195843]
 [0.02379375 0.23899038 0.7372159 ]
 [0.23987922 0.72337765 0.03674315]
 [0.42161417 0.48662853 0.09175733]
 [0.2546141  0.3650596  0.3803263 ]]
probabilities: [[0. 0. 1.]
 [0. 1. 0.]
 [0. 0. 1.]
 [0. 0. 1.]
 [0. 0. 1.]]
probabilities: [[0.11200637 0.05083175 0.8371619 ]
 [0.07098303 0.08803287 0.8409841 ]
 [0.2359585  0.28251195 0.48152953]
 [0.3733977  0.54573303 0.08086928]
 [0.49639454 0.13898449 0.36462095]]
probabilities: [[0.10482516 0.33226785 0.562907  ]
 [0.4190556  0.27605757 0.30488682]
 [0.05314364 0.5100778  0.43677858]
 [0.44257233 0.38901255 0.16841513]
 [0.3529437  0.28114045 0.36591586]]
probabilities: [[0.17212646 0.5153243  0.31254926]
 [0.0780138  0.7181534  0.20383279]
 [0.40693706 0.5256087  0.06745421]
 [0.08307185 0.26680487 0.6501233 ]
 [0.17349778 0.77094096 0.05556125]]
probabilities: [[1. 0. 0.]
 [1. 0. 0.]
 [1. 0. 0.]
 [1. 0. 0.]
 [1. 0. 0.]]
probabilities: [[0.5949644  0.21156788 0.19346775]
 [0.07095858 0.5042302  0.42481124]
 [0.52255505 0.05945345 0.4179915 ]
 [0.3959749  0.3883806  0.21564452]
 [0.1626265  0.47961888 0.3577546 ]]
probabilities: [[0.32084003 0.15950188 0.5196581 ]
 [0.2450894  0.4530908  0.30181983]
 [0.05124016 0.49006498 0.45869488]
 [0.52050835 0.22431344 0.2551782 ]
 [0.04989687 0.9454081  0.00469504]]
probabilities: [[0.01115256 0.3434143  0.6454331 ]
 [0.363152   0.07828517 0.5585628 ]
 [0.48755735 0.49304658 0.01939607]
 [0.49211964 0.2412948  0.26658556]
 [0.5289459  0.03002539 0.4410287 ]]
probabilities: [[0. 1. 0.]
 [0. 1. 0.]
 [0. 1. 0.]
 [0. 1. 0.]
 [0. 1. 0.]]
probabilities: [[0.17616878 0.23081662 0.5930146 ]
 [0.31358916 0.04801052 0.6384003 ]
 [0.31846067 0.60829914 0.07324016]
 [0.7911172  0.10287419 0.1060086 ]
 [0.80689055 0.08291481 0.11019464]]
probabilities: [[0.0366579  0.24655369 0.7167884 ]
 [0.5134019  0.3184928  0.16810527]
 [0.31082037 0.39190787 0.29727176]
 [0.72215027 0.11308215 0.16476761]
 [0.0825683  0.00868271 0.908749  ]]
probabilities: [[0.23573124 0.55596393 0.20830482]
 [0.18426387 0.46296996 0.35276616]
 [0.11618809 0.7171991  0.16661285]
 [0.33220294 0.14143044 0.52636665]
 [0.12276392 0.38452324 0.49271283]]
probabilities: [[0. 0. 1.]
 [0. 1. 0.]
 [0. 1. 0.]
 [0. 0. 1.]
 [0. 0. 1.]]
probabilities: [[0.37867886 0.20333658 0.41798458]
 [0.05855186 0.8988482  0.04259994]
 [0.5785434  0.3322013  0.08925527]
 [0.01340347 0.3633892  0.62320733]
 [0.6113894  0.38359067 0.00501995]]
probabilities: [[0.15076475 0.25615135 0.5930839 ]
 [0.5770598  0.06151479 0.3614254 ]
 [0.0690214  0.4191827  0.51179594]
 [0.13797669 0.25264695 0.6093764 ]
 [0.5453188  0.25531057 0.19937068]]
probabilities: [[0.00704916 0.70358557 0.28936526]
 [0.12740009 0.5039571  0.36864284]
 [0.14736354 0.8504859  0.00215055]
 [0.7694142  0.11429047 0.11629536]
 [0.08231257 0.1749435  0.7427439 ]]
probabilities: [[0. 0. 1.]
 [0. 1. 0.]
 [0. 0. 1.]
 [0. 0. 1.]
 [0. 0. 1.]]
probabilities: [[0.03053273 0.11917832 0.8502889 ]
 [0.515402   0.16804378 0.31655422]
 [0.1312791  0.01813093 0.85059   ]
 [0.30670276 0.01434998 0.67894727]
 [0.08125219 0.02516827 0.89357954]]
probabilities: [[0.11673133 0.05837094 0.8248977 ]
 [0.37167087 0.07059239 0.55773675]
 [0.24176694 0.6199118  0.13832125]
 [0.6822399  0.2949876  0.02277252]
 [0.5682396  0.20144406 0.2303163 ]]
probabilities: [[0.02182653 0.7950917  0.18308178]
 [0.30522704 0.09272253 0.6020504 ]
 [0.02047309 0.12031158 0.8592153 ]
 [0.25321284 0.40576085 0.3410263 ]
 [0.4161321  0.3098717  0.2739962 ]]
probabilities: [[1. 0. 0.]
 [1. 0. 0.]
 [1. 0. 0.]
 [1. 0. 0.]
 [1. 0. 0.]]
probabilities: [[0.647151   0.19646166 0.15638736]
 [0.08950274 0.13263974 0.77785754]
 [0.6594971  0.11420628 0.22629662]
 [0.23771863 0.41050833 0.35177305]
 [0.47724926 0.17565063 0.3471001 ]]
probabilities: [[0.03180076 0.15465939 0.81353986]
 [0.08381537 0.12582551 0.79035914]
 [0.1131046  0.13218148 0.75471395]
 [0.43683562 0.24864182 0.31452256]
 [0.26262993 0.60088444 0.13648567]]
probabilities: [[0.00521229 0.17537628 0.8194114 ]
 [0.04496841 0.7047324  0.2502992 ]
 [0.552444   0.35124043 0.09631561]
 [0.23981555 0.2829007  0.47728375]
 [0.03309286 0.4920872  0.47481996]]
probabilities: [[0. 0. 1.]
 [0. 1. 0.]
 [0. 0. 1.]
 [0. 0. 1.]
 [0. 0. 1.]]
probabilities: [[0.6490759  0.2730019  0.07792215]
 [0.51937455 0.07257692 0.40804854]
 [0.07953782 0.85238004 0.06808215]
 [0.63528794 0.03334938 0.33136266]
 [0.7179783  0.07914954 0.20287219]]
probabilities: [[0.04523606 0.52378863 0.4309753 ]
 [0.5891302  0.02922733 0.38164243]
 [0.65176475 0.33774593 0.01048929]
 [0.13172458 0.6253106  0.24296483]
 [0.17592138 0.74257267 0.08150598]]
probabilities: [[0.02193583 0.47283438 0.50522983]
 [0.77565956 0.01145081 0.21288966]
 [0.3755189  0.44244874 0.18203236]
 [0.45664358 0.00285104 0.54050535]
 [0.12313791 0.00955478 0.8673073 ]]
probabilities: [[0. 0. 1.]
 [0. 1. 0.]
 [0. 0. 1.]
 [0. 0. 1.]
 [0. 0. 1.]]
probabilities: [[0.2752803  0.34931874 0.37540096]
 [0.6090835  0.12066256 0.27025396]
 [0.25377598 0.64374983 0.10247415]
 [0.17544489 0.40206546 0.42248967]
 [0.3975219  0.2735971  0.32888103]]
probabilities: [[0.86716384 0.0102533  0.12258288]
 [0.10435291 0.82514215 0.07050493]
 [0.58963495 0.10318936 0.30717573]
 [0.1005956  0.17539082 0.72401357]
 [0.10733637 0.37965095 0.5130127 ]]
probabilities: [[0.40486094 0.43731403 0.15782504]
 [0.23943774 0.4211157  0.33944654]
 [0.48189795 0.06860952 0.44949254]
 [0.23865062 0.19675118 0.5645982 ]
 [0.18413183 0.02208176 0.7937864 ]]
probabilities: [[1. 0. 0.]
 [1. 0. 0.]
 [1. 0. 0.]
 [1. 0. 0.]
 [1. 0. 0.]]
probabilities: [[0.03795383 0.06009724 0.9019489 ]
 [0.2184956  0.2881065  0.49339786]
 [0.50423634 0.06466687 0.4310968 ]
 [0.11760455 0.05539503 0.82700044]
 [0.3254458  0.66751903 0.00703514]]
probabilities: [[0.20548607 0.37088585 0.42362806]
 [0.20100528 0.6742505  0.12474423]
 [0.51714814 0.10270217 0.3801497 ]
 [0.00485472 0.5418474  0.45329785]
 [0.2396734  0.3587551  0.40157148]]
probabilities: [[0.65992105 0.12525964 0.21481928]
 [0.82435584 0.16952643 0.00611776]
 [0.06174302 0.7361237  0.20213331]
 [0.29567486 0.23392263 0.4704025 ]
 [0.6872566  0.24711508 0.06562837]]
probabilities: [[0. 0. 1.]
 [0. 1. 0.]
 [0. 1. 0.]
 [0. 0. 1.]
 [0. 0. 1.]]
probabilities: [[0.8481721  0.03970113 0.11212677]
 [0.08441437 0.31981912 0.5957665 ]
 [0.47594914 0.40206137 0.12198948]
 [0.7578836  0.10216688 0.13994952]
 [0.44364724 0.10995334 0.44639942]]
probabilities: [[0.12443494 0.42616612 0.44939893]
 [0.04885458 0.94183624 0.00930918]
 [0.39652592 0.01296653 0.59050757]
 [0.4438277  0.29091534 0.26525697]
 [0.07876221 0.27684727 0.6443905 ]]
probabilities: [[0.89642817 0.00440211 0.09916969]
 [0.46248177 0.35350785 0.1840104 ]
 [0.1756835  0.5812761  0.24304037]
 [0.61611974 0.2866069  0.09727333]
 [0.08173704 0.78781235 0.13045064]]
probabilities: [[0. 0. 1.]
 [0. 1. 0.]
 [0. 1. 0.]
 [0. 0. 1.]
 [0. 0. 1.]]
probabilities: [[0.06989823 0.84842557 0.0816762 ]
 [0.22506084 0.52412605 0.2508131 ]
 [0.4538071  0.37129456 0.17489836]
 [0.19503184 0.07427942 0.73068875]
 [0.02320557 0.04019228 0.9366022 ]]
probabilities: [[0.05584876 0.06146643 0.8826848 ]
 [0.10678332 0.05148419 0.8417325 ]
 [0.18608806 0.05866065 0.7552513 ]
 [0.5833292  0.4107284  0.00594239]
 [0.40718976 0.5108496  0.08196066]]
probabilities: [[0.02610673 0.48079816 0.49309513]
 [0.92513317 0.00337603 0.07149077]
 [0.2341404  0.42279166 0.34306794]
 [0.85797113 0.12634149 0.01568741]
 [0.15355022 0.80539197 0.04105783]]
probabilities: [[0. 0. 1.]
 [0. 1. 0.]
 [0. 0. 1.]
 [0. 0. 1.]
 [0. 0. 1.]]
probabilities: [[0.2586743  0.73058665 0.01073905]
 [0.18826205 0.7843092  0.02742874]
 [0.23714416 0.46215588 0.30069995]
 [0.18399718 0.01644992 0.7995529 ]
 [0.07476144 0.38198483 0.5432537 ]]
probabilities: [[0.44551092 0.3309166  0.22357248]
 [0.55592245 0.13497391 0.30910364]
 [0.12311219 0.05467154 0.8222163 ]
 [0.23707362 0.46204    0.30088636]
 [0.33735803 0.33840466 0.32423732]]
probabilities: [[0.28210494 0.17826125 0.5396338 ]
 [0.6234775  0.11946045 0.25706202]
 [0.08075676 0.59410244 0.32514077]
 [0.07274379 0.06936664 0.8578896 ]
 [0.07942278 0.7391901  0.18138716]]
probabilities: [[0. 0. 1.]
 [0. 1. 0.]
 [0. 1. 0.]
 [0. 0. 1.]
 [0. 0. 1.]]
probabilities: [[0.2773738  0.1001357  0.6224905 ]
 [0.49077612 0.27740973 0.23181416]
 [0.68413484 0.3150601  0.00080506]
 [0.2663725  0.69732344 0.03630406]
 [0.42254674 0.15406677 0.42338648]]
probabilities: [[0.13125782 0.26219752 0.6065446 ]
 [0.71589535 0.07466974 0.20943488]
 [0.30956703 0.05882501 0.63160795]
 [0.12581001 0.10096354 0.77322644]
 [0.001089   0.05779018 0.9411208 ]]
probabilities: [[0.6156849  0.27162313 0.11269197]
 [0.19124335 0.474467   0.33428964]
 [0.6070076  0.09199764 0.30099475]
 [0.20208104 0.1479053  0.6500136 ]
 [0.3222676  0.10220346 0.5755289 ]]
probabilities: [[0. 0. 1.]
 [0. 1. 0.]
 [0. 1. 0.]
 [0. 0. 1.]
 [0. 0. 1.]]
probabilities: [[0.1140404  0.36971867 0.5162409 ]
 [0.26249787 0.2191299  0.51837224]
 [0.6535821  0.2504882  0.09592973]
 [0.17241584 0.42454457 0.40303957]
 [0.0115827  0.8006888  0.18772851]]
probabilities: [[0.4897656  0.48467237 0.02556203]
 [0.13530253 0.33830556 0.5263919 ]
 [0.32629335 0.6626521  0.01105461]
 [0.32602528 0.54972726 0.12424743]
 [0.73487383 0.20927484 0.05585135]]
probabilities: [[0.07321793 0.49707603 0.42970604]
 [0.80678695 0.1209377  0.07227536]
 [0.5401533  0.19211611 0.26773056]
 [0.07264061 0.7488542  0.17850518]
 [0.5689808  0.29612425 0.13489491]]
probabilities: [[0. 0. 1.]
 [0. 1. 0.]
 [0. 0. 1.]
 [0. 0. 1.]
 [0. 0. 1.]]
probabilities: [[0.05026276 0.8334132  0.11632405]
 [0.13522087 0.7745787  0.09020042]
 [0.14114441 0.36271542 0.49614018]
 [0.23386209 0.4091073  0.3570306 ]
 [0.08317958 0.5664187  0.35040173]]
probabilities: [[0.5109842  0.3173603  0.1716555 ]
 [0.47417754 0.1980817  0.3277408 ]
 [0.04202454 0.5907706  0.36720487]
 [0.45922032 0.53874874 0.00203091]
 [0.07951434 0.46273997 0.4577457 ]]
probabilities: [[0.2563613  0.36809888 0.37553984]
 [0.10693915 0.7062445  0.18681632]
 [0.02062888 0.35682854 0.62254256]
 [0.13423067 0.35823306 0.50753623]
 [0.14228609 0.63605    0.22166394]]
probabilities: [[0. 1. 0.]
 [0. 1. 0.]
 [0. 1. 0.]
 [0. 1. 0.]
 [0. 1. 0.]]
probabilities: [[0.06404311 0.5698097  0.3661472 ]
 [0.14180405 0.17367741 0.6845185 ]
 [0.6826402  0.25757536 0.05978444]
 [0.14669988 0.31150687 0.5417933 ]
 [0.21067347 0.09270228 0.6966243 ]]
probabilities: [[0.7837754  0.043614   0.1726106 ]
 [0.20652986 0.6358088  0.15766133]
 [0.33536035 0.388144   0.27649567]
 [0.335931   0.47268888 0.19138011]
 [0.2103875  0.04365847 0.74595404]]
probabilities: [[0.00722511 0.76490355 0.22787136]
 [0.77860063 0.21853994 0.00285943]
 [0.13493006 0.34325194 0.521818  ]
 [0.03768443 0.86036634 0.1019492 ]
 [0.45747837 0.35614857 0.18637307]]
probabilities: [[1. 0. 0.]
 [1. 0. 0.]
 [1. 0. 0.]
 [1. 0. 0.]
 [1. 0. 0.]]
probabilities: [[0.12608463 0.40566805 0.46824732]
 [0.04066315 0.5308541  0.42848277]
 [0.5101413  0.06328283 0.42657584]
 [0.31417012 0.6521699  0.03365998]
 [0.17427045 0.69284886 0.1328807 ]]
probabilities: [[0.5123319  0.07251551 0.41515258]
 [0.20162456 0.21100438 0.58737105]
 [0.2991729  0.48303628 0.21779081]
 [0.32272655 0.4204799  0.25679356]
 [0.13494827 0.32524613 0.5398056 ]]
probabilities: [[0.52135015 0.4141136  0.06453627]
 [0.16032942 0.5529534  0.28671718]
 [0.38005272 0.24014312 0.37980416]
 [0.06024352 0.8172785  0.12247796]
 [0.16062278 0.07711972 0.7622575 ]]
probabilities: [[1. 0. 0.]
 [1. 0. 0.]
 [1. 0. 0.]
 [1. 0. 0.]
 [1. 0. 0.]]
probabilities: [[0.3058798  0.57421726 0.11990291]
 [0.5561113  0.22738843 0.21650027]
 [0.24821769 0.15116873 0.6006136 ]
 [0.8891937  0.07707199 0.0337343 ]
 [0.3202647  0.28728643 0.39244887]]
probabilities: [[0.31494093 0.47596017 0.20909892]
 [0.12092126 0.789096   0.08998275]
 [0.37945327 0.57152224 0.0490245 ]
 [0.55451083 0.253589   0.19190018]
 [0.52994514 0.3072413  0.16281354]]
probabilities: [[0.732175   0.08846548 0.17935954]
 [0.01965619 0.27464187 0.70570195]
 [0.24349818 0.7169049  0.03959694]
 [0.18319185 0.06225608 0.75455207]
 [0.7975549  0.03507236 0.16737273]]
probabilities: [[0. 0. 1.]
 [0. 1. 0.]
 [0. 0. 1.]
 [0. 0. 1.]
 [0. 0. 1.]]
probabilities: [[0.06419142 0.53141624 0.40439233]
 [0.2996538  0.12678133 0.5735649 ]
 [0.11670311 0.70170766 0.1815892 ]
 [0.359384   0.45148233 0.18913367]
 [0.19425872 0.79560345 0.0101378 ]]
probabilities: [[0.28337216 0.5760156  0.14061224]
 [0.04265351 0.34249836 0.61484814]
 [0.12244184 0.15193503 0.72562313]
 [0.4257478  0.35596076 0.21829143]
 [0.22920617 0.17060642 0.6001874 ]]
probabilities: [[0.38832113 0.23541847 0.3762604 ]
 [0.10253763 0.43303895 0.46442342]
 [0.4270385  0.23733988 0.3356216 ]
 [0.77610075 0.21656616 0.00733308]
 [0.6509116  0.15165865 0.19742973]]
probabilities: [[0. 0. 1.]
 [0. 1. 0.]
 [0. 1. 0.]
 [0. 0. 1.]
 [0. 0. 1.]]
probabilities: [[0.0571609  0.06805708 0.874782  ]
 [0.12552333 0.6749149  0.19956176]
 [0.57036155 0.0219464  0.40769207]
 [0.01507521 0.09739822 0.8875266 ]
 [0.5290763  0.04757174 0.42335197]]
probabilities: [[1.2490662e-01 8.7487507e-01 2.1830910e-04]
 [5.3876984e-01 1.7155354e-01 2.8967661e-01]
 [8.2000148e-01 3.6288805e-02 1.4370973e-01]
 [1.1124311e-01 3.7133238e-01 5.1742452e-01]
 [1.9165252e-01 2.7647316e-01 5.3187430e-01]]
probabilities: [[0.5014452  0.02313478 0.47542003]
 [0.58257186 0.3894422  0.02798595]
 [0.5720542  0.14190015 0.28604567]
 [0.35891682 0.5057069  0.1353763 ]
 [0.0305418  0.48283863 0.48661956]]
probabilities: [[1. 0. 0.]
 [1. 0. 0.]
 [1. 0. 0.]
 [1. 0. 0.]
 [1. 0. 0.]]
probabilities: [[0.32029825 0.6071334  0.07256836]
 [0.35751894 0.03167409 0.610807  ]
 [0.3807865  0.28102857 0.33818492]
 [0.5606345  0.08306655 0.35629895]
 [0.29932746 0.09458719 0.60608536]]
probabilities: [[0.534528   0.29446658 0.17100541]
 [0.05260508 0.6200298  0.32736513]
 [0.40448922 0.52872753 0.06678323]
 [0.01342107 0.39099804 0.5955809 ]
 [0.14804    0.6781781  0.17378192]]
probabilities: [[0.04795811 0.01221672 0.9398252 ]
 [0.71703225 0.17052007 0.11244766]
 [0.307914   0.49254486 0.19954115]
 [0.4944392  0.01808237 0.4874784 ]
 [0.10040372 0.29212144 0.6074748 ]]
probabilities: [[0. 0. 1.]
 [0. 1. 0.]
 [0. 0. 1.]
 [0. 0. 1.]
 [0. 0. 1.]]
probabilities: [[0.08215835 0.45546386 0.46237782]
 [0.91946197 0.04301259 0.03752546]
 [0.28731787 0.36863765 0.34404448]
 [0.7159526  0.12586513 0.1581823 ]
 [0.05413615 0.29239336 0.6534705 ]]
probabilities: [[0.26913774 0.28742856 0.4434337 ]
 [0.03023574 0.5283985  0.44136575]
 [0.51794195 0.16536456 0.31669348]
 [0.37797466 0.36587182 0.25615352]
 [0.60980886 0.2122383  0.17795287]]
probabilities: [[2.9150205e-04 9.1739249e-01 8.2315989e-02]
 [2.6513848e-01 6.4019598e-02 6.7084193e-01]
 [3.5393929e-01 2.7076399e-01 3.7529674e-01]
 [2.0255977e-01 5.3340268e-01 2.6403758e-01]
 [2.1293972e-01 3.3068708e-01 4.5637318e-01]]
probabilities: [[0. 0. 1.]
 [0. 1. 0.]
 [0. 1. 0.]
 [0. 0. 1.]
 [0. 0. 1.]]
probabilities: [[0.6579534  0.15402557 0.18802106]
 [0.70071185 0.18668997 0.11259818]
 [0.8224373  0.11336686 0.06419586]
 [0.29996118 0.25863248 0.44140634]
 [0.8175769  0.03465813 0.14776495]]
probabilities: [[0.2906557  0.48039296 0.22895133]
 [0.35910022 0.5793895  0.06151026]
 [0.21436597 0.70160383 0.08403021]
 [0.03088189 0.72338265 0.24573545]
 [0.5619441  0.10642387 0.331632  ]]
probabilities: [[0.51809776 0.27761844 0.20428379]
 [0.41197902 0.22948135 0.35853964]
 [0.20349059 0.6000166  0.19649285]
 [0.35972694 0.32913634 0.31113675]
 [0.5089356  0.12287778 0.36818668]]
probabilities: [[0. 0. 1.]
 [0. 1. 0.]
 [0. 1. 0.]
 [0. 0. 1.]
 [0. 0. 1.]]
probabilities: [[0.49825814 0.23073842 0.27100345]
 [0.23791778 0.20407681 0.5580054 ]
 [0.09305142 0.09868891 0.80825967]
 [0.13272205 0.7448547  0.12242328]
 [0.17395599 0.30606118 0.5199828 ]]
probabilities: [[0.6666049  0.02596797 0.30742714]
 [0.3261104  0.36055756 0.31333205]
 [0.2236837  0.10586745 0.67044884]
 [0.6057319  0.34318584 0.05108226]
 [0.00399684 0.9788876  0.01711553]]
probabilities: [[0.4219579  0.50111765 0.07692444]
 [0.17199565 0.3863471  0.44165725]
 [0.04564248 0.14362201 0.8107355 ]
 [0.03832539 0.77772063 0.18395396]
 [0.4382509  0.11681655 0.44493255]]
probabilities: [[0. 1. 0.]
 [0. 1. 0.]
 [0. 1. 0.]
 [0. 1. 0.]
 [0. 1. 0.]]
probabilities: [[0.08409802 0.33835682 0.57754517]
 [0.11211003 0.42332727 0.4645627 ]
 [0.07038643 0.71021944 0.21939413]
 [0.5553891  0.28262085 0.16199006]
 [0.2442978  0.50105745 0.25464475]]
probabilities: [[0.3696721  0.03847504 0.59185284]
 [0.4257211  0.22983389 0.34444502]
 [0.3079611  0.26379618 0.4282427 ]
 [0.34000275 0.0364841  0.62351316]
 [0.01224538 0.5762839  0.41147077]]
probabilities: [[0.80686426 0.01897074 0.17416497]
 [0.12287961 0.27771273 0.5994077 ]
 [0.41818523 0.41654024 0.16527452]
 [0.06798004 0.3629872  0.5690328 ]
 [0.3117943  0.24496353 0.44324213]]
probabilities: [[1. 0. 0.]
 [1. 0. 0.]
 [1. 0. 0.]
 [1. 0. 0.]
 [1. 0. 0.]]
probabilities: [[0.07356986 0.76436424 0.16206591]
 [0.48921916 0.25834092 0.25243992]
 [0.2544933  0.66362906 0.08187764]
 [0.4758065  0.02958915 0.49460435]
 [0.51565653 0.3562291  0.12811436]]
probabilities: [[0.41701794 0.30268776 0.28029427]
 [0.46223032 0.08286702 0.45490268]
 [0.34223872 0.45722154 0.20053972]
 [0.39664665 0.3380097  0.2653437 ]
 [0.5533404  0.11323514 0.33342448]]
probabilities: [[0.26963353 0.268618   0.46174848]
 [0.06147633 0.13326596 0.8052577 ]
 [0.20383659 0.22092144 0.575242  ]
 [0.73362553 0.1689384  0.09743604]
 [0.8921352  0.08191848 0.0259463 ]]
probabilities: [[0. 0. 1.]
 [0. 1. 0.]
 [0. 1. 0.]
 [0. 0. 1.]
 [0. 0. 1.]]
probabilities: [[0.31717235 0.5692301  0.11359757]
 [0.348843   0.49850994 0.15264703]
 [0.17730626 0.4836482  0.33904552]
 [0.21807076 0.54399836 0.23793086]
 [0.47436228 0.52491647 0.00072123]]
probabilities: [[0.21403596 0.23423234 0.5517317 ]
 [0.19854958 0.02883398 0.77261645]
 [0.03496616 0.00640398 0.95862985]
 [0.30311617 0.31962302 0.3772608 ]
 [0.12071764 0.2586277  0.62065464]]
probabilities: [[0.04066932 0.1393464  0.81998426]
 [0.4264512  0.37259656 0.20095223]
 [0.12401433 0.31116456 0.5648211 ]
 [0.1355688  0.06561097 0.79882026]
 [0.8287619  0.13699263 0.03424551]]
probabilities: [[0. 0. 1.]
 [0. 1. 0.]
 [0. 1. 0.]
 [0. 0. 1.]
 [0. 0. 1.]]
probabilities: [[0.14757101 0.05016843 0.8022606 ]
 [0.51132077 0.00631425 0.48236495]
 [0.66951    0.2154631  0.11502686]
 [0.05056606 0.9092531  0.04018085]
 [0.0358627  0.5206421  0.4434952 ]]
probabilities: [[0.5453514  0.18931432 0.26533428]
 [0.03512035 0.9110878  0.05379184]
 [0.49403965 0.23202422 0.27393612]
 [0.42086503 0.25696295 0.32217202]
 [0.06675357 0.7262667  0.20697974]]
probabilities: [[0.8158733  0.08705106 0.09707559]
 [0.0033764  0.04936192 0.9472617 ]
 [0.51558816 0.21136066 0.2730512 ]
 [0.304487   0.5995044  0.09600859]
 [0.04869664 0.6872667  0.26403666]]
