probabilities: [[1. 0. 0.]
 [1. 0. 0.]
 [1. 0. 0.]
 [1. 0. 0.]
 [1. 0. 0.]]
probabilities: [[1.0879997e-04 4.6215826e-03 9.9526960e-01]
 [2.0194425e-01 4.8791850e-01 3.1013724e-01]
 [3.9418483e-01 1.6988742e-01 4.3592775e-01]
 [1.6755693e-01 3.3716658e-01 4.9527648e-01]
 [6.7631918e-01 2.4438798e-01 7.9292811e-02]]
probabilities: [[0.3026336  0.40857315 0.2887932 ]
 [0.65775585 0.12059788 0.22164625]
 [0.28513867 0.10010266 0.6147587 ]
 [0.40206265 0.42640224 0.1715351 ]
 [0.10526059 0.5152017  0.3795377 ]]
probabilities: [[0.04022341 0.03216824 0.9276084 ]
 [0.12089448 0.19550811 0.6835974 ]
 [0.27735394 0.00311956 0.71952647]
 [0.475341   0.00609692 0.5185621 ]
 [0.02675335 0.41926688 0.55397975]]
probabilities: [[1. 0. 0.]
 [1. 0. 0.]
 [1. 0. 0.]
 [1. 0. 0.]
 [1. 0. 0.]]
probabilities: [[0.01012986 0.21832713 0.771543  ]
 [0.27671945 0.5774913  0.14578927]
 [0.5114128  0.01618941 0.4723978 ]
 [0.42633572 0.30617723 0.26748702]
 [0.3169302  0.05048498 0.6325848 ]]
probabilities: [[0.48951748 0.03287571 0.4776068 ]
 [0.6181866  0.22351147 0.15830193]
 [0.44042844 0.29119346 0.2683781 ]
 [0.06436071 0.13479014 0.80084914]
 [0.5956965  0.10907821 0.2952253 ]]
probabilities: [[0.2901972  0.02902165 0.6807812 ]
 [0.33734083 0.47632703 0.18633214]
 [0.10263193 0.74300724 0.1543608 ]
 [0.1068561  0.4082117  0.48493218]
 [0.42964408 0.35032168 0.22003421]]
probabilities: [[1. 0. 0.]
 [1. 0. 0.]
 [1. 0. 0.]
 [1. 0. 0.]
 [1. 0. 0.]]
probabilities: [[0.80264896 0.1520185  0.04533254]
 [0.04981163 0.7237999  0.2263885 ]
 [0.06546483 0.1964731  0.7380621 ]
 [0.16263519 0.292573   0.5447918 ]
 [0.11131743 0.13769375 0.75098884]]
probabilities: [[0.64822084 0.33492854 0.01685061]
 [0.5195944  0.3479451  0.13246053]
 [0.274369   0.06452639 0.6611046 ]
 [0.21423417 0.35497987 0.43078598]
 [0.21252766 0.7249834  0.06248894]]
probabilities: [[0.24816906 0.29912144 0.45270947]
 [0.19586013 0.69362855 0.11051132]
 [0.2572549  0.50128174 0.24146338]
 [0.16933198 0.10481364 0.7258544 ]
 [0.301076   0.10954815 0.58937585]]
probabilities: [[0. 1. 0.]
 [0. 1. 0.]
 [0. 1. 0.]
 [0. 1. 0.]
 [0. 1. 0.]]
probabilities: [[0.40762582 0.46586463 0.12650955]
 [0.4890174  0.00569285 0.50528973]
 [0.54195386 0.2546738  0.20337236]
 [0.02154397 0.7376303  0.24082571]
 [0.7433318  0.23331189 0.02335634]]
probabilities: [[0.44691604 0.50943494 0.04364903]
 [0.22700302 0.01117133 0.7618257 ]
 [0.15129551 0.68036455 0.16833992]
 [0.10294432 0.08645609 0.81059957]
 [0.24564902 0.14389601 0.610455  ]]
probabilities: [[0.33158037 0.11054584 0.5578738 ]
 [0.57135797 0.05287095 0.3757711 ]
 [0.13706958 0.04516878 0.81776166]
 [0.29241952 0.16048798 0.5470925 ]
 [0.01018178 0.29269996 0.6971182 ]]
probabilities: [[0. 1. 0.]
 [0. 1. 0.]
 [0. 1. 0.]
 [0. 1. 0.]
 [0. 1. 0.]]
probabilities: [[0.05303165 0.40856296 0.5384054 ]
 [0.65171796 0.17088293 0.17739913]
 [0.07584484 0.49699298 0.4271622 ]
 [0.8000538  0.02341399 0.17653222]
 [0.23454621 0.05646846 0.7089853 ]]
probabilities: [[0.12695484 0.01602675 0.8570184 ]
 [0.2547229  0.4940045  0.25127265]
 [0.24259992 0.5996599  0.15774016]
 [0.07490525 0.58263725 0.34245747]
 [0.40596157 0.11114585 0.48289257]]
probabilities: [[0.45072392 0.23688844 0.31238765]
 [0.4433319  0.3552061  0.201462  ]
 [0.8668409  0.09308013 0.04007897]
 [0.14243667 0.39004254 0.4675208 ]
 [0.20618357 0.31848535 0.4753311 ]]
probabilities: [[0. 1. 0.]
 [0. 1. 0.]
 [0. 1. 0.]
 [0. 1. 0.]
 [0. 1. 0.]]
probabilities: [[0.01902328 0.36139554 0.61958116]
 [0.07477284 0.32359958 0.6016276 ]
 [0.731004   0.05158362 0.21741237]
 [0.04412172 0.6845175  0.27136075]
 [0.2237442  0.53446454 0.24179128]]
probabilities: [[0.2090893  0.09837858 0.6925321 ]
 [0.67975974 0.16909768 0.15114258]
 [0.76634735 0.23273644 0.00091618]
 [0.394803   0.57535976 0.02983723]
 [0.51535106 0.40244216 0.08220675]]
probabilities: [[0.5450419  0.01951612 0.43544194]
 [0.62425935 0.32157826 0.05416238]
 [0.20134215 0.7531619  0.04549596]
 [0.24545093 0.37877923 0.37576985]
 [0.7630798  0.00671262 0.23020753]]
probabilities: [[1. 0. 0.]
 [1. 0. 0.]
 [1. 0. 0.]
 [1. 0. 0.]
 [1. 0. 0.]]
probabilities: [[0.5815565  0.2550096  0.16343392]
 [0.42456317 0.23622625 0.3392106 ]
 [0.5825948  0.3004198  0.11698539]
 [0.27574822 0.35073957 0.37351218]
 [0.5651319  0.3827678  0.05210031]]
probabilities: [[0.08175857 0.8563716  0.06186984]
 [0.32297128 0.06757112 0.6094576 ]
 [0.4170446  0.49329808 0.08965732]
 [0.4283054  0.54667497 0.02501961]
 [0.33554468 0.45806625 0.20638908]]
probabilities: [[0.08098548 0.78541404 0.13360047]
 [0.93069774 0.00699102 0.06231124]
 [0.3156673  0.5965771  0.08775558]
 [0.30853313 0.519346   0.17212084]
 [0.05432185 0.37005928 0.57561886]]
probabilities: [[0. 1. 0.]
 [0. 1. 0.]
 [0. 1. 0.]
 [0. 1. 0.]
 [0. 1. 0.]]
probabilities: [[0.32990274 0.35150677 0.3185905 ]
 [0.80301166 0.11857674 0.07841159]
 [0.10364041 0.22233094 0.67402864]
 [0.05125051 0.50331336 0.44543612]
 [0.41088173 0.24341553 0.34570274]]
probabilities: [[5.9305859e-01 2.7087256e-01 1.3606884e-01]
 [8.9910024e-01 6.9117331e-04 1.0020858e-01]
 [6.6523498e-01 2.4854130e-01 8.6223736e-02]
 [5.0412837e-02 2.9062289e-01 6.5896428e-01]
 [2.0194705e-01 5.5387009e-02 7.4266595e-01]]
probabilities: [[0.31236112 0.54114866 0.14649022]
 [0.8153387  0.02093693 0.16372442]
 [0.5941935  0.17341587 0.2323906 ]
 [0.28324056 0.08467018 0.63208926]
 [0.2133617  0.67265356 0.11398473]]
probabilities: [[0. 0. 1.]
 [0. 1. 0.]
 [0. 0. 1.]
 [0. 0. 1.]
 [0. 0. 1.]]
probabilities: [[0.07892703 0.3967325  0.52434045]
 [0.3284495  0.48054993 0.19100058]
 [0.17590606 0.72034854 0.10374537]
 [0.19836642 0.7785234  0.02311018]
 [0.836165   0.05004357 0.11379144]]
probabilities: [[0.12736301 0.22376116 0.64887583]
 [0.15587406 0.7822257  0.0619002 ]
 [0.28935418 0.00653743 0.70410836]
 [0.05233558 0.06231389 0.8853505 ]
 [0.0497504  0.47955608 0.47069353]]
probabilities: [[0.6254696  0.28649566 0.0880347 ]
 [0.05546857 0.03064908 0.9138824 ]
 [0.091676   0.12774901 0.780575  ]
 [0.11180926 0.17692378 0.71126693]
 [0.17821078 0.36072984 0.46105936]]
probabilities: [[0. 0. 1.]
 [0. 1. 0.]
 [0. 1. 0.]
 [0. 0. 1.]
 [0. 0. 1.]]
probabilities: [[0.3569327  0.25599885 0.38706845]
 [0.11215951 0.25929514 0.62854534]
 [0.4871958  0.47646216 0.03634208]
 [0.70131624 0.18728442 0.11139937]
 [0.04942698 0.13587043 0.8147026 ]]
probabilities: [[0.70220494 0.2648277  0.03296735]
 [0.32500237 0.6608642  0.01413346]
 [0.8544314  0.07411128 0.07145733]
 [0.7195628  0.12458246 0.1558547 ]
 [0.17262484 0.80523574 0.02213941]]
probabilities: [[0.67381454 0.00205902 0.32412642]
 [0.3147469  0.60220987 0.08304323]
 [0.36697206 0.22792396 0.40510398]
 [0.297164   0.60903347 0.09380256]
 [0.3120057  0.6091136  0.07888073]]
probabilities: [[1. 0. 0.]
 [1. 0. 0.]
 [1. 0. 0.]
 [1. 0. 0.]
 [1. 0. 0.]]
probabilities: [[0.26672086 0.69867486 0.03460431]
 [0.62098724 0.03458262 0.34443015]
 [0.3124936  0.6090766  0.0784298 ]
 [0.2648368  0.6051338  0.13002944]
 [0.12146876 0.30638754 0.57214373]]
probabilities: [[0.07587937 0.01365574 0.9104649 ]
 [0.50169957 0.02451413 0.4737863 ]
 [0.13096064 0.18910939 0.67993   ]
 [0.7063146  0.1286599  0.16502547]
 [0.28259334 0.11182487 0.6055818 ]]
probabilities: [[0.29798344 0.2873636  0.41465297]
 [0.11649567 0.7667235  0.11678082]
 [0.3956925  0.48169655 0.12261096]
 [0.29364675 0.20923284 0.4971204 ]
 [0.18336293 0.45013994 0.36649713]]
probabilities: [[1. 0. 0.]
 [1. 0. 0.]
 [1. 0. 0.]
 [1. 0. 0.]
 [1. 0. 0.]]
probabilities: [[0.24514925 0.5554416  0.19940913]
 [0.10963973 0.45306116 0.43729913]
 [0.04055201 0.4382314  0.5212166 ]
 [0.01162368 0.4475093  0.54086703]
 [0.76455027 0.21081199 0.02463777]]
probabilities: [[0.18402575 0.224447   0.5915273 ]
 [0.37114674 0.43474555 0.19410771]
 [0.05168062 0.22993019 0.7183892 ]
 [0.35749245 0.25673735 0.3857702 ]
 [0.62893397 0.10217047 0.2688956 ]]
probabilities: [[0.24238351 0.04523027 0.71238625]
 [0.10279606 0.1986214  0.69858253]
 [0.05916262 0.0633751  0.87746227]
 [0.79874253 0.03424795 0.16700955]
 [0.22671643 0.11643618 0.65684736]]
probabilities: [[0. 1. 0.]
 [0. 1. 0.]
 [0. 1. 0.]
 [0. 1. 0.]
 [0. 1. 0.]]
probabilities: [[0.3163385  0.03174025 0.6519212 ]
 [0.40165195 0.5230615  0.07528655]
 [0.07579719 0.6501877  0.27401513]
 [0.03918725 0.3613637  0.59944904]
 [0.05847283 0.8453054  0.09622179]]
probabilities: [[0.06897746 0.00320304 0.9278195 ]
 [0.5283086  0.05537256 0.41631886]
 [0.10520186 0.87135154 0.02344663]
 [0.68412215 0.1749107  0.14096718]
 [0.2844724  0.3363419  0.3791857 ]]
probabilities: [[0.2615472  0.72503066 0.01342216]
 [0.23123032 0.67348236 0.09528732]
 [0.00418376 0.7955876  0.20022865]
 [0.29460874 0.21589288 0.48949838]
 [0.18118165 0.3597497  0.45906863]]
probabilities: [[0. 0. 1.]
 [0. 1. 0.]
 [0. 1. 0.]
 [0. 0. 1.]
 [0. 0. 1.]]
probabilities: [[0.5739976  0.3846276  0.04137477]
 [0.34160346 0.1085712  0.5498254 ]
 [0.19902787 0.28018332 0.52078885]
 [0.04131572 0.8392345  0.11944983]
 [0.28021413 0.46397784 0.25580803]]
probabilities: [[0.29042333 0.1604094  0.5491672 ]
 [0.12363096 0.78503335 0.09133571]
 [0.24357784 0.28578022 0.47064194]
 [0.31657445 0.4562193  0.22720626]
 [0.4070629  0.17882794 0.41410917]]
probabilities: [[0.26556548 0.47854564 0.25588885]
 [0.6347825  0.18126555 0.18395197]
 [0.42448154 0.21635057 0.3591679 ]
 [0.02761568 0.10491189 0.8674724 ]
 [0.06919021 0.46914378 0.46166602]]
probabilities: [[0. 0. 1.]
 [0. 1. 0.]
 [0. 1. 0.]
 [0. 0. 1.]
 [0. 0. 1.]]
probabilities: [[0.4222567  0.09207234 0.48567095]
 [0.26008192 0.10741756 0.6325005 ]
 [0.5106389  0.0315883  0.4577728 ]
 [0.44713417 0.2976912  0.25517464]
 [0.207465   0.6103506  0.18218438]]
probabilities: [[0.7210636  0.1124021  0.1665343 ]
 [0.6743949  0.19076052 0.13484459]
 [0.46947074 0.2611216  0.26940766]
 [0.44377723 0.4753277  0.08089507]
 [0.45745838 0.16759034 0.37495127]]
probabilities: [[0.5769762  0.2732701  0.14975369]
 [0.3072002  0.24777044 0.44502935]
 [0.226168   0.35161564 0.42221636]
 [0.00690907 0.7018379  0.291253  ]
 [0.38920426 0.08150036 0.5292954 ]]
probabilities: [[1. 0. 0.]
 [1. 0. 0.]
 [1. 0. 0.]
 [1. 0. 0.]
 [1. 0. 0.]]
probabilities: [[0.7954997  0.20277822 0.00172211]
 [0.16438833 0.4041889  0.43142277]
 [0.05904235 0.08177046 0.8591872 ]
 [0.1893149  0.65672934 0.15395576]
 [0.01469114 0.84674346 0.13856538]]
probabilities: [[0.4079974  0.06930633 0.52269626]
 [0.07254332 0.34044263 0.5870141 ]
 [0.53706187 0.06877635 0.3941618 ]
 [0.15392427 0.2643077  0.58176804]
 [0.40651703 0.17878702 0.41469595]]
probabilities: [[0.7856765  0.15302931 0.06129421]
 [0.06553829 0.7198532  0.21460848]
 [0.41270322 0.21945696 0.3678398 ]
 [0.05607566 0.5944823  0.34944203]
 [0.2858882  0.1669272  0.5471846 ]]
probabilities: [[0. 1. 0.]
 [0. 1. 0.]
 [0. 1. 0.]
 [0. 1. 0.]
 [0. 1. 0.]]
probabilities: [[0.16453937 0.628393   0.20706761]
 [0.4802906  0.11050691 0.4092025 ]
 [0.2306609  0.6934098  0.07592928]
 [0.1612798  0.48259482 0.35612538]
 [0.12973401 0.4119515  0.45831448]]
probabilities: [[0.46251902 0.18183257 0.3556484 ]
 [0.1206466  0.53686965 0.34248376]
 [0.03930211 0.07511055 0.88558733]
 [0.25110045 0.06175895 0.6871406 ]
 [0.13253435 0.47807345 0.3893922 ]]
probabilities: [[0.57636017 0.15482548 0.26881436]
 [0.26701552 0.34848925 0.38449523]
 [0.63446057 0.08812317 0.2774163 ]
 [0.3968235  0.4753873  0.1277892 ]
 [0.27553794 0.08990195 0.6345601 ]]
probabilities: [[0. 0. 1.]
 [0. 1. 0.]
 [0. 1. 0.]
 [0. 0. 1.]
 [0. 0. 1.]]
probabilities: [[0.34053016 0.54541874 0.1140511 ]
 [0.6210458  0.21459632 0.16435787]
 [0.72610945 0.14046723 0.13342333]
 [0.3421289  0.31411678 0.34375432]
 [0.31385618 0.4591468  0.22699702]]
probabilities: [[0.18772565 0.4249867  0.38728765]
 [0.5444447  0.3475751  0.1079802 ]
 [0.35317808 0.3079892  0.3388327 ]
 [0.31222358 0.21327382 0.4745026 ]
 [0.83968234 0.02818007 0.13213758]]
probabilities: [[0.40342215 0.28005633 0.31652156]
 [0.18763919 0.6690042  0.1433566 ]
 [0.1338175  0.6045309  0.26165166]
 [0.16079645 0.7067809  0.13242266]
 [0.001956   0.40537864 0.5926654 ]]
probabilities: [[0. 1. 0.]
 [0. 1. 0.]
 [0. 1. 0.]
 [0. 1. 0.]
 [0. 1. 0.]]
probabilities: [[0.40972146 0.2950455  0.29523304]
 [0.05708927 0.05679014 0.8861206 ]
 [0.57319766 0.20905578 0.21774654]
 [0.1753943  0.74597436 0.07863132]
 [0.6487078  0.1061645  0.24512771]]
probabilities: [[0.14549832 0.5301564  0.32434532]
 [0.42021152 0.42408553 0.15570296]
 [0.28047112 0.1567223  0.56280655]
 [0.59921986 0.1342972  0.26648295]
 [0.07025775 0.49515226 0.43458998]]
probabilities: [[0.6463337  0.19245574 0.16121058]
 [0.18037155 0.11213385 0.7074946 ]
 [0.4757565  0.20295557 0.32128793]
 [0.0268368  0.72023165 0.25293154]
 [0.06003263 0.8759096  0.06405775]]
probabilities: [[0. 1. 0.]
 [0. 1. 0.]
 [0. 1. 0.]
 [0. 1. 0.]
 [0. 1. 0.]]
probabilities: [[0.85558057 0.06875745 0.07566196]
 [0.6907222  0.11253028 0.19674753]
 [0.31136724 0.352991   0.33564174]
 [0.68006676 0.30453756 0.01539567]
 [0.22504859 0.06545624 0.7094952 ]]
probabilities: [[0.00734246 0.92956996 0.0630876 ]
 [0.14433657 0.8433573  0.0123061 ]
 [0.06970508 0.91194284 0.01835206]
 [0.09716831 0.42307505 0.47975662]
 [0.5143691  0.10199937 0.38363153]]
probabilities: [[0.39752933 0.13419855 0.46827212]
 [0.3400762  0.20787565 0.45204815]
 [0.03741023 0.00502201 0.95756775]
 [0.5154707  0.1526096  0.3319197 ]
 [0.46143013 0.48997706 0.04859282]]
probabilities: [[0. 0. 1.]
 [0. 1. 0.]
 [0. 0. 1.]
 [0. 0. 1.]
 [0. 0. 1.]]
probabilities: [[0.23218568 0.68528616 0.08252816]
 [0.4763477  0.46561193 0.05804034]
 [0.11855011 0.520126   0.3613239 ]
 [0.42388135 0.21294303 0.3631756 ]
 [0.00915181 0.40387094 0.58697724]]
probabilities: [[0.47264177 0.18756677 0.33979148]
 [0.78477633 0.11034486 0.10487883]
 [0.62146086 0.10740804 0.27113113]
 [0.12379277 0.02416635 0.8520409 ]
 [0.3663173  0.1690723  0.4646104 ]]
probabilities: [[0.41000414 0.5710962  0.01889964]
 [0.03642132 0.0219357  0.941643  ]
 [0.08578408 0.02280482 0.8914111 ]
 [0.9040573  0.03708293 0.05885974]
 [0.7257025  0.13182357 0.14247392]]
probabilities: [[0. 0. 1.]
 [0. 1. 0.]
 [0. 0. 1.]
 [0. 0. 1.]
 [0. 0. 1.]]
probabilities: [[0.2612478  0.4019866  0.33676556]
 [0.09566405 0.20459229 0.6997437 ]
 [0.7334094  0.24713787 0.01945271]
 [0.04092535 0.45467824 0.50439644]
 [0.19738325 0.63877463 0.16384214]]
probabilities: [[0.60804963 0.3256274  0.066323  ]
 [0.5792192  0.28574172 0.13503903]
 [0.5153024  0.35800502 0.12669256]
 [0.00980766 0.82326466 0.16692771]
 [0.25722954 0.04804991 0.69472057]]
probabilities: [[0.19037825 0.1879598  0.62166196]
 [0.7513488  0.14259414 0.10605704]
 [0.4420618  0.3197927  0.2381455 ]
 [0.43058386 0.5144174  0.05499874]
 [0.3448799  0.1409537  0.5141664 ]]
probabilities: [[0. 1. 0.]
 [0. 1. 0.]
 [0. 1. 0.]
 [0. 1. 0.]
 [0. 1. 0.]]
probabilities: [[0.14825365 0.21408445 0.6376619 ]
 [0.5689388  0.17795284 0.25310838]
 [0.1727787  0.03192969 0.7952916 ]
 [0.06795134 0.79925466 0.13279398]
 [0.7833337  0.11092715 0.10573913]]
probabilities: [[0.3812161  0.08577176 0.53301215]
 [0.46815556 0.2275976  0.30424684]
 [0.23059538 0.744961   0.02444362]
 [0.14692388 0.05439891 0.7986772 ]
 [0.33546406 0.12431993 0.540216  ]]
probabilities: [[0.12651469 0.09890536 0.77457994]
 [0.46680322 0.12262688 0.41056988]
 [0.13727468 0.7178559  0.14486945]
 [0.5837111  0.14772993 0.268559  ]
 [0.04714614 0.3035744  0.6492795 ]]
probabilities: [[0. 1. 0.]
 [0. 1. 0.]
 [0. 1. 0.]
 [0. 1. 0.]
 [0. 1. 0.]]
probabilities: [[0.00354187 0.49247554 0.5039826 ]
 [0.24681163 0.20867515 0.5445132 ]
 [0.3983332  0.3734538  0.22821303]
 [0.1219302  0.39825684 0.47981295]
 [0.39162964 0.28765628 0.3207141 ]]
probabilities: [[0.8755177  0.12323609 0.00124621]
 [0.53465104 0.09110132 0.37424764]
 [0.1570321  0.7067443  0.13622355]
 [0.44026855 0.30507007 0.25466135]
 [0.27667564 0.00203815 0.72128624]]
probabilities: [[0.15375692 0.49578133 0.35046175]
 [0.03262173 0.56809735 0.3992809 ]
 [0.18406259 0.42555082 0.3903866 ]
 [0.25627473 0.5010118  0.24271351]
 [0.2775846  0.00341057 0.7190048 ]]
probabilities: [[0. 0. 1.]
 [0. 1. 0.]
 [0. 0. 1.]
 [0. 0. 1.]
 [0. 0. 1.]]
probabilities: [[0.2162331  0.63231415 0.15145275]
 [0.54105055 0.40994924 0.04900018]
 [0.6854487  0.10705733 0.20749399]
 [0.55361485 0.15324783 0.29313734]
 [0.6026408  0.13321921 0.26414   ]]
probabilities: [[0.0731582  0.88634807 0.04049371]
 [0.20165423 0.4969268  0.30141896]
 [0.58749324 0.13269393 0.27981284]
 [0.19385833 0.40689912 0.39924255]
 [0.10725933 0.28869492 0.60404575]]
probabilities: [[0.590875   0.39241406 0.01671094]
 [0.5464211  0.06011474 0.39346415]
 [0.5303318  0.01153078 0.45813742]
 [0.27564436 0.6826205  0.04173512]
 [0.33872882 0.35592136 0.30534983]]
probabilities: [[0. 1. 0.]
 [0. 1. 0.]
 [0. 1. 0.]
 [0. 1. 0.]
 [0. 1. 0.]]
probabilities: [[0.78615475 0.19450502 0.01934026]
 [0.17225845 0.1374825  0.69025904]
 [0.04284184 0.18941669 0.7677415 ]
 [0.5022927  0.24677902 0.25092828]
 [0.9071465  0.04375093 0.04910253]]
probabilities: [[0.03625977 0.67166066 0.2920796 ]
 [0.68309385 0.01348239 0.30342376]
 [0.08668698 0.7289421  0.18437093]
 [0.2635413  0.5874176  0.14904109]
 [0.5683456  0.33339533 0.09825904]]
probabilities: [[0.53047687 0.40650994 0.06301318]
 [0.09502254 0.2316369  0.67334056]
 [0.17403543 0.09608482 0.72987974]
 [0.47444513 0.20078886 0.324766  ]
 [0.22112328 0.6655724  0.1133043 ]]
probabilities: [[0. 0. 1.]
 [0. 1. 0.]
 [0. 1. 0.]
 [0. 0. 1.]
 [0. 0. 1.]]
probabilities: [[0.21565661 0.52741295 0.25693047]
 [0.40492555 0.591813   0.00326142]
 [0.06960098 0.63481015 0.29558888]
 [0.4373666  0.45395413 0.10867928]
 [0.11837243 0.79172355 0.08990401]]
probabilities: [[0.5243685  0.31656322 0.15906826]
 [0.5118605  0.35293087 0.13520862]
 [0.03860598 0.13147603 0.82991797]
 [0.4072354  0.40936893 0.18339564]
 [0.0888266  0.50724655 0.40392682]]
probabilities: [[3.5164934e-01 1.6917174e-01 4.7917891e-01]
 [7.1339428e-01 2.9191669e-04 2.8631377e-01]
 [5.0587678e-01 1.5663414e-01 3.3748907e-01]
 [3.2772055e-01 3.5740048e-01 3.1487897e-01]
 [8.5027926e-02 6.3515514e-01 2.7981693e-01]]
probabilities: [[0. 0. 1.]
 [0. 1. 0.]
 [0. 0. 1.]
 [0. 0. 1.]
 [0. 0. 1.]]
probabilities: [[5.2755046e-01 1.2939088e-01 3.4305865e-01]
 [4.7547951e-02 5.5205205e-04 9.5190001e-01]
 [3.8758728e-01 2.2638349e-01 3.8602924e-01]
 [1.6785562e-01 7.7692342e-01 5.5220991e-02]
 [6.5104419e-01 7.1699522e-02 2.7725628e-01]]
probabilities: [[0.30940002 0.5223762  0.16822383]
 [0.1484374  0.08291059 0.768652  ]
 [0.042646   0.91109866 0.04625537]
 [0.6157302  0.06469927 0.31957048]
 [0.04941937 0.22301084 0.7275698 ]]
probabilities: [[0.6743161  0.25061423 0.07506969]
 [0.43801197 0.43987224 0.12211581]
 [0.20096959 0.7194688  0.07956161]
 [0.4468745  0.40834856 0.14477693]
 [0.15806456 0.12066713 0.7212683 ]]
probabilities: [[0. 1. 0.]
 [0. 1. 0.]
 [0. 1. 0.]
 [0. 1. 0.]
 [0. 1. 0.]]
probabilities: [[0.7305493  0.12773928 0.14171147]
 [0.09770168 0.5738675  0.3284308 ]
 [0.11237725 0.47141138 0.4162114 ]
 [0.16374147 0.25360775 0.5826508 ]
 [0.61901987 0.08771949 0.29326066]]
probabilities: [[0.17270397 0.7642771  0.06301892]
 [0.16262779 0.5217108  0.31566143]
 [0.37374717 0.17033274 0.4559201 ]
 [0.3721301  0.29583982 0.33203012]
 [0.11620359 0.2375557  0.6462407 ]]
probabilities: [[0.3964164  0.22281738 0.38076624]
 [0.84203494 0.07969772 0.07826735]
 [0.65056735 0.07885994 0.27057272]
 [0.05302849 0.15404782 0.7929237 ]
 [0.48107296 0.23987277 0.27905425]]
probabilities: [[0. 0. 1.]
 [0. 1. 0.]
 [0. 0. 1.]
 [0. 0. 1.]
 [0. 0. 1.]]
probabilities: [[0.48503226 0.17077298 0.34419477]
 [0.07502912 0.09322143 0.83174944]
 [0.0994641  0.21557522 0.68496066]
 [0.2873734  0.21697865 0.49564797]
 [0.13872336 0.82593536 0.03534126]]
probabilities: [[0.74646485 0.0972439  0.15629123]
 [0.7599568  0.12316025 0.11688297]
 [0.73785746 0.01691214 0.2452304 ]
 [0.13567941 0.59134847 0.2729721 ]
 [0.4147832  0.17451407 0.41070274]]
probabilities: [[0.51695114 0.45875758 0.02429132]
 [0.16716903 0.03153344 0.80129755]
 [0.04634446 0.21541774 0.7382378 ]
 [0.19376445 0.63786197 0.16837355]
 [0.02986088 0.26703933 0.7030998 ]]
probabilities: [[1. 0. 0.]
 [1. 0. 0.]
 [1. 0. 0.]
 [1. 0. 0.]
 [1. 0. 0.]]
probabilities: [[0.26327676 0.4272938  0.30942944]
 [0.45176506 0.5076236  0.04061132]
 [0.72710323 0.11168282 0.16121396]
 [0.3869281  0.05556852 0.55750334]
 [0.41664988 0.55146223 0.03188786]]
probabilities: [[0.13153373 0.63673073 0.23173556]
 [0.34215584 0.37665188 0.28119227]
 [0.37703502 0.1984269  0.42453808]
 [0.06648526 0.72188175 0.21163297]
 [0.5832079  0.02318399 0.3936081 ]]
probabilities: [[0.11659329 0.6667098  0.21669693]
 [0.13942514 0.6098087  0.2507662 ]
 [0.15014794 0.32516682 0.5246852 ]
 [0.00903353 0.6995646  0.29140186]
 [0.40812403 0.1961329  0.39574307]]
probabilities: [[0. 0. 1.]
 [0. 1. 0.]
 [0. 0. 1.]
 [0. 0. 1.]
 [0. 0. 1.]]
probabilities: [[0.721821   0.11699009 0.16118892]
 [0.03972552 0.8430195  0.11725499]
 [0.14607169 0.64307183 0.21085647]
 [0.00937357 0.97758067 0.01304574]
 [0.14958097 0.17264271 0.67777634]]
probabilities: [[0.08788592 0.5172886  0.39482546]
 [0.2766845  0.33892062 0.38439488]
 [0.04713202 0.18829307 0.7645749 ]
 [0.09127577 0.8339768  0.07474744]
 [0.01255842 0.42555258 0.561889  ]]
probabilities: [[0.3533783  0.4186829  0.22793877]
 [0.18661864 0.20848967 0.60489166]
 [0.5245911  0.34469935 0.13070953]
 [0.13204978 0.47716975 0.39078048]
 [0.53436816 0.06791479 0.39771706]]
probabilities: [[0. 0. 1.]
 [0. 1. 0.]
 [0. 0. 1.]
 [0. 0. 1.]
 [0. 0. 1.]]
probabilities: [[0.14988348 0.2502317  0.5998848 ]
 [0.0279546  0.78053063 0.19151478]
 [0.36203563 0.4542059  0.18375848]
 [0.44402906 0.5189668  0.03700415]
 [0.9219016  0.05101506 0.02708334]]
probabilities: [[0.03214544 0.78226775 0.18558683]
 [0.133832   0.65630645 0.20986155]
 [0.52022946 0.32190803 0.1578625 ]
 [0.5268875  0.18868315 0.28442934]
 [0.63134307 0.04465388 0.32400304]]
probabilities: [[0.6699698  0.00442093 0.32560927]
 [0.21350342 0.5311286  0.25536796]
 [0.28078872 0.3396385  0.37957278]
 [0.08213589 0.49631387 0.42155024]
 [0.937139   0.04756306 0.01529795]]
probabilities: [[0. 1. 0.]
 [0. 1. 0.]
 [0. 1. 0.]
 [0. 1. 0.]
 [0. 1. 0.]]
probabilities: [[0.29000652 0.33686975 0.37312374]
 [0.04114638 0.16513759 0.793716  ]
 [0.24786183 0.6190135  0.1331247 ]
 [0.12189051 0.3450743  0.5330352 ]
 [0.14269003 0.0438368  0.81347317]]
probabilities: [[0.6632377  0.1795885  0.15717378]
 [0.21237664 0.3235762  0.46404716]
 [0.10811233 0.34751052 0.54437715]
 [0.138758   0.2440002  0.6172418 ]
 [0.094786   0.50905305 0.39616096]]
probabilities: [[0.704332   0.24307443 0.05259354]
 [0.52091974 0.14337851 0.33570176]
 [0.13761319 0.36852002 0.4938668 ]
 [0.69137865 0.16030928 0.14831209]
 [0.7985905  0.12254265 0.07886685]]
probabilities: [[1. 0. 0.]
 [1. 0. 0.]
 [1. 0. 0.]
 [1. 0. 0.]
 [1. 0. 0.]]
probabilities: [[4.9834043e-01 4.0670797e-01 9.4951600e-02]
 [2.4775113e-01 3.7592545e-02 7.1465629e-01]
 [4.0563160e-01 2.9374439e-01 3.0062401e-01]
 [1.8737702e-01 8.1217319e-01 4.4980258e-04]
 [3.3787319e-01 1.4375226e-01 5.1837456e-01]]
probabilities: [[0.12716438 0.8251743  0.04766133]
 [0.00132701 0.29172537 0.7069476 ]
 [0.6636562  0.30737787 0.02896595]
 [0.43288004 0.12938547 0.43773448]
 [0.91679114 0.07189663 0.01131221]]
probabilities: [[0.8250993  0.13489227 0.04000845]
 [0.17005228 0.4250266  0.40492114]
 [0.22144966 0.65221244 0.1263379 ]
 [0.85993797 0.06417264 0.0758894 ]
 [0.20519963 0.7050279  0.08977251]]
probabilities: [[0. 0. 1.]
 [0. 1. 0.]
 [0. 0. 1.]
 [0. 0. 1.]
 [0. 0. 1.]]
probabilities: [[0.56422263 0.2697709  0.16600648]
 [0.22456363 0.18276761 0.5926688 ]
 [0.63534784 0.05544951 0.30920267]
 [0.747333   0.02812794 0.22453907]
 [0.48447126 0.25875893 0.25676978]]
probabilities: [[0.94559634 0.00349354 0.05091013]
 [0.14219788 0.07197878 0.78582335]
 [0.54422    0.423104   0.03267603]
 [0.20954493 0.14753337 0.6429217 ]
 [0.13621151 0.7222254  0.14156306]]
probabilities: [[0.4140341  0.26460624 0.32135966]
 [0.64111316 0.24634409 0.11254275]
 [0.29917353 0.58737653 0.11344996]
 [0.15948395 0.5873162  0.25319982]
 [0.6437641  0.1420435  0.21419242]]
probabilities: [[0. 0. 1.]
 [0. 1. 0.]
 [0. 1. 0.]
 [0. 0. 1.]
 [0. 0. 1.]]
probabilities: [[0.5778776  0.39622185 0.02590059]
 [0.2574496  0.29305834 0.4494921 ]
 [0.10061983 0.14340554 0.75597465]
 [0.5474938  0.3423679  0.1101383 ]
 [0.02046587 0.54539907 0.43413505]]
probabilities: [[0.20761769 0.14866368 0.6437186 ]
 [0.25213534 0.56629074 0.18157391]
 [0.54405797 0.06223972 0.3937023 ]
 [0.00716113 0.3159367  0.6769022 ]
 [0.12016157 0.83682984 0.04300856]]
probabilities: [[0.54946774 0.19745716 0.2530751 ]
 [0.08918293 0.22359088 0.6872262 ]
 [0.1604641  0.63609993 0.20343596]
 [0.12961729 0.01150514 0.8588776 ]
 [0.06628852 0.7349018  0.19880968]]
probabilities: [[0. 1. 0.]
 [0. 1. 0.]
 [0. 1. 0.]
 [0. 1. 0.]
 [0. 1. 0.]]
probabilities: [[0.05312493 0.16148779 0.7853873 ]
 [0.72047645 0.27054954 0.00897404]
 [0.67664963 0.2707703  0.05258008]
 [0.12567355 0.5170966  0.3572299 ]
 [0.54926866 0.06578407 0.38494727]]
probabilities: [[0.6856034  0.09801395 0.21638265]
 [0.60952973 0.07195573 0.31851456]
 [0.22309515 0.1858555  0.5910494 ]
 [0.9253512  0.01909358 0.05555523]
 [0.02605563 0.32627076 0.6476736 ]]
probabilities: [[0.22722116 0.718737   0.05404185]
 [0.19589259 0.00446559 0.79964185]
 [0.68427706 0.03707283 0.27865008]
 [0.55951387 0.17821331 0.26227283]
 [0.6569441  0.14919692 0.19385898]]
probabilities: [[0. 1. 0.]
 [0. 1. 0.]
 [0. 1. 0.]
 [0. 1. 0.]
 [0. 1. 0.]]
probabilities: [[0.08382832 0.5119918  0.40417987]
 [0.30914918 0.37684873 0.3140021 ]
 [0.01075074 0.53334427 0.45590496]
 [0.3803584  0.30373207 0.31590953]
 [0.6105621  0.16459495 0.22484297]]
probabilities: [[0.40263793 0.20717314 0.39018893]
 [0.2845771  0.20515256 0.51027036]
 [0.29393807 0.4073427  0.29871923]
 [0.33249176 0.1862125  0.48129573]
 [0.09668203 0.69069165 0.21262632]]
probabilities: [[0.21212289 0.36981723 0.4180599 ]
 [0.29968613 0.02867582 0.671638  ]
 [0.04922649 0.7688609  0.18191263]
 [0.3858997  0.5924469  0.02165342]
 [0.03954672 0.7613394  0.19911386]]
probabilities: [[1. 0. 0.]
 [1. 0. 0.]
 [1. 0. 0.]
 [1. 0. 0.]
 [1. 0. 0.]]
probabilities: [[0.47708818 0.2406493  0.2822625 ]
 [0.46724656 0.2992473  0.23350614]
 [0.07223699 0.7117826  0.21598046]
 [0.27828658 0.15879935 0.5629141 ]
 [0.03953337 0.5101415  0.45032513]]
probabilities: [[0.04616021 0.58957744 0.3642623 ]
 [0.5627822  0.3912698  0.04594795]
 [0.07384758 0.05428877 0.87186366]
 [0.655825   0.07420321 0.26997176]
 [0.39063317 0.5078756  0.10149126]]
probabilities: [[0.19369127 0.63159984 0.17470889]
 [0.10738406 0.35306242 0.5395535 ]
 [0.01009223 0.20427176 0.785636  ]
 [0.22511564 0.09423368 0.68065065]
 [0.68508935 0.3075177  0.00739295]]
probabilities: [[1. 0. 0.]
 [1. 0. 0.]
 [1. 0. 0.]
 [1. 0. 0.]
 [1. 0. 0.]]
probabilities: [[0.34269136 0.4214288  0.23587985]
 [0.16947818 0.7474502  0.08307162]
 [0.5240923  0.09729899 0.3786087 ]
 [0.3679006  0.1674285  0.4646709 ]
 [0.03935927 0.2850496  0.6755912 ]]
probabilities: [[0.10757867 0.03638681 0.8560345 ]
 [0.5246599  0.16821863 0.30712152]
 [0.8593838  0.02568413 0.11493206]
 [0.5311006  0.37453416 0.09436528]
 [0.31544134 0.33120227 0.3533564 ]]
probabilities: [[0.11655459 0.69919163 0.18425378]
 [0.5247764  0.31483638 0.16038722]
 [0.56477773 0.1308035  0.3044188 ]
 [0.21632816 0.7046841  0.07898775]
 [0.5477053  0.3532688  0.09902588]]
probabilities: [[0. 1. 0.]
 [0. 1. 0.]
 [0. 1. 0.]
 [0. 1. 0.]
 [0. 1. 0.]]
probabilities: [[0.0532508  0.5116182  0.435131  ]
 [0.01000389 0.4914583  0.4985378 ]
 [0.04592374 0.26668933 0.68738693]
 [0.5850307  0.02757515 0.3873942 ]
 [0.71449035 0.24352643 0.04198321]]
probabilities: [[0.44253236 0.02477242 0.53269523]
 [0.0989166  0.47783235 0.42325106]
 [0.5074557  0.20966671 0.28287756]
 [0.09794082 0.20542721 0.69663197]
 [0.05658091 0.60926384 0.33415523]]
probabilities: [[0.27231818 0.10135108 0.62633073]
 [0.6154181  0.19733898 0.18724293]
 [0.61508715 0.2840977  0.10081514]
 [0.32022813 0.44594482 0.23382705]
 [0.4260577  0.5650609  0.00888138]]
probabilities: [[1. 0. 0.]
 [1. 0. 0.]
 [1. 0. 0.]
 [1. 0. 0.]
 [1. 0. 0.]]
probabilities: [[0.4583992  0.07284513 0.46875566]
 [0.6228915  0.32013038 0.05697813]
 [0.25934348 0.26607117 0.47458535]
 [0.5716008  0.30607644 0.12232274]
 [0.24403122 0.54192334 0.21404542]]
probabilities: [[0.76396054 0.18109061 0.05494883]
 [0.24708115 0.29354352 0.45937535]
 [0.71589875 0.23548956 0.04861172]
 [0.16477352 0.54231715 0.2929093 ]
 [0.18236491 0.1207623  0.6968728 ]]
probabilities: [[0.25233996 0.47234428 0.27531576]
 [0.39646646 0.2533591  0.35017443]
 [0.35373697 0.6292774  0.0169856 ]
 [0.84998375 0.06959981 0.08041644]
 [0.41152263 0.3033929  0.2850845 ]]
probabilities: [[0. 0. 1.]
 [0. 1. 0.]
 [0. 0. 1.]
 [0. 0. 1.]
 [0. 0. 1.]]
probabilities: [[0.6849148  0.22472581 0.09035934]
 [0.3515983  0.02483629 0.62356544]
 [0.01657146 0.52531856 0.45811   ]
 [0.65996695 0.03174801 0.30828503]
 [0.5898976  0.14344724 0.26665518]]
probabilities: [[0.5575416  0.1126181  0.32984027]
 [0.42870036 0.15947296 0.41182667]
 [0.37283772 0.16939737 0.4577649 ]
 [0.43523663 0.04847123 0.51629215]
 [0.72635484 0.20645338 0.06719179]]
probabilities: [[0.53861654 0.15272832 0.30865517]
 [0.57562304 0.1828964  0.24148059]
 [0.11809463 0.37813568 0.5037697 ]
 [0.15315974 0.76880527 0.07803502]
 [0.20388156 0.62582755 0.1702909 ]]
probabilities: [[0. 1. 0.]
 [0. 1. 0.]
 [0. 1. 0.]
 [0. 1. 0.]
 [0. 1. 0.]]
probabilities: [[0.03130387 0.11423092 0.8544652 ]
 [0.3225529  0.14211327 0.5353338 ]
 [0.06402136 0.0744044  0.86157423]
 [0.29414532 0.0491215  0.6567332 ]
 [0.12335306 0.04493383 0.83171314]]
probabilities: [[0.40393323 0.1021577  0.49390906]
 [0.46617582 0.04577037 0.4880538 ]
 [0.3210958  0.6068477  0.07205649]
 [0.7868651  0.18208185 0.03105303]
 [0.2936671  0.69148207 0.01485085]]
probabilities: [[0.14548925 0.12277479 0.73173594]
 [0.41287503 0.18326506 0.4038599 ]
 [0.73154676 0.24698493 0.02146829]
 [0.2654769  0.5331565  0.20136657]
 [0.05706254 0.6531552  0.2897823 ]]
probabilities: [[0. 1. 0.]
 [0. 1. 0.]
 [0. 1. 0.]
 [0. 1. 0.]
 [0. 1. 0.]]
probabilities: [[0.8575577  0.01427378 0.12816852]
 [0.5766837  0.04394901 0.37936726]
 [0.4150236  0.13174747 0.45322895]
 [0.42226344 0.2561398  0.32159674]
 [0.45114365 0.44998103 0.09887529]]
probabilities: [[5.3231961e-01 3.7598315e-01 9.1697216e-02]
 [2.8762841e-01 7.1177930e-01 5.9230212e-04]
 [2.0386843e-01 2.7733791e-01 5.1879364e-01]
 [2.0975983e-01 6.8379843e-01 1.0644172e-01]
 [6.5537393e-01 8.3088957e-02 2.6153710e-01]]
probabilities: [[0.35703272 0.2972059  0.3457614 ]
 [0.1746205  0.06402611 0.7613534 ]
 [0.08698201 0.815795   0.09722299]
 [0.26841548 0.45149484 0.28008965]
 [0.22264953 0.13219734 0.6451531 ]]
probabilities: [[0. 0. 1.]
 [0. 1. 0.]
 [0. 1. 0.]
 [0. 0. 1.]
 [0. 0. 1.]]
probabilities: [[0.15854153 0.46880215 0.37265632]
 [0.05339997 0.2539921  0.69260794]
 [0.07224375 0.71580213 0.21195413]
 [0.6566472  0.09173135 0.25162148]
 [0.30604988 0.6582102  0.03573992]]
probabilities: [[0.15754196 0.64826113 0.1941969 ]
 [0.05859908 0.64554036 0.2958606 ]
 [0.3463297  0.37851614 0.27515417]
 [0.7454064  0.05741945 0.19717418]
 [0.47368515 0.30401084 0.22230402]]
probabilities: [[0.13167854 0.54203707 0.32628438]
 [0.22457036 0.46255368 0.31287596]
 [0.24527349 0.00081202 0.7539145 ]
 [0.12030245 0.3506853  0.52901226]
 [0.2584853  0.739917   0.00159774]]
probabilities: [[0. 1. 0.]
 [0. 1. 0.]
 [0. 1. 0.]
 [0. 1. 0.]
 [0. 1. 0.]]
probabilities: [[0.00803489 0.653271   0.33869413]
 [0.59577423 0.38145074 0.02277503]
 [0.09718017 0.8059491  0.09687075]
 [0.33267632 0.56667936 0.10064435]
 [0.2680008  0.02307658 0.7089226 ]]
probabilities: [[0.29677293 0.4736499  0.22957717]
 [0.34382194 0.57815063 0.0780274 ]
 [0.01616625 0.48037934 0.5034544 ]
 [0.43647453 0.40530425 0.1582212 ]
 [0.13654418 0.7844832  0.07897259]]
probabilities: [[4.2946157e-01 3.6741394e-01 2.0312449e-01]
 [5.4339725e-01 4.1134807e-01 4.5254719e-02]
 [8.9528739e-01 7.7821612e-02 2.6890988e-02]
 [4.9629280e-01 2.3691635e-01 2.6679084e-01]
 [1.1819388e-04 4.6307892e-02 9.5357394e-01]]
probabilities: [[0. 1. 0.]
 [0. 1. 0.]
 [0. 1. 0.]
 [0. 1. 0.]
 [0. 1. 0.]]
probabilities: [[0.48001915 0.37151122 0.14846964]
 [0.6658121  0.253689   0.08049891]
 [0.43318027 0.4748576  0.09196213]
 [0.7566138  0.16841435 0.07497183]
 [0.15449739 0.18441728 0.6610853 ]]
probabilities: [[0.3009515  0.28954744 0.40950105]
 [0.49145755 0.2478751  0.26066738]
 [0.30823517 0.42438808 0.26737675]
 [0.03389896 0.21731381 0.7487872 ]
 [0.26277694 0.70279133 0.03443173]]
probabilities: [[0.34186104 0.19351922 0.46461976]
 [0.5365621  0.13595189 0.327486  ]
 [0.76017314 0.1857037  0.05412314]
 [0.12648863 0.1648088  0.70870256]
 [0.3716562  0.4643688  0.16397499]]
probabilities: [[0. 0. 1.]
 [0. 1. 0.]
 [0. 0. 1.]
 [0. 0. 1.]
 [0. 0. 1.]]
probabilities: [[0.08476812 0.18215077 0.7330811 ]
 [0.7808911  0.1416403  0.0774686 ]
 [0.6993185  0.24477424 0.05590724]
 [0.16529427 0.11095168 0.72375405]
 [0.31814644 0.22153422 0.46031934]]
probabilities: [[0.11192774 0.4353707  0.45270157]
 [0.1042393  0.4661783  0.42958242]
 [0.21379404 0.15415652 0.63204944]
 [0.38834986 0.4963798  0.11527036]
 [0.09637486 0.86218375 0.04144138]]
probabilities: [[0.21745291 0.684497   0.0980501 ]
 [0.09332465 0.38275984 0.5239155 ]
 [0.73789114 0.09737383 0.164735  ]
 [0.44160405 0.4521571  0.10623886]
 [0.37741926 0.5833737  0.03920702]]
probabilities: [[0. 0. 1.]
 [0. 1. 0.]
 [0. 0. 1.]
 [0. 0. 1.]
 [0. 0. 1.]]
probabilities: [[0.2426589  0.51591957 0.24142154]
 [0.39623097 0.35640076 0.24736828]
 [0.8471014  0.13998534 0.01291324]
 [0.12856105 0.8473611  0.02407786]
 [0.3929416  0.01760206 0.5894564 ]]
probabilities: [[0.3896352  0.39572772 0.21463707]
 [0.20190714 0.26567176 0.5324211 ]
 [0.15365975 0.16400018 0.6823401 ]
 [0.28854883 0.05148846 0.6599627 ]
 [0.46425226 0.40278634 0.13296136]]
probabilities: [[0.37849984 0.15497412 0.46652603]
 [0.07145569 0.3590047  0.5695396 ]
 [0.64020866 0.3546588  0.0051325 ]
 [0.5402431  0.14959605 0.31016088]
 [0.57764745 0.36257848 0.05977407]]
probabilities: [[0. 0. 1.]
 [0. 1. 0.]
 [0. 0. 1.]
 [0. 0. 1.]
 [0. 0. 1.]]
probabilities: [[0.24990368 0.20503809 0.54505825]
 [0.08817927 0.0446562  0.86716455]
 [0.41401288 0.2113601  0.374627  ]
 [0.7281668  0.02643522 0.24539797]
 [0.00994162 0.83115286 0.1589055 ]]
probabilities: [[0.10245983 0.00378289 0.8937573 ]
 [0.30492803 0.5707156  0.12435636]
 [0.09402171 0.03312086 0.87285745]
 [0.14844039 0.13082647 0.72073317]
 [0.50837594 0.259078   0.23254605]]
probabilities: [[0.42065713 0.03770331 0.54163957]
 [0.13693243 0.16829489 0.69477266]
 [0.31402782 0.40297598 0.2829962 ]
 [0.35009727 0.41189864 0.23800407]
 [0.05525654 0.91955763 0.02518582]]
probabilities: [[1. 0. 0.]
 [1. 0. 0.]
 [1. 0. 0.]
 [1. 0. 0.]
 [1. 0. 0.]]
probabilities: [[0.2814341  0.10128158 0.6172843 ]
 [0.6432252  0.19954719 0.15722762]
 [0.7199269  0.03874293 0.24133019]
 [0.6848088  0.16438407 0.15080713]
 [0.32836172 0.48614725 0.18549104]]
probabilities: [[0.81880665 0.03335442 0.14783894]
 [0.21616057 0.67590344 0.10793597]
 [0.30155286 0.05708424 0.6413629 ]
 [0.59060127 0.3341788  0.07521994]
 [0.4619136  0.25855312 0.2795333 ]]
probabilities: [[0.05316785 0.7046287  0.24220346]
 [0.471576   0.17812374 0.35030025]
 [0.5742637  0.17884462 0.24689166]
 [0.11741884 0.762221   0.12036018]
 [0.6152769  0.04606194 0.33866116]]
probabilities: [[0. 0. 1.]
 [0. 1. 0.]
 [0. 0. 1.]
 [0. 0. 1.]
 [0. 0. 1.]]
probabilities: [[0.20037827 0.553394   0.24622771]
 [0.5482663  0.19560926 0.25612444]
 [0.45065543 0.47603258 0.07331199]
 [0.02568666 0.5319581  0.44235522]
 [0.08493823 0.15055937 0.7645024 ]]
probabilities: [[0.26605216 0.15945566 0.57449216]
 [0.7369202  0.04816378 0.21491605]
 [0.08697826 0.9094541  0.00356765]
 [0.67386967 0.01235953 0.3137708 ]
 [0.6238899  0.25648794 0.11962216]]
probabilities: [[0.459823   0.52440464 0.01577232]
 [0.21273983 0.0366471  0.7506131 ]
 [0.10265727 0.6613036  0.23603915]
 [0.03619482 0.8891753  0.07462988]
 [0.39961454 0.26045334 0.33993214]]
probabilities: [[0. 0. 1.]
 [0. 1. 0.]
 [0. 1. 0.]
 [0. 0. 1.]
 [0. 0. 1.]]
probabilities: [[0.27668175 0.47983423 0.243484  ]
 [0.49163195 0.1291762  0.37919188]
 [0.7436545  0.04779322 0.20855229]
 [0.50223637 0.06100674 0.4367569 ]
 [0.37197626 0.2179906  0.41003314]]
probabilities: [[0.04218214 0.7338659  0.22395198]
 [0.27282053 0.1432924  0.5838871 ]
 [0.7636141  0.13920416 0.09718172]
 [0.0749603  0.37024194 0.55479777]
 [0.80888605 0.15975016 0.03136377]]
probabilities: [[0.7118091  0.09459175 0.19359916]
 [0.36939454 0.325257   0.30534846]
 [0.78836477 0.00741255 0.2042227 ]
 [0.08337128 0.65642864 0.26020008]
 [0.3194959  0.28684545 0.39365867]]
probabilities: [[1. 0. 0.]
 [1. 0. 0.]
 [1. 0. 0.]
 [1. 0. 0.]
 [1. 0. 0.]]
probabilities: [[0.32003874 0.54098403 0.13897724]
 [0.39329708 0.36463395 0.24206896]
 [0.22954646 0.12378797 0.6466656 ]
 [0.20702572 0.44806406 0.34491023]
 [0.39602974 0.47642657 0.12754369]]
probabilities: [[0.2437077  0.59414893 0.16214336]
 [0.32762024 0.29683638 0.3755434 ]
 [0.09931751 0.20995522 0.6907273 ]
 [0.48217708 0.44536155 0.07246137]
 [0.07171048 0.8564964  0.07179311]]
probabilities: [[0.17879112 0.55716443 0.2640445 ]
 [0.23673874 0.70413053 0.05913074]
 [0.09131829 0.13789731 0.7707844 ]
 [0.37936783 0.05814467 0.5624875 ]
 [0.40255925 0.4938048  0.10363594]]
probabilities: [[0. 0. 1.]
 [0. 1. 0.]
 [0. 1. 0.]
 [0. 0. 1.]
 [0. 0. 1.]]
probabilities: [[0.24628797 0.04470288 0.7090091 ]
 [0.17656335 0.454182   0.36925465]
 [0.4720042  0.13729396 0.39070183]
 [0.17565873 0.42047185 0.40386942]
 [0.35701647 0.37016413 0.2728194 ]]
probabilities: [[0.00254671 0.85291016 0.14454314]
 [0.6773587  0.16022184 0.1624195 ]
 [0.02972627 0.19989602 0.7703777 ]
 [0.549817   0.28212106 0.1680619 ]
 [0.05785024 0.5273675  0.4147823 ]]
probabilities: [[0.1124647  0.86566204 0.02187327]
 [0.07023308 0.51599926 0.4137677 ]
 [0.62219954 0.03543342 0.34236705]
 [0.2278639  0.5311831  0.240953  ]
 [0.51504505 0.39323926 0.0917157 ]]
probabilities: [[1. 0. 0.]
 [1. 0. 0.]
 [1. 0. 0.]
 [1. 0. 0.]
 [1. 0. 0.]]
probabilities: [[0.622264   0.0653535  0.3123825 ]
 [0.05787164 0.08389889 0.85822946]
 [0.22916302 0.7090423  0.06179465]
 [0.5648611  0.08592644 0.34921244]
 [0.5390588  0.29272744 0.16821375]]
probabilities: [[0.1700858  0.7740757  0.05583851]
 [0.44064015 0.42657715 0.1327827 ]
 [0.33061588 0.51022726 0.15915686]
 [0.45963103 0.5170985  0.02327048]
 [0.46587482 0.50766575 0.02645941]]
probabilities: [[0.5477622  0.01998665 0.43225116]
 [0.15703233 0.83818096 0.00478669]
 [0.06343747 0.8987523  0.03781026]
 [0.6971543  0.24302232 0.05982338]
 [0.16382366 0.2461738  0.59000254]]
probabilities: [[0. 0. 1.]
 [0. 1. 0.]
 [0. 1. 0.]
 [0. 0. 1.]
 [0. 0. 1.]]
probabilities: [[0.21545395 0.05525818 0.72928786]
 [0.1617296  0.8006727  0.03759769]
 [0.35278904 0.40155897 0.24565199]
 [0.03412366 0.3543034  0.6115729 ]
 [0.6489718  0.22990514 0.12112302]]
probabilities: [[0.613641   0.27045444 0.11590453]
 [0.17231536 0.5778032  0.24988145]
 [0.41968584 0.39513585 0.18517834]
 [0.09593516 0.8558486  0.04821622]
 [0.22623993 0.26181686 0.5119432 ]]
probabilities: [[0.23081821 0.41012064 0.35906118]
 [0.10279851 0.65886533 0.23833619]
 [0.1834666  0.08549669 0.7310367 ]
 [0.8846879  0.08004133 0.03527074]
 [0.4890704  0.41928357 0.09164602]]
probabilities: [[0. 0. 1.]
 [0. 1. 0.]
 [0. 0. 1.]
 [0. 0. 1.]
 [0. 0. 1.]]
probabilities: [[0.71395546 0.13202576 0.15401879]
 [0.06232496 0.87975013 0.0579249 ]
 [0.65532416 0.24531792 0.09935793]
 [0.16278018 0.5362077  0.30101213]
 [0.03051036 0.28868356 0.6808061 ]]
probabilities: [[0.22436132 0.22398715 0.55165154]
 [0.12243369 0.6560277  0.22153863]
 [0.28100765 0.37203866 0.34695366]
 [0.36403382 0.45882133 0.17714486]
 [0.7674151  0.12509105 0.10749388]]
