probabilities: [[0. 1. 0.]
 [0. 1. 0.]
 [0. 1. 0.]
 [0. 1. 0.]
 [0. 1. 0.]]
probabilities: [[0.67262274 0.0526158  0.27476147]
 [0.36532915 0.18693626 0.4477346 ]
 [0.18097194 0.4682211  0.35080698]
 [0.120127   0.15503938 0.7248336 ]
 [0.21493758 0.57704794 0.20801449]]
probabilities: [[0.21474506 0.6994658  0.08578914]
 [0.00914325 0.30005354 0.69080323]
 [0.3116348  0.6743513  0.01401389]
 [0.5215927  0.3424707  0.13593665]
 [0.10059853 0.7366243  0.16277719]]
probabilities: [[0.22419031 0.13461652 0.64119315]
 [0.8793758  0.02790323 0.09272094]
 [0.9025084  0.01413553 0.08335609]
 [0.5933664  0.24636194 0.16027169]
 [0.0031739  0.15130278 0.8455233 ]]
probabilities: [[0. 0. 1.]
 [0. 1. 0.]
 [0. 1. 0.]
 [0. 0. 1.]
 [0. 0. 1.]]
probabilities: [[0.72036576 0.275951   0.00368328]
 [0.6653378  0.33251956 0.00214265]
 [0.6295431  0.34864345 0.02181345]
 [0.8023946  0.03910681 0.15849856]
 [0.42521957 0.13887113 0.4359093 ]]
probabilities: [[0.60284835 0.20872708 0.18842459]
 [0.36553857 0.4764346  0.15802686]
 [0.8148364  0.10085511 0.08430852]
 [0.7201144  0.07924034 0.20064522]
 [0.43115455 0.44322553 0.12561989]]
probabilities: [[4.22873497e-01 5.23620486e-01 5.35060167e-02]
 [5.62271953e-01 1.16555326e-01 3.21172714e-01]
 [2.18643188e-01 2.19948012e-02 7.59361982e-01]
 [7.73347080e-01 3.07855429e-04 2.26345077e-01]
 [8.12488258e-01 1.33636802e-01 5.38749658e-02]]
probabilities: [[0. 1. 0.]
 [0. 1. 0.]
 [0. 1. 0.]
 [0. 1. 0.]
 [0. 1. 0.]]
probabilities: [[0.3570026  0.47050682 0.1724906 ]
 [0.39116547 0.21640427 0.39243025]
 [0.28052685 0.4382838  0.28118935]
 [0.19690824 0.6007354  0.20235632]
 [0.3446631  0.52930087 0.12603606]]
probabilities: [[0.5812229  0.2608862  0.15789095]
 [0.4464354  0.23618388 0.31738073]
 [0.1026274  0.28639358 0.610979  ]
 [0.9495707  0.02603399 0.02439533]
 [0.19893132 0.35963285 0.44143584]]
probabilities: [[0.12315083 0.3842168  0.4926324 ]
 [0.20436205 0.47451356 0.3211244 ]
 [0.8803639  0.02114565 0.09849049]
 [0.03765716 0.176588   0.78575486]
 [0.52710104 0.22332636 0.24957262]]
probabilities: [[0. 1. 0.]
 [0. 1. 0.]
 [0. 1. 0.]
 [0. 1. 0.]
 [0. 1. 0.]]
probabilities: [[2.5705434e-05 9.0706158e-01 9.2912726e-02]
 [1.1544299e-02 1.5878536e-01 8.2967037e-01]
 [5.6544775e-01 1.9516706e-01 2.3938520e-01]
 [3.5838872e-01 6.8887271e-02 5.7272398e-01]
 [1.2335909e-01 4.4508302e-01 4.3155789e-01]]
probabilities: [[0.04657636 0.55787325 0.39555043]
 [0.54224473 0.09796762 0.35978764]
 [0.17622435 0.8226488  0.00112683]
 [0.06059973 0.89113164 0.04826863]
 [0.1117911  0.22522357 0.6629853 ]]
probabilities: [[0.39023054 0.42196235 0.1878071 ]
 [0.18774492 0.3641077  0.4481474 ]
 [0.03194252 0.82607156 0.14198592]
 [0.09640126 0.60771465 0.29588404]
 [0.34655237 0.05488054 0.59856707]]
probabilities: [[0. 1. 0.]
 [0. 1. 0.]
 [0. 1. 0.]
 [0. 1. 0.]
 [0. 1. 0.]]
probabilities: [[0.26526463 0.55702156 0.17771378]
 [0.81090254 0.13203736 0.05706013]
 [0.66592646 0.22662817 0.10744534]
 [0.16436705 0.1320083  0.70362467]
 [0.04908438 0.91931474 0.03160085]]
probabilities: [[0.13156995 0.31369582 0.55473423]
 [0.8729435  0.09809761 0.0289589 ]
 [0.41723752 0.428988   0.15377447]
 [0.5486359  0.43338025 0.01798384]
 [0.2514795  0.4082412  0.3402793 ]]
probabilities: [[0.6564156  0.17871432 0.1648701 ]
 [0.12604764 0.5369322  0.3370202 ]
 [0.26497963 0.21262881 0.52239156]
 [0.01340459 0.78746015 0.19913524]
 [0.09653243 0.01447017 0.8889974 ]]
probabilities: [[0. 0. 1.]
 [0. 1. 0.]
 [0. 0. 1.]
 [0. 0. 1.]
 [0. 0. 1.]]
probabilities: [[0.08301426 0.68248063 0.23450507]
 [0.09250932 0.5431044  0.3643863 ]
 [0.1702187  0.2376295  0.59215176]
 [0.7459935  0.11957088 0.13443564]
 [0.10195913 0.41679165 0.4812492 ]]
probabilities: [[0.17326991 0.11329477 0.7134353 ]
 [0.08252864 0.75867724 0.1587941 ]
 [0.20431995 0.5813965  0.21428356]
 [0.10961495 0.08677681 0.80360824]
 [0.6632318  0.14094989 0.19581833]]
probabilities: [[0.5708097  0.0150063  0.41418397]
 [0.18114728 0.13547082 0.6833819 ]
 [0.45574763 0.37740615 0.16684622]
 [0.13016953 0.8245563  0.04527419]
 [0.09639674 0.18201965 0.7215836 ]]
probabilities: [[1. 0. 0.]
 [1. 0. 0.]
 [1. 0. 0.]
 [1. 0. 0.]
 [1. 0. 0.]]
probabilities: [[0.0567691  0.53796613 0.40526474]
 [0.6989609  0.1387985  0.16224056]
 [0.35398987 0.36679247 0.27921766]
 [0.06968936 0.01140243 0.91890824]
 [0.4049643  0.56667244 0.02836323]]
probabilities: [[0.01506914 0.4183316  0.5665993 ]
 [0.38746163 0.11404186 0.4984965 ]
 [0.39800236 0.5392246  0.06277305]
 [0.11754728 0.2980613  0.5843914 ]
 [0.37698635 0.46392906 0.15908459]]
probabilities: [[0.05701616 0.35262886 0.590355  ]
 [0.00682336 0.4595798  0.5335968 ]
 [0.81251335 0.1584783  0.02900835]
 [0.9039692  0.06820554 0.02782526]
 [0.5189823  0.0865527  0.39446497]]
probabilities: [[0. 0. 1.]
 [0. 1. 0.]
 [0. 0. 1.]
 [0. 0. 1.]
 [0. 0. 1.]]
probabilities: [[0.7060827  0.24632971 0.0475876 ]
 [0.56403553 0.31818646 0.11777797]
 [0.47803608 0.14501497 0.37694895]
 [0.11914676 0.56263024 0.318223  ]
 [0.51497364 0.41328487 0.07174153]]
probabilities: [[0.25521863 0.49923918 0.24554218]
 [0.71985775 0.12902117 0.15112105]
 [0.34645802 0.5412389  0.11230309]
 [0.2510687  0.33577463 0.41315666]
 [0.7958744  0.05779337 0.14633222]]
probabilities: [[0.44510677 0.26222363 0.2926696 ]
 [0.76373965 0.189953   0.04630738]
 [0.18547857 0.08744006 0.72708136]
 [0.05323907 0.28017405 0.6665869 ]
 [0.7702264  0.16584165 0.06393193]]
probabilities: [[0. 0. 1.]
 [0. 1. 0.]
 [0. 0. 1.]
 [0. 0. 1.]
 [0. 0. 1.]]
probabilities: [[0.20818458 0.49319234 0.29862309]
 [0.72553945 0.26614586 0.00831472]
 [0.6166044  0.3255296  0.05786599]
 [0.06767765 0.37918043 0.5531419 ]
 [0.23600681 0.41949356 0.34449965]]
probabilities: [[0.722174   0.04728682 0.23053922]
 [0.50143296 0.0582056  0.44036147]
 [0.46652475 0.38152987 0.1519454 ]
 [0.11346801 0.88441765 0.00211433]
 [0.10551187 0.87366384 0.0208243 ]]
probabilities: [[0.24911934 0.7215048  0.02937586]
 [0.655936   0.30188444 0.04217959]
 [0.07865203 0.64735675 0.2739912 ]
 [0.14413258 0.31336433 0.5425031 ]
 [0.60815614 0.24225707 0.1495868 ]]
probabilities: [[0. 0. 1.]
 [0. 1. 0.]
 [0. 1. 0.]
 [0. 0. 1.]
 [0. 0. 1.]]
probabilities: [[0.19044848 0.161079   0.64847255]
 [0.15299633 0.7932244  0.05377924]
 [0.16146752 0.27261513 0.5659174 ]
 [0.40865678 0.57211864 0.01922457]
 [0.05689367 0.7518187  0.19128762]]
probabilities: [[0.08394571 0.09538895 0.82066536]
 [0.38564283 0.23829068 0.37606648]
 [0.31173825 0.68486106 0.00340071]
 [0.89252734 0.09785658 0.00961608]
 [0.30078214 0.6955554  0.00366244]]
probabilities: [[0.34221816 0.1967443  0.46103755]
 [0.02752045 0.0441871  0.92829245]
 [0.16386938 0.0110064  0.8251242 ]
 [0.11951707 0.04283287 0.83765006]
 [0.06287275 0.03903007 0.89809716]]
probabilities: [[0. 1. 0.]
 [0. 1. 0.]
 [0. 1. 0.]
 [0. 1. 0.]
 [0. 1. 0.]]
probabilities: [[0.21461473 0.52255696 0.2628283 ]
 [0.5586271  0.30568236 0.1356905 ]
 [0.17004205 0.03293332 0.7970246 ]
 [0.45699218 0.26044974 0.28255808]
 [0.14762057 0.59811336 0.25426605]]
probabilities: [[0.23252474 0.32050043 0.4469748 ]
 [0.6358589  0.10421476 0.25992635]
 [0.07635344 0.09760783 0.8260387 ]
 [0.46347812 0.50326604 0.03325583]
 [0.02291689 0.7434914  0.23359172]]
probabilities: [[0.06750213 0.10012378 0.8323741 ]
 [0.47016662 0.14033936 0.389494  ]
 [0.716044   0.13240944 0.15154654]
 [0.31057686 0.21684082 0.47258234]
 [0.59362006 0.01871749 0.3876624 ]]
probabilities: [[0. 0. 1.]
 [0. 1. 0.]
 [0. 0. 1.]
 [0. 0. 1.]
 [0. 0. 1.]]
probabilities: [[0.46834722 0.44920418 0.08244859]
 [0.25387958 0.32560414 0.42051628]
 [0.24381694 0.66479397 0.09138909]
 [0.5865578  0.17401563 0.23942658]
 [0.47823125 0.1713611  0.35040766]]
probabilities: [[0.77561545 0.08823831 0.13614626]
 [0.2861606  0.54940736 0.16443206]
 [0.4291265  0.01228965 0.55858386]
 [0.26451936 0.6675029  0.06797775]
 [0.4761472  0.22006516 0.30378762]]
probabilities: [[0.31806684 0.09229645 0.58963674]
 [0.31176168 0.00300755 0.68523073]
 [0.27574664 0.4504847  0.27376866]
 [0.11541802 0.3358419  0.5487401 ]
 [0.7595559  0.00223447 0.23820965]]
probabilities: [[0. 0. 1.]
 [0. 1. 0.]
 [0. 1. 0.]
 [0. 0. 1.]
 [0. 0. 1.]]
probabilities: [[0.09214421 0.5673302  0.3405256 ]
 [0.82503074 0.09659366 0.07837559]
 [0.03344171 0.28137654 0.68518174]
 [0.19827908 0.702885   0.09883594]
 [0.18394414 0.31927028 0.4967856 ]]
probabilities: [[0.06007487 0.3182083  0.62171686]
 [0.13287595 0.765657   0.10146704]
 [0.4247526  0.2988825  0.2763649 ]
 [0.11002427 0.53876615 0.3512096 ]
 [0.6123286  0.30431533 0.0833561 ]]
probabilities: [[0.46755335 0.1699352  0.36251146]
 [0.63317174 0.22917846 0.13764982]
 [0.01114143 0.20842639 0.78043216]
 [0.1548737  0.72980917 0.11531714]
 [0.53565645 0.0195215  0.44482204]]
probabilities: [[0. 0. 1.]
 [0. 1. 0.]
 [0. 0. 1.]
 [0. 0. 1.]
 [0. 0. 1.]]
probabilities: [[0.02655682 0.45351383 0.51992935]
 [0.08000442 0.0572328  0.8627628 ]
 [0.4766802  0.09900961 0.4243102 ]
 [0.7674129  0.14119372 0.09139337]
 [0.11894526 0.54875773 0.332297  ]]
probabilities: [[0.7128309  0.08642343 0.20074566]
 [0.78076005 0.15723923 0.06200074]
 [0.7130138  0.11798177 0.1690044 ]
 [0.46451238 0.46350247 0.07198516]
 [0.13301866 0.1583376  0.70864373]]
probabilities: [[0.18085182 0.31142262 0.50772554]
 [0.07599097 0.7231768  0.20083223]
 [0.28543913 0.03860655 0.67595434]
 [0.6323278  0.0410986  0.32657358]
 [0.25262073 0.55178237 0.19559692]]
probabilities: [[0. 0. 1.]
 [0. 1. 0.]
 [0. 1. 0.]
 [0. 0. 1.]
 [0. 0. 1.]]
probabilities: [[0.7570925  0.06797429 0.17493327]
 [0.6021937  0.24469946 0.15310681]
 [0.41913128 0.00620467 0.57466406]
 [0.345328   0.5685316  0.08614039]
 [0.01783319 0.29964858 0.68251824]]
probabilities: [[0.14240491 0.46412638 0.3934687 ]
 [0.01526949 0.5793435  0.405387  ]
 [0.48403654 0.05087706 0.4650864 ]
 [0.6647962  0.26049814 0.07470572]
 [0.11808581 0.1918127  0.6901015 ]]
probabilities: [[0.5083279  0.1151234  0.37654868]
 [0.06198239 0.83855224 0.09946538]
 [0.09005758 0.40011808 0.50982434]
 [0.07969052 0.6621693  0.2581402 ]
 [0.28954202 0.51898015 0.19147784]]
probabilities: [[0. 0. 1.]
 [0. 1. 0.]
 [0. 0. 1.]
 [0. 0. 1.]
 [0. 0. 1.]]
probabilities: [[0.07404256 0.8781183  0.04783915]
 [0.37915495 0.087355   0.53349006]
 [0.43096775 0.21660496 0.35242727]
 [0.41554186 0.0086713  0.5757868 ]
 [0.18964776 0.6760331  0.13431916]]
probabilities: [[0.43913183 0.03525705 0.5256111 ]
 [0.6857123  0.30507275 0.00921494]
 [0.33042938 0.6553023  0.01426833]
 [0.20380153 0.12850435 0.6676941 ]
 [0.09852827 0.6292015  0.27227023]]
probabilities: [[0.6911657  0.30110997 0.00772434]
 [0.22872962 0.6141681  0.15710226]
 [0.00170058 0.4709671  0.5273323 ]
 [0.38566077 0.47697604 0.13736318]
 [0.8347499  0.11055347 0.05469668]]
probabilities: [[0. 0. 1.]
 [0. 1. 0.]
 [0. 1. 0.]
 [0. 0. 1.]
 [0. 0. 1.]]
probabilities: [[0.18328866 0.5892463  0.22746508]
 [0.8535541  0.07494672 0.07149913]
 [0.05767806 0.3250037  0.6173182 ]
 [0.7058571  0.05518635 0.23895654]
 [0.16195168 0.17272207 0.66532624]]
probabilities: [[0.02303385 0.05234578 0.9246204 ]
 [0.588701   0.15278709 0.25851193]
 [0.05224716 0.2648707  0.68288213]
 [0.7493792  0.01410726 0.23651354]
 [0.40744326 0.55412674 0.03842997]]
probabilities: [[0.16285312 0.73668325 0.10046365]
 [0.46074855 0.02347796 0.5157735 ]
 [0.0226924  0.21675782 0.7605498 ]
 [0.31509224 0.4953545  0.18955326]
 [0.19604236 0.49390328 0.31005436]]
probabilities: [[0. 0. 1.]
 [0. 1. 0.]
 [0. 0. 1.]
 [0. 0. 1.]
 [0. 0. 1.]]
probabilities: [[0.8047286  0.1302608  0.06501057]
 [0.10813498 0.6801718  0.21169326]
 [0.76561373 0.05503121 0.17935504]
 [0.3321487  0.14388137 0.52396995]
 [0.12075894 0.6939174  0.18532364]]
probabilities: [[0.16934116 0.5792122  0.25144663]
 [0.4349787  0.11052417 0.45449716]
 [0.1119571  0.8614345  0.02660839]
 [0.48435247 0.02683269 0.48881483]
 [0.40869507 0.30912974 0.28217518]]
probabilities: [[0.41746658 0.3500748  0.23245862]
 [0.18195014 0.5148144  0.3032355 ]
 [0.6249158  0.33890963 0.0361746 ]
 [0.0369242  0.6324772  0.33059856]
 [0.32821766 0.28393254 0.38784978]]
probabilities: [[0. 0. 1.]
 [0. 1. 0.]
 [0. 1. 0.]
 [0. 0. 1.]
 [0. 0. 1.]]
probabilities: [[0.09449633 0.4259252  0.47957847]
 [0.82050455 0.13315758 0.04633786]
 [0.8053599  0.16867223 0.02596787]
 [0.16908835 0.11564533 0.7152663 ]
 [0.4028417  0.3629866  0.23417172]]
probabilities: [[0.6658173  0.28089166 0.05329103]
 [0.4172731  0.48885712 0.09386978]
 [0.44001502 0.48239076 0.07759424]
 [0.31410056 0.02699365 0.6589058 ]
 [0.22621363 0.46428305 0.30950332]]
probabilities: [[0.7549991  0.08069086 0.16431002]
 [0.37105235 0.34942055 0.2795271 ]
 [0.1550841  0.48025644 0.36465946]
 [0.22475183 0.03954041 0.73570776]
 [0.6684138  0.02822895 0.30335724]]
probabilities: [[0. 1. 0.]
 [0. 1. 0.]
 [0. 1. 0.]
 [0. 1. 0.]
 [0. 1. 0.]]
probabilities: [[2.8328395e-01 2.0018353e-01 5.1653248e-01]
 [4.1483277e-01 5.8073622e-01 4.4310368e-03]
 [1.3584389e-01 6.1173114e-04 8.6354434e-01]
 [2.5517577e-01 5.4130858e-01 2.0351566e-01]
 [5.7175148e-02 8.0268967e-01 1.4013517e-01]]
probabilities: [[0.17354043 0.12863344 0.69782615]
 [0.57811725 0.356032   0.06585073]
 [0.02186101 0.23232967 0.7458093 ]
 [0.10179567 0.14981529 0.748389  ]
 [0.43516007 0.42686877 0.13797116]]
probabilities: [[0.4675347  0.37632108 0.15614422]
 [0.27011597 0.00193025 0.7279538 ]
 [0.414534   0.13000612 0.4554599 ]
 [0.54751563 0.37617722 0.07630714]
 [0.09769056 0.6363122  0.26599726]]
probabilities: [[0. 1. 0.]
 [0. 1. 0.]
 [0. 1. 0.]
 [0. 1. 0.]
 [0. 1. 0.]]
probabilities: [[0.67427534 0.10542721 0.22029747]
 [0.4728755  0.01909347 0.508031  ]
 [0.05614932 0.9417931  0.00205762]
 [0.03223797 0.24423017 0.72353184]
 [0.71810925 0.1337893  0.14810146]]
probabilities: [[0.79582125 0.17072491 0.03345382]
 [0.21831132 0.06877851 0.7129102 ]
 [0.20194343 0.23025477 0.5678018 ]
 [0.6218749  0.13403732 0.24408774]
 [0.1182355  0.39376548 0.48799902]]
probabilities: [[0.00814432 0.68226206 0.3095936 ]
 [0.1419719  0.4930702  0.36495793]
 [0.00326244 0.422748   0.57398957]
 [0.283773   0.13566911 0.5805579 ]
 [0.13601284 0.4071772  0.45680994]]
probabilities: [[0. 0. 1.]
 [0. 1. 0.]
 [0. 0. 1.]
 [0. 0. 1.]
 [0. 0. 1.]]
probabilities: [[0.20924935 0.645119   0.14563166]
 [0.48941952 0.4775646  0.03301587]
 [0.32290554 0.23055547 0.44653898]
 [0.09080599 0.8630661  0.04612793]
 [0.5899847  0.08612683 0.32388845]]
probabilities: [[0.1098111  0.23684965 0.65333927]
 [0.01923266 0.03737121 0.9433961 ]
 [0.63385224 0.20528202 0.16086572]
 [0.6567402  0.22446992 0.1187899 ]
 [0.3463355  0.47170356 0.18196096]]
probabilities: [[0.54598945 0.16148639 0.29252413]
 [0.18221746 0.4104653  0.40731725]
 [0.39790148 0.15663601 0.44546252]
 [0.6490415  0.03927119 0.31168735]
 [0.06029941 0.5734601  0.3662405 ]]
probabilities: [[0. 1. 0.]
 [0. 1. 0.]
 [0. 1. 0.]
 [0. 1. 0.]
 [0. 1. 0.]]
probabilities: [[0.29198757 0.03120392 0.6768085 ]
 [0.5235084  0.0426201  0.43387145]
 [0.9017474  0.00464157 0.09361104]
 [0.47281444 0.08741305 0.4397725 ]
 [0.77476746 0.07456374 0.15066881]]
probabilities: [[0.5927276  0.09569091 0.3115815 ]
 [0.49670586 0.19225089 0.31104323]
 [0.59187347 0.2099537  0.19817281]
 [0.21790607 0.46637425 0.3157197 ]
 [0.14676794 0.47631082 0.37692124]]
probabilities: [[0.25635782 0.71362644 0.03001576]
 [0.36641452 0.3151795  0.318406  ]
 [0.5638702  0.22082931 0.21530053]
 [0.09229873 0.2705003  0.63720095]
 [0.12902947 0.18344162 0.6875289 ]]
probabilities: [[1. 0. 0.]
 [1. 0. 0.]
 [1. 0. 0.]
 [1. 0. 0.]
 [1. 0. 0.]]
probabilities: [[0.43400186 0.3635212  0.20247693]
 [0.64061517 0.34651896 0.01286586]
 [0.20313029 0.11289991 0.6839698 ]
 [0.6665997  0.07867712 0.2547232 ]
 [0.82623875 0.14590298 0.02785829]]
probabilities: [[0.2656229  0.07221287 0.6621642 ]
 [0.06115387 0.26299477 0.67585135]
 [0.06221174 0.6831372  0.25465107]
 [0.25214893 0.01836105 0.72949004]
 [0.761415   0.03753177 0.2010532 ]]
probabilities: [[0.84796345 0.10558722 0.04644933]
 [0.04920802 0.43216717 0.5186248 ]
 [0.6198903  0.02008348 0.36002627]
 [0.337611   0.6256365  0.03675248]
 [0.1955787  0.54490745 0.25951388]]
probabilities: [[0. 0. 1.]
 [0. 1. 0.]
 [0. 0. 1.]
 [0. 0. 1.]
 [0. 0. 1.]]
probabilities: [[0.5177173  0.47328532 0.00899738]
 [0.3494655  0.3430675  0.307467  ]
 [0.23798472 0.1531509  0.60886437]
 [0.16839926 0.23900215 0.5925986 ]
 [0.17805979 0.6131433  0.20879687]]
probabilities: [[0.4097879  0.49452275 0.09568936]
 [0.59861773 0.1882787  0.21310358]
 [0.04525818 0.24340972 0.7113321 ]
 [0.3907368  0.21355511 0.3957081 ]
 [0.41164136 0.25353068 0.33482796]]
probabilities: [[0.11152805 0.3125233  0.57594866]
 [0.64346564 0.19635615 0.16017818]
 [0.77391547 0.11216314 0.11392136]
 [0.09485476 0.04670024 0.858445  ]
 [0.07881904 0.7443039  0.17687708]]
probabilities: [[0. 0. 1.]
 [0. 1. 0.]
 [0. 1. 0.]
 [0. 0. 1.]
 [0. 0. 1.]]
probabilities: [[0.16835156 0.42555997 0.4060885 ]
 [0.5521222  0.07791372 0.3699641 ]
 [0.31008935 0.32332775 0.3665829 ]
 [0.4773848  0.07530744 0.44730777]
 [0.22782868 0.30089864 0.47127268]]
probabilities: [[0.24015285 0.16785888 0.59198827]
 [0.14842694 0.2862971  0.56527597]
 [0.27598113 0.34108865 0.38293022]
 [0.76100904 0.220941   0.01804994]
 [0.08767781 0.22555256 0.6867696 ]]
probabilities: [[0.19451214 0.2521356  0.55335224]
 [0.7440318  0.17100151 0.08496669]
 [0.3276382  0.23778184 0.43457994]
 [0.7395003  0.02331712 0.2371826 ]
 [0.8382938  0.06235627 0.09934993]]
probabilities: [[0. 0. 1.]
 [0. 1. 0.]
 [0. 0. 1.]
 [0. 0. 1.]
 [0. 0. 1.]]
probabilities: [[0.555195   0.35303554 0.09176948]
 [0.3206115  0.2032016  0.4761869 ]
 [0.31951833 0.05522835 0.6252533 ]
 [0.6500276  0.2852441  0.0647283 ]
 [0.05430308 0.07965223 0.8660447 ]]
probabilities: [[0.22558697 0.3420955  0.43231753]
 [0.25558853 0.288566   0.45584545]
 [0.06187719 0.17884082 0.759282  ]
 [0.10832451 0.63481355 0.25686195]
 [0.66804284 0.1373495  0.19460766]]
probabilities: [[0.30253628 0.38423356 0.31323016]
 [0.21878618 0.53720504 0.24400875]
 [0.28836954 0.25932994 0.45230052]
 [0.44639897 0.3128241  0.24077693]
 [0.30662456 0.11884759 0.57452786]]
probabilities: [[0. 1. 0.]
 [0. 1. 0.]
 [0. 1. 0.]
 [0. 1. 0.]
 [0. 1. 0.]]
probabilities: [[0.3513052  0.03293807 0.61575675]
 [0.13446307 0.4741356  0.39140132]
 [0.06264728 0.675504   0.2618487 ]
 [0.09923324 0.0591742  0.84159255]
 [0.21332075 0.5696554  0.21702385]]
probabilities: [[0.40898058 0.31154305 0.27947637]
 [0.0383027  0.8592099  0.1024874 ]
 [0.42283565 0.02440025 0.5527641 ]
 [0.28491992 0.32183778 0.39324227]
 [0.06763698 0.39417854 0.53818446]]
probabilities: [[0.06883487 0.1035998  0.8275653 ]
 [0.44893503 0.30865294 0.242412  ]
 [0.8464304  0.14484335 0.00872623]
 [0.03160098 0.82081115 0.14758788]
 [0.18784142 0.75146854 0.06069003]]
probabilities: [[0. 0. 1.]
 [0. 1. 0.]
 [0. 0. 1.]
 [0. 0. 1.]
 [0. 0. 1.]]
probabilities: [[0.42582685 0.2057031  0.36847004]
 [0.05035393 0.62656265 0.3230834 ]
 [0.06423401 0.31553861 0.62022734]
 [0.18046893 0.29382837 0.5257027 ]
 [0.20249611 0.7529037  0.04460021]]
probabilities: [[0.07711891 0.05540657 0.8674745 ]
 [0.3892947  0.1892615  0.4214438 ]
 [0.06248838 0.63991594 0.2975957 ]
 [0.64171606 0.25790632 0.10037763]
 [0.40921277 0.3071     0.28368726]]
probabilities: [[0.24570934 0.55555505 0.19873561]
 [0.12311432 0.8300479  0.04683777]
 [0.14727849 0.18093696 0.6717845 ]
 [0.21382558 0.39527693 0.39089748]
 [0.3646845  0.53415823 0.10115724]]
probabilities: [[0. 0. 1.]
 [0. 1. 0.]
 [0. 1. 0.]
 [0. 0. 1.]
 [0. 0. 1.]]
probabilities: [[0.14941165 0.43087187 0.41971648]
 [0.0782929  0.38306516 0.5386419 ]
 [0.1902072  0.72767055 0.08212227]
 [0.32285964 0.6396048  0.03753551]
 [0.77399516 0.03707527 0.18892954]]
probabilities: [[0.49151602 0.10973656 0.3987474 ]
 [0.81159335 0.11439168 0.07401499]
 [0.01261296 0.07427145 0.9131156 ]
 [0.37811884 0.35379404 0.26808712]
 [0.48239794 0.4757057  0.04189634]]
probabilities: [[0.52146935 0.24187732 0.23665331]
 [0.22885182 0.6063885  0.16475967]
 [0.07266697 0.3054832  0.62184983]
 [0.14813909 0.05378226 0.79807866]
 [0.3414737  0.2224237  0.4361026 ]]
probabilities: [[0. 1. 0.]
 [0. 1. 0.]
 [0. 1. 0.]
 [0. 1. 0.]
 [0. 1. 0.]]
probabilities: [[0.3631224  0.1073208  0.5295568 ]
 [0.05993052 0.55473804 0.38533145]
 [0.9336257  0.04867239 0.01770193]
 [0.265899   0.63244826 0.10165272]
 [0.0304749  0.6920008  0.27752426]]
probabilities: [[0.41757566 0.12260359 0.45982075]
 [0.7388356  0.24193211 0.01923235]
 [0.31105852 0.3745124  0.3144291 ]
 [0.404808   0.1510855  0.4441065 ]
 [0.32272968 0.13128458 0.54598576]]
probabilities: [[0.27598462 0.6365377  0.08747769]
 [0.22488682 0.13844304 0.6366701 ]
 [0.3177608  0.3858421  0.2963971 ]
 [0.56243813 0.2356484  0.20191346]
 [0.1186429  0.15017194 0.7311852 ]]
probabilities: [[0. 0. 1.]
 [0. 1. 0.]
 [0. 1. 0.]
 [0. 0. 1.]
 [0. 0. 1.]]
probabilities: [[0.22986618 0.1125716  0.6575622 ]
 [0.8350689  0.05086297 0.11406817]
 [0.40482914 0.35712418 0.23804668]
 [0.87184274 0.01550226 0.11265503]
 [0.14188494 0.2139911  0.644124  ]]
probabilities: [[0.236673   0.01784855 0.74547845]
 [0.7643052  0.21169458 0.02400021]
 [0.45640975 0.43352285 0.1100674 ]
 [0.15702215 0.7690111  0.07396676]
 [0.20679232 0.7152149  0.07799277]]
probabilities: [[0.00856884 0.8311313  0.16029987]
 [0.32412794 0.6168209  0.0590512 ]
 [0.36726034 0.04552855 0.58721113]
 [0.6072787  0.13343714 0.25928414]
 [0.16516148 0.0258352  0.80900335]]
probabilities: [[0. 0. 1.]
 [0. 1. 0.]
 [0. 0. 1.]
 [0. 0. 1.]
 [0. 0. 1.]]
probabilities: [[0.9264794  0.07125014 0.00227047]
 [0.1317911  0.42288205 0.44532686]
 [0.22986344 0.18387145 0.58626515]
 [0.18710753 0.6380534  0.17483906]
 [0.00857464 0.6988723  0.29255304]]
probabilities: [[0.18432371 0.22183028 0.593846  ]
 [0.39630887 0.48092347 0.12276766]
 [0.20843479 0.05215663 0.7394086 ]
 [0.48897973 0.13097657 0.3800437 ]
 [0.21567772 0.3553174  0.42900488]]
probabilities: [[0.3469673  0.49879155 0.15424114]
 [0.3815656  0.55546635 0.06296803]
 [0.06411213 0.3267602  0.6091277 ]
 [0.19092014 0.29457504 0.5145048 ]
 [0.4948244  0.11727377 0.3879018 ]]
probabilities: [[1. 0. 0.]
 [1. 0. 0.]
 [1. 0. 0.]
 [1. 0. 0.]
 [1. 0. 0.]]
probabilities: [[0.05226259 0.02992393 0.9178135 ]
 [0.21457775 0.05277006 0.7326522 ]
 [0.34346473 0.16666487 0.4898704 ]
 [0.03065382 0.24828547 0.7210607 ]
 [0.24802494 0.08431739 0.6676577 ]]
probabilities: [[0.2749767  0.15374866 0.57127464]
 [0.8976661  0.01178562 0.09054828]
 [0.28908423 0.3646558  0.34625998]
 [0.37790343 0.29570302 0.32639354]
 [0.2521047  0.64327526 0.10462004]]
probabilities: [[0.47310895 0.01376788 0.51312315]
 [0.5450662  0.4352193  0.01971455]
 [0.76779383 0.14546442 0.08674176]
 [0.27785924 0.5829727  0.13916807]
 [0.7741989  0.12392439 0.10187674]]
probabilities: [[0. 0. 1.]
 [0. 1. 0.]
 [0. 1. 0.]
 [0. 0. 1.]
 [0. 0. 1.]]
probabilities: [[0.05302031 0.06614154 0.88083816]
 [0.35105586 0.21656013 0.432384  ]
 [0.09499035 0.12140591 0.7836037 ]
 [0.14686012 0.20089023 0.65224963]
 [0.10010329 0.6835983  0.21629843]]
probabilities: [[0.5791143  0.13783385 0.28305182]
 [0.29895929 0.0899386  0.6111021 ]
 [0.5905306  0.32284483 0.08662463]
 [0.09993867 0.05108097 0.84898037]
 [0.00263881 0.14634036 0.8510208 ]]
probabilities: [[5.7645119e-04 8.5098886e-01 1.4843471e-01]
 [4.5423222e-01 8.2332946e-02 4.6343485e-01]
 [1.3642307e-01 5.3749406e-01 3.2608289e-01]
 [2.9781982e-01 5.3449512e-01 1.6768506e-01]
 [3.3044368e-01 3.2659382e-01 3.4296253e-01]]
probabilities: [[0. 0. 1.]
 [0. 1. 0.]
 [0. 1. 0.]
 [0. 0. 1.]
 [0. 0. 1.]]
probabilities: [[0.3635131  0.44997364 0.18651327]
 [0.518405   0.17990835 0.30168664]
 [0.7724714  0.1573823  0.0701463 ]
 [0.44791722 0.39471543 0.15736735]
 [0.24371274 0.00785778 0.7484295 ]]
probabilities: [[0.01607341 0.6286869  0.3552397 ]
 [0.17128944 0.07848256 0.750228  ]
 [0.60077995 0.32577914 0.07344091]
 [0.12376428 0.49140838 0.38482735]
 [0.08315854 0.3180574  0.5987841 ]]
probabilities: [[0.7447755  0.08479802 0.17042649]
 [0.51546127 0.08778038 0.39675835]
 [0.49343044 0.1400706  0.36649898]
 [0.21884182 0.16731746 0.6138407 ]
 [0.179532   0.23250403 0.58796394]]
probabilities: [[0. 1. 0.]
 [0. 1. 0.]
 [0. 1. 0.]
 [0. 1. 0.]
 [0. 1. 0.]]
probabilities: [[0.06249663 0.6877819  0.24972148]
 [0.1867684  0.8099273  0.00330434]
 [0.0213562  0.24957001 0.72907376]
 [0.22664568 0.26192698 0.51142734]
 [0.3948077  0.35422277 0.25096953]]
probabilities: [[0.06958619 0.24294241 0.6874714 ]
 [0.22253686 0.2148703  0.56259286]
 [0.05101616 0.7041551  0.24482878]
 [0.0179168  0.9154841  0.0665991 ]
 [0.7658291  0.06604495 0.16812594]]
probabilities: [[0.38401523 0.43171924 0.18426554]
 [0.2774147  0.4926399  0.2299454 ]
 [0.76944023 0.00215022 0.22840954]
 [0.40310672 0.5329909  0.06390239]
 [0.18148373 0.5798811  0.23863517]]
probabilities: [[0. 0. 1.]
 [0. 1. 0.]
 [0. 0. 1.]
 [0. 0. 1.]
 [0. 0. 1.]]
probabilities: [[0.7062604  0.12438813 0.16935147]
 [0.06571753 0.41858068 0.5157018 ]
 [0.1309093  0.0964601  0.77263063]
 [0.83985066 0.04874482 0.11140454]
 [0.6477719  0.20958455 0.14264354]]
probabilities: [[0.08903733 0.9062627  0.00469996]
 [0.32675382 0.28131238 0.3919338 ]
 [0.24032615 0.6432039  0.11646991]
 [0.3930213  0.30105087 0.3059278 ]
 [0.1241688  0.21456611 0.6612651 ]]
probabilities: [[0.02811942 0.7922537  0.17962688]
 [0.01711319 0.49732432 0.4855625 ]
 [0.2553963  0.18262294 0.5619807 ]
 [0.8797572  0.08093453 0.03930821]
 [0.68519896 0.12897441 0.18582663]]
probabilities: [[0. 0. 1.]
 [0. 1. 0.]
 [0. 1. 0.]
 [0. 0. 1.]
 [0. 0. 1.]]
probabilities: [[0.10681702 0.09411194 0.799071  ]
 [0.26609418 0.3944513  0.33945453]
 [0.31209368 0.4978319  0.19007443]
 [0.12170337 0.51784194 0.3604547 ]
 [0.7573872  0.2365997  0.00601309]]
probabilities: [[0.2751466  0.60993207 0.1149213 ]
 [0.4226619  0.30138013 0.275958  ]
 [0.5312758  0.01000614 0.45871803]
 [0.6123872  0.15333998 0.23427284]
 [0.01415213 0.6112183  0.37462962]]
probabilities: [[0.28255787 0.08680635 0.6306358 ]
 [0.9144592  0.04119089 0.04434987]
 [0.41446456 0.1643577  0.42117772]
 [0.8288729  0.03854444 0.13258266]
 [0.5500993  0.16967179 0.2802289 ]]
probabilities: [[0. 0. 1.]
 [0. 1. 0.]
 [0. 0. 1.]
 [0. 0. 1.]
 [0. 0. 1.]]
probabilities: [[0.7264444  0.22249125 0.05106435]
 [0.03223449 0.56598866 0.40177682]
 [0.16844243 0.7160453  0.11551224]
 [0.5672617  0.19835548 0.23438281]
 [0.09334607 0.8105604  0.09609351]]
probabilities: [[0.36188397 0.4752842  0.16283187]
 [0.27618498 0.5981702  0.12564482]
 [0.2061203  0.10346488 0.69041485]
 [0.9135138  0.05767779 0.02880845]
 [0.30076268 0.11686093 0.58237636]]
probabilities: [[0.05385062 0.08849411 0.8576553 ]
 [0.50464267 0.33653998 0.15881737]
 [0.4997256  0.47886094 0.02141346]
 [0.22624373 0.26138306 0.5123732 ]
 [0.8558804  0.09544816 0.04867147]]
probabilities: [[0. 0. 1.]
 [0. 1. 0.]
 [0. 1. 0.]
 [0. 0. 1.]
 [0. 0. 1.]]
probabilities: [[0.42491972 0.2501481  0.32493222]
 [0.11780183 0.25907147 0.6231267 ]
 [0.7444222  0.17726335 0.07831443]
 [0.39062917 0.5365345  0.07283634]
 [0.04651943 0.08182236 0.8716582 ]]
probabilities: [[0.10438285 0.43646744 0.45914972]
 [0.12220189 0.22794898 0.6498491 ]
 [0.08053242 0.00808742 0.9113802 ]
 [0.05559573 0.47375044 0.4706538 ]
 [0.3763118  0.60446715 0.01922104]]
probabilities: [[0.11459734 0.3944635  0.49093914]
 [0.828449   0.02690317 0.1446478 ]
 [0.4548577  0.4712342  0.07390808]
 [0.02149202 0.34290323 0.63560474]
 [0.04154746 0.46451628 0.49393627]]
probabilities: [[0. 0. 1.]
 [0. 1. 0.]
 [0. 0. 1.]
 [0. 0. 1.]
 [0. 0. 1.]]
probabilities: [[0.27854347 0.43696693 0.2844896 ]
 [0.40745637 0.08033781 0.51220584]
 [0.39615837 0.0551898  0.5486518 ]
 [0.17404193 0.80971473 0.01624334]
 [0.15520453 0.12028451 0.72451097]]
probabilities: [[0.3913017  0.36849615 0.24020214]
 [0.03734627 0.13073099 0.83192277]
 [0.5717128  0.1121185  0.31616873]
 [0.10957908 0.61510664 0.27531427]
 [0.3922754  0.14530735 0.46241724]]
probabilities: [[0.22399174 0.03816344 0.7378448 ]
 [0.27489787 0.11761953 0.6074826 ]
 [0.24858673 0.7489023  0.00251094]
 [0.02842513 0.8530407  0.11853416]
 [0.27926973 0.51784295 0.20288731]]
probabilities: [[1. 0. 0.]
 [1. 0. 0.]
 [1. 0. 0.]
 [1. 0. 0.]
 [1. 0. 0.]]
probabilities: [[0.07217575 0.55081177 0.37701252]
 [0.23160642 0.55559    0.21280362]
 [0.12377853 0.73223937 0.14398208]
 [0.5943996  0.1960293  0.20957112]
 [0.23117575 0.23046345 0.53836083]]
probabilities: [[0.30626526 0.09050362 0.60323113]
 [0.79439765 0.12793145 0.07767093]
 [0.6121009  0.14374863 0.2441505 ]
 [0.6211788  0.06409064 0.31473058]
 [0.8553552  0.0613376  0.08330719]]
probabilities: [[0.02085595 0.8119815  0.16716252]
 [0.0021338  0.7889435  0.2089227 ]
 [0.142839   0.778166   0.07899497]
 [0.13157065 0.7355966  0.13283272]
 [0.6850727  0.31138927 0.00353802]]
probabilities: [[0. 0. 1.]
 [0. 1. 0.]
 [0. 1. 0.]
 [0. 0. 1.]
 [0. 0. 1.]]
probabilities: [[0.0848624  0.7969599  0.11817773]
 [0.3428274  0.2679884  0.3891842 ]
 [0.2383247  0.45078394 0.31089136]
 [0.4499132  0.14692387 0.40316293]
 [0.8068398  0.04420999 0.1489502 ]]
probabilities: [[0.5903772  0.3490226  0.06060022]
 [0.66387904 0.29116017 0.04496079]
 [0.22931294 0.48164368 0.28904337]
 [0.7710129  0.02573231 0.20325476]
 [0.19985755 0.13520569 0.6649368 ]]
probabilities: [[0.16749787 0.15162851 0.68087363]
 [0.727848   0.04003927 0.23211275]
 [0.09771021 0.59115064 0.31113914]
 [0.28681436 0.24414241 0.46904323]
 [0.137114   0.05382774 0.80905825]]
probabilities: [[0. 1. 0.]
 [0. 1. 0.]
 [0. 1. 0.]
 [0. 1. 0.]
 [0. 1. 0.]]
probabilities: [[0.28306514 0.53570324 0.1812316 ]
 [0.48616713 0.12214857 0.3916843 ]
 [0.23152536 0.5672237  0.20125088]
 [0.04396028 0.6147146  0.34132507]
 [0.62657547 0.17735434 0.19607021]]
probabilities: [[0.28051865 0.010362   0.7091194 ]
 [0.07030659 0.07623778 0.8534556 ]
 [0.17337596 0.10975286 0.71687114]
 [0.27170533 0.26379284 0.46450183]
 [0.20466283 0.23656535 0.5587718 ]]
probabilities: [[0.05292327 0.71278936 0.23428734]
 [0.22343354 0.73384595 0.04272051]
 [0.42738667 0.05261423 0.5199991 ]
 [0.04851272 0.01328463 0.9382027 ]
 [0.05421533 0.6689732  0.27681148]]
probabilities: [[0. 1. 0.]
 [0. 1. 0.]
 [0. 1. 0.]
 [0. 1. 0.]
 [0. 1. 0.]]
probabilities: [[0.37968478 0.4563307  0.1639845 ]
 [0.67816293 0.27057293 0.05126413]
 [0.93694663 0.00776283 0.05529056]
 [0.5166115  0.05973386 0.42365462]
 [0.9047217  0.04978269 0.04549562]]
probabilities: [[0.04548305 0.639063   0.31545392]
 [0.30206373 0.36732712 0.3306091 ]
 [0.72252285 0.24627587 0.03120129]
 [0.54933935 0.25168067 0.19897997]
 [0.18624789 0.0939415  0.7198106 ]]
probabilities: [[0.61740094 0.32900158 0.05359748]
 [0.33794984 0.21955816 0.442492  ]
 [0.50304693 0.2526431  0.24430999]
 [0.08350169 0.89686817 0.01963015]
 [0.18050991 0.65682995 0.1626601 ]]
probabilities: [[0. 1. 0.]
 [0. 1. 0.]
 [0. 1. 0.]
 [0. 1. 0.]
 [0. 1. 0.]]
probabilities: [[0.05542072 0.61539763 0.32918164]
 [0.3427385  0.50409    0.15317146]
 [0.41569662 0.55045766 0.0338457 ]
 [0.4871327  0.41777825 0.09508903]
 [0.0078885  0.15052    0.8415915 ]]
probabilities: [[0.18582651 0.06122041 0.75295305]
 [0.463352   0.0944408  0.44220722]
 [0.01641355 0.2672109  0.7163755 ]
 [0.15001857 0.11107508 0.7389063 ]
 [0.13768677 0.583444   0.27886924]]
probabilities: [[0.40107325 0.29589486 0.3030319 ]
 [0.14163949 0.19373074 0.66462976]
 [0.7881863  0.18286034 0.02895337]
 [0.21334037 0.32988495 0.45677468]
 [0.55062324 0.1929522  0.25642455]]
probabilities: [[0. 0. 1.]
 [0. 1. 0.]
 [0. 0. 1.]
 [0. 0. 1.]
 [0. 0. 1.]]
probabilities: [[0.5680329  0.41068733 0.02127978]
 [0.40396518 0.30919465 0.28684017]
 [0.03506856 0.12849872 0.8364327 ]
 [0.5002957  0.11059349 0.3891108 ]
 [0.52624893 0.1860111  0.28773996]]
probabilities: [[0.812498   0.03281152 0.15469049]
 [0.08710086 0.6624075  0.25049162]
 [0.184604   0.04746217 0.76793385]
 [0.10736628 0.02625247 0.8663812 ]
 [0.7616283  0.13179642 0.10657525]]
probabilities: [[0.6097767  0.15801872 0.23220463]
 [0.5159649  0.04218455 0.4418505 ]
 [0.703645   0.18755312 0.10880187]
 [0.5966392  0.11537159 0.2879892 ]
 [0.2664594  0.21726842 0.5162721 ]]
probabilities: [[0. 0. 1.]
 [0. 1. 0.]
 [0. 1. 0.]
 [0. 0. 1.]
 [0. 0. 1.]]
probabilities: [[0.07114239 0.47164783 0.45720977]
 [0.26483634 0.548422   0.18674168]
 [0.36492306 0.01445142 0.6206255 ]
 [0.5860907  0.26782355 0.1460858 ]
 [0.39864162 0.27548268 0.32587567]]
probabilities: [[0.18528697 0.27476528 0.53994775]
 [0.26612344 0.46081033 0.27306622]
 [0.27933425 0.57500494 0.14566079]
 [0.10199997 0.8169008  0.08109926]
 [0.5107557  0.21749127 0.27175304]]
probabilities: [[0.40088075 0.40444958 0.19466968]
 [0.36060798 0.0745543  0.5648377 ]
 [0.49619356 0.07881474 0.4249917 ]
 [0.09839508 0.06325473 0.8383502 ]
 [0.15157378 0.16357487 0.68485135]]
probabilities: [[0. 1. 0.]
 [0. 1. 0.]
 [0. 1. 0.]
 [0. 1. 0.]
 [0. 1. 0.]]
probabilities: [[0.3379902  0.40106755 0.26094225]
 [0.6603678  0.01171415 0.32791808]
 [0.18396905 0.68780494 0.128226  ]
 [0.60629207 0.00661096 0.387097  ]
 [0.05089717 0.39896983 0.550133  ]]
probabilities: [[0.46746463 0.14179042 0.39074495]
 [0.22779079 0.02802441 0.7441848 ]
 [0.2773051  0.07680013 0.64589477]
 [0.25372198 0.33492884 0.41134918]
 [0.35516322 0.340977   0.30385977]]
probabilities: [[0.17582522 0.23883349 0.5853413 ]
 [0.08439916 0.55397457 0.36162627]
 [0.16324449 0.5783569  0.2583986 ]
 [0.07731641 0.73367935 0.18900424]
 [0.3590706  0.38683513 0.25409427]]
probabilities: [[0. 1. 0.]
 [0. 1. 0.]
 [0. 1. 0.]
 [0. 1. 0.]
 [0. 1. 0.]]
probabilities: [[0.41148764 0.46747684 0.12103551]
 [0.23441279 0.7014582  0.06412898]
 [0.58666134 0.04267655 0.37066212]
 [0.0742565  0.36852425 0.5572192 ]
 [0.27709335 0.61816114 0.10474552]]
probabilities: [[0.43040097 0.17139468 0.39820436]
 [0.31184262 0.05559191 0.6325655 ]
 [0.07448552 0.554964   0.37055048]
 [0.02760052 0.9087898  0.06360964]
 [0.9200027  0.04173271 0.03826458]]
probabilities: [[0.4337379  0.11384122 0.45242086]
 [0.1463066  0.6994899  0.15420352]
 [0.00488871 0.9439687  0.0511426 ]
 [0.548162   0.17567025 0.27616775]
 [0.28381723 0.47963706 0.23654573]]
probabilities: [[1. 0. 0.]
 [1. 0. 0.]
 [1. 0. 0.]
 [1. 0. 0.]
 [1. 0. 0.]]
probabilities: [[0.5562965  0.30720857 0.13649487]
 [0.04374745 0.50086606 0.45538652]
 [0.07716203 0.13014916 0.7926888 ]
 [0.01763828 0.4197018  0.5626599 ]
 [0.42595598 0.2785485  0.2954955 ]]
probabilities: [[0.1051754  0.19648622 0.6983384 ]
 [0.05553523 0.60218036 0.3422844 ]
 [0.03840613 0.10448709 0.8571068 ]
 [0.5494303  0.15174918 0.2988205 ]
 [0.2846915  0.42071563 0.29459286]]
probabilities: [[0.47807476 0.4436534  0.07827185]
 [0.49145192 0.4161142  0.09243387]
 [0.28127137 0.37431896 0.34440964]
 [0.33415082 0.0203908  0.6454584 ]
 [0.7602753  0.1732539  0.06647082]]
probabilities: [[0. 0. 1.]
 [0. 1. 0.]
 [0. 0. 1.]
 [0. 0. 1.]
 [0. 0. 1.]]
probabilities: [[0.25548765 0.08779786 0.6567145 ]
 [0.57147795 0.01744487 0.4110772 ]
 [0.06536661 0.7117389  0.22289449]
 [0.32473534 0.27430797 0.40095666]
 [0.20179723 0.75323516 0.04496759]]
probabilities: [[0.2604401  0.6342205  0.10533942]
 [0.7250507  0.21751839 0.05743092]
 [0.09924872 0.8131637  0.08758755]
 [0.19400932 0.32615143 0.47983927]
 [0.08252929 0.838753   0.07871772]]
probabilities: [[0.15867232 0.6089817  0.23234597]
 [0.87265825 0.00969062 0.11765113]
 [0.34323093 0.5553068  0.10146226]
 [0.3359705  0.36908817 0.29494137]
 [0.7201776  0.23173334 0.04808906]]
probabilities: [[0. 0. 1.]
 [0. 1. 0.]
 [0. 0. 1.]
 [0. 0. 1.]
 [0. 0. 1.]]
probabilities: [[0.3074608  0.22929092 0.46324825]
 [0.11310335 0.8495694  0.03732725]
 [0.3152018  0.5578373  0.1269609 ]
 [0.26112646 0.58379453 0.155079  ]
 [0.08379772 0.25818524 0.65801704]]
probabilities: [[0.50159365 0.39385998 0.10454633]
 [0.15668082 0.46716627 0.3761529 ]
 [0.38541713 0.356569   0.25801387]
 [0.14111385 0.833218   0.02566819]
 [0.17765969 0.542132   0.28020832]]
probabilities: [[0.10135154 0.8222811  0.07636736]
 [0.15309149 0.16192879 0.68497974]
 [0.5972925  0.03390537 0.36880216]
 [0.31269693 0.25123575 0.4360673 ]
 [0.2862592  0.17202333 0.54171747]]
probabilities: [[0. 0. 1.]
 [0. 1. 0.]
 [0. 0. 1.]
 [0. 0. 1.]
 [0. 0. 1.]]
probabilities: [[0.05820309 0.89351076 0.04828614]
 [0.25019443 0.22042045 0.52938515]
 [0.43151128 0.02754608 0.5409426 ]
 [0.7406402  0.25546193 0.00389787]
 [0.09336632 0.8206385  0.08599523]]
probabilities: [[0.433576   0.01549607 0.55092794]
 [0.1550041  0.8419021  0.00309381]
 [0.14937428 0.65331936 0.19730636]
 [0.42060462 0.35209453 0.22730085]
 [0.37176588 0.40532148 0.22291262]]
probabilities: [[0.6723063  0.20853081 0.11916286]
 [0.27699542 0.58502364 0.13798092]
 [0.28440318 0.12677269 0.58882415]
 [0.2531842  0.08432324 0.6624926 ]
 [0.5222703  0.45023066 0.02749899]]
probabilities: [[0. 0. 1.]
 [0. 1. 0.]
 [0. 0. 1.]
 [0. 0. 1.]
 [0. 0. 1.]]
probabilities: [[0.7333287  0.09597379 0.17069753]
 [0.14124477 0.22000036 0.6387549 ]
 [0.6894934  0.2713117  0.03919489]
 [0.43001235 0.55415124 0.01583641]
 [0.43325347 0.41574854 0.15099801]]
probabilities: [[0.08322611 0.42936906 0.48740482]
 [0.20648056 0.54541403 0.24810539]
 [0.22956167 0.21541816 0.55502015]
 [0.24542964 0.23805442 0.5165159 ]
 [0.0721227  0.82390404 0.10397329]]
probabilities: [[0.11249468 0.32224852 0.5652568 ]
 [0.4086926  0.04851882 0.5427886 ]
 [0.42550394 0.08333191 0.49116415]
 [0.8142074  0.11084757 0.07494503]
 [0.69700634 0.13582265 0.16717097]]
probabilities: [[0. 0. 1.]
 [0. 1. 0.]
 [0. 1. 0.]
 [0. 0. 1.]
 [0. 0. 1.]]
probabilities: [[0.7090083  0.06305604 0.22793569]
 [0.5196014  0.3675239  0.11287467]
 [0.0646069  0.11501231 0.8203808 ]
 [0.14819145 0.36431736 0.4874912 ]
 [0.67605954 0.16973412 0.15420632]]
probabilities: [[0.59898865 0.24127614 0.15973522]
 [0.00607039 0.61361873 0.3803109 ]
 [0.03293171 0.24461757 0.72245073]
 [0.727284   0.12523578 0.14748022]
 [0.90520734 0.02186361 0.07292906]]
probabilities: [[0.06401306 0.5055563  0.43043065]
 [0.26025963 0.01147288 0.7282675 ]
 [0.5467758  0.33262068 0.12060352]
 [0.9489155  0.01476719 0.03631735]
 [0.5431089  0.35756633 0.0993248 ]]
probabilities: [[0. 0. 1.]
 [0. 1. 0.]
 [0. 0. 1.]
 [0. 0. 1.]
 [0. 0. 1.]]
probabilities: [[0.44142756 0.22269394 0.3358785 ]
 [0.3050838  0.45701152 0.23790468]
 [0.4994048  0.12012548 0.38046974]
 [0.17382853 0.63766843 0.18850304]
 [0.0038467  0.48040608 0.51574725]]
probabilities: [[0.31286523 0.4718669  0.21526785]
 [0.3970627  0.20796423 0.39497307]
 [0.25496405 0.24268863 0.50234735]
 [0.7741369  0.1189075  0.10695563]
 [0.54639846 0.06095552 0.392646  ]]
probabilities: [[0.14318565 0.5260774  0.33073694]
 [0.30854642 0.5129784  0.17847517]
 [0.07787394 0.09527896 0.82684714]
 [0.18763989 0.3136066  0.49875352]
 [0.5067966  0.36779326 0.12541017]]
probabilities: [[0. 0. 1.]
 [0. 1. 0.]
 [0. 1. 0.]
 [0. 0. 1.]
 [0. 0. 1.]]
probabilities: [[0.60451883 0.31340864 0.08207254]
 [0.05118166 0.01527612 0.93354225]
 [0.14380279 0.7298409  0.12635633]
 [0.23879921 0.10958473 0.65161604]
 [0.18880498 0.01937173 0.79182327]]
probabilities: [[0.77259135 0.09166214 0.13574648]
 [0.27581918 0.6520662  0.07211466]
 [0.37038133 0.5728314  0.05678728]
 [0.45985076 0.329562   0.21058723]
 [0.20142315 0.47790697 0.32066986]]
probabilities: [[0.5368972  0.27510628 0.1879965 ]
 [0.0593306  0.24493006 0.6957393 ]
 [0.00703291 0.5326319  0.46033522]
 [0.6183354  0.14636838 0.23529619]
 [0.0303587  0.14344966 0.8261916 ]]
probabilities: [[0. 1. 0.]
 [0. 1. 0.]
 [0. 1. 0.]
 [0. 1. 0.]
 [0. 1. 0.]]
probabilities: [[0.5228919  0.38136968 0.09573841]
 [0.28050953 0.23518635 0.4843041 ]
 [0.26554894 0.0863255  0.6481256 ]
 [0.78337586 0.04860423 0.16801992]
 [0.35432968 0.04337419 0.6022961 ]]
probabilities: [[0.7482215  0.1444476  0.1073309 ]
 [0.8683918  0.02596452 0.10564367]
 [0.00108247 0.25775304 0.7411645 ]
 [0.24440272 0.34201488 0.41358238]
 [0.6284318  0.35407716 0.01749101]]
probabilities: [[0.39167386 0.00792783 0.6003983 ]
 [0.39104596 0.2264214  0.38253266]
 [0.13606592 0.18463741 0.6792967 ]
 [0.3723585  0.39192382 0.23571767]
