0.3243718  0.5744769  0.1011513 ]
 [0.13400906 0.5119163  0.35407466]]
Episode: 677; Score: -0.8; Action: [1 2 2 1 1]
[[0. 0. 1.]
 [0. 1. 0.]
 [0. 1. 0.]
 [0. 0. 1.]
 [0. 0. 1.]]
Actor Loss: -0.6145232915878296, Critic Loss: 3.179427146911621
Layer conv1.weight gradient norm: 0.0006750293541699648
Layer conv1.bias gradient norm: 0.0007737284176982939
Layer conv2.weight gradient norm: 0.0004932790179736912
Layer conv2.bias gradient norm: 0.000985869555734098
Layer conv3.weight gradient norm: 0.0007675933302380145
Layer conv3.bias gradient norm: 0.0005652001709677279
Layer fc1.weight gradient norm: 6.10234601481352e-05
Layer fc1.bias gradient norm: 3.203889718861319e-06
Layer fc2.weight gradient norm: 0.0008515621302649379
Layer fc2.bias gradient norm: 7.610186457895907e-06
Layer fc3.weight gradient norm: 0.00443937536329031
Layer fc3.bias gradient norm: 0.00010576951171969995
Episode: 678; Score: 3.404175641046882; Action: [2 1 1 2 2]
[[0.79893136 0.03494475 0.1661239 ]
 [0.45083097 0.36795527 0.18121375]
 [0.28057218 0.20079647 0.51863134]
 [0.41338223 0.50050414 0.08611359]
 [0.03404664 0.44923073 0.5167226 ]]
Episode: 679; Score: 0.04999999999999999; Action: [0 0 2 1 2]
[[0.21580777 0.35840058 0.42579162]
 [0.2654466  0.34370878 0.39084458]
 [0.29557872 0.047444   0.6569773 ]
 [0.6815835  0.23745024 0.08096623]
 [0.01519817 0.35191795 0.6328839 ]]
Actor Loss: -0.6238604784011841, Critic Loss: 4.4416046142578125
Layer conv1.weight gradient norm: 0.0004425153892952949
Layer conv1.bias gradient norm: 0.000530167599208653
Layer conv2.weight gradient norm: 0.0003391536301933229
Layer conv2.bias gradient norm: 0.0006668012356385589
Layer conv3.weight gradient norm: 0.0005048647872172296
Layer conv3.bias gradient norm: 0.0003690701269079
Layer fc1.weight gradient norm: 4.037930921185762e-05
Layer fc1.bias gradient norm: 2.05230685423885e-06
Layer fc2.weight gradient norm: 0.000572630378883332
Layer fc2.bias gradient norm: 4.8598512876196764e-06
Layer fc3.weight gradient norm: 0.0031848500948399305
Layer fc3.bias gradient norm: 7.187196024460718e-05
Episode: 680; Score: 0.09999999999999998; Action: [2 2 2 0 2]
[[0.40140495 0.20248191 0.39611316]
 [0.21279153 0.5990986  0.18810984]
 [0.58383745 0.03914773 0.37701485]
 [0.23959324 0.6265891  0.13381767]
 [0.24240853 0.38050532 0.37708613]]
Episode: 681; Score: -0.3500000000000001; Action: [0 1 0 1 1]
[[0.4228743  0.1092814  0.46784428]
 [0.11393905 0.79243433 0.09362663]
 [0.19595405 0.17791742 0.62612855]
 [0.5626267  0.3349111  0.10246215]
 [0.6026418  0.31709504 0.08026317]]
Actor Loss: -0.6335097551345825, Critic Loss: 3.6286747455596924
Layer conv1.weight gradient norm: 0.00028409031801857054
Layer conv1.bias gradient norm: 0.0003227797569707036
Layer conv2.weight gradient norm: 0.00021033902885392308
Layer conv2.bias gradient norm: 0.0003970151301473379
Layer conv3.weight gradient norm: 0.00030089414212852716
Layer conv3.bias gradient norm: 0.00021429407934192568
Layer fc1.weight gradient norm: 2.411526111245621e-05
Layer fc1.bias gradient norm: 1.1717269217115245e-06
Layer fc2.weight gradient norm: 0.0003474702243693173
Layer fc2.bias gradient norm: 2.7667729227687232e-06
Layer fc3.weight gradient norm: 0.0020845059771090746
Layer fc3.bias gradient norm: 4.402892955113202e-05
Episode: 682; Score: -0.30000000000000004; Action: [2 1 2 0 0]
[[0.42966825 0.37292188 0.19740987]
 [0.24020724 0.6605728  0.09921996]
 [0.09602321 0.27829838 0.6256784 ]
 [0.18067998 0.14533997 0.67398006]
 [0.1145518  0.26145232 0.6239959 ]]
Episode: 683; Score: -0.25; Action: [0 1 2 2 2]
[[0. 0. 1.]
 [0. 1. 0.]
 [0. 1. 0.]
 [0. 0. 1.]
 [0. 0. 1.]]
Actor Loss: -0.6427195072174072, Critic Loss: 4.161735534667969
Layer conv1.weight gradient norm: 0.00018723653920460492
Layer conv1.bias gradient norm: 0.0002173074462916702
Layer conv2.weight gradient norm: 0.00013869428948964924
Layer conv2.bias gradient norm: 0.00026294379495084286
Layer conv3.weight gradient norm: 0.00019594869809225202
Layer conv3.bias gradient norm: 0.00013872097770217806
Layer fc1.weight gradient norm: 1.5799600078025833e-05
Layer fc1.bias gradient norm: 7.4682259310066e-07
Layer fc2.weight gradient norm: 0.00023047182185109705
Layer fc2.bias gradient norm: 1.7588597529538674e-06
Layer fc3.weight gradient norm: 0.0015088748186826706
Layer fc3.bias gradient norm: 3.0478695407509804e-05
Episode: 684; Score: 3.287576088394893; Action: [2 1 1 2 2]
[[0.25366673 0.50158983 0.24474347]
 [0.58111936 0.06056328 0.35831735]
 [0.23286584 0.03060518 0.736529  ]
 [0.1839941  0.23091912 0.58508676]
 [0.07827337 0.8793827  0.04234388]]
Episode: 685; Score: 0.04999999999999999; Action: [1 0 2 2 1]
[[0.30624637 0.53536576 0.15838785]
 [0.0035166  0.3497643  0.6467191 ]
 [0.08542694 0.0333092  0.88126385]
 [0.4782799  0.27291664 0.24880344]
 [0.25550833 0.17899902 0.56549263]]
Actor Loss: -0.6519704461097717, Critic Loss: 4.961811065673828
Layer conv1.weight gradient norm: 0.00012430737842805684
Layer conv1.bias gradient norm: 0.00014599782298319042
Layer conv2.weight gradient norm: 9.183237125398591e-05
Layer conv2.bias gradient norm: 0.00017380877397954464
Layer conv3.weight gradient norm: 0.00012768399028573185
Layer conv3.bias gradient norm: 8.976402750704437e-05
Layer fc1.weight gradient norm: 1.0319070497644134e-05
Layer fc1.bias gradient norm: 4.765191192745988e-07
Layer fc2.weight gradient norm: 0.0001525958941783756
Layer fc2.bias gradient norm: 1.1195181741641136e-06
Layer fc3.weight gradient norm: 0.0011075122747570276
Layer fc3.bias gradient norm: 2.146512815670576e-05
Episode: 686; Score: -0.15000000000000002; Action: [1 2 2 0 2]
[[3.44509142e-04 3.92838776e-01 6.06816709e-01]
 [6.28916502e-01 2.18601022e-02 3.49223375e-01]
 [1.79507695e-02 1.96593493e-01 7.85455763e-01]
 [9.31754261e-02 1.09676614e-01 7.97147989e-01]
 [2.68712699e-01 6.63083315e-01 6.82039708e-02]]
Episode: 687; Score: -0.10000000000000009; Action: [2 0 2 2 1]
[[0.06811911 0.1538352  0.77804565]
 [0.3237873  0.5582584  0.1179543 ]
 [0.0198217  0.09065734 0.88952094]
 [0.31594783 0.00093616 0.683116  ]
 [0.07151961 0.5694211  0.35905927]]
Actor Loss: -0.6616390943527222, Critic Loss: 6.636532783508301
Layer conv1.weight gradient norm: 8.083300781436265e-05
Layer conv1.bias gradient norm: 9.513769327895716e-05
Layer conv2.weight gradient norm: 5.9395395510364324e-05
Layer conv2.bias gradient norm: 0.00011174031533300877
Layer conv3.weight gradient norm: 8.131284994306043e-05
Layer conv3.bias gradient norm: 5.665181379299611e-05
Layer fc1.weight gradient norm: 6.593002581212204e-06
Layer fc1.bias gradient norm: 2.97126462101005e-07
Layer fc2.weight gradient norm: 9.854868403635919e-05
Layer fc2.bias gradient norm: 6.959765528335993e-07
Layer fc3.weight gradient norm: 0.0008131922804750502
Layer fc3.bias gradient norm: 1.5144625649554655e-05
Episode: 688; Score: -0.050000000000000044; Action: [2 1 2 2 1]
[[0.47747317 0.36211008 0.16041672]
 [0.41584527 0.37968788 0.20446683]
 [0.4890428  0.1777662  0.333191  ]
 [0.35134506 0.39210823 0.25654668]
 [0.6323973  0.3376546  0.02994812]]
Episode: 689; Score: -1.0; Action: [0 0 0 1 0]
[[1. 0. 0.]
 [1. 0. 0.]
 [1. 0. 0.]
 [1. 0. 0.]
 [1. 0. 0.]]
Actor Loss: -0.6715834736824036, Critic Loss: 3.296043634414673
Layer conv1.weight gradient norm: 5.185280679143034e-05
Layer conv1.bias gradient norm: 5.9884183428948745e-05
Layer conv2.weight gradient norm: 3.7497837183764204e-05
Layer conv2.bias gradient norm: 6.929862865945324e-05
Layer conv3.weight gradient norm: 5.026904909755103e-05
Layer conv3.bias gradient norm: 3.4545984817668796e-05
Layer fc1.weight gradient norm: 4.111946509510744e-06
Layer fc1.bias gradient norm: 1.805245517516596e-07
Layer fc2.weight gradient norm: 6.169515836518258e-05
Layer fc2.bias gradient norm: 4.1876256773321074e-07
Layer fc3.weight gradient norm: 0.0005873195477761328
Layer fc3.bias gradient norm: 1.0493855370441452e-05
Episode: 690; Score: 1.2187981585457532; Action: [0 0 0 0 0]
[[0.59132284 0.23041415 0.17826298]
 [0.55604786 0.18486412 0.259088  ]
 [0.87879956 0.03497449 0.08622595]
 [0.15968108 0.47160402 0.3687149 ]
 [0.5565678  0.24265951 0.2007727 ]]
Episode: 691; Score: -0.2; Action: [0 0 0 1 0]
[[0.14279279 0.08413194 0.7730753 ]
 [0.24830593 0.04074199 0.7109521 ]
 [0.4087218  0.5019719  0.08930627]
 [0.743049   0.21687189 0.04007909]
 [0.6231062  0.06685246 0.31004137]]
Actor Loss: -0.6812444925308228, Critic Loss: 2.897082805633545
Layer conv1.weight gradient norm: 3.277743962826207e-05
Layer conv1.bias gradient norm: 3.810877024079673e-05
Layer conv2.weight gradient norm: 2.3620437787030824e-05
Layer conv2.bias gradient norm: 4.3603959056781605e-05
Layer conv3.weight gradient norm: 3.1359140848508105e-05
Layer conv3.bias gradient norm: 2.141925142495893e-05
Layer fc1.weight gradient norm: 2.5768786144908518e-06
Layer fc1.bias gradient norm: 1.1076899397721718e-07
Layer fc2.weight gradient norm: 3.8950707676121965e-05
Layer fc2.bias gradient norm: 2.5646906465226493e-07
Layer fc3.weight gradient norm: 0.00044736481504514813
Layer fc3.bias gradient norm: 7.738324711681344e-06
Episode: 692; Score: 0.09999999999999998; Action: [2 2 1 0 0]
[[0.3101178  0.24875244 0.44112974]
 [0.01785465 0.9597085  0.02243684]
 [0.8327912  0.09833987 0.06886893]
 [0.22246385 0.3419158  0.43562037]
 [0.17321235 0.18668175 0.6401059 ]]
Episode: 693; Score: 1.0; Action: [2 1 0 2 2]
[[0.17379414 0.02765779 0.7985481 ]
 [0.23914973 0.11268116 0.6481691 ]
 [0.35914245 0.5862031  0.05465446]
 [0.11580379 0.04336924 0.840827  ]
 [0.09504799 0.7793852  0.1255668 ]]
Actor Loss: -0.6903856992721558, Critic Loss: 4.925730228424072
Layer conv1.weight gradient norm: 2.148195926565677e-05
Layer conv1.bias gradient norm: 2.612823482195381e-05
Layer conv2.weight gradient norm: 1.5761630493216217e-05
Layer conv2.bias gradient norm: 2.9674229153897613e-05
Layer conv3.weight gradient norm: 2.096259231620934e-05
Layer conv3.bias gradient norm: 1.438000617781654e-05
Layer fc1.weight gradient norm: 1.7282865201195818e-06
Layer fc1.bias gradient norm: 7.366396204133707e-08
Layer fc2.weight gradient norm: 2.633815529407002e-05
Layer fc2.bias gradient norm: 1.7025512022428302e-07
Layer fc3.weight gradient norm: 0.00037385750329121947
Layer fc3.bias gradient norm: 6.336024398478912e-06
Episode: 694; Score: 0.55; Action: [2 2 1 2 1]
[[0.18678825 0.4112369  0.40197486]
 [0.28077343 0.58973813 0.12948845]
 [0.39373228 0.35270047 0.25356725]
 [0.63663805 0.15730964 0.20605233]
 [0.79442996 0.02972302 0.17584704]]
Episode: 695; Score: -0.15000000000000002; Action: [1 1 0 0 0]
[[0. 0. 1.]
 [0. 1. 0.]
 [0. 0. 1.]
 [0. 0. 1.]
 [0. 0. 1.]]
Actor Loss: -0.69928377866745, Critic Loss: 4.082918167114258
Layer conv1.weight gradient norm: 1.2581562259583734e-05
Layer conv1.bias gradient norm: 1.4548882973031141e-05
Layer conv2.weight gradient norm: 8.96027540875366e-06
Layer conv2.bias gradient norm: 1.6320271242875606e-05
Layer conv3.weight gradient norm: 1.1618225471465848e-05
Layer conv3.bias gradient norm: 7.813565389369614e-06
Layer fc1.weight gradient norm: 9.572395356371999e-07
Layer fc1.bias gradient norm: 3.968777306795346e-08
Layer fc2.weight gradient norm: 1.4714200915477704e-05
Layer fc2.bias gradient norm: 9.157402303117124e-08
Layer fc3.weight gradient norm: 0.0002677701704669744
Layer fc3.bias gradient norm: 4.363356310932431e-06
Episode: 696; Score: 2.950084746980009; Action: [2 1 2 2 2]
[[0.5001277  0.06468081 0.43519154]
 [0.29341346 0.3529333  0.35365325]
 [0.66078967 0.2914239  0.04778642]
 [0.1981361  0.04504808 0.7568158 ]
 [0.08080164 0.77686244 0.1423359 ]]
Episode: 697; Score: 0.04999999999999999; Action: [0 2 0 2 1]
[[0.20675212 0.15917696 0.63407093]
 [0.2797708  0.12747574 0.59275347]
 [0.2432558  0.4668327  0.2899115 ]
 [0.2518819  0.22073235 0.5273858 ]
 [0.03411878 0.31246626 0.65341496]]
Actor Loss: -0.708274245262146, Critic Loss: 4.195441246032715
Layer conv1.weight gradient norm: 7.716618711128831e-06
Layer conv1.bias gradient norm: 9.108294761972502e-06
Layer conv2.weight gradient norm: 5.528000656340737e-06
Layer conv2.bias gradient norm: 1.0139184269064572e-05
Layer conv3.weight gradient norm: 7.144326900743181e-06
Layer conv3.bias gradient norm: 4.801463546755258e-06
Layer fc1.weight gradient norm: 5.902834345761221e-07
Layer fc1.bias gradient norm: 2.4200833337317817e-08
Layer fc2.weight gradient norm: 9.130509170063306e-06
Layer fc2.bias gradient norm: 5.575187245199231e-08
Layer fc3.weight gradient norm: 0.0002263252972625196
Layer fc3.bias gradient norm: 3.6167439247947186e-06
Episode: 698; Score: 1.0; Action: [2 2 1 2 2]
[[0.06753795 0.701455   0.23100702]
 [0.38902414 0.46840099 0.14257486]
 [0.19797833 0.28008357 0.5219381 ]
 [0.29525766 0.6688992  0.03584316]
 [0.01229108 0.08243473 0.9052742 ]]
Episode: 699; Score: 0.3; Action: [1 1 2 1 2]
[[0.020232   0.33961952 0.64014846]
 [0.44589972 0.12038408 0.43371618]
 [0.36467996 0.01517427 0.62014574]
 [0.26784784 0.17044158 0.5617106 ]
 [0.6458862  0.05330586 0.30080795]]
Actor Loss: -0.7176073789596558, Critic Loss: 3.0735549926757812
Layer conv1.weight gradient norm: 3.774222932406701e-06
Layer conv1.bias gradient norm: 4.348228685557842e-06
Layer conv2.weight gradient norm: 2.660089421624434e-06
Layer conv2.bias gradient norm: 4.795388122147415e-06
Layer conv3.weight gradient norm: 3.3845631151052658e-06
Layer conv3.bias gradient norm: 2.2477056518255267e-06
Layer fc1.weight gradient norm: 2.79800673297359e-07
Layer fc1.bias gradient norm: 1.1250706144494416e-08
Layer fc2.weight gradient norm: 4.355315013526706e-06
Layer fc2.bias gradient norm: 2.5880103393660647e-08
Layer fc3.weight gradient norm: 0.00017560296691954136
Layer fc3.bias gradient norm: 2.7281828351988224e-06
Episode: 700; Score: 0.09999999999999998; Action: [2 0 2 2 0]
[[0.7793951  0.10020776 0.12039711]
 [0.38686517 0.2749835  0.33815134]
 [0.19983703 0.14998469 0.65017825]
 [0.13356829 0.52749956 0.33893213]
 [0.10505418 0.09329209 0.80165374]]
Episode: 701; Score: -0.3500000000000001; Action: [0 0 2 1 2]
[[1. 0. 0.]
 [1. 0. 0.]
 [1. 0. 0.]
 [1. 0. 0.]
 [1. 0. 0.]]
Actor Loss: -0.7270996570587158, Critic Loss: 3.8985037803649902
Layer conv1.weight gradient norm: 1.2398998023854801e-06
Layer conv1.bias gradient norm: 1.408133016411739e-06
Layer conv2.weight gradient norm: 8.65104141212214e-07
Layer conv2.bias gradient norm: 1.5403749102915754e-06
Layer conv3.weight gradient norm: 1.0880376066779718e-06
Layer conv3.bias gradient norm: 7.157041181926616e-07
Layer fc1.weight gradient norm: 9.022943459058297e-08
Layer fc1.bias gradient norm: 3.5599536651886865e-09
Layer fc2.weight gradient norm: 1.4091755247136462e-06
Layer fc2.bias gradient norm: 8.177745591808616e-09
Layer fc3.weight gradient norm: 0.00013978844799567014
Layer fc3.bias gradient norm: 2.117690428349306e-06
Episode: 702; Score: 1.238614181957854; Action: [0 0 0 0 0]
[[0.34951437 0.28421935 0.36626628]
 [0.00738172 0.33616096 0.6564573 ]
 [0.05851438 0.5884755  0.35301006]
 [0.16738364 0.27125508 0.5613613 ]
 [0.5109087  0.31877264 0.17031862]]
Episode: 703; Score: 0.55; Action: [2 2 1 2 0]
[[0.21266624 0.3836707  0.40366307]
 [0.07136637 0.47055954 0.4580741 ]
 [0.28384748 0.65413976 0.06201275]
 [0.29154348 0.45727307 0.25118345]
 [0.37115145 0.6221598  0.00668878]]
Actor Loss: -0.7361693382263184, Critic Loss: 2.977583885192871
Layer conv1.weight gradient norm: 1.9304206944070756e-07
Layer conv1.bias gradient norm: 2.3086610667633067e-07
Layer conv2.weight gradient norm: 1.3784895713797596e-07
Layer conv2.bias gradient norm: 2.51985426302781e-07
Layer conv3.weight gradient norm: 1.751542129113659e-07
Layer conv3.bias gradient norm: 1.1620638673548456e-07
Layer fc1.weight gradient norm: 1.5045694468085458e-08
Layer fc1.bias gradient norm: 5.747157194591068e-10
Layer fc2.weight gradient norm: 2.2869171800721233e-07
Layer fc2.bias gradient norm: 1.318484099677164e-09
Layer fc3.weight gradient norm: 0.00012725655687972903
Layer fc3.bias gradient norm: 1.908595777422306e-06
Episode: 704; Score: 0.35; Action: [2 1 1 1 1]
[[0.2662794  0.62416404 0.10955658]
 [0.34776783 0.5103659  0.14186627]
 [0.17388618 0.37560922 0.4505046 ]
 [0.07617511 0.22369207 0.70013285]
 [0.10311241 0.27668375 0.62020385]]
Episode: 705; Score: 0.1499999999999999; Action: [1 1 2 2 2]
[[0.5335564  0.04509878 0.4213448 ]
 [0.3007228  0.48301136 0.21626583]
 [0.21186216 0.33094028 0.45719758]
 [0.05953215 0.8866881  0.05377976]
 [0.53927577 0.19401455 0.2667097 ]]
Actor Loss: -0.7448413372039795, Critic Loss: 1.8482781648635864
Layer conv1.weight gradient norm: 1.372056999571214e-06
Layer conv1.bias gradient norm: 1.5888177813394577e-06
Layer conv2.weight gradient norm: 9.605712421034696e-07
Layer conv2.bias gradient norm: 1.7190584458148805e-06
Layer conv3.weight gradient norm: 1.1996354487564531e-06
Layer conv3.bias gradient norm: 7.864698545745341e-07
Layer fc1.weight gradient norm: 9.990950644578334e-08
Layer fc1.bias gradient norm: 3.8701655213913e-09
Layer fc2.weight gradient norm: 1.5732478004792938e-06
Layer fc2.bias gradient norm: 8.868887846347207e-09
Layer fc3.weight gradient norm: 0.00010743411985458806
Layer fc3.bias gradient norm: 1.582757249707356e-06
Episode: 706; Score: -0.55; Action: [0 1 2 1 0]
[[0.19589187 0.57661957 0.22748855]
 [0.2685972  0.32762975 0.40377307]
 [0.12088127 0.69661707 0.18250166]
 [0.305907   0.32044724 0.37364578]
 [0.7298592  0.19926105 0.07087974]]
Episode: 707; Score: -0.5; Action: [1 2 1 2 0]
[[1. 0. 0.]
 [1. 0. 0.]
 [1. 0. 0.]
 [1. 0. 0.]
 [1. 0. 0.]]
Actor Loss: -0.7532569169998169, Critic Loss: 3.926969528198242
Layer conv1.weight gradient norm: 2.0158479401288787e-06
Layer conv1.bias gradient norm: 2.298520485055633e-06
Layer conv2.weight gradient norm: 1.3963118590254453e-06
Layer conv2.bias gradient norm: 2.4701887468836503e-06
Layer conv3.weight gradient norm: 1.724454591567337e-06
Layer conv3.bias gradient norm: 1.1219501629966544e-06
Layer fc1.weight gradient norm: 1.433501068959231e-07
Layer fc1.bias gradient norm: 5.495068400307446e-09
Layer fc2.weight gradient norm: 2.271799985464895e-06
Layer fc2.bias gradient norm: 1.2579485009212021e-08
Layer fc3.weight gradient norm: 8.936515223467723e-05
Layer fc3.bias gradient norm: 1.2902897879030206e-06
Episode: 708; Score: 1.5102349178477836; Action: [0 0 0 0 0]
[[0.07774273 0.5865651  0.33569217]
 [0.15469514 0.6497987  0.1955062 ]
 [0.68972105 0.25068483 0.05959412]
 [0.35785383 0.2661581  0.37598807]
 [0.31951404 0.32868835 0.3517976 ]]
Episode: 709; Score: 0.55; Action: [1 1 0 2 2]
[[0.43136302 0.44653517 0.1221018 ]
 [0.8423012  0.07198076 0.08571804]
 [0.49626473 0.01900695 0.48472834]
 [0.22491285 0.18909653 0.5859906 ]
 [0.00568936 0.54188246 0.45242816]]
Actor Loss: -0.7620270252227783, Critic Loss: 3.5164570808410645
Layer conv1.weight gradient norm: 2.6719606012193253e-06
Layer conv1.bias gradient norm: 3.098364004472387e-06
Layer conv2.weight gradient norm: 1.8603619764689938e-06
Layer conv2.bias gradient norm: 3.316941501907422e-06
Layer conv3.weight gradient norm: 2.2985791474638972e-06
Layer conv3.bias gradient norm: 1.4977280216044164e-06
Layer fc1.weight gradient norm: 1.9215393365357158e-07
Layer fc1.bias gradient norm: 7.304820304199211e-09
Layer fc2.weight gradient norm: 3.044783170480514e-06
Layer fc2.bias gradient norm: 1.6707229377743715e-08
Layer fc3.weight gradient norm: 8.11457066447474e-05
Layer fc3.bias gradient norm: 1.157875203716685e-06
Episode: 710; Score: -0.15000000000000002; Action: [1 0 0 2 1]
[[0.42809576 0.06012061 0.5117836 ]
 [0.53923315 0.2431374  0.21762948]
 [0.3468727  0.6255267  0.02760061]
 [0.31653595 0.626027   0.05743707]
 [0.7418725  0.05427071 0.20385683]]
Episode: 711; Score: -0.10000000000000009; Action: [2 0 1 1 0]
[[0.29764864 0.40443274 0.29791862]
 [0.6072762  0.27343684 0.11928693]
 [0.15515974 0.6509962  0.19384407]
 [0.7912738  0.12585558 0.08287068]
 [0.17391838 0.59321964 0.23286197]]
Actor Loss: -0.7703993320465088, Critic Loss: 3.6928768157958984
Layer conv1.weight gradient norm: 3.1069403121364303e-06
Layer conv1.bias gradient norm: 3.715671255122288e-06
Layer conv2.weight gradient norm: 2.1875816855754238e-06
Layer conv2.bias gradient norm: 3.96604491470498e-06
Layer conv3.weight gradient norm: 2.717307324928697e-06
Layer conv3.bias gradient norm: 1.7811154293667641e-06
Layer fc1.weight gradient norm: 2.2695346046930354e-07
Layer fc1.bias gradient norm: 8.653185723517254e-09
Layer fc2.weight gradient norm: 3.617005177147803e-06
Layer fc2.bias gradient norm: 1.977546837395039e-08
Layer fc3.weight gradient norm: 7.60618204367347e-05
Layer fc3.bias gradient norm: 1.0804153589560883e-06
Episode: 712; Score: -0.55; Action: [1 0 1 0 1]
[[5.7989669e-01 3.2355869e-01 9.6544653e-02]
 [4.2001539e-01 3.1974184e-04 5.7966489e-01]
 [4.3524542e-01 3.6148947e-01 2.0326509e-01]
 [1.2814404e-01 3.9812210e-01 4.7373384e-01]
 [3.0867246e-01 6.0809267e-01 8.3234854e-02]]
Episode: 713; Score: -0.75; Action: [0 2 0 2 1]
[[0. 0. 1.]
 [0. 1. 0.]
 [0. 0. 1.]
 [0. 0. 1.]
 [0. 0. 1.]]
Actor Loss: -0.778828501701355, Critic Loss: 2.7695627212524414
Layer conv1.weight gradient norm: 3.3836934107966954e-06
Layer conv1.bias gradient norm: 3.98850852434407e-06
Layer conv2.weight gradient norm: 2.3645882265554974e-06
Layer conv2.bias gradient norm: 4.238395831634989e-06
Layer conv3.weight gradient norm: 2.9109073693689425e-06
Layer conv3.bias gradient norm: 1.8940686459245626e-06
Layer fc1.weight gradient norm: 2.4387600205955096e-07
Layer fc1.bias gradient norm: 9.168759973476881e-09
Layer fc2.weight gradient norm: 3.888087576342514e-06
Layer fc2.bias gradient norm: 2.09398542949657e-08
Layer fc3.weight gradient norm: 6.660629878751934e-05
Layer fc3.bias gradient norm: 9.312565225627623e-07
Episode: 714; Score: 2.9414530593549815; Action: [2 1 2 2 2]
[[0.37675533 0.29608002 0.32716465]
 [0.22544281 0.5635667  0.21099049]
 [0.31467503 0.28098014 0.40434483]
 [0.19730663 0.42209393 0.38059944]
 [0.40538457 0.18833543 0.40627998]]
Episode: 715; Score: 0.3; Action: [0 1 2 1 2]
[[0.16263692 0.09902707 0.738336  ]
 [0.35920334 0.13731131 0.5034853 ]
 [0.73947567 0.24199344 0.01853086]
 [0.06810432 0.3823242  0.5495715 ]
 [0.4857086  0.39609513 0.11819628]]
Actor Loss: -0.7873929738998413, Critic Loss: 2.2355637550354004
Layer conv1.weight gradient norm: 3.3840731248346856e-06
Layer conv1.bias gradient norm: 3.947240656998474e-06
Layer conv2.weight gradient norm: 2.349626583963982e-06
Layer conv2.bias gradient norm: 4.177939445071388e-06
Layer conv3.weight gradient norm: 2.8722945444314973e-06
Layer conv3.bias gradient norm: 1.858271843957482e-06
Layer fc1.weight gradient norm: 2.4018305566642084e-07
Layer fc1.bias gradient norm: 8.965056252918657e-09
Layer fc2.weight gradient norm: 3.848663254757412e-06
Layer fc2.bias gradient norm: 2.046326308402513e-08
Layer fc3.weight gradient norm: 5.960797716397792e-05
Layer fc3.bias gradient norm: 8.225283067986311e-07
Episode: 716; Score: 0.09999999999999998; Action: [2 2 0 2 0]
[[0.88495153 0.00622611 0.10882235]
 [0.12041911 0.28114095 0.59843993]
 [0.3149797  0.48915803 0.19586226]
 [0.27373242 0.6393324  0.08693518]
 [0.2956428  0.5099546  0.19440264]]
Episode: 717; Score: -0.3500000000000001; Action: [0 2 1 1 1]
[[0.22073007 0.35246158 0.42680836]
 [0.2607214  0.09866496 0.6406137 ]
 [0.46479478 0.37246957 0.16273561]
 [0.08005936 0.3737237  0.54621696]
 [0.49084783 0.19658051 0.31257167]]
Actor Loss: -0.795850396156311, Critic Loss: 3.701451301574707
Layer conv1.weight gradient norm: 3.700289198604878e-06
Layer conv1.bias gradient norm: 4.313843419367913e-06
Layer conv2.weight gradient norm: 2.5599276796128834e-06
Layer conv2.bias gradient norm: 4.549461209535366e-06
Layer conv3.weight gradient norm: 3.119913117188844e-06
Layer conv3.bias gradient norm: 2.015096470131539e-06
Layer fc1.weight gradient norm: 2.6107389317076013e-07
Layer fc1.bias gradient norm: 9.690444890964045e-09
Layer fc2.weight gradient norm: 4.192429514660034e-06
Layer fc2.bias gradient norm: 2.210879301856039e-08
Layer fc3.weight gradient norm: 5.459033127408475e-05
Layer fc3.bias gradient norm: 7.47694912206498e-07
Episode: 718; Score: -0.30000000000000004; Action: [2 2 0 2 0]
[[0.6927775  0.11282673 0.19439578]
 [0.20450746 0.7212701  0.07422248]
 [0.82764214 0.16730636 0.00505148]
 [0.46288368 0.4383532  0.09876312]
 [0.06302559 0.03247225 0.90450215]]
Episode: 719; Score: -0.5; Action: [0 1 0 0 2]
[[1. 0. 0.]
 [1. 0. 0.]
 [1. 0. 0.]
 [1. 0. 0.]
 [1. 0. 0.]]
Actor Loss: -0.8046962022781372, Critic Loss: 5.714305877685547
Layer conv1.weight gradient norm: 3.9028163882903755e-06
Layer conv1.bias gradient norm: 4.544609964796109e-06
Layer conv2.weight gradient norm: 2.7041996872867458e-06
Layer conv2.bias gradient norm: 4.8171905291383155e-06
Layer conv3.weight gradient norm: 3.307985707579064e-06
Layer conv3.bias gradient norm: 2.1356029265007237e-06
Layer fc1.weight gradient norm: 2.7513584655025625e-07
Layer fc1.bias gradient norm: 1.0138709427565118e-08
Layer fc2.weight gradient norm: 4.421355242811842e-06
Layer fc2.bias gradient norm: 2.312304658858011e-08
Layer fc3.weight gradient norm: 5.146938929101452e-05
Layer fc3.bias gradient norm: 6.989268968027318e-07
Episode: 720; Score: 1.3978764092617573; Action: [0 0 0 0 0]
[[0.493433   0.3275372  0.17902978]
 [0.30686164 0.4617949  0.23134345]
 [0.385994   0.35201287 0.26199314]
 [0.31860745 0.4225258  0.2588668 ]
 [0.29640713 0.25639844 0.44719443]]
Episode: 721; Score: 0.3; Action: [0 1 0 1 2]
[[0.12392346 0.2841202  0.5919563 ]
 [0.63559294 0.2723491  0.09205796]
 [0.14528339 0.19914253 0.6555741 ]
 [0.4976555  0.2523545  0.24998997]
 [0.01184472 0.88902336 0.0991319 ]]
Actor Loss: -0.8136415481567383, Critic Loss: 3.770268678665161
Layer conv1.weight gradient norm: 3.5878722428606125e-06
Layer conv1.bias gradient norm: 4.1247067201766185e-06
Layer conv2.weight gradient norm: 2.4701862457732204e-06
Layer conv2.bias gradient norm: 4.360082130006049e-06
Layer conv3.weight gradient norm: 3.003364327014424e-06
Layer conv3.bias gradient norm: 1.9269996300863568e-06
Layer fc1.weight gradient norm: 2.491846942120901e-07
Layer fc1.bias gradient norm: 9.124266675542003e-09
Layer fc2.weight gradient norm: 4.023157089250162e-06
Layer fc2.bias gradient norm: 2.080342476062924e-08
Layer fc3.weight gradient norm: 4.517320485319942e-05
Layer fc3.bias gradient norm: 6.056786787667079e-07
Episode: 722; Score: -0.15000000000000002; Action: [2 0 2 0 1]
[[0.44299543 0.4310911  0.12591347]
 [0.33260727 0.21080866 0.45658407]
 [0.10565062 0.49449742 0.39985195]
 [0.3529502  0.50793916 0.13911064]
 [0.80197746 0.18746164 0.01056092]]
Episode: 723; Score: -0.3500000000000001; Action: [0 2 1 1 0]
[[0.02266556 0.5891399  0.38819456]
 [0.51636416 0.21882583 0.26481   ]
 [0.29859078 0.3984503  0.30295894]
 [0.33144504 0.61327535 0.05527961]
 [0.15348725 0.23682249 0.60969025]]
Actor Loss: -0.822264552116394, Critic Loss: 2.223618745803833
Layer conv1.weight gradient norm: 3.926803401554935e-06
Layer conv1.bias gradient norm: 4.6837053560011555e-06
Layer conv2.weight gradient norm: 2.7508426683198195e-06
Layer conv2.bias gradient norm: 4.94926734972978e-06
Layer conv3.weight gradient norm: 3.369870682945475e-06
Layer conv3.bias gradient norm: 2.1804899006383494e-06
Layer fc1.weight gradient norm: 2.8037533184033236e-07
Layer fc1.bias gradient norm: 1.0301707931148485e-08
Layer fc2.weight gradient norm: 4.529413672571536e-06
Layer fc2.bias gradient norm: 2.348276240127234e-08
Layer fc3.weight gradient norm: 4.62242060166318e-05
Layer fc3.bias gradient norm: 6.191104375830037e-07
Episode: 724; Score: -0.30000000000000004; Action: [1 0 1 1 2]
[[0.17547013 0.41330156 0.41122833]
 [0.4198833  0.04696041 0.5331563 ]
 [0.34751353 0.05823538 0.5942511 ]
 [0.0528235  0.17113523 0.77604127]
 [0.1930488  0.2292555  0.57769567]]
Episode: 725; Score: -0.5; Action: [1 2 2 2 2]
[[0. 0. 1.]
 [0. 1. 0.]
 [0. 0. 1.]
 [0. 0. 1.]
 [0. 0. 1.]]
Actor Loss: -0.8306753635406494, Critic Loss: 6.178671360015869
Layer conv1.weight gradient norm: 4.286597231839551e-06
Layer conv1.bias gradient norm: 5.073437023384031e-06
Layer conv2.weight gradient norm: 2.980615818160004e-06
Layer conv2.bias gradient norm: 5.341440100892214e-06
Layer conv3.weight gradient norm: 3.6366036511026323e-06
Layer conv3.bias gradient norm: 2.346348082937766e-06
Layer fc1.weight gradient norm: 3.036303439785115e-07
Layer fc1.bias gradient norm: 1.1063084670581702e-08
Layer fc2.weight gradient norm: 4.899264695268357e-06
Layer fc2.bias gradient norm: 2.5214520249505767e-08
Layer fc3.weight gradient norm: 4.542522947303951e-05
Layer fc3.bias gradient norm: 6.064445869924384e-07
Episode: 726; Score: 3.304812145527804; Action: [2 1 2 2 2]
[[0.07752877 0.87742776 0.04504348]
 [0.35762104 0.51479685 0.12758215]
 [0.33608323 0.02912453 0.6347922 ]
 [0.4708486  0.24001653 0.2891349 ]
 [0.33404115 0.04563137 0.6203275 ]]
Episode: 727; Score: 0.3; Action: [1 1 2 0 2]
[[0.57486886 0.28147984 0.14365134]
 [0.17850304 0.5527265  0.26877043]
 [0.0718099  0.52824855 0.39994156]
 [0.6150702  0.0917112  0.29321855]
 [0.17551324 0.03317509 0.7913117 ]]
Actor Loss: -0.8388973474502563, Critic Loss: 2.018535614013672
Layer conv1.weight gradient norm: 4.052298208989669e-06
Layer conv1.bias gradient norm: 4.687943146564066e-06
Layer conv2.weight gradient norm: 2.785562628560001e-06
Layer conv2.bias gradient norm: 4.920904757454991e-06
Layer conv3.weight gradient norm: 3.3685760172375012e-06
Layer conv3.bias gradient norm: 2.156042228307342e-06
Layer fc1.weight gradient norm: 2.799766605221521e-07
Layer fc1.bias gradient norm: 1.0144073137041687e-08
Layer fc2.weight gradient norm: 4.544181592791574e-06
Layer fc2.bias gradient norm: 2.311768199092512e-08
Layer fc3.weight gradient norm: 3.970574834966101e-05
Layer fc3.bias gradient norm: 5.232058128967765e-07
Episode: 728; Score: 0.35; Action: [0 1 1 0 2]
[[0.49708465 0.12131357 0.38160178]
 [0.0180322  0.45568264 0.5262852 ]
 [0.28431702 0.283051   0.43263197]
 [0.6166514  0.07460897 0.30873963]
 [0.00799856 0.48424527 0.5077562 ]]
Episode: 729; Score: -0.3500000000000001; Action: [0 2 2 0 2]
[[0.16840266 0.4314602  0.40013716]
 [0.48849544 0.41094437 0.1005602 ]
 [0.3319312  0.20886777 0.459201  ]
 [0.0738253  0.22652662 0.6996481 ]
 [0.7635067  0.1841474  0.05234586]]
Actor Loss: -0.846879243850708, Critic Loss: 2.811276912689209
Layer conv1.weight gradient norm: 4.129708486289019e-06
Layer conv1.bias gradient norm: 4.844007889914792e-06
Layer conv2.weight gradient norm: 2.855414322766592e-06
Layer conv2.bias gradient norm: 5.078460617369274e-06
Layer conv3.weight gradient norm: 3.457437514953199e-06
Layer conv3.bias gradient norm: 2.2197875750862295e-06
Layer fc1.weight gradient norm: 2.8766564241777814e-07
Layer fc1.bias gradient norm: 1.0426407293095963e-08
Layer fc2.weight gradient norm: 4.674958290706854e-06
Layer fc2.bias gradient norm: 2.375983854108199e-08
Layer fc3.weight gradient norm: 4.036133395857178e-05
Layer fc3.bias gradient norm: 5.307234687279561e-07