Episode: 0; Score: 1.2515378185388166; Action: [[1. 0. 0.]
 [1. 0. 0.]
 [1. 0. 0.]
 [1. 0. 0.]
 [1. 0. 0.]]
Episode: 1; Score: 3.253115038389466; Action: [[0.2900855  0.11965712 0.5902574 ]
 [0.26141208 0.63186026 0.10672766]
 [0.17528562 0.36075202 0.46396235]
 [0.18449871 0.38071558 0.43478572]
 [0.47233078 0.00457032 0.5230989 ]]
Episode: 2; Score: 0.04999999999999999; Action: [[0.3796218  0.3215902  0.29878804]
 [0.03080702 0.19831643 0.7708765 ]
 [0.30600992 0.38119316 0.3127969 ]
 [0.6595942  0.27538127 0.06502456]
 [0.31937015 0.34194386 0.338686  ]]
Episode: 3; Score: -0.15000000000000002; Action: [[0.39082462 0.43065706 0.17851833]
 [0.16020416 0.30176827 0.5380276 ]
 [0.22158566 0.25946617 0.5189482 ]
 [0.78815144 0.20052354 0.01132505]
 [0.23053634 0.19556277 0.5739009 ]]
Episode: 4; Score: 3.0738719066539115; Action: [[0.01019242 0.407809   0.5819986 ]
 [0.11161886 0.5711055  0.31727567]
 [0.26358995 0.19167346 0.5447366 ]
 [0.10099488 0.23151499 0.6674901 ]
 [0.3193284  0.29176816 0.38890344]]
Episode: 5; Score: 0.04999999999999999; Action: [[0.18464933 0.32780156 0.4875491 ]
 [0.5194354  0.4064481  0.07411651]
 [0.07536185 0.21327929 0.71135885]
 [0.01831618 0.6197727  0.36191115]
 [0.41267234 0.4122918  0.17503586]]
Episode: 6; Score: 5.500834186304743; Action: [[0. 1. 0.]
 [0. 1. 0.]
 [0. 1. 0.]
 [0. 1. 0.]
 [0. 1. 0.]]
Episode: 7; Score: 1.0; Action: [[0.34434646 0.26133603 0.3943175 ]
 [0.17154227 0.56695765 0.26150006]
 [0.45288992 0.38677    0.16034007]
 [0.07126102 0.06330063 0.86543834]
 [0.01380192 0.08336823 0.9028298 ]]
Episode: 8; Score: 1.0; Action: [[3.0316734e-01 2.9758343e-02 6.6707432e-01]
 [2.2421958e-01 4.7516131e-01 3.0061910e-01]
 [2.3561673e-01 7.6435286e-01 3.0387635e-05]
 [1.7335822e-01 5.7847166e-01 2.4817011e-01]
 [7.8254357e-02 4.3677178e-01 4.8497388e-01]]
Episode: 9; Score: 0.04999999999999999; Action: [[0.06945665 0.0478524  0.88269097]
 [0.6487339  0.23069337 0.12057272]
 [0.43400133 0.27998734 0.28601134]
 [0.44519794 0.41071334 0.1440887 ]
 [0.33186167 0.39476106 0.27337727]]
Episode: 10; Score: 0.09999999999999998; Action: [[0.03633063 0.9413939  0.02227545]
 [0.24400161 0.31515342 0.44084498]
 [0.19211285 0.6494296  0.15845752]
 [0.3421852  0.24022381 0.41759098]
 [0.5214295  0.03929669 0.43927383]]
Episode: 11; Score: -0.3500000000000001; Action: [[0.00455624 0.12784109 0.86760265]
 [0.500336   0.29127488 0.20838916]
 [0.13328484 0.17329846 0.6934167 ]
 [0.42912006 0.28999743 0.28088254]
 [0.4837796  0.4346429  0.08157747]]
Episode: 12; Score: 3.368597226832522; Action: [[0. 0. 1.]
 [0. 1. 0.]
 [0. 0. 1.]
 [0. 0. 1.]
 [0. 0. 1.]]
Episode: 13; Score: 0.04999999999999999; Action: [[0.02446188 0.12328231 0.8522558 ]
 [0.34186727 0.17614049 0.48199224]
 [0.2599867  0.3626848  0.37732852]
 [0.07325172 0.64383775 0.28291056]
 [0.01701199 0.63422674 0.3487613 ]]
Episode: 14; Score: 0.35; Action: [[0.5022338  0.47918    0.01858617]
 [0.18916292 0.7038229  0.10701417]
 [0.02275259 0.5379479  0.4392995 ]
 [0.01484912 0.5745977  0.41055316]
 [0.35916865 0.07466223 0.56616914]]
Episode: 15; Score: -0.10000000000000009; Action: [[0.20660882 0.46647173 0.32691947]
 [0.2681266  0.5752719  0.15660149]
 [0.0999572  0.22679168 0.6732511 ]
 [0.15920158 0.24118364 0.5996148 ]
 [0.66487795 0.08149959 0.25362244]]
Episode: 16; Score: -0.30000000000000004; Action: [[0.47591722 0.4547796  0.06930318]
 [0.12824304 0.73752004 0.13423695]
 [0.17698692 0.63712835 0.18588476]
 [0.35691118 0.4648337  0.17825511]
 [0.47770604 0.42412144 0.09817251]]
Episode: 17; Score: -1.0; Action: [[0.35340077 0.32572743 0.32087183]
 [0.01138754 0.44484663 0.54376584]
 [0.60251826 0.3453866  0.05209515]
 [0.05967727 0.7530696  0.18725315]
 [0.27831563 0.5893096  0.1323748 ]]
Episode: 18; Score: 1.2479383572488096; Action: [[1. 0. 0.]
 [1. 0. 0.]
 [1. 0. 0.]
 [1. 0. 0.]
 [1. 0. 0.]]
Episode: 19; Score: -0.2; Action: [[0.48650277 0.09355552 0.4199417 ]
 [0.5374673  0.39185947 0.07067322]
 [0.41069564 0.38109165 0.20821269]
 [0.15684639 0.6239679  0.21918571]
 [0.6252894  0.16235922 0.21235141]]
Episode: 20; Score: -0.4; Action: [[0.02229842 0.8059917  0.1717099 ]
 [0.8277769  0.0314877  0.1407354 ]
 [0.6286178  0.3595875  0.01179469]
 [0.72665364 0.27081433 0.00253202]
 [0.17497747 0.5785828  0.24643968]]
Episode: 21; Score: 0.1499999999999999; Action: [[0.29973722 0.04037415 0.6598886 ]
 [0.25191766 0.29086778 0.45721456]
 [0.07341993 0.7708143  0.15576579]
 [0.07148015 0.45693564 0.4715842 ]
 [0.06112717 0.77986205 0.15901075]]
Episode: 22; Score: -0.30000000000000004; Action: [[0.24474435 0.20066524 0.5545904 ]
 [0.23933193 0.14909728 0.6115708 ]
 [0.23143218 0.394287   0.37428084]
 [0.35954663 0.3434193  0.29703405]
 [0.20010124 0.70372474 0.09617403]]
Episode: 23; Score: -0.25; Action: [[0.1603364  0.05739294 0.78227067]
 [0.24647549 0.37237003 0.38115448]
 [0.19779368 0.48163804 0.32056826]
 [0.7630767  0.05237571 0.18454754]
 [0.41115227 0.04495993 0.5438878 ]]
Episode: 24; Score: 1.232391446049211; Action: [[1. 0. 0.]
 [1. 0. 0.]
 [1. 0. 0.]
 [1. 0. 0.]
 [1. 0. 0.]]
Episode: 25; Score: 1.0; Action: [[0.05339919 0.14562686 0.80097395]
 [0.26252446 0.1532173  0.58425826]
 [0.2862303  0.5301274  0.18364228]
 [0.40468913 0.16293702 0.43237385]
 [0.17740323 0.11436552 0.7082313 ]]
Episode: 26; Score: 0.55; Action: [[0.42614403 0.12520269 0.44865328]
 [0.51063675 0.18319371 0.30616954]
 [0.07818156 0.7116458  0.21017267]
 [0.32199267 0.1280843  0.54992306]
 [0.07847013 0.69682103 0.22470887]]
Episode: 27; Score: -0.15000000000000002; Action: [[0.17428726 0.643568   0.18214476]
 [0.29649216 0.10004181 0.60346603]
 [0.16699465 0.54149526 0.29151008]
 [0.22732979 0.4577429  0.31492734]
 [0.24537294 0.4257847  0.32884234]]
Episode: 28; Score: -0.3500000000000001; Action: [[0.16591834 0.39964372 0.43443793]
 [0.6035972  0.05497983 0.34142298]
 [0.5806492  0.38301364 0.03633717]
 [0.7441307  0.20462546 0.05124385]
 [0.3918683  0.4626809  0.14545079]]
Episode: 29; Score: -0.8; Action: [[0.72547275 0.16733412 0.10719313]
 [0.8705009  0.06563019 0.06386887]
 [0.64397854 0.09669182 0.25932965]
 [0.4319148  0.33464855 0.23343663]
 [0.14421354 0.6342296  0.22155684]]
Episode: 30; Score: 5.035549373671922; Action: [[0. 1. 0.]
 [0. 1. 0.]
 [0. 1. 0.]
 [0. 1. 0.]
 [0. 1. 0.]]
Episode: 31; Score: -0.2; Action: [[0.7023853  0.0844156  0.21319911]
 [0.77774525 0.16895114 0.05330363]
 [0.4117588  0.4023     0.18594119]
 [0.46388942 0.11915807 0.41695252]
 [0.42164513 0.5458914  0.03246346]]
Episode: 32; Score: 0.35; Action: [[0.5697336  0.31454226 0.11572413]
 [0.05633752 0.6407643  0.3028982 ]
 [0.11834044 0.59070635 0.29095322]
 [0.51750696 0.05469882 0.42779425]
 [0.3347617  0.02908116 0.6361571 ]]
Episode: 33; Score: -0.3500000000000001; Action: [[0.7971985  0.15645231 0.04634924]
 [0.08229523 0.63804734 0.27965742]
 [0.06507599 0.25062305 0.68430096]
 [0.22942266 0.5783986  0.19217874]
 [0.40882704 0.2761191  0.31505385]]
Episode: 34; Score: -0.30000000000000004; Action: [[0.6530172  0.28817824 0.05880455]
 [0.03635949 0.540861   0.4227795 ]
 [0.09400405 0.76932234 0.13667363]
 [0.26352316 0.5980665  0.13841034]
 [0.07431081 0.83835673 0.08733249]]
Episode: 35; Score: 3.510439370930296; Action: [[0.12909175 0.05030375 0.8206045 ]
 [0.24298698 0.50380504 0.25320795]
 [0.10647978 0.14825138 0.7452688 ]
 [0.17776406 0.02740221 0.7948337 ]
 [0.29680756 0.10491113 0.5982813 ]]
Episode: 36; Score: 5.556942507266599; Action: [[0. 1. 0.]
 [0. 1. 0.]
 [0. 1. 0.]
 [0. 1. 0.]
 [0. 1. 0.]]
Episode: 37; Score: 0.3; Action: [[0.08794065 0.6700458  0.24201357]
 [0.38731042 0.35871753 0.25397205]
 [0.4486587  0.32938218 0.22195911]
 [0.39816537 0.11313608 0.48869854]
 [0.01463334 0.15909733 0.8262693 ]]
Episode: 38; Score: -0.4; Action: [[0.7182693  0.1024405  0.1792902 ]
 [0.23124082 0.243528   0.5252312 ]
 [0.20560673 0.02684362 0.76754963]
 [0.11215314 0.6531852  0.23466168]
 [0.7053909  0.12206523 0.17254391]]
Episode: 39; Score: -0.3500000000000001; Action: [[0.8221527  0.15234967 0.02549767]
 [0.34941185 0.40802452 0.24256362]
 [0.7267144  0.10151295 0.17177266]
 [0.37276116 0.41889074 0.2083481 ]
 [0.395469   0.4702284  0.13430259]]
Episode: 40; Score: -0.8; Action: [[0.31146994 0.5903726  0.09815741]
 [0.07954706 0.2877598  0.6326932 ]
 [0.69917405 0.02712168 0.2737043 ]
 [0.09141734 0.6294939  0.27908874]
 [0.24589843 0.6310736  0.12302795]]
Episode: 41; Score: -0.25; Action: [[0.06114923 0.18677147 0.7520793 ]
 [0.2848985  0.12893683 0.5861647 ]
 [0.3433361  0.53991365 0.11675028]
 [0.10909781 0.7123706  0.17853163]
 [0.2533356  0.11543763 0.6312268 ]]
Episode: 42; Score: 3.298807855302245; Action: [[0. 0. 1.]
 [0. 1. 0.]
 [0. 1. 0.]
 [0. 0. 1.]
 [0. 0. 1.]]
Episode: 43; Score: -0.2; Action: [[0.15466504 0.7017039  0.14363104]
 [0.6183087  0.31961647 0.06207481]
 [0.25285435 0.3026831  0.4444626 ]
 [0.7828349  0.03797674 0.17918839]
 [0.53618395 0.03843767 0.42537838]]
Episode: 44; Score: -0.15000000000000002; Action: [[0.03475451 0.8159256  0.14931992]
 [0.27681085 0.17096366 0.5522255 ]
 [0.44224238 0.22606988 0.33168775]
 [0.25626466 0.43633634 0.30739897]
 [0.10029563 0.11269578 0.7870086 ]]
Episode: 45; Score: -0.3500000000000001; Action: [[0.3342295  0.6488928  0.01687766]
 [0.31771693 0.6213053  0.06097781]
 [0.18402028 0.11028067 0.7056991 ]
 [0.4794196  0.2421954  0.278385  ]
 [0.7914121  0.06839891 0.14018898]]
Episode: 46; Score: -0.050000000000000044; Action: [[0.08821224 0.6690095  0.24277824]
 [0.5263375  0.04763454 0.42602795]
 [0.38039827 0.38597292 0.23362878]
 [0.18945463 0.02924593 0.7812994 ]
 [0.46346736 0.01767414 0.5188585 ]]
Episode: 47; Score: -0.75; Action: [[0.29065663 0.6621235  0.04721985]
 [0.05610678 0.30000687 0.6438863 ]
 [0.12868997 0.22975005 0.64155996]
 [0.18998721 0.6133517  0.19666107]
 [0.23586157 0.11566279 0.64847565]]
Episode: 48; Score: 5.485581730500663; Action: [[0. 1. 0.]
 [0. 1. 0.]
 [0. 1. 0.]
 [0. 1. 0.]
 [0. 1. 0.]]
Episode: 49; Score: 0.3; Action: [[0.62013704 0.15104914 0.22881383]
 [0.6352971  0.06686991 0.29783297]
 [0.26247728 0.26772    0.4698027 ]
 [0.32666823 0.18814768 0.4851841 ]
 [0.09004047 0.04410399 0.8658555 ]]
Episode: 50; Score: -0.15000000000000002; Action: [[0.2264252  0.56932485 0.20424996]
 [0.45013356 0.32893664 0.22092983]
 [0.6443313  0.2752883  0.08038044]
 [0.19050331 0.1620716  0.6474251 ]
 [0.28692663 0.41985536 0.29321805]]
Episode: 51; Score: -0.10000000000000009; Action: [[0.18064825 0.6754561  0.14389566]
 [0.26358905 0.6884768  0.04793414]
 [0.2175144  0.7050249  0.07746068]
 [0.12091374 0.867949   0.01113726]
 [0.7612308  0.1409881  0.0977811 ]]
Episode: 52; Score: -0.050000000000000044; Action: [[0.06440058 0.40280542 0.532794  ]
 [0.41614234 0.39489686 0.18896079]
 [0.18873076 0.18299979 0.62826943]
 [0.30235392 0.15834013 0.5393059 ]
 [0.01431892 0.43908787 0.5465932 ]]
Episode: 53; Score: -0.5; Action: [[0.09678138 0.18370064 0.719518  ]
 [0.4124677  0.07168112 0.5158512 ]
 [0.28972435 0.02911405 0.6811616 ]
 [0.05775237 0.18015586 0.76209176]
 [0.827423   0.09754065 0.07503635]]
Episode: 54; Score: 5.50103984553161; Action: [[0. 1. 0.]
 [0. 1. 0.]
 [0. 1. 0.]
 [0. 1. 0.]
 [0. 1. 0.]]
Episode: 55; Score: 0.3; Action: [[0.30435294 0.52784383 0.1678032 ]
 [0.2601154  0.6153727  0.12451186]
 [0.14251229 0.8151616  0.04232611]
 [0.44828033 0.42112908 0.1305906 ]
 [0.01149046 0.6788447  0.30966488]]
Episode: 56; Score: 0.09999999999999998; Action: [[0.192246   0.57607925 0.23167476]
 [0.33848456 0.5413082  0.12020723]
 [0.153767   0.8212488  0.02498419]
 [0.40120828 0.2020686  0.39672312]
 [0.8500859  0.07908531 0.0708288 ]]
Episode: 57; Score: -0.3500000000000001; Action: [[0.04928363 0.6756059  0.27511045]
 [0.06802899 0.06643597 0.865535  ]
 [0.00128625 0.59296024 0.40575352]
 [0.8686886  0.06463531 0.0666761 ]
 [0.3621655  0.38063225 0.25720224]]
Episode: 58; Score: -0.30000000000000004; Action: [[0.22446951 0.3212643  0.4542662 ]
 [0.07796131 0.8053865  0.11665218]
 [0.78147453 0.02162718 0.19689827]
 [0.01557555 0.88706553 0.0973589 ]
 [0.1232635  0.6002523  0.27648425]]
Episode: 59; Score: -0.75; Action: [[0.3708173  0.509774   0.11940866]
 [0.33251226 0.00765604 0.6598317 ]
 [0.23374157 0.01002036 0.75623804]
 [0.16617301 0.20495129 0.62887573]
 [0.31237456 0.64446247 0.04316295]]
Episode: 60; Score: 5.205370493406339; Action: [[0. 1. 0.]
 [0. 1. 0.]
 [0. 1. 0.]
 [0. 1. 0.]
 [0. 1. 0.]]
Episode: 61; Score: 0.04999999999999999; Action: [[0.62753373 0.24825028 0.12421598]
 [0.57822794 0.24697691 0.17479517]
 [0.04130173 0.429479   0.52921927]
 [0.41683212 0.16753298 0.4156349 ]
 [0.24458238 0.23567694 0.51974064]]
Episode: 62; Score: -0.35000000000000003; Action: [[0.76083595 0.18790378 0.05126026]
 [0.5264889  0.11114182 0.36236927]
 [0.33365595 0.05772634 0.6086177 ]
 [0.5434677  0.4054733  0.051059  ]
 [0.14472924 0.40977263 0.4454981 ]]
Episode: 63; Score: -0.10000000000000009; Action: [[0.12228842 0.6502417  0.22746989]
 [0.27914754 0.4606995  0.26015297]
 [0.43443555 0.2858401  0.27972433]
 [0.36743143 0.0908471  0.54172146]
 [0.32636046 0.573241   0.10039854]]
Episode: 64; Score: -0.30000000000000004; Action: [[0.18247174 0.6043986  0.21312962]
 [0.5496652  0.37427464 0.07606017]
 [0.30205148 0.41523978 0.28270876]
 [0.36182147 0.14907935 0.48909917]
 [0.55814344 0.10868119 0.3331754 ]]
Episode: 65; Score: -0.75; Action: [[0.01082591 0.13014612 0.859028  ]
 [0.41214657 0.33115166 0.25670177]
 [0.35966933 0.34925887 0.2910718 ]
 [0.11520083 0.80450934 0.08028985]
 [0.26327428 0.38556466 0.35116103]]
Episode: 66; Score: 2.9650383307443353; Action: [[0. 0. 1.]
 [0. 1. 0.]
 [0. 0. 1.]
 [0. 0. 1.]
 [0. 0. 1.]]
Episode: 67; Score: 0.3; Action: [[0.46822715 0.2198367  0.31193614]
 [0.2160539  0.43016413 0.35378197]
 [0.39169037 0.59522045 0.01308917]
 [0.49799624 0.42200148 0.08000226]
 [0.06903429 0.605179   0.32578668]]
Episode: 68; Score: -0.4; Action: [[0.64601845 0.02357502 0.33040652]
 [0.3966353  0.07793438 0.5254303 ]
 [0.4400937  0.41671804 0.14318828]
 [0.7952809  0.18936065 0.01535849]
 [0.93655807 0.05452261 0.00891932]]
Episode: 69; Score: 1.0; Action: [[0.24957049 0.23347512 0.5169544 ]
 [0.03261189 0.46171534 0.50567275]
 [0.06018569 0.9249215  0.01489283]
 [0.3363811  0.13049951 0.5331194 ]
 [0.07810553 0.10412104 0.8177734 ]]
Episode: 70; Score: 4.9817042106822065; Action: [[2.7923235e-01 4.3105832e-01 2.8970933e-01]
 [3.2211328e-01 5.7981271e-01 9.8074026e-02]
 [1.3052276e-04 7.4238217e-01 2.5748730e-01]
 [3.2994640e-01 4.0972179e-01 2.6033181e-01]
 [3.4276643e-01 5.9860605e-01 5.8627512e-02]]
Episode: 71; Score: 0.04999999999999999; Action: [[0.35020232 0.4827936  0.1670041 ]
 [0.9787287  0.00805268 0.01321859]
 [0.4806237  0.26430917 0.25506717]
 [0.25905696 0.0115753  0.72936773]
 [0.4424602  0.33065242 0.22688738]]
Episode: 72; Score: 3.006040774302444; Action: [[0. 0. 1.]
 [0. 1. 0.]
 [0. 0. 1.]
 [0. 0. 1.]
 [0. 0. 1.]]
Episode: 73; Score: 0.3; Action: [[0.04016065 0.19065046 0.7691889 ]
 [0.16283102 0.29804766 0.5391213 ]
 [0.34757987 0.6487682  0.0036519 ]
 [0.22618498 0.5816565  0.19215852]
 [0.41627145 0.33982974 0.24389881]]
Episode: 74; Score: -0.15000000000000002; Action: [[0.01384917 0.6973798  0.28877097]
 [0.02338796 0.43674377 0.5398683 ]
 [0.5034404  0.08521394 0.41134566]
 [0.02410907 0.14306149 0.8328294 ]
 [0.6292287  0.33757815 0.03319317]]
Episode: 75; Score: -0.3500000000000001; Action: [[0.4226234  0.39106676 0.18630983]
 [0.5837559  0.16099563 0.25524846]
 [0.33713946 0.45981765 0.20304291]
 [0.07956977 0.79122484 0.12920538]
 [0.6859455  0.22138405 0.09267043]]
Episode: 76; Score: -0.30000000000000004; Action: [[0.07938061 0.10405961 0.8165598 ]
 [0.6496991  0.00345847 0.34684247]
 [0.6432004  0.02810757 0.32869205]
 [0.545221   0.30398038 0.15079863]
 [0.23971036 0.13021949 0.63007015]]
Episode: 77; Score: -0.5; Action: [[0.27871978 0.60741866 0.11386157]
 [0.6398292  0.1310504  0.22912037]
 [0.23032536 0.5394718  0.23020285]
 [0.3852025  0.1078194  0.5069781 ]
 [0.45401588 0.346336   0.1996481 ]]
Episode: 78; Score: 3.073518087798898; Action: [[0. 0. 1.]
 [0. 1. 0.]
 [0. 0. 1.]
 [0. 0. 1.]
 [0. 0. 1.]]
Episode: 79; Score: -0.2; Action: [[0.5419746  0.02938967 0.42863572]
 [0.7921084  0.20106523 0.00682638]
 [0.6409276  0.26492807 0.09414433]
 [0.3639822  0.3782504  0.2577674 ]
 [0.19283098 0.46634018 0.34082884]]
Episode: 80; Score: 0.35; Action: [[0.00512417 0.7195208  0.27535504]
 [0.22492877 0.5056268  0.2694444 ]
 [0.05152027 0.93976575 0.00871397]
 [0.60010713 0.2007142  0.19917867]
 [0.3513273  0.15093935 0.49773335]]
Episode: 81; Score: 0.1499999999999999; Action: [[0.00755261 0.19176716 0.8006802 ]
 [0.26991802 0.5400126  0.19006938]
 [0.399868   0.10496888 0.4951631 ]
 [0.1709275  0.6644754  0.16459712]
 [0.24809068 0.3255879  0.42632142]]
Episode: 82; Score: 1.0; Action: [[0.41000465 0.1561949  0.4338005 ]
 [0.19380622 0.6483325  0.15786128]
 [0.24308997 0.61817414 0.13873588]
 [0.26192    0.61190915 0.12617084]
 [0.02953179 0.02466949 0.9457987 ]]
Episode: 83; Score: -0.2; Action: [[0.51197803 0.01889777 0.4691242 ]
 [0.20499638 0.34797734 0.44702628]
 [0.10957475 0.18542719 0.7049981 ]
 [0.51314855 0.12502275 0.36182868]
 [0.03147042 0.7117708  0.25675884]]
Episode: 84; Score: 3.2548496387795836; Action: [[0. 0. 1.]
 [0. 1. 0.]
 [0. 1. 0.]
 [0. 0. 1.]
 [0. 0. 1.]]
Episode: 85; Score: 0.55; Action: [[0.55059266 0.02164621 0.42776117]
 [0.08833016 0.7868917  0.12477817]
 [0.5620521  0.15559374 0.2823542 ]
 [0.05855867 0.12711297 0.8143284 ]
 [0.34029844 0.30632833 0.35337326]]
Episode: 86; Score: 0.09999999999999998; Action: [[0.6457703  0.16556568 0.18866399]
 [0.0658558  0.8440189  0.09012531]
 [0.07987234 0.7462521  0.17387551]
 [0.46103558 0.2742038  0.2647606 ]
 [0.01764467 0.65679294 0.3255624 ]]
Episode: 87; Score: -0.10000000000000009; Action: [[0.16020513 0.37017715 0.4696177 ]
 [0.6440187  0.1618528  0.19412848]
 [0.09946682 0.30308962 0.5974435 ]
 [0.68224776 0.22346318 0.09428904]
 [0.21899585 0.03153635 0.7494678 ]]
Episode: 88; Score: -0.30000000000000004; Action: [[0.7265411  0.16702786 0.10643103]
 [0.33162174 0.20965992 0.45871836]
 [0.2323965  0.6697374  0.0978661 ]
 [0.11119349 0.5960939  0.29271263]
 [0.05467632 0.07034248 0.8749812 ]]
Episode: 89; Score: -0.75; Action: [[0.86656755 0.02400614 0.10942631]
 [0.17993222 0.03523552 0.78483224]
 [0.7375656  0.10217149 0.16026294]
 [0.13554473 0.12394291 0.7405124 ]
 [0.10628137 0.4585866  0.43513203]]
Episode: 90; Score: 3.2562876914790575; Action: [[0. 0. 1.]
 [0. 1. 0.]
 [0. 1. 0.]
 [0. 0. 1.]
 [0. 0. 1.]]
Episode: 91; Score: 0.55; Action: [[0.1727834  0.30976236 0.5174542 ]
 [0.01811096 0.65613985 0.32574916]
 [0.06991131 0.7259292  0.2041595 ]
 [0.4050989  0.3939258  0.20097533]
 [0.16422334 0.48623568 0.34954098]]
Episode: 92; Score: -0.15000000000000002; Action: [[0.25122777 0.4905175  0.25825474]
 [0.06416443 0.64670414 0.28913143]
 [0.47511727 0.40080592 0.12407682]
 [0.35765973 0.5393785  0.10296177]
 [0.46753126 0.07472033 0.45774838]]
Episode: 93; Score: -0.3500000000000001; Action: [[0.7391705  0.01611202 0.2447175 ]
 [0.5559556  0.12950969 0.3145347 ]
 [0.3838943  0.46254689 0.1535588 ]
 [0.39688897 0.49495038 0.10816064]
 [0.88856626 0.03296828 0.07846547]]
Episode: 94; Score: -0.8; Action: [[0.29856062 0.62760913 0.07383026]
 [0.37037945 0.01796209 0.61165845]
 [0.29460123 0.13772452 0.5676743 ]
 [0.54406375 0.24962597 0.2063103 ]
 [0.10639755 0.8336785  0.05992395]]
Episode: 95; Score: -0.25; Action: [[0.3012554  0.4202044  0.2785402 ]
 [0.34629253 0.6246661  0.02904137]
 [0.24402237 0.2553866  0.50059104]
 [0.20188496 0.3436149  0.45450014]
 [0.08566776 0.05935579 0.8549765 ]]
Episode: 96; Score: 4.964267194434402; Action: [[0. 1. 0.]
 [0. 1. 0.]
 [0. 1. 0.]
 [0. 1. 0.]
 [0. 1. 0.]]
Episode: 97; Score: 0.3; Action: [[0.00230573 0.5482458  0.4494485 ]
 [0.34762883 0.6393873  0.01298383]
 [0.30312634 0.22016805 0.4767056 ]
 [0.69234926 0.06369314 0.24395756]
 [0.25283992 0.30391017 0.4432499 ]]
Episode: 98; Score: 0.09999999999999998; Action: [[0.09187698 0.35089442 0.55722857]
 [0.55745375 0.3482981  0.09424814]
 [0.64467657 0.29619306 0.05913037]
 [0.31622046 0.0195394  0.6642401 ]
 [0.2836625  0.445892   0.27044553]]
Episode: 99; Score: -0.10000000000000009; Action: [[0.20441395 0.71635175 0.07923428]
 [0.29975387 0.04788953 0.65235656]
 [0.38226017 0.52893615 0.08880366]
 [0.08312815 0.4480549  0.46881694]
 [0.3018695  0.361904   0.33622652]]
Episode: 100; Score: -0.30000000000000004; Action: [[0.6711741  0.01045308 0.3183728 ]
 [0.08662576 0.2713639  0.64201033]
 [0.37079313 0.14890751 0.48029935]
 [0.10094167 0.12721914 0.7718392 ]
 [0.08212757 0.13872007 0.7791524 ]]
Episode: 101; Score: -0.75; Action: [[0.0823733  0.66309506 0.25453168]
 [0.33588925 0.0093379  0.6547729 ]
 [0.3038519  0.28766698 0.40848112]
 [0.6014102  0.01448441 0.38410538]
 [0.27553114 0.14846215 0.5760067 ]]
Episode: 102; Score: 2.918054326450598; Action: [[0. 0. 1.]
 [0. 1. 0.]
 [0. 0. 1.]
 [0. 0. 1.]
 [0. 0. 1.]]
Episode: 103; Score: 0.04999999999999999; Action: [[0.7619142  0.20440975 0.03367607]
 [0.6683301  0.2080821  0.12358785]
 [0.35206556 0.50478595 0.1431485 ]
 [0.6815739  0.22528277 0.09314331]
 [0.5868027  0.06773472 0.34546256]]
Episode: 104; Score: -0.15000000000000002; Action: [[0.3392611  0.42088467 0.23985422]
 [0.63736516 0.14176242 0.22087242]
 [0.19330418 0.6505811  0.15611468]
 [0.11993632 0.76514083 0.11492283]
 [0.14115866 0.72804844 0.13079287]]
Episode: 105; Score: -0.3500000000000001; Action: [[0.5943329  0.36650193 0.03916519]
 [0.23606487 0.2881502  0.47578493]
 [0.01997012 0.30966666 0.67036325]
 [0.05664871 0.1266833  0.816668  ]
 [0.48025295 0.4718384  0.04790863]]
Episode: 106; Score: 1.0; Action: [[0.29708582 0.09776744 0.60514677]
 [0.32347655 0.38256136 0.2939621 ]
 [0.21380149 0.55875194 0.22744657]
 [0.14770639 0.5980784  0.25421518]
 [0.31321913 0.2972353  0.38954556]]
Episode: 107; Score: 0.04999999999999999; Action: [[0.89536357 0.00530546 0.09933095]
 [0.33895424 0.04048036 0.6205654 ]
 [0.04828669 0.23457111 0.7171422 ]
 [0.2231348  0.10000227 0.67686296]
 [0.36391622 0.55691504 0.07916874]]
Episode: 108; Score: 1.2332062938758244; Action: [[1. 0. 0.]
 [1. 0. 0.]
 [1. 0. 0.]
 [1. 0. 0.]
 [1. 0. 0.]]
Episode: 109; Score: 0.3; Action: [[0.41160586 0.2165866  0.37180755]
 [0.30072513 0.4426907  0.2565842 ]
 [0.49944824 0.01424477 0.486307  ]
 [0.19704938 0.494454   0.30849662]
 [0.06827463 0.03547898 0.8962464 ]]
Episode: 110; Score: -0.15000000000000002; Action: [[0.77315223 0.17314182 0.05370593]
 [0.32102367 0.12147176 0.5575046 ]
 [0.7285707  0.17305379 0.09837549]
 [0.18907094 0.2691895  0.5417396 ]
 [0.56899995 0.36441696 0.06658307]]
Episode: 111; Score: -0.3500000000000001; Action: [[0.58803385 0.17641157 0.23555458]
 [0.04250146 0.40763104 0.5498675 ]
 [0.19265492 0.77094626 0.0363988 ]
 [0.6520273  0.00644918 0.34152353]
 [0.03652317 0.71215135 0.2513255 ]]
Episode: 112; Score: -0.55; Action: [[0.25474283 0.65221184 0.09304532]
 [0.27076283 0.36027953 0.36895764]
 [0.40864536 0.45324415 0.13811049]
 [0.41866198 0.30900413 0.2723339 ]
 [0.26747006 0.48914382 0.24338613]]
Episode: 113; Score: -0.25; Action: [[0.00624521 0.427663   0.5660918 ]
 [0.39755586 0.41195405 0.19049013]
 [0.72812474 0.18018633 0.09168889]
 [0.81100595 0.05550132 0.13349272]
 [0.12730464 0.35703635 0.515659  ]]
Episode: 114; Score: 4.911082272969969; Action: [[0. 1. 0.]
 [0. 1. 0.]
 [0. 1. 0.]
 [0. 1. 0.]
 [0. 1. 0.]]
Episode: 115; Score: 0.3; Action: [[0.05091392 0.07818906 0.870897  ]
 [0.2883642  0.48583102 0.22580475]
 [0.4146885  0.2591927  0.3261188 ]
 [0.1374232  0.45587373 0.40670305]
 [0.3064362  0.6184826  0.07508121]]
Episode: 116; Score: -0.15000000000000002; Action: [[0.01920339 0.50519925 0.47559738]
 [0.15868406 0.20514517 0.6361708 ]
 [0.18035142 0.47685596 0.3427926 ]
 [0.50161994 0.34440017 0.15397988]
 [0.3926377  0.3533987  0.2539636 ]]
Episode: 117; Score: -0.10000000000000009; Action: [[0.2891844  0.53037065 0.18044493]
 [0.4863617  0.17114404 0.34249425]
 [0.2932912  0.27100763 0.43570116]
 [0.0407458  0.38384762 0.5754066 ]
 [0.05606023 0.12623636 0.8177034 ]]
Episode: 118; Score: -0.050000000000000044; Action: [[0.4239912  0.00652714 0.5694817 ]
 [0.59567714 0.08176936 0.32255352]
 [0.6358825  0.0445135  0.31960404]
 [0.22794533 0.3633186  0.40873608]
 [0.03149322 0.47290468 0.49560213]]
Episode: 119; Score: -0.75; Action: [[0.7337705  0.19815741 0.06807207]
 [0.05661536 0.5162473  0.42713737]
 [0.7205507  0.0747999  0.2046494 ]
 [0.00766666 0.7754448  0.2168885 ]
 [0.41226515 0.28997532 0.29775953]]
Episode: 120; Score: 1.2155673170444337; Action: [[1. 0. 0.]
 [1. 0. 0.]
 [1. 0. 0.]
 [1. 0. 0.]
 [1. 0. 0.]]
Episode: 121; Score: 0.55; Action: [[0.1830201  0.5734229  0.243557  ]
 [0.28567657 0.7003847  0.01393874]
 [0.25341856 0.4218142  0.32476723]
 [0.35610172 0.14686407 0.49703422]
 [0.74988747 0.07423156 0.17588095]]
Episode: 122; Score: 0.09999999999999998; Action: [[0.11415732 0.77261794 0.11322472]
 [0.61724746 0.09696678 0.28578573]
 [0.0753157  0.78767115 0.13701315]
 [0.09867954 0.03922938 0.86209106]
 [0.42829716 0.5491555  0.02254734]]
Episode: 123; Score: -0.10000000000000009; Action: [[0.23033875 0.75341976 0.0162415 ]
 [0.0758163  0.03489541 0.8892883 ]
 [0.18727046 0.20069897 0.61203057]
 [0.32119498 0.00556911 0.6732359 ]
 [0.15939379 0.353427   0.48717922]]
Episode: 124; Score: -0.30000000000000004; Action: [[0.3092504  0.10730898 0.5834406 ]
 [0.41833642 0.09719165 0.48447192]
 [0.04202177 0.02378177 0.9341965 ]
 [0.86385614 0.08208876 0.0540551 ]
 [0.09164805 0.34738725 0.5609647 ]]
Episode: 125; Score: -0.75; Action: [[0.02907704 0.72228926 0.2486337 ]
 [0.14622784 0.1003986  0.75337356]
 [0.16107823 0.61731315 0.22160864]
 [0.8709621  0.06294104 0.06609687]
 [0.1322984  0.82445496 0.04324662]]
Episode: 126; Score: 5.135423416382546; Action: [[0. 1. 0.]
 [0. 1. 0.]
 [0. 1. 0.]
 [0. 1. 0.]
 [0. 1. 0.]]
Episode: 127; Score: 0.55; Action: [[0.3298033  0.11137521 0.5588215 ]
 [0.3266734  0.50650036 0.16682625]
 [0.30185628 0.03606175 0.66208196]
 [0.06950905 0.05283658 0.8776544 ]
 [0.59648067 0.2943973  0.10912203]]
Episode: 128; Score: 0.09999999999999998; Action: [[0.08172995 0.90724105 0.01102898]
 [0.20727378 0.58437115 0.20835507]
 [0.42919978 0.26090148 0.30989873]
 [0.5034929  0.43424535 0.06226173]
 [0.19189842 0.23996037 0.5681412 ]]
Episode: 129; Score: -0.10000000000000009; Action: [[0.7734712  0.14059177 0.08593707]
 [0.04731444 0.9507956  0.00188999]
 [0.5068399  0.3632787  0.12988146]
 [0.19169746 0.35011667 0.45818588]
 [0.75061077 0.0765497  0.17283952]]
Episode: 130; Score: -0.30000000000000004; Action: [[0.65458584 0.12625349 0.2191607 ]
 [0.57014674 0.31770182 0.11215145]
 [0.16319215 0.6637395  0.17306834]
 [0.01889435 0.0428075  0.93829817]
 [0.53597414 0.25432205 0.20970382]]
Episode: 131; Score: -0.75; Action: [[0.15322731 0.17620312 0.6705696 ]
 [0.30986142 0.1000574  0.5900812 ]
 [0.7475502  0.23022643 0.0222234 ]
 [0.29126048 0.62261504 0.08612446]
 [0.20964067 0.4129351  0.37742424]]
Episode: 132; Score: 2.960272121437088; Action: [[0. 0. 1.]
 [0. 1. 0.]
 [0. 0. 1.]
 [0. 0. 1.]
 [0. 0. 1.]]
Episode: 133; Score: 0.3; Action: [[0.4022839  0.0980156  0.49970052]
 [0.5518445  0.06004082 0.38811472]
 [0.76659614 0.08904938 0.1443545 ]
 [0.04640345 0.17141326 0.7821833 ]
 [0.6729668  0.25976935 0.06726386]]
Episode: 134; Score: 0.09999999999999998; Action: [[0.45532793 0.42894587 0.11572622]
 [0.1808158  0.4418755  0.3773087 ]
 [0.47318697 0.29844737 0.22836566]
 [0.08755984 0.46943685 0.4430033 ]
 [0.22510388 0.30306882 0.4718273 ]]
Episode: 135; Score: 0.1499999999999999; Action: [[0.20404403 0.5210215  0.27493447]
 [0.26328003 0.51434255 0.22237742]
 [0.38605922 0.4689503  0.14499049]
 [0.26635566 0.49337897 0.24026537]
 [0.19175413 0.31788057 0.49036527]]
Episode: 136; Score: -0.30000000000000004; Action: [[0.08722851 0.35055038 0.5622211 ]
 [0.21252693 0.32587335 0.4615997 ]
 [0.18732892 0.47028875 0.34238234]
 [0.12721442 0.7937139  0.07907166]
 [0.09018037 0.8491554  0.0606642 ]]
Episode: 137; Score: -0.5; Action: [[0.20838752 0.55380803 0.23780444]
 [0.5825847  0.20168336 0.21573196]
 [0.07170521 0.13409911 0.79419565]
 [0.22894648 0.192929   0.5781245 ]
 [0.14797299 0.05388016 0.79814684]]
Episode: 138; Score: 3.228543990329507; Action: [[0. 0. 1.]
 [0. 1. 0.]
 [0. 1. 0.]
 [0. 0. 1.]
 [0. 0. 1.]]
Episode: 139; Score: 0.04999999999999999; Action: [[0.1881859  0.48749918 0.3243149 ]
 [0.11464087 0.46977857 0.41558057]
 [0.48685583 0.17552069 0.33762348]
 [0.3570487  0.4954827  0.14746861]
 [0.52917635 0.45730206 0.01352161]]
Episode: 140; Score: -0.4; Action: [[0.6439697  0.06578714 0.29024312]
 [0.48312533 0.4182342  0.09864046]
 [0.15084565 0.00843139 0.840723  ]
 [0.6691645  0.28087324 0.04996227]
 [0.33632755 0.5961321  0.06754035]]
Episode: 141; Score: -0.10000000000000009; Action: [[0.57015234 0.37545896 0.05438871]
 [0.00396991 0.8288052  0.16722485]
 [0.1448569  0.8470251  0.008118  ]
 [0.57832384 0.05797617 0.36369997]
 [0.38374913 0.45552242 0.16072845]]
Episode: 142; Score: -0.55; Action: [[0.44811222 0.36097375 0.19091406]
 [0.76574063 0.18699718 0.04726221]
 [0.3194747  0.3096299  0.37089545]
 [0.6528465  0.07551179 0.2716417 ]
 [0.33538532 0.00079899 0.6638157 ]]
Episode: 143; Score: -0.5; Action: [[0.16591823 0.12490707 0.7091747 ]
 [0.2590165  0.5725606  0.16842285]
 [0.6177247  0.3424598  0.0398155 ]
 [0.24400303 0.6667724  0.08922456]
 [0.5028715  0.2250292  0.2720993 ]]
Episode: 144; Score: 1.467002935423554; Action: [[1. 0. 0.]
 [1. 0. 0.]
 [1. 0. 0.]
 [1. 0. 0.]
 [1. 0. 0.]]
Episode: 145; Score: 0.3; Action: [[0.4982999  0.36852354 0.13317657]
 [0.7035724  0.25941476 0.03701287]
 [0.30327794 0.5341279  0.16259417]
 [0.19990101 0.02357144 0.7765275 ]
 [0.4421636  0.53809476 0.01974165]]
Episode: 146; Score: -0.4; Action: [[0.6450754  0.29000798 0.06491667]
 [0.2890841  0.21284781 0.49806806]
 [0.46220782 0.19502607 0.3427661 ]
 [0.8245885  0.06437817 0.11103334]
 [0.35260412 0.50303215 0.14436372]]
Episode: 147; Score: -0.10000000000000009; Action: [[0.0961178  0.6702587  0.23362352]
 [0.3079073  0.63012713 0.06196556]
 [0.00870654 0.7848684  0.20642504]
 [0.76903373 0.21137741 0.01958887]
 [0.30355203 0.411112   0.28533593]]
Episode: 148; Score: -0.8; Action: [[0.61218977 0.17177634 0.21603389]
 [0.1537827  0.17165871 0.6745586 ]
 [0.62105674 0.31273386 0.06620939]
 [0.44679344 0.504516   0.04869055]
 [0.6864324  0.10991097 0.20365661]]
Episode: 149; Score: 1.0; Action: [[0.07542909 0.39177984 0.5327911 ]
 [0.09455662 0.44502908 0.4604143 ]
 [0.3135075  0.6304165  0.05607601]
 [0.16295946 0.07913665 0.7579039 ]
 [0.05825219 0.27721402 0.6645338 ]]
Episode: 150; Score: 1.5563795512670238; Action: [[1. 0. 0.]
 [1. 0. 0.]
 [1. 0. 0.]
 [1. 0. 0.]
 [1. 0. 0.]]
Episode: 151; Score: 0.04999999999999999; Action: [[0.38197276 0.5933292  0.02469805]
 [0.8090881  0.01982099 0.17109089]
 [0.13903598 0.5671502  0.29381382]
 [0.02513783 0.89394367 0.0809185 ]
 [0.45941305 0.18076378 0.35982317]]
Episode: 152; Score: 0.09999999999999998; Action: [[0.48447692 0.10906931 0.40645376]
 [0.23855034 0.5849603  0.1764894 ]
 [0.00125777 0.73138607 0.26735613]
 [0.5306945  0.22531508 0.24399045]
 [0.5517535  0.2856886  0.16255789]]
Episode: 153; Score: -0.3500000000000001; Action: [[0.31245527 0.41432637 0.27321836]
 [0.8873846  0.10549795 0.00711748]
 [0.32584304 0.50458217 0.16957477]
 [0.55500025 0.36519313 0.07980664]
 [0.3483262  0.56422466 0.08744912]]
Episode: 154; Score: 1.0; Action: [[0.05534701 0.38937774 0.55527526]
 [0.42408904 0.16687527 0.40903568]
 [0.10539401 0.8663203  0.0282857 ]
 [0.23134789 0.25402674 0.5146254 ]
 [0.14050457 0.06817257 0.7913229 ]]
Episode: 155; Score: 0.04999999999999999; Action: [[0.5316073  0.10171284 0.36667988]
 [0.38361147 0.5357669  0.08062162]
 [0.1922115  0.21276832 0.5950202 ]
 [0.4164431  0.31734937 0.26620752]
 [0.12768747 0.845684   0.02662852]]
Episode: 156; Score: 5.092183694414031; Action: [[0. 1. 0.]
 [0. 1. 0.]
 [0. 1. 0.]
 [0. 1. 0.]
 [0. 1. 0.]]
Episode: 157; Score: 0.3; Action: [[0.5745632  0.30386427 0.12157251]
 [0.19876681 0.6633491  0.1378841 ]
 [0.41812938 0.5004839  0.08138674]
 [0.4833287  0.4992984  0.01737291]
 [0.29655406 0.39262405 0.3108219 ]]
Episode: 158; Score: 1.0; Action: [[0.12943034 0.28828356 0.5822861 ]
 [0.01100193 0.8767913  0.11220677]
 [0.4100652  0.574554   0.01538078]
 [0.6181133  0.2886851  0.09320159]
 [0.01196374 0.4713152  0.51672107]]
Episode: 159; Score: -0.2; Action: [[0.15391968 0.47576165 0.37031865]
 [0.37725037 0.35643125 0.26631835]
 [0.04517361 0.1972119  0.7576145 ]
 [0.63992697 0.18621005 0.17386298]
 [0.44762614 0.30040586 0.251968  ]]
Episode: 160; Score: 0.35; Action: [[0.3420522  0.0144448  0.643503  ]
 [0.35801646 0.4207516  0.22123192]
 [0.70590746 0.05823908 0.23585346]
 [0.22461538 0.76669854 0.00868607]
 [0.21744114 0.05558955 0.7269693 ]]
Episode: 161; Score: 1.0; Action: [[0.40940264 0.072112   0.51848537]
 [0.61923766 0.22352035 0.15724196]
 [0.35566866 0.626833   0.01749828]
 [0.21275513 0.369877   0.41736788]
 [0.08325797 0.08370287 0.83303916]]
Episode: 162; Score: 1.556504243165225; Action: [[1. 0. 0.]
 [1. 0. 0.]
 [1. 0. 0.]
 [1. 0. 0.]
 [1. 0. 0.]]
Episode: 163; Score: 1.0; Action: [[0.45264503 0.00709367 0.54026127]
 [0.6120955  0.1943154  0.19358909]
 [0.07724211 0.5156979  0.40705997]
 [0.17747419 0.10692667 0.7155991 ]
 [0.37056634 0.12133856 0.5080951 ]]
Episode: 164; Score: 0.55; Action: [[0.2516624  0.25512344 0.49321416]
 [0.18680382 0.0579186  0.7552776 ]
 [0.15649192 0.52692926 0.31657884]
 [0.44349214 0.05290353 0.50360435]
 [0.64355874 0.20940772 0.14703356]]
Episode: 165; Score: 0.35; Action: [[1.19300835e-01 1.24781646e-01 7.55917490e-01]
 [4.68806535e-01 6.90307992e-04 5.30503154e-01]
 [4.63768959e-01 3.68068933e-01 1.68162122e-01]
 [1.70143545e-01 2.52705842e-01 5.77150583e-01]
 [1.76758748e-02 3.24911684e-01 6.57412410e-01]]
Episode: 166; Score: -0.3500000000000001; Action: [[0.3469516  0.41671804 0.23633038]
 [0.02133116 0.5631346  0.41553426]
 [0.2074382  0.24597399 0.5465878 ]
 [0.45365965 0.1310312  0.41530913]
 [0.43837148 0.39742732 0.1642012 ]]
Episode: 167; Score: -0.30000000000000004; Action: [[0.18862502 0.47663096 0.33474404]
 [0.19287972 0.7847183  0.022402  ]
 [0.27227998 0.36543638 0.36228368]
 [0.05558319 0.94238496 0.00203184]
 [0.7434972  0.09840354 0.15809926]]
Episode: 168; Score: 1.4540245797555513; Action: [[1. 0. 0.]
 [1. 0. 0.]
 [1. 0. 0.]
 [1. 0. 0.]
 [1. 0. 0.]]
Episode: 169; Score: 0.04999999999999999; Action: [[0.57762736 0.39737985 0.02499283]
 [0.4234463  0.09519758 0.4813561 ]
 [0.22106494 0.14905852 0.62987655]
 [0.1263164  0.1237309  0.7499527 ]
 [0.5893777  0.3981852  0.01243709]]
Episode: 170; Score: -0.15000000000000002; Action: [[0.03661391 0.21602209 0.747364  ]
 [0.59372675 0.1456283  0.26064497]
 [0.538268   0.15142079 0.31031117]
 [0.41073212 0.2936717  0.29559618]
 [0.6727348  0.19171065 0.13555457]]
Episode: 171; Score: 1.0; Action: [[0.07131331 0.815857   0.11282966]
 [0.16093545 0.8353495  0.00371504]
 [0.36073855 0.5086785  0.13058296]
 [0.20693216 0.13786104 0.6552068 ]
 [0.00377906 0.10816023 0.8880607 ]]
Episode: 172; Score: 0.55; Action: [[8.1112169e-02 8.8014737e-02 8.3087307e-01]
 [3.6338976e-01 1.3638121e-01 5.0022900e-01]
 [2.3634429e-01 5.3293812e-01 2.3071758e-01]
 [9.2319286e-01 7.5896099e-02 9.1105350e-04]
 [3.7946343e-01 1.7338926e-01 4.4714731e-01]]
Episode: 173; Score: -0.15000000000000002; Action: [[0.60720426 0.1303745  0.26242125]
 [0.5200339  0.4680767  0.0118894 ]
 [0.29153684 0.6644428  0.0440204 ]
 [0.5277809  0.19509673 0.27712235]
 [0.10125183 0.6893171  0.20943107]]
Episode: 174; Score: 1.4694706797973456; Action: [[1. 0. 0.]
 [1. 0. 0.]
 [1. 0. 0.]
 [1. 0. 0.]
 [1. 0. 0.]]
Episode: 175; Score: 0.55; Action: [[0.7404126  0.20426117 0.05532625]
 [0.48363563 0.28312498 0.2332394 ]
 [0.08138375 0.7703031  0.14831321]
 [0.05927349 0.01992988 0.92079663]
 [0.3278728  0.01573844 0.65638876]]
Episode: 176; Score: -0.15000000000000002; Action: [[0.45996463 0.42301753 0.11701783]
 [0.23835602 0.637496   0.12414799]
 [0.55311006 0.4447862  0.00210372]
 [0.1907481  0.5616652  0.24758676]
 [0.11426821 0.5068468  0.378885  ]]
Episode: 177; Score: -0.3500000000000001; Action: [[0.2872304  0.50758785 0.20518178]
 [0.91098744 0.00401186 0.08500072]
 [0.7433766  0.13462994 0.12199344]
 [0.12153567 0.16547523 0.7129891 ]
 [0.03689081 0.52565163 0.43745753]]
Episode: 178; Score: 1.0; Action: [[0.01388305 0.48524624 0.5008707 ]
 [0.05414785 0.7764365  0.16941567]
 [0.32317716 0.35782677 0.31899607]
 [0.79631287 0.03455425 0.16913289]
 [0.10207459 0.12294453 0.7749809 ]]
Episode: 179; Score: 0.04999999999999999; Action: [[0.2319465  0.71958536 0.04846814]
 [0.5031966  0.22004925 0.27675414]
 [0.2131757  0.18203974 0.60478455]
 [0.08927599 0.37301126 0.53771275]
 [0.73870796 0.16727027 0.0940218 ]]
Episode: 180; Score: 5.160810022763152; Action: [[0. 1. 0.]
 [0. 1. 0.]
 [0. 1. 0.]
 [0. 1. 0.]
 [0. 1. 0.]]
Episode: 181; Score: 0.55; Action: [[0.01591465 0.05102244 0.9330629 ]
 [0.2846171  0.5906687  0.1247142 ]
 [0.17970498 0.15642494 0.6638701 ]
 [0.5898694  0.19253774 0.21759288]
 [0.47531128 0.02764736 0.49704134]]
Episode: 182; Score: 0.09999999999999998; Action: [[0.35458332 0.07542966 0.569987  ]
 [0.43031484 0.5005279  0.06915724]
 [0.68950874 0.02491984 0.2855714 ]
 [0.26377565 0.43653363 0.29969072]
 [0.076831   0.51727676 0.40589225]]
Episode: 183; Score: -0.3500000000000001; Action: [[0.48439607 0.42814192 0.087462  ]
 [0.06279946 0.43088722 0.5063133 ]
 [0.5144083  0.31118506 0.17440666]
 [0.6965159  0.24365567 0.05982839]
 [0.12921794 0.15709428 0.7136878 ]]
Episode: 184; Score: -0.55; Action: [[0.58441824 0.07953545 0.33604634]
 [0.09482568 0.4691604  0.43601394]
 [0.6267613  0.06447159 0.30876705]
 [0.5159937  0.2454206  0.23858567]
 [0.5636992  0.07242213 0.36387867]]
Episode: 185; Score: -0.5; Action: [[0.113718   0.14628145 0.74000055]
 [0.32783753 0.11813954 0.5540229 ]
 [0.07518183 0.4777447  0.44707346]
 [0.37948987 0.5578487  0.06266142]
 [0.0040096  0.68148434 0.31450608]]
Episode: 186; Score: 4.934239254048654; Action: [[0. 1. 0.]
 [0. 1. 0.]
 [0. 1. 0.]
 [0. 1. 0.]
 [0. 1. 0.]]
Episode: 187; Score: 0.04999999999999999; Action: [[0.20214763 0.72656524 0.0712871 ]
 [0.26531273 0.00813827 0.726549  ]
 [0.0011576  0.16077338 0.838069  ]
 [0.3276761  0.24055059 0.4317733 ]
 [0.7460672  0.18477166 0.06916112]]
Episode: 188; Score: 0.09999999999999998; Action: [[0.6523256  0.20537448 0.14229995]
 [0.89126104 0.03387496 0.07486401]
 [0.16296804 0.43507347 0.40195847]
 [0.12320524 0.50676155 0.37003323]
 [0.37212774 0.21974346 0.4081288 ]]
Episode: 189; Score: -0.6000000000000001; Action: [[0.65777826 0.30682957 0.03539219]
 [0.45324877 0.02532211 0.5214291 ]
 [0.6259176  0.03768859 0.33639377]
 [0.1934348  0.6129777  0.19358753]
 [0.32336226 0.5565558  0.12008192]]
Episode: 190; Score: -0.55; Action: [[0.62299716 0.2370971  0.13990574]
 [0.23447989 0.7329835  0.03253658]
 [0.12214938 0.04410389 0.83374673]
 [0.45379585 0.35712016 0.18908398]
 [0.5183932  0.32201132 0.15959546]]
Episode: 191; Score: -0.5; Action: [[0.41442132 0.4363272  0.14925149]
 [0.5817709  0.16814691 0.2500822 ]
 [0.08098757 0.5199978  0.39901468]
 [0.10603404 0.28835362 0.60561234]
 [0.6386102  0.19112527 0.17026453]]
Episode: 192; Score: 3.387577452548731; Action: [[0. 0. 1.]
 [0. 1. 0.]
 [0. 1. 0.]
 [0. 0. 1.]
 [0. 0. 1.]]
Episode: 193; Score: 0.3; Action: [[0.27537498 0.3712222  0.35340282]
 [0.28259182 0.5825432  0.13486497]
 [0.2356418  0.01368784 0.7506704 ]
 [0.88350505 0.00974857 0.10674641]
 [0.15608563 0.07016435 0.77375007]]
Episode: 194; Score: -0.15000000000000002; Action: [[0.05627284 0.43821973 0.50550747]
 [0.49070275 0.4686922  0.04060504]
 [0.43779516 0.22008629 0.34211856]
 [0.42258546 0.3437486  0.23366594]
 [0.45600018 0.4809305  0.06306931]]
