Episode: 0; Score: 1.220011235990519; Action: [[1. 0. 0.]
 [1. 0. 0.]
 [1. 0. 0.]
 [1. 0. 0.]
 [1. 0. 0.]]
Episode: 1; Score: 0.3; Action: [[0.2047663  0.76189256 0.03334112]
 [0.79389673 0.09799812 0.10810515]
 [0.2207682  0.7301699  0.04906192]
 [0.78498507 0.18156716 0.03344776]
 [0.07655911 0.12784092 0.79559994]]
Episode: 2; Score: 0.35; Action: [[0.08666794 0.07081854 0.8425135 ]
 [0.20048164 0.01694361 0.7825748 ]
 [0.22927646 0.6520835  0.11864004]
 [0.122758   0.25683457 0.6204074 ]
 [0.61832345 0.15001911 0.23165746]]
Episode: 3; Score: 0.1499999999999999; Action: [[0.16330823 0.69705397 0.13963778]
 [0.02992644 0.68929034 0.2807832 ]
 [0.10417844 0.06711931 0.8287023 ]
 [0.39677486 0.17357127 0.42965388]
 [0.06565244 0.22027518 0.71407235]]
Episode: 4; Score: -0.30000000000000004; Action: [[0.04025924 0.26381686 0.69592386]
 [0.714188   0.02049373 0.26531827]
 [0.18118659 0.29542845 0.5233849 ]
 [0.42976817 0.03202834 0.5382035 ]
 [0.6647755  0.31940913 0.01581534]]
Episode: 5; Score: -0.5; Action: [[0.0474543  0.94051087 0.01203483]
 [0.34706113 0.3894861  0.26345277]
 [0.2904956  0.51359105 0.19591334]
 [0.50712115 0.17184466 0.32103422]
 [0.71653056 0.23783672 0.04563272]]
Episode: 6; Score: 3.453165310038294; Action: [[0. 0. 1.]
 [0. 1. 0.]
 [0. 0. 1.]
 [0. 0. 1.]
 [0. 0. 1.]]
Episode: 7; Score: 0.04999999999999999; Action: [[0.10521259 0.40324643 0.491541  ]
 [0.08936567 0.22344662 0.68718773]
 [0.84981483 0.0242029  0.12598224]
 [0.538299   0.43497938 0.02672158]
 [0.16073576 0.6126715  0.22659275]]
Episode: 8; Score: 0.35; Action: [[0.01170117 0.03636773 0.9519311 ]
 [0.10252982 0.42939797 0.4680722 ]
 [0.42067078 0.43328983 0.1460394 ]
 [0.38566968 0.02071616 0.59361416]
 [0.25796863 0.46517608 0.2768553 ]]
Episode: 9; Score: -0.10000000000000009; Action: [[0.02578262 0.5985686  0.37564874]
 [0.11075047 0.5810367  0.30821285]
 [0.10793833 0.38739365 0.504668  ]
 [0.6462526  0.3209398  0.03280762]
 [0.11588347 0.10178698 0.78232956]]
Episode: 10; Score: 1.0; Action: [[0.02562422 0.46525562 0.50912017]
 [0.300444   0.55585873 0.14369728]
 [0.31533372 0.3966093  0.288057  ]
 [0.481926   0.14770314 0.37037086]
 [0.23070598 0.03944945 0.72984457]]
Episode: 11; Score: -0.2; Action: [[0.71619946 0.00711516 0.2766854 ]
 [0.4637317  0.40899155 0.12727678]
 [0.74270463 0.00470622 0.25258914]
 [0.6638177  0.1679395  0.16824277]
 [0.00136606 0.7958726  0.2027613 ]]
Episode: 12; Score: 1.234837117997322; Action: [[1. 0. 0.]
 [1. 0. 0.]
 [1. 0. 0.]
 [1. 0. 0.]
 [1. 0. 0.]]
Episode: 13; Score: 0.3; Action: [[0.08740913 0.72956675 0.18302411]
 [0.62210965 0.18722193 0.19066843]
 [0.34724241 0.6266633  0.02609424]
 [0.07365561 0.59966016 0.3266842 ]
 [0.27295056 0.35909915 0.3679503 ]]
Episode: 14; Score: -0.15000000000000002; Action: [[0.41283864 0.29945037 0.28771102]
 [0.26588568 0.40166652 0.3324478 ]
 [0.01553335 0.08393899 0.90052766]
 [0.14499186 0.71574694 0.13926119]
 [0.4066252  0.3994368  0.19393802]]
Episode: 15; Score: -0.10000000000000009; Action: [[0.90451545 0.08907078 0.00641379]
 [0.51235634 0.00233487 0.4853088 ]
 [0.64741725 0.11390128 0.2386815 ]
 [0.0497554  0.26044366 0.6898009 ]
 [0.04778804 0.10218254 0.8500294 ]]
Episode: 16; Score: -0.8; Action: [[0.06321441 0.5775602  0.35922542]
 [0.24954057 0.05007673 0.7003827 ]
 [0.21764964 0.11321258 0.6691378 ]
 [0.2924152  0.6383516  0.06923316]
 [0.6290016  0.3541031  0.01689526]]
Episode: 17; Score: -0.75; Action: [[0.17340128 0.4885698  0.33802894]
 [0.4380377  0.01805648 0.54390585]
 [0.0253424  0.6440476  0.33060998]
 [0.640246   0.03180495 0.32794905]
 [0.25151944 0.6983006  0.05017998]]
Episode: 18; Score: 5.564020201962945; Action: [[0. 1. 0.]
 [0. 1. 0.]
 [0. 1. 0.]
 [0. 1. 0.]
 [0. 1. 0.]]
Episode: 19; Score: 5.252642003049214; Action: [[0.18268248 0.7130941  0.10422339]
 [0.0791418  0.5109598  0.4098984 ]
 [0.12660752 0.7999922  0.07340026]
 [0.346618   0.5486279  0.10475411]
 [0.1300227  0.7099717  0.16000557]]
Episode: 20; Score: 0.55; Action: [[0.13039301 0.17063743 0.69896954]
 [0.77514714 0.11072738 0.11412545]
 [0.61278105 0.03902263 0.34819633]
 [0.11678449 0.24161738 0.6415981 ]
 [0.15380703 0.0875716  0.7586214 ]]
Episode: 21; Score: 0.09999999999999998; Action: [[0.5098386  0.03429945 0.45586196]
 [0.40798083 0.16361462 0.42840457]
 [0.6717947  0.31708807 0.01111723]
 [0.02508974 0.439383   0.5355272 ]
 [0.12846585 0.24217913 0.629355  ]]
Episode: 22; Score: -0.3500000000000001; Action: [[0.0023758  0.5554871  0.44213712]
 [0.31280646 0.25553167 0.43166187]
 [0.3371423  0.47579128 0.18706642]
 [0.77326447 0.04242205 0.18431349]
 [0.6723079  0.10574838 0.22194369]]
Episode: 23; Score: -0.050000000000000044; Action: [[0.00131072 0.13406685 0.8646224 ]
 [0.21244398 0.7110501  0.07650592]
 [0.36009952 0.2594836  0.38041687]
 [0.38509995 0.5537397  0.06116033]
 [0.00471439 0.01917587 0.97610974]]
Episode: 24; Score: 3.2079747400887935; Action: [[0. 0. 1.]
 [0. 1. 0.]
 [0. 0. 1.]
 [0. 0. 1.]
 [0. 0. 1.]]
Episode: 25; Score: 0.04999999999999999; Action: [[0.15895073 0.44547904 0.39557022]
 [0.5953458  0.06846978 0.33618444]
 [0.06390165 0.03129972 0.9047986 ]
 [0.3615285  0.18014959 0.45832193]
 [0.58400047 0.26031268 0.15568681]]
Episode: 26; Score: 0.09999999999999998; Action: [[0.7991114  0.15453152 0.04635706]
 [0.00385657 0.58616513 0.4099783 ]
 [0.5109246  0.45382273 0.03525268]
 [0.31299847 0.21732041 0.4696811 ]
 [0.15970196 0.79104334 0.0492547 ]]
Episode: 27; Score: -0.10000000000000009; Action: [[0.19698724 0.44643247 0.3565803 ]
 [0.08594074 0.55108523 0.362974  ]
 [0.20661345 0.3727921  0.42059448]
 [0.9134923  0.07935985 0.00714781]
 [0.34055454 0.30916387 0.3502816 ]]
Episode: 28; Score: -0.30000000000000004; Action: [[0.2161976  0.34577334 0.43802908]
 [0.05113167 0.6175333  0.33133498]
 [0.03281759 0.24200082 0.7251816 ]
 [0.35807118 0.6056817  0.03624712]
 [0.47031108 0.11374927 0.41593966]]
Episode: 29; Score: -0.5; Action: [[0.03742865 0.6349618  0.3276096 ]
 [0.33487865 0.41227987 0.25284147]
 [0.1320147  0.08237632 0.78560895]
 [0.07073568 0.23581631 0.693448  ]
 [0.23582162 0.41834024 0.34583813]]
Episode: 30; Score: 4.965724194863709; Action: [[0. 1. 0.]
 [0. 1. 0.]
 [0. 1. 0.]
 [0. 1. 0.]
 [0. 1. 0.]]
Episode: 31; Score: 0.04999999999999999; Action: [[0.24156    0.18259004 0.57584995]
 [0.47984755 0.3847544  0.13539805]
 [0.39669475 0.09671712 0.5065881 ]
 [0.06160871 0.5968855  0.3415058 ]
 [0.05540324 0.5721511  0.3724456 ]]
Episode: 32; Score: 0.09999999999999998; Action: [[0.40987784 0.5149252  0.07519701]
 [0.3444339  0.3421105  0.31345558]
 [0.08813471 0.26106113 0.65080416]
 [0.33742416 0.15315743 0.5094184 ]
 [0.130128   0.40028045 0.4695916 ]]
Episode: 33; Score: -0.10000000000000009; Action: [[0.34322304 0.39634392 0.26043305]
 [0.01359547 0.21529722 0.7711073 ]
 [0.2520148  0.46576568 0.28221953]
 [0.4055387  0.36247012 0.23199116]
 [0.3755324  0.15540579 0.46906182]]
Episode: 34; Score: -0.55; Action: [[0.23324867 0.26613703 0.5006143 ]
 [0.0935638  0.29383937 0.61259687]
 [0.64924943 0.113249   0.23750156]
 [0.49558997 0.14185415 0.36255586]
 [0.24632947 0.47018465 0.2834859 ]]
Episode: 35; Score: -1.0; Action: [[0.4860308  0.21744768 0.2965215 ]
 [0.02748043 0.30736563 0.6651539 ]
 [0.6990237  0.13200754 0.16896877]
 [0.36212683 0.29228827 0.3455849 ]
 [0.06919053 0.62528396 0.3055255 ]]
Episode: 36; Score: 3.2451691067146182; Action: [[0. 0. 1.]
 [0. 1. 0.]
 [0. 1. 0.]
 [0. 0. 1.]
 [0. 0. 1.]]
Episode: 37; Score: 0.04999999999999999; Action: [[0.28225377 0.07698745 0.64075875]
 [0.18388422 0.15234126 0.66377455]
 [0.46846393 0.09258386 0.4389522 ]
 [0.43778098 0.33359557 0.22862345]
 [0.1953902  0.79585284 0.00875698]]
Episode: 38; Score: -0.15000000000000002; Action: [[0.73221856 0.08021879 0.18756266]
 [0.5485311  0.41400075 0.03746815]
 [0.11529701 0.75332624 0.13137677]
 [0.18240903 0.56394017 0.25365078]
 [0.45961282 0.14619415 0.39419302]]
Episode: 39; Score: -0.10000000000000009; Action: [[0.14115012 0.4205608  0.43828908]
 [0.26388544 0.1926595  0.54345506]
 [0.30147222 0.27594206 0.42258573]
 [0.03277923 0.25566727 0.7115535 ]
 [0.23740491 0.60016495 0.16243015]]
Episode: 40; Score: -0.55; Action: [[0.27339938 0.7082854  0.01831521]
 [0.5857194  0.14013964 0.27414092]
 [0.25967425 0.03658073 0.703745  ]
 [0.48088923 0.07070991 0.44840086]
 [0.02820379 0.3844916  0.5873046 ]]
Episode: 41; Score: 1.0; Action: [[0.05573045 0.2896094  0.65466017]
 [0.25477263 0.09299885 0.65222853]
 [0.18126485 0.7938739  0.02486123]
 [0.02870309 0.04898515 0.9223118 ]
 [0.38835213 0.15616864 0.45547923]]
Episode: 42; Score: 3.249704899288885; Action: [[0. 0. 1.]
 [0. 1. 0.]
 [0. 1. 0.]
 [0. 0. 1.]
 [0. 0. 1.]]
Episode: 43; Score: 0.04999999999999999; Action: [[0.40324715 0.15270343 0.44404942]
 [0.19866648 0.0266945  0.774639  ]
 [0.7152331  0.14703372 0.13773322]
 [0.5470107  0.16892649 0.2840628 ]
 [0.4036122  0.3092443  0.2871435 ]]
Episode: 44; Score: -0.15000000000000002; Action: [[0.7571824  0.04440294 0.19841467]
 [0.42522234 0.46697646 0.10780118]
 [0.08535328 0.4092358  0.5054109 ]
 [0.63046837 0.0913416  0.27819002]
 [0.7066136  0.00914911 0.2842373 ]]
Episode: 45; Score: -0.3500000000000001; Action: [[0.16712677 0.5342596  0.2986136 ]
 [0.22285575 0.26714197 0.5100023 ]
 [0.16277869 0.30305105 0.53417027]
 [0.5996555  0.11104414 0.28930035]
 [0.00106289 0.49732015 0.50161695]]
Episode: 46; Score: -0.8; Action: [[0.57091844 0.28108358 0.14799798]
 [0.03982634 0.06974206 0.8904316 ]
 [0.82022494 0.15322767 0.02654736]
 [0.19635192 0.6614404  0.1422077 ]
 [0.11559872 0.5048433  0.379558  ]]
Episode: 47; Score: -0.75; Action: [[0.2753824  0.51121527 0.21340235]
 [0.31129593 0.32161474 0.36708933]
 [0.15951365 0.63579434 0.204692  ]
 [0.1890257  0.49529594 0.31567836]
 [0.66414034 0.2866215  0.04923817]]
Episode: 48; Score: 5.529101868747912; Action: [[0. 1. 0.]
 [0. 1. 0.]
 [0. 1. 0.]
 [0. 1. 0.]
 [0. 1. 0.]]
Episode: 49; Score: 0.3; Action: [[0.14323667 0.84496194 0.0118014 ]
 [0.05887514 0.4566178  0.48450705]
 [0.6101677  0.01244741 0.3773849 ]
 [0.41457388 0.0046381  0.580788  ]
 [0.08992033 0.35342792 0.5566518 ]]
Episode: 50; Score: 0.35; Action: [[0.60338145 0.3562038  0.04041475]
 [0.1138411  0.6061365  0.2800224 ]
 [0.4125158  0.17674805 0.41073617]
 [0.12757444 0.39125526 0.4811703 ]
 [0.08439974 0.42184725 0.49375302]]
Episode: 51; Score: -0.3500000000000001; Action: [[0.0788823  0.68101    0.24010767]
 [0.05780974 0.3786105  0.56357974]
 [0.3883107  0.08525462 0.52643466]
 [0.00268641 0.3248948  0.6724188 ]
 [0.00415183 0.6939509  0.3018973 ]]
Episode: 52; Score: -0.55; Action: [[0.25397792 0.39278916 0.35323292]
 [0.4219514  0.2899883  0.28806028]
 [0.34348428 0.15580092 0.5007148 ]
 [0.79080576 0.11331792 0.09587635]
 [0.34676665 0.09399869 0.5592347 ]]
Episode: 53; Score: -0.25; Action: [[4.3131928e-03 4.5272493e-01 5.4296190e-01]
 [3.5017249e-01 9.6601687e-02 5.5322582e-01]
 [1.6397953e-01 8.3586055e-01 1.5993041e-04]
 [6.9037601e-02 3.8641879e-01 5.4454362e-01]
 [5.2852190e-01 3.8113732e-02 4.3336439e-01]]
Episode: 54; Score: 1.2174849229249138; Action: [[1. 0. 0.]
 [1. 0. 0.]
 [1. 0. 0.]
 [1. 0. 0.]
 [1. 0. 0.]]
Episode: 55; Score: 0.3; Action: [[0.07002953 0.69326943 0.23670104]
 [0.31756806 0.12432877 0.55810314]
 [0.48435432 0.2073087  0.308337  ]
 [0.21877648 0.3074971  0.4737264 ]
 [0.10448565 0.2107367  0.6847776 ]]
Episode: 56; Score: 0.35; Action: [[0.00382191 0.6830581  0.31312004]
 [0.1434005  0.7741886  0.0824109 ]
 [0.03323629 0.20324825 0.7635155 ]
 [0.21987927 0.01038155 0.76973915]
 [0.00637871 0.22940132 0.76422   ]]
Episode: 57; Score: -0.6000000000000001; Action: [[0.4959329  0.4847665  0.01930059]
 [0.06441838 0.31042373 0.6251579 ]
 [0.08455045 0.37368393 0.54176563]
 [0.6527799  0.33977196 0.00744815]
 [0.751521   0.24343038 0.00504863]]
Episode: 58; Score: 1.0; Action: [[0.6862327  0.10387321 0.20989414]
 [0.14374708 0.43086493 0.425388  ]
 [0.21790521 0.6404758  0.14161901]
 [0.22364122 0.2507278  0.525631  ]
 [0.05392759 0.43855342 0.50751895]]
Episode: 59; Score: 0.04999999999999999; Action: [[0.36868525 0.54583085 0.0854839 ]
 [0.52030873 0.2824447  0.19724657]
 [0.8034952  0.00727694 0.18922783]
 [0.01306238 0.55956006 0.42737755]
 [0.32811648 0.16836813 0.50351536]]
Episode: 60; Score: 5.17920744840597; Action: [[0. 1. 0.]
 [0. 1. 0.]
 [0. 1. 0.]
 [0. 1. 0.]
 [0. 1. 0.]]
Episode: 61; Score: 0.04999999999999999; Action: [[0.00476211 0.09877491 0.896463  ]
 [0.4919539  0.11253709 0.395509  ]
 [0.42364046 0.04188494 0.5344746 ]
 [0.40332633 0.2973209  0.29935277]
 [0.650408   0.09954663 0.25004536]]
Episode: 62; Score: 0.35; Action: [[0.11755588 0.07414113 0.808303  ]
 [0.27845788 0.44804987 0.27349225]
 [0.4932084  0.06021272 0.44657886]
 [0.6075202  0.18808997 0.2043898 ]
 [0.1981084  0.0535651  0.7483265 ]]
Episode: 63; Score: -0.10000000000000009; Action: [[0.15321197 0.84370697 0.0030811 ]
 [0.32525513 0.3957596  0.27898526]
 [0.19932424 0.779444   0.02123181]
 [0.64683235 0.09320087 0.25996676]
 [0.73831534 0.03544516 0.2262395 ]]
Episode: 64; Score: 1.5048077046747466; Action: [[0.58811307 0.09390431 0.3179826 ]
 [0.5382613  0.24881373 0.21292496]
 [0.43540132 0.19138917 0.3732095 ]
 [0.5517079  0.04840099 0.3998911 ]
 [0.75142866 0.09741375 0.15115759]]
Episode: 65; Score: 0.04999999999999999; Action: [[0.07302834 0.4423659  0.48460576]
 [0.69861895 0.00735231 0.29402873]
 [0.20712928 0.15502743 0.63784325]
 [0.32537466 0.4031497  0.27147564]
 [0.18351948 0.5086112  0.30786932]]
Episode: 66; Score: 3.1896494691645514; Action: [[0. 0. 1.]
 [0. 1. 0.]
 [0. 0. 1.]
 [0. 0. 1.]
 [0. 0. 1.]]
Episode: 67; Score: 0.3; Action: [[0.18418129 0.1803399  0.6354788 ]
 [0.6978103  0.08410126 0.21808846]
 [0.24738622 0.10280445 0.6498093 ]
 [0.4434922  0.318954   0.2375538 ]
 [0.41562766 0.0581665  0.52620584]]
Episode: 68; Score: -0.15000000000000002; Action: [[0.412987   0.5038582  0.0831548 ]
 [0.5959433  0.15099569 0.25306106]
 [0.43949428 0.55336297 0.00714277]
 [0.64189833 0.01908256 0.33901912]
 [0.46213308 0.13384679 0.40402013]]
Episode: 69; Score: -0.10000000000000009; Action: [[0.3751824  0.37066978 0.25414783]
 [0.12594925 0.600589   0.2734618 ]
 [0.4638796  0.10985084 0.42626956]
 [0.8173385  0.16913268 0.01352882]
 [0.17614478 0.02265332 0.8012019 ]]
Episode: 70; Score: -0.050000000000000044; Action: [[0.02641892 0.03403615 0.9395449 ]
 [0.02117715 0.53378683 0.445036  ]
 [0.37722084 0.40533435 0.21744482]
 [0.5767989  0.370047   0.05315409]
 [0.52977157 0.00845697 0.46177146]]
Episode: 71; Score: -0.25; Action: [[0.556627   0.39278898 0.05058404]
 [0.43132317 0.30248833 0.26618847]
 [0.21454413 0.45214796 0.3333079 ]
 [0.39537898 0.13588229 0.46873873]
 [0.2285646  0.34375846 0.42767692]]
Episode: 72; Score: 1.5453247785158364; Action: [[1. 0. 0.]
 [1. 0. 0.]
 [1. 0. 0.]
 [1. 0. 0.]
 [1. 0. 0.]]
Episode: 73; Score: 0.04999999999999999; Action: [[0.91941404 0.03101997 0.04956598]
 [0.3347243  0.18719953 0.47807616]
 [0.13287017 0.553676   0.31345382]
 [0.4895703  0.24839702 0.2620327 ]
 [0.75379634 0.11205547 0.13414817]]
Episode: 74; Score: 0.09999999999999998; Action: [[0.61156577 0.05256207 0.33587217]
 [0.12430079 0.7339005  0.14179875]
 [0.36257428 0.3603311  0.27709463]
 [0.80934787 0.06412637 0.12652573]
 [0.09025501 0.2653474  0.6443976 ]]
Episode: 75; Score: -0.6000000000000001; Action: [[0.03252747 0.6457326  0.32173997]
 [0.32813343 0.31490868 0.35695788]
 [0.48130736 0.01999113 0.4987015 ]
 [0.86205137 0.0195498  0.11839885]
 [0.02852642 0.7143038  0.25716975]]
Episode: 76; Score: -0.30000000000000004; Action: [[0.35419568 0.16609544 0.47970888]
 [0.13375379 0.7087089  0.15753733]
 [0.27979496 0.25080115 0.4694039 ]
 [0.19410026 0.7395046  0.06639519]
 [0.03877838 0.93267816 0.02854343]]
Episode: 77; Score: -0.75; Action: [[0.36786017 0.33226988 0.29986995]
 [0.14719915 0.1075049  0.74529594]
 [0.2263928  0.6686957  0.10491148]
 [0.59217274 0.22044002 0.18738726]
 [0.08134539 0.726013   0.19264159]]
Episode: 78; Score: 5.502479121993449; Action: [[0. 1. 0.]
 [0. 1. 0.]
 [0. 1. 0.]
 [0. 1. 0.]
 [0. 1. 0.]]
Episode: 79; Score: 0.3; Action: [[0.129504   0.48257038 0.38792562]
 [0.03959959 0.5135953  0.44680512]
 [0.37943822 0.28566876 0.33489302]
 [0.33218274 0.31010175 0.35771552]
 [0.0070625  0.8453619  0.14757557]]
Episode: 80; Score: 0.09999999999999998; Action: [[0.07593612 0.03912614 0.88493776]
 [0.19163135 0.00540524 0.80296344]
 [0.2984018  0.15093765 0.55066055]
 [0.4920395  0.30244005 0.20552045]
 [0.18648252 0.12821935 0.68529814]]
Episode: 81; Score: 0.1499999999999999; Action: [[0.25955692 0.60166746 0.13877562]
 [0.166528   0.54867494 0.28479704]
 [0.16258913 0.64349854 0.19391236]
 [0.6991686  0.2732535  0.02757785]
 [0.04238527 0.34313914 0.6144756 ]]
Episode: 82; Score: -0.55; Action: [[0.53970003 0.11141964 0.34888035]
 [0.5136312  0.31302375 0.17334504]
 [0.28631207 0.44312197 0.27056596]
 [0.13446613 0.5236916  0.34184226]
 [0.01843694 0.6024767  0.37908635]]
Episode: 83; Score: -0.75; Action: [[0.7615143  0.1871979  0.05128778]
 [0.20713349 0.04400174 0.74886477]
 [0.21369292 0.0956753  0.69063175]
 [0.21936594 0.20886679 0.5717673 ]
 [0.7915214  0.04792874 0.1605499 ]]
Episode: 84; Score: 5.2513135806931945; Action: [[0. 1. 0.]
 [0. 1. 0.]
 [0. 1. 0.]
 [0. 1. 0.]
 [0. 1. 0.]]
Episode: 85; Score: 0.3; Action: [[0.12100893 0.5643569  0.3146341 ]
 [0.44809377 0.28043306 0.27147314]
 [0.1967033  0.7613979  0.04189879]
 [0.09138775 0.8234605  0.08515175]
 [0.1584072  0.00759082 0.83400196]]
Episode: 86; Score: 0.09999999999999998; Action: [[0.03073809 0.74262387 0.22663803]
 [0.23757154 0.46354568 0.29888278]
 [0.4810275  0.3267787  0.19219378]
 [0.165933   0.11312926 0.7209377 ]
 [0.6534514  0.15018435 0.19636424]]
Episode: 87; Score: -0.10000000000000009; Action: [[0.5648039  0.23905718 0.19613895]
 [0.2793356  0.5554389  0.1652255 ]
 [0.0071127  0.23848355 0.75440377]
 [0.12365036 0.2619295  0.6144201 ]
 [0.72159934 0.15900584 0.11939482]]
Episode: 88; Score: -0.30000000000000004; Action: [[0.1446815  0.16987914 0.68543935]
 [0.09618984 0.01722152 0.88658863]
 [0.84514976 0.11952203 0.03532822]
 [0.5616671  0.11884786 0.31948504]
 [0.03775114 0.39291513 0.56933373]]
Episode: 89; Score: -0.5; Action: [[0.55079323 0.2026913  0.24651547]
 [0.39672145 0.03687416 0.5664044 ]
 [0.25712723 0.5489149  0.19395782]
 [0.15969433 0.5900277  0.25027794]
 [0.06811237 0.15881218 0.77307546]]
Episode: 90; Score: 3.3888249762312466; Action: [[0. 0. 1.]
 [0. 1. 0.]
 [0. 0. 1.]
 [0. 0. 1.]
 [0. 0. 1.]]
Episode: 91; Score: 0.3; Action: [[0.3975364  0.4987675  0.1036961 ]
 [0.10867494 0.80425054 0.08707454]
 [0.19492628 0.10227204 0.7028017 ]
 [0.18616655 0.0845311  0.72930235]
 [0.30581102 0.6621149  0.03207409]]
Episode: 92; Score: 0.09999999999999998; Action: [[0.07774953 0.47731122 0.44493923]
 [0.1072244  0.5844603  0.30831525]
 [0.44807306 0.36314473 0.18878222]
 [0.3730265  0.02400763 0.6029659 ]
 [0.13763446 0.8257814  0.03658411]]
Episode: 93; Score: -0.3500000000000001; Action: [[0.25667027 0.73886645 0.00446326]
 [0.40042984 0.46953848 0.13003168]
 [0.44432622 0.3547334  0.20094039]
 [0.55981356 0.2723172  0.16786923]
 [0.53668535 0.19145688 0.27185774]]
Episode: 94; Score: -0.8; Action: [[0.12500161 0.81898004 0.05601833]
 [0.39357623 0.21803951 0.38838425]
 [0.45132452 0.16766614 0.38100934]
 [0.8345962  0.140626   0.02477779]
 [0.52651924 0.4596231  0.01385766]]
Episode: 95; Score: -0.5; Action: [[0.75756794 0.16332395 0.0791081 ]
 [0.7033862  0.20571478 0.09089901]
 [0.6297918  0.15462431 0.21558389]
 [0.03300676 0.4112926  0.55570066]
 [0.32799187 0.24631402 0.4256941 ]]
Episode: 96; Score: 5.525631858263139; Action: [[0. 1. 0.]
 [0. 1. 0.]
 [0. 1. 0.]
 [0. 1. 0.]
 [0. 1. 0.]]
Episode: 97; Score: 0.04999999999999999; Action: [[6.8621500e-04 8.8013846e-01 1.1917536e-01]
 [4.7271073e-01 1.7177948e-01 3.5550979e-01]
 [3.8626850e-01 5.0390285e-01 1.0982864e-01]
 [6.6347778e-02 8.4386230e-01 8.9789897e-02]
 [3.0898735e-02 7.1396679e-01 2.5513449e-01]]
Episode: 98; Score: -0.4; Action: [[0.59599227 0.16250163 0.24150611]
 [0.06166093 0.36324883 0.5750902 ]
 [0.27997917 0.06400201 0.6560188 ]
 [0.5504819  0.0488532  0.4006649 ]
 [0.10552125 0.5250983  0.3693804 ]]
Episode: 99; Score: -0.3500000000000001; Action: [[0.6331572  0.31092054 0.05592228]
 [0.76372355 0.09559178 0.14068468]
 [0.36028793 0.5701046  0.06960744]
 [0.4688036  0.34275135 0.18844505]
 [0.5826577  0.37661275 0.04072955]]
Episode: 100; Score: -0.8; Action: [[0.76656646 0.14201404 0.09141947]
 [0.30158162 0.14269535 0.5557231 ]
 [0.6304881  0.2660863  0.10342562]
 [0.49932995 0.46199936 0.0386707 ]
 [0.70288897 0.11046134 0.1866497 ]]
Episode: 101; Score: -0.75; Action: [[9.6936181e-02 7.4958569e-01 1.5347813e-01]
 [1.2859949e-01 1.1496502e-01 7.5643551e-01]
 [1.7238347e-01 6.9699913e-01 1.3061738e-01]
 [6.6680321e-04 8.5171634e-01 1.4761688e-01]
 [2.3072498e-01 6.9218314e-01 7.7091880e-02]]
Episode: 102; Score: 1.3524563738704825; Action: [[1. 0. 0.]
 [1. 0. 0.]
 [1. 0. 0.]
 [1. 0. 0.]
 [1. 0. 0.]]
Episode: 103; Score: 0.55; Action: [[0.705957   0.05400377 0.24003921]
 [0.0965896  0.56649107 0.3369193 ]
 [0.2554638  0.36306602 0.38147017]
 [0.23805009 0.01065145 0.7512985 ]
 [0.07595224 0.08016224 0.84388554]]
Episode: 104; Score: 0.14999999999999997; Action: [[0.5054168  0.2515143  0.24306889]
 [0.14416414 0.68735564 0.16848023]
 [0.04465573 0.37898877 0.5763555 ]
 [0.11209583 0.35843933 0.52946484]
 [0.19719863 0.03604611 0.7667552 ]]
Episode: 105; Score: -0.10000000000000009; Action: [[0.10908844 0.06043208 0.8304795 ]
 [0.34356365 0.23606871 0.42036766]
 [0.6853265  0.00588677 0.30878672]
 [0.04851089 0.4181468  0.5333423 ]
 [0.82711697 0.16481249 0.00807052]]
Episode: 106; Score: -0.55; Action: [[0.02608991 0.8084903  0.1654198 ]
 [0.53492755 0.23239937 0.23267306]
 [0.5125152  0.3001264  0.1873584 ]
 [0.23295693 0.16099401 0.60604906]
 [0.10263832 0.5617751  0.3355866 ]]
Episode: 107; Score: -1.0; Action: [[0.42610493 0.22254477 0.35135028]
 [0.74117285 0.19273019 0.06609698]
 [0.14446943 0.31295216 0.5425784 ]
 [0.09835657 0.4981839  0.40345952]
 [0.83021396 0.06175175 0.10803429]]
Episode: 108; Score: 3.5280180587827648; Action: [[0. 0. 1.]
 [0. 1. 0.]
 [0. 1. 0.]
 [0. 0. 1.]
 [0. 0. 1.]]
Episode: 109; Score: 0.04999999999999999; Action: [[0.17103666 0.6598168  0.16914652]
 [0.0728814  0.48309058 0.44402802]
 [0.22198826 0.16672097 0.61129075]
 [0.3560804  0.38671133 0.25720823]
 [0.6273554  0.12407867 0.24856596]]
Episode: 110; Score: 1.0; Action: [[0.28307736 0.09037094 0.6265517 ]
 [0.30276677 0.6393237  0.05790956]
 [0.06615772 0.6769456  0.25689664]
 [0.29898357 0.500218   0.20079845]
 [0.38968453 0.04750773 0.56280774]]
Episode: 111; Score: 3.3433779107860406; Action: [[0.01562435 0.2915678  0.69280785]
 [0.21750572 0.6041874  0.17830686]
 [0.05759789 0.66794074 0.27446136]
 [0.19828203 0.28010127 0.5216167 ]
 [0.07361918 0.37109137 0.55528945]]
Episode: 112; Score: 0.04999999999999999; Action: [[0.00356061 0.27061468 0.7258247 ]
 [0.24194099 0.33294857 0.42511046]
 [0.5277952  0.13153338 0.34067142]
 [0.59481233 0.25997028 0.14521736]
 [0.2913378  0.521128   0.1875342 ]]
Episode: 113; Score: 0.09999999999999998; Action: [[0.20541832 0.02699786 0.76758385]
 [0.1185308  0.31352445 0.5679447 ]
 [0.01402625 0.6466366  0.3393371 ]
 [0.6840895  0.11289066 0.20301987]
 [0.1834544  0.7406615  0.0758841 ]]
Episode: 114; Score: 1.4093774803555685; Action: [[1. 0. 0.]
 [1. 0. 0.]
 [1. 0. 0.]
 [1. 0. 0.]
 [1. 0. 0.]]
Episode: 115; Score: -0.2; Action: [[0.8542587  0.0615404  0.0842009 ]
 [0.12320945 0.31016073 0.5666298 ]
 [0.42859697 0.22762966 0.34377337]
 [0.09775066 0.72418153 0.17806782]
 [0.58847123 0.1413511  0.27017766]]
Episode: 116; Score: -0.4; Action: [[0.7980024  0.05897148 0.14302613]
 [0.02119802 0.43746576 0.54133624]
 [0.3827292  0.22321223 0.39405856]
 [0.45707145 0.4052345  0.13769405]
 [0.660951   0.05257991 0.2864691 ]]
Episode: 117; Score: -0.10000000000000009; Action: [[0.3191668  0.48714527 0.19368792]
 [0.61784464 0.35544342 0.02671191]
 [0.13139397 0.8603333  0.00827273]
 [0.16161394 0.29720908 0.541177  ]
 [0.45802668 0.22839047 0.31358287]]
Episode: 118; Score: 2.992079781011866; Action: [[0.03800682 0.02767701 0.93431616]
 [0.29371756 0.6042701  0.10201236]
 [0.22181748 0.11543488 0.6627476 ]
 [0.48177522 0.03107489 0.48714986]
 [0.27598697 0.1865942  0.53741884]]
Episode: 119; Score: 0.04999999999999999; Action: [[0.25771022 0.40919718 0.3330926 ]
 [0.00206293 0.15413754 0.84379953]
 [0.20825213 0.48089874 0.31084913]
 [0.8642631  0.06239563 0.07334122]
 [0.3950897  0.5323166  0.07259373]]
Episode: 120; Score: 1.2203146345491291; Action: [[1. 0. 0.]
 [1. 0. 0.]
 [1. 0. 0.]
 [1. 0. 0.]
 [1. 0. 0.]]
Episode: 121; Score: -0.2; Action: [[0.2422194  0.44513705 0.31264356]
 [0.00926548 0.03128485 0.95944965]
 [0.38107818 0.17959513 0.4393267 ]
 [0.27449578 0.46846345 0.25704077]
 [0.1956035  0.6908831  0.11351338]]
Episode: 122; Score: 0.09999999999999998; Action: [[0.22715458 0.5550973  0.21774812]
 [0.9377803  0.01894413 0.04327555]
 [0.39024588 0.49449337 0.11526076]
 [0.81299645 0.06579305 0.12121049]
 [0.3328302  0.3303699  0.33679992]]
Episode: 123; Score: 0.1499999999999999; Action: [[0.20458168 0.21061268 0.5848056 ]
 [0.09919252 0.30131498 0.5994925 ]
 [0.08582122 0.7042318  0.20994696]
 [0.74439096 0.18663137 0.06897768]
 [0.10681093 0.00839879 0.8847903 ]]
Episode: 124; Score: -0.30000000000000004; Action: [[0.04429586 0.31540328 0.64030087]
 [0.45927402 0.1607954  0.37993056]
 [0.55296654 0.09051906 0.35651442]
 [0.12897483 0.08730568 0.7837195 ]
 [0.8484007  0.14020085 0.01139842]]
Episode: 125; Score: -0.25; Action: [[0.28759935 0.01773519 0.69466543]
 [0.18991949 0.30956602 0.5005145 ]
 [0.18596022 0.0248872  0.78915256]
 [0.43922058 0.03813072 0.5226487 ]
 [0.14321929 0.19530581 0.6614749 ]]
Episode: 126; Score: 3.5143824597635698; Action: [[0. 0. 1.]
 [0. 1. 0.]
 [0. 1. 0.]
 [0. 0. 1.]
 [0. 0. 1.]]
Episode: 127; Score: 0.3; Action: [[0.20453948 0.34748778 0.44797274]
 [0.25714824 0.5564774  0.18637434]
 [0.2983986  0.04283771 0.6587637 ]
 [0.68168586 0.05840593 0.2599082 ]
 [0.05350782 0.8559519  0.0905403 ]]
Episode: 128; Score: 0.09999999999999998; Action: [[0.35155538 0.50018525 0.14825936]
 [0.2130491  0.75968444 0.02726643]
 [0.2521932  0.08387597 0.66393083]
 [0.1391748  0.17774904 0.68307614]
 [0.10373384 0.5818251  0.3144411 ]]
Episode: 129; Score: -0.6000000000000001; Action: [[0.3303688  0.5683671  0.10126406]
 [0.37787318 0.35120368 0.27092314]
 [0.42024595 0.25279018 0.32696384]
 [0.43516493 0.51417243 0.05066261]
 [0.44623098 0.532753   0.02101606]]
Episode: 130; Score: -0.8; Action: [[0.11603925 0.65637994 0.22758079]
 [0.26860693 0.15377103 0.57762206]
 [0.48619083 0.27137378 0.2424354 ]
 [0.24940129 0.694994   0.05560473]
 [0.6359886  0.25771168 0.10629973]]
Episode: 131; Score: -1.0; Action: [[0.5704359  0.03341749 0.39614663]
 [0.66982937 0.08302136 0.24714927]
 [0.06665726 0.19211538 0.7412273 ]
 [0.19044583 0.68468684 0.12486734]
 [0.44200596 0.37704706 0.18094696]]
Episode: 132; Score: 3.407210397967771; Action: [[0. 0. 1.]
 [0. 1. 0.]
 [0. 0. 1.]
 [0. 0. 1.]
 [0. 0. 1.]]
Episode: 133; Score: 0.3; Action: [[0.74519056 0.17462277 0.08018669]
 [0.00503866 0.7192284  0.27573296]
 [0.48488036 0.24925968 0.26586   ]
 [0.25169554 0.4631967  0.28510776]
 [0.19454171 0.25018528 0.555273  ]]
Episode: 134; Score: -0.15000000000000002; Action: [[0.3069201  0.11179055 0.58128935]
 [0.40648094 0.29268953 0.30082953]
 [0.71575034 0.16192722 0.12232246]
 [0.17046897 0.57790047 0.25163054]
 [0.39389762 0.4676882  0.13841417]]
Episode: 135; Score: 0.1499999999999999; Action: [[0.40545526 0.1880635  0.40648124]
 [0.12008049 0.11114496 0.76877457]
 [0.26452985 0.35740218 0.37806797]
 [0.25787866 0.07050733 0.671614  ]
 [0.21449172 0.10684146 0.67866683]]
Episode: 136; Score: -0.55; Action: [[0.2770013  0.39256197 0.33043674]
 [0.7283933  0.0234849  0.24812181]
 [0.15341493 0.63645124 0.2101338 ]
 [0.33128256 0.39942294 0.26929453]
 [0.01431169 0.7284551  0.25723317]]
Episode: 137; Score: -0.25; Action: [[3.49259675e-01 1.17253706e-01 5.33486605e-01]
 [3.07549328e-01 2.03602016e-02 6.72090471e-01]
 [1.26096994e-01 8.73041093e-01 8.61888402e-04]
 [8.79685059e-02 4.81968522e-01 4.30062979e-01]
 [1.41857490e-01 3.89853358e-01 4.68289167e-01]]
Episode: 138; Score: 4.932275566859294; Action: [[0. 1. 0.]
 [0. 1. 0.]
 [0. 1. 0.]
 [0. 1. 0.]
 [0. 1. 0.]]
Episode: 139; Score: -0.2; Action: [[0.431414   0.50201625 0.06656973]
 [0.00290064 0.06144077 0.9356586 ]
 [0.10727891 0.38809776 0.5046233 ]
 [0.08992726 0.49587518 0.41419756]
 [0.12569623 0.7230141  0.15128964]]
Episode: 140; Score: 0.09999999999999998; Action: [[0.10208765 0.01744862 0.8804637 ]
 [0.45783705 0.39427903 0.14788394]
 [0.33620387 0.4868816  0.17691454]
 [0.7966278  0.13775344 0.06561875]
 [0.64182633 0.00624664 0.35192704]]
Episode: 141; Score: -0.10000000000000009; Action: [[0.2620446  0.68547094 0.05248445]
 [0.564286   0.2685791  0.16713491]
 [0.76702535 0.19711122 0.03586346]
 [0.2872913  0.18579033 0.52691835]
 [0.16846    0.34301934 0.48852065]]
Episode: 142; Score: -0.30000000000000004; Action: [[0.3466473  0.1250184  0.5283343 ]
 [0.41467038 0.16962583 0.41570377]
 [0.3088098  0.50015056 0.19103967]
 [0.44914597 0.44869012 0.10216393]
 [0.4371123  0.18512794 0.37775975]]
Episode: 143; Score: -1.0; Action: [[0.11010998 0.5490996  0.34079042]
 [0.09884232 0.27119163 0.629966  ]
 [0.7505021  0.18109427 0.06840359]
 [0.4895235  0.1207961  0.38968042]
 [0.5707763  0.35941383 0.0698099 ]]
Episode: 144; Score: 3.2768910063963435; Action: [[0. 0. 1.]
 [0. 1. 0.]
 [0. 1. 0.]
 [0. 0. 1.]
 [0. 0. 1.]]
Episode: 145; Score: 0.55; Action: [[0.1528465  0.38542905 0.46172446]
 [0.19835536 0.23013905 0.5715056 ]
 [0.5787803  0.3802917  0.04092799]
 [0.05284991 0.09547278 0.8516773 ]
 [0.33143994 0.16579786 0.5027622 ]]
Episode: 146; Score: 0.35; Action: [[0.55005205 0.36719805 0.08274992]
 [0.2245314  0.6260709  0.14939769]
 [0.31227186 0.41928637 0.26844177]
 [0.44276807 0.08733675 0.46989518]
 [0.46981478 0.4859854  0.04419984]]
Episode: 147; Score: -0.3500000000000001; Action: [[0.4129438  0.00394794 0.58310825]
 [0.5619566  0.28306794 0.15497549]
 [0.07555746 0.37312996 0.55131257]
 [0.795282   0.07294532 0.13177271]
 [0.5604117  0.1330611  0.30652723]]
Episode: 148; Score: -0.55; Action: [[0.21853593 0.2955857  0.48587838]
 [0.10152527 0.37221694 0.5262578 ]
 [0.3020942  0.1651138  0.53279203]
 [0.5115748  0.41764748 0.07077769]
 [0.39850318 0.20928845 0.39220837]]
Episode: 149; Score: -1.0; Action: [[0.3677064  0.2959189  0.3363747 ]
 [0.5802521  0.22184949 0.1978984 ]
 [0.5218677  0.299814   0.17831834]
 [0.63676995 0.3015257  0.0617043 ]
 [0.18516292 0.59701777 0.2178193 ]]
Episode: 150; Score: 3.502485048740901; Action: [[0. 0. 1.]
 [0. 1. 0.]
 [0. 1. 0.]
 [0. 0. 1.]
 [0. 0. 1.]]
Episode: 151; Score: 0.55; Action: [[0.4931836  0.4191389  0.08767749]
 [0.2562423  0.5316425  0.21211521]
 [0.7134191  0.26572922 0.02085168]
 [0.3026669  0.34549174 0.35184136]
 [0.16962582 0.11450659 0.7158676 ]]
Episode: 152; Score: -0.15000000000000002; Action: [[0.09742039 0.7157921  0.1867875 ]
 [0.38909253 0.02014837 0.5907591 ]
 [0.30320042 0.10144085 0.5953587 ]
 [0.00778405 0.3047789  0.68743706]
 [0.5151094  0.08240966 0.40248093]]
Episode: 153; Score: -0.10000000000000009; Action: [[0.12014578 0.27282056 0.60703367]
 [0.7473124  0.07278001 0.17990755]
 [0.10337166 0.23695694 0.65967137]
 [0.0790123  0.4108586  0.5101291 ]
 [0.06980988 0.76526374 0.16492638]]
Episode: 154; Score: -0.8; Action: [[0.06897851 0.7978679  0.13315362]
 [0.07108288 0.01309013 0.915827  ]
 [0.4289005  0.2624338  0.30866566]
 [0.5121019  0.01744242 0.47045568]
 [0.46557835 0.42689028 0.10753138]]
Episode: 155; Score: -0.75; Action: [[0.14153807 0.84864837 0.00981354]
 [0.31281224 0.40287396 0.28431383]
 [0.5998827  0.20885229 0.19126497]
 [0.02505923 0.6066368  0.36830392]
 [0.16707951 0.6806904  0.15223008]]
Episode: 156; Score: 1.5038449278233224; Action: [[1. 0. 0.]
 [1. 0. 0.]
 [1. 0. 0.]
 [1. 0. 0.]
 [1. 0. 0.]]
Episode: 157; Score: -0.2; Action: [[0.4616961  0.2832753  0.2550286 ]
 [0.70529264 0.18050666 0.11420066]
 [0.6148354  0.0399169  0.34524775]
 [0.6733758  0.00573107 0.32089314]
 [0.3004727  0.4499557  0.2495716 ]]
Episode: 158; Score: 0.09999999999999998; Action: [[0.07503597 0.13421682 0.7907472 ]
 [0.10112971 0.76879466 0.13007563]
 [0.41460684 0.38761625 0.19777691]
 [0.36665022 0.5219936  0.1113562 ]
 [0.4119692  0.22619323 0.36183754]]
Episode: 159; Score: 3.3056755529753943; Action: [[0.09324861 0.13867189 0.7680795 ]
 [0.17819975 0.42638645 0.39541382]
 [0.03428551 0.60960734 0.35610712]
 [0.05922317 0.38701317 0.5537637 ]
 [0.39257234 0.01852428 0.58890337]]
Episode: 160; Score: 0.3; Action: [[0.30987725 0.20469508 0.48542768]
 [0.08358016 0.7512311  0.16518879]
 [0.70956814 0.27635574 0.01407614]
 [0.1194033  0.47796693 0.40262976]
 [0.31594756 0.661157   0.02289545]]
Episode: 161; Score: -0.15000000000000002; Action: [[0.03258759 0.9517451  0.01566732]
 [0.44682628 0.15378025 0.39939347]
 [0.22441015 0.430255   0.34533486]
 [0.09313515 0.4536645  0.45320034]
 [0.10575639 0.45000875 0.44423485]]
Episode: 162; Score: 1.2344292707455755; Action: [[1. 0. 0.]
 [1. 0. 0.]
 [1. 0. 0.]
 [1. 0. 0.]
 [1. 0. 0.]]
Episode: 163; Score: -0.2; Action: [[0.72760814 0.08296423 0.18942763]
 [0.31302205 0.14830525 0.5386727 ]
 [0.540812   0.20973375 0.24945422]
 [0.14808871 0.60110813 0.25080317]
 [0.52094674 0.31030175 0.16875148]]
Episode: 164; Score: 0.09999999999999998; Action: [[0.22263537 0.04848094 0.7288837 ]
 [0.01385113 0.7524937  0.23365521]
 [0.5984585  0.27185082 0.12969066]
 [0.37120825 0.26214924 0.3666425 ]
 [0.0849294  0.8984812  0.01658942]]
Episode: 165; Score: -0.10000000000000009; Action: [[0.00607087 0.00690698 0.98702216]
 [0.12155992 0.35501924 0.5234208 ]
 [0.7705063  0.19052286 0.0389708 ]
 [0.00591837 0.41194808 0.58213353]
 [0.27014768 0.37156916 0.35828316]]
Episode: 166; Score: -0.050000000000000044; Action: [[0.5939452  0.19802164 0.20803314]
 [0.04421951 0.6974481  0.2583324 ]
 [0.01984007 0.87536657 0.10479333]
 [0.5657908  0.4302924  0.00391685]
 [0.4030195  0.14634645 0.4506341 ]]
Episode: 167; Score: -0.75; Action: [[0.3351716  0.59126556 0.07356281]
 [0.30560595 0.51132345 0.18307057]
 [0.02165066 0.3245264  0.65382296]
 [0.34957916 0.3557214  0.29469943]
 [0.3616958  0.6365628  0.00174138]]
Episode: 168; Score: 5.550256328774022; Action: [[0. 1. 0.]
 [0. 1. 0.]
 [0. 1. 0.]
 [0. 1. 0.]
 [0. 1. 0.]]
Episode: 169; Score: 0.3; Action: [[0.32122874 0.04481049 0.6339608 ]
 [0.48639214 0.23582968 0.27777818]
 [0.24330093 0.36941874 0.38728034]
 [0.302722   0.4989599  0.1983181 ]
 [0.11863042 0.09748594 0.78388363]]
Episode: 170; Score: 0.09999999999999998; Action: [[0.68164283 0.0126753  0.30568185]
 [0.00747327 0.12376814 0.86875856]
 [0.09586379 0.8405648  0.06357143]
 [0.1749859  0.4602354  0.3647787 ]
 [0.32511824 0.23111281 0.44376895]]
Episode: 171; Score: -0.3500000000000001; Action: [[0.88753587 0.00161878 0.11084537]
 [0.19752744 0.12786911 0.67460346]
 [0.2386429  0.35160565 0.40975145]
 [0.3682717  0.32435706 0.30737123]
 [0.06925013 0.35461736 0.57613254]]
Episode: 172; Score: -0.30000000000000004; Action: [[0.13668527 0.3776673  0.4856474 ]
 [0.08840815 0.06707623 0.8445156 ]
 [0.04829033 0.7645675  0.1871422 ]
 [0.83327127 0.07504275 0.09168595]
 [0.23728539 0.453656   0.30905864]]
Episode: 173; Score: 1.0; Action: [[0.30274233 0.01573692 0.68152076]
 [0.0520813  0.59216416 0.35575452]
 [0.4241546  0.4415973  0.13424808]
 [0.00567376 0.33140594 0.6629203 ]
 [0.03415094 0.89991677 0.0659323 ]]
Episode: 174; Score: 5.491566983461723; Action: [[0. 1. 0.]
 [0. 1. 0.]
 [0. 1. 0.]
 [0. 1. 0.]
 [0. 1. 0.]]
Episode: 175; Score: 0.04999999999999999; Action: [[0.31285605 0.6046954  0.08244859]
 [0.46291274 0.03860817 0.4984791 ]
 [0.66129786 0.19574404 0.14295813]
 [0.02229684 0.10165091 0.87605226]
 [0.02287107 0.5133733  0.4637556 ]]
Episode: 176; Score: -0.4; Action: [[0.15648831 0.75349605 0.09001562]
 [0.5995315  0.37827647 0.02219207]
 [0.5223132  0.41745773 0.06022909]
 [0.54900515 0.2937305  0.15726434]
 [0.20486878 0.560037   0.2350942 ]]
Episode: 177; Score: 0.1499999999999999; Action: [[0.28987598 0.13766703 0.572457  ]
 [0.12157721 0.6703305  0.20809229]
 [0.4114182  0.20897485 0.37960693]
 [0.48990512 0.00180284 0.508292  ]
 [0.53577495 0.22244675 0.24177828]]
Episode: 178; Score: 1.0; Action: [[0.4363917  0.04741807 0.51619023]
 [0.03584746 0.8467012  0.11745135]
 [0.22440143 0.72953004 0.04606856]
 [0.3689796  0.5011737  0.12984672]
 [0.43760356 0.12037294 0.4420235 ]]
Episode: 179; Score: 0.55; Action: [[0.78161085 0.16601524 0.05237394]
 [0.22170319 0.11357637 0.6647205 ]
 [0.1667189  0.7184376  0.1148435 ]
 [0.06722169 0.2659884  0.6667899 ]
 [0.08748738 0.37697685 0.53553575]]
Episode: 180; Score: 1.5557562532591669; Action: [[1. 0. 0.]
 [1. 0. 0.]
 [1. 0. 0.]
 [1. 0. 0.]
 [1. 0. 0.]]
Episode: 181; Score: 0.55; Action: [[0.15977032 0.16121565 0.679014  ]
 [0.02642109 0.12487268 0.84870625]
 [0.04977727 0.8672651  0.08295762]
 [0.35145178 0.02523658 0.62331164]
 [0.08779778 0.5983746  0.3138276 ]]
Episode: 182; Score: -0.15000000000000002; Action: [[0.5855255  0.27839696 0.13607754]
 [0.14027959 0.77773756 0.08198283]
 [0.161718   0.40930754 0.42897448]
 [0.21389796 0.66337943 0.12272259]
 [0.90206015 0.01633804 0.08160181]]
Episode: 183; Score: 1.0; Action: [[0.6371566  0.00463302 0.35821036]
 [0.0908009  0.74086297 0.16833611]
 [0.04997974 0.48405474 0.4659655 ]
 [0.1804357  0.21613325 0.60343105]
 [0.02729055 0.25110552 0.72160393]]
Episode: 184; Score: 0.04999999999999999; Action: [[0.2584704  0.595684   0.14584564]
 [0.20459598 0.24519813 0.5502059 ]
 [0.3046213  0.2792026  0.41617608]
 [0.328089   0.6004472  0.07146383]
 [0.14272398 0.4025686  0.4547074 ]]
Episode: 185; Score: 0.09999999999999998; Action: [[0.38111237 0.23354499 0.38534266]
 [0.7253518  0.24886014 0.02578807]
 [0.19130985 0.34048635 0.4682038 ]
 [0.04220567 0.44141898 0.51637536]
 [0.28492063 0.5200823  0.19499707]]
Episode: 186; Score: 1.5443352034207876; Action: [[1. 0. 0.]
 [1. 0. 0.]
 [1. 0. 0.]
 [1. 0. 0.]
 [1. 0. 0.]]
Episode: 187; Score: 0.04999999999999999; Action: [[0.42949912 0.24508886 0.32541203]
 [0.59257966 0.2672397  0.14018063]
 [0.11229186 0.81435496 0.07335316]
 [0.7756496  0.13491298 0.0894374 ]
 [0.9586267  0.03088471 0.01048861]]
Episode: 188; Score: 0.09999999999999998; Action: [[0.17831545 0.49604553 0.325639  ]
 [0.03368364 0.8068938  0.15942256]
 [0.7412202  0.05042135 0.20835845]
 [0.4505445  0.37138513 0.17807035]
 [0.29605764 0.05023435 0.653708  ]]
Episode: 189; Score: -0.3500000000000001; Action: [[0.27587682 0.09917489 0.6249483 ]
 [0.6541262  0.00595482 0.33991894]
 [0.10440554 0.01095504 0.88463944]
 [0.26884046 0.6774109  0.05374867]
 [0.07550523 0.7923036  0.13219114]]
Episode: 190; Score: -0.050000000000000044; Action: [[0.38186538 0.01919366 0.59894097]
 [0.42503643 0.5651458  0.00981774]
 [0.23004723 0.1725477  0.5974051 ]
 [0.5164366  0.3936358  0.08992763]
 [0.3259155  0.15414245 0.51994205]]
Episode: 191; Score: -0.75; Action: [[0.132328   0.23226628 0.6354057 ]
 [0.5487072  0.35883754 0.0924553 ]
 [0.4657737  0.21625046 0.31797585]
 [0.34739697 0.50254977 0.15005328]
 [0.6695068  0.24628979 0.08420341]]
Episode: 192; Score: 3.390526250507748; Action: [[0. 0. 1.]
 [0. 1. 0.]
 [0. 1. 0.]
 [0. 0. 1.]
 [0. 0. 1.]]
Episode: 193; Score: 0.04999999999999999; Action: [[0.71550524 0.2625365  0.02195825]
 [0.46526295 0.13079484 0.40394223]
 [0.06163005 0.33794826 0.6004217 ]
 [0.2818999  0.17600319 0.5420969 ]
 [0.2450433  0.38391182 0.3710449 ]]
Episode: 194; Score: 0.35; Action: [[0.25044933 0.16891898 0.5806317 ]
 [0.57787496 0.36967358 0.05245148]
 [0.51165235 0.44562203 0.04272562]
 [0.20748936 0.09423432 0.69827634]
