Episode: 0; Score: 5.5067934070885896; Action: [[0. 1. 0.]
 [0. 1. 0.]
 [0. 1. 0.]
 [0. 1. 0.]
 [0. 1. 0.]]
Episode: 1; Score: 0.04999999999999999; Action: [[3.0696642e-01 5.8253948e-04 6.9245100e-01]
 [6.3017291e-01 7.5146630e-02 2.9468051e-01]
 [1.1643582e-01 1.0090515e-02 8.7347364e-01]
 [1.1017016e-02 9.2221296e-01 6.6770002e-02]
 [1.2683405e-01 5.9194463e-01 2.8122130e-01]]
Episode: 2; Score: -0.15000000000000002; Action: [[0.32662532 0.3391615  0.33421323]
 [0.52873665 0.13976014 0.3315032 ]
 [0.6695317  0.12926088 0.20120741]
 [0.2831721  0.24873593 0.46809196]
 [0.54774034 0.11819352 0.33406615]]
Episode: 3; Score: 0.1499999999999999; Action: [[0.35606578 0.5134551  0.13047911]
 [0.11834392 0.6088369  0.27281922]
 [0.49632305 0.20669168 0.29698527]
 [0.06038219 0.27639306 0.66322476]
 [0.41261834 0.03988896 0.5474927 ]]
Episode: 4; Score: -0.30000000000000004; Action: [[0.92687696 0.03750109 0.03562192]
 [0.21877499 0.3800328  0.4011922 ]
 [0.06702537 0.8987808  0.03419383]
 [0.29763705 0.13019715 0.5721658 ]
 [0.70578206 0.0231162  0.27110177]]
Episode: 5; Score: -0.5; Action: [[0.7000602  0.03846545 0.26147434]
 [0.16420895 0.41373372 0.42205736]
 [0.03400943 0.29604656 0.669944  ]
 [0.21496665 0.19627367 0.58875966]
 [0.38997266 0.00901316 0.6010142 ]]
Episode: 6; Score: 4.865212034038668; Action: [[0. 1. 0.]
 [0. 1. 0.]
 [0. 1. 0.]
 [0. 1. 0.]
 [0. 1. 0.]]
Episode: 7; Score: 0.55; Action: [[0.12284078 0.1979933  0.6791659 ]
 [0.6033567  0.37189254 0.02475075]
 [0.25576228 0.2729365  0.47130123]
 [0.05323133 0.4522217  0.49454698]
 [0.13443235 0.21206053 0.6535071 ]]
Episode: 8; Score: -0.15000000000000002; Action: [[0.16301802 0.19340366 0.64357835]
 [0.5350153  0.18633834 0.27864635]
 [0.01454016 0.21705967 0.7684002 ]
 [0.2321782  0.43417674 0.33364508]
 [0.02843384 0.7132032  0.25836298]]
Episode: 9; Score: -0.3500000000000001; Action: [[0.44391462 0.07365405 0.48243135]
 [0.0837547  0.21880133 0.69744396]
 [0.04638725 0.372058   0.5815548 ]
 [0.07177505 0.80842257 0.11980236]
 [0.6251317  0.1530151  0.2218532 ]]
Episode: 10; Score: -0.8; Action: [[0.8228966  0.09341082 0.0836926 ]
 [0.5008217  0.41421247 0.08496585]
 [0.657806   0.14939705 0.19279699]
 [0.6841099  0.17863509 0.13725498]
 [0.042857   0.8881394  0.06900357]]
Episode: 11; Score: -0.5; Action: [[0.05752508 0.56793404 0.3745409 ]
 [0.46087712 0.22973873 0.30938414]
 [0.10077378 0.7375437  0.16168253]
 [0.24722667 0.19166681 0.5611065 ]
 [0.7443937  0.20589574 0.04971056]]
Episode: 12; Score: 5.357642029758384; Action: [[0. 1. 0.]
 [0. 1. 0.]
 [0. 1. 0.]
 [0. 1. 0.]
 [0. 1. 0.]]
Episode: 13; Score: 0.3; Action: [[0.39220056 0.03128073 0.5765187 ]
 [0.38731098 0.26782274 0.3448663 ]
 [0.43067265 0.54096043 0.02836694]
 [0.17322992 0.64648    0.18029006]
 [0.35233888 0.5228234  0.12483776]]
Episode: 14; Score: 0.09999999999999998; Action: [[0.04638942 0.60671467 0.34689593]
 [0.24163035 0.5795388  0.17883083]
 [0.94771594 0.01032482 0.04195923]
 [0.33565715 0.3119867  0.35235614]
 [0.2122185  0.68352854 0.10425298]]
Episode: 15; Score: 0.1499999999999999; Action: [[0.03948109 0.34924257 0.6112763 ]
 [0.45681515 0.01625405 0.5269308 ]
 [0.16936973 0.5314793  0.29915097]
 [0.43057865 0.01210716 0.5573142 ]
 [0.6929606  0.06764531 0.23939407]]
Episode: 16; Score: -0.050000000000000044; Action: [[0.0835091  0.5070632  0.40942773]
 [0.07750001 0.6609414  0.26155856]
 [0.6597391  0.01235003 0.32791087]
 [0.1649177  0.4008623  0.43422002]
 [0.3668839  0.08149347 0.5516226 ]]
Episode: 17; Score: -0.5; Action: [[0.51960236 0.33749592 0.14290169]
 [0.30514258 0.5577235  0.1371339 ]
 [0.6470822  0.05802127 0.2948965 ]
 [0.13196635 0.3726225  0.49541116]
 [0.3920086  0.5479363  0.0600551 ]]
Episode: 18; Score: 3.629799413244026; Action: [[0. 0. 1.]
 [0. 1. 0.]
 [0. 1. 0.]
 [0. 0. 1.]
 [0. 0. 1.]]
Episode: 19; Score: 0.3; Action: [[0.40399647 0.13277091 0.4632326 ]
 [0.01809744 0.7579259  0.22397663]
 [0.7334142  0.09301971 0.17356612]
 [0.01602932 0.52253395 0.46143675]
 [0.03798813 0.79405934 0.16795257]]
Episode: 20; Score: -0.15000000000000002; Action: [[0.4820771  0.24962904 0.26829386]
 [0.30549815 0.6526119  0.04188993]
 [0.34957826 0.12337381 0.52704793]
 [0.19190654 0.554647   0.25344643]
 [0.26342154 0.5329446  0.20363387]]
Episode: 21; Score: -0.6000000000000001; Action: [[0.04786702 0.51748574 0.43464723]
 [0.20462759 0.26860183 0.5267706 ]
 [0.6359789  0.06644575 0.29757535]
 [0.04455084 0.7249106  0.23053853]
 [0.5849642  0.3044538  0.11058198]]
Episode: 22; Score: -0.050000000000000044; Action: [[0.11353175 0.29034156 0.5961267 ]
 [0.3283164  0.64509463 0.02658896]
 [0.69331133 0.10312561 0.20356305]
 [0.07857874 0.4378971  0.48352417]
 [0.887496   0.04005885 0.07244515]]
Episode: 23; Score: 1.0; Action: [[0.19827524 0.0671931  0.73453164]
 [0.344271   0.44966465 0.20606436]
 [0.1368369  0.5089861  0.35417697]
 [0.00098961 0.43496096 0.5640494 ]
 [0.40829754 0.41662794 0.17507452]]
Episode: 24; Score: 3.2402864276798096; Action: [[0. 0. 1.]
 [0. 1. 0.]
 [0. 1. 0.]
 [0. 0. 1.]
 [0. 0. 1.]]
Episode: 25; Score: 0.55; Action: [[0.35647798 0.2807041  0.3628179 ]
 [0.0700358  0.86121655 0.06874766]
 [0.29684916 0.18801735 0.5151335 ]
 [0.47035274 0.36507177 0.1645755 ]
 [0.20858817 0.2508331  0.5405787 ]]
Episode: 26; Score: -0.15000000000000002; Action: [[0.43323714 0.54964703 0.01711587]
 [0.9100154  0.02009242 0.06989215]
 [0.51990277 0.33362272 0.14647454]
 [0.25954658 0.17518733 0.56526613]
 [0.52695495 0.01615958 0.45688543]]
Episode: 27; Score: -0.3500000000000001; Action: [[0.43476394 0.11303171 0.45220438]
 [0.42464954 0.09296383 0.48238665]
 [0.13070945 0.17583157 0.693459  ]
 [0.25094578 0.52012944 0.22892483]
 [0.54215306 0.33308592 0.12476099]]
Episode: 28; Score: -0.30000000000000004; Action: [[0.0870472  0.1451332  0.7678196 ]
 [0.37261412 0.4163615  0.21102439]
 [0.48069996 0.00747682 0.51182324]
 [0.12732837 0.83451325 0.03815842]
 [0.5581505  0.4217209  0.02012863]]
Episode: 29; Score: -0.75; Action: [[0.72115153 0.27411363 0.00473486]
 [0.64091796 0.02567076 0.33341128]
 [0.08620019 0.61812645 0.29567337]
 [0.12516703 0.5159277  0.35890532]
 [0.07036088 0.76440394 0.16523516]]
Episode: 30; Score: 3.228296423627801; Action: [[0. 0. 1.]
 [0. 1. 0.]
 [0. 0. 1.]
 [0. 0. 1.]
 [0. 0. 1.]]
Episode: 31; Score: 0.55; Action: [[0.2432169  0.3135715  0.4432116 ]
 [0.09650934 0.23681508 0.66667557]
 [0.47872487 0.48665023 0.03462491]
 [0.3748637  0.37992206 0.24521422]
 [0.14730896 0.39075944 0.4619316 ]]
Episode: 32; Score: -0.15000000000000002; Action: [[0.4648476  0.3649556  0.17019682]
 [0.2936859  0.49404523 0.21226887]
 [0.56333715 0.08336685 0.35329598]
 [0.3456465  0.41083536 0.24351813]
 [0.4649606  0.18582992 0.34920946]]
Episode: 33; Score: -0.3500000000000001; Action: [[0.20679116 0.5490173  0.24419153]
 [0.61693776 0.12134145 0.26172078]
 [0.01297842 0.5474417  0.43957984]
 [0.09798891 0.8413475  0.06066357]
 [0.687256   0.14855884 0.16418515]]
Episode: 34; Score: -0.050000000000000044; Action: [[0.12221219 0.21496321 0.66282463]
 [0.18832895 0.63857454 0.17309652]
 [0.11632527 0.37212273 0.511552  ]
 [0.51044375 0.48693988 0.00261637]
 [0.25967398 0.25425166 0.48607436]]
Episode: 35; Score: -0.5; Action: [[0.5158834  0.44676378 0.03735279]
 [0.29401362 0.51772803 0.18825832]
 [0.38498157 0.6068109  0.00820749]
 [0.44589597 0.339371   0.21473303]
 [0.45709467 0.47958902 0.06331632]]
Episode: 36; Score: 5.496718461643717; Action: [[0. 1. 0.]
 [0. 1. 0.]
 [0. 1. 0.]
 [0. 1. 0.]
 [0. 1. 0.]]
Episode: 37; Score: 0.55; Action: [[0.46920228 0.00729583 0.5235019 ]
 [0.09321944 0.37880537 0.5279752 ]
 [0.83579725 0.13720258 0.02700015]
 [0.01579481 0.00627093 0.97793424]
 [0.26530057 0.09763354 0.6370659 ]]
Episode: 38; Score: -0.15000000000000002; Action: [[0.36706603 0.04522503 0.58770895]
 [0.41517386 0.21928763 0.36553854]
 [0.3297833  0.18766198 0.48255473]
 [0.5037755  0.4938197  0.00240482]
 [0.4065028  0.32793427 0.26556292]]
Episode: 39; Score: -0.10000000000000009; Action: [[0.6682154  0.238814   0.09297062]
 [0.04478529 0.21878925 0.73642546]
 [0.10525776 0.69947386 0.19526841]
 [0.48299405 0.15262358 0.3643824 ]
 [0.1626279  0.3863203  0.4510518 ]]
Episode: 40; Score: -0.050000000000000044; Action: [[0.6221646  0.02621634 0.35161904]
 [0.06144909 0.4810832  0.4574677 ]
 [0.4632515  0.18691282 0.34983566]
 [0.03548694 0.14568374 0.8188293 ]
 [0.26302093 0.03450999 0.70246905]]
Episode: 41; Score: -0.25; Action: [[0.05103753 0.22588946 0.723073  ]
 [0.10668141 0.2043974  0.6889212 ]
 [0.11933146 0.8323974  0.04827112]
 [0.07434542 0.4619052  0.46374935]
 [0.23441915 0.5541947  0.21138614]]
Episode: 42; Score: 1.3845619789047925; Action: [[1. 0. 0.]
 [1. 0. 0.]
 [1. 0. 0.]
 [1. 0. 0.]
 [1. 0. 0.]]
Episode: 43; Score: 0.04999999999999999; Action: [[0.42005444 0.3221414  0.25780413]
 [0.46349433 0.4130029  0.12350276]
 [0.7219991  0.10218191 0.175819  ]
 [0.15787028 0.40800002 0.4341297 ]
 [0.67032975 0.00983197 0.3198383 ]]
Episode: 44; Score: 0.35; Action: [[0.15200584 0.06398354 0.78401065]
 [0.2740987  0.1633963  0.562505  ]
 [0.58010256 0.10795552 0.3119419 ]
 [0.08888187 0.45240396 0.45871416]
 [0.29546925 0.12994763 0.5745831 ]]
Episode: 45; Score: -0.10000000000000009; Action: [[0.66978747 0.05061005 0.2796025 ]
 [0.47257012 0.02086144 0.50656843]
 [0.39685857 0.1636235  0.43951795]
 [0.0219526  0.12909813 0.84894925]
 [0.02784001 0.45274508 0.5194149 ]]
Episode: 46; Score: -0.30000000000000004; Action: [[0.03937152 0.52630264 0.4343258 ]
 [0.29651117 0.52315754 0.18033129]
 [0.32322454 0.23296717 0.4438083 ]
 [0.65126145 0.0318331  0.31690547]
 [0.01216001 0.26403168 0.7238083 ]]
Episode: 47; Score: -0.75; Action: [[0.75674826 0.08334108 0.15991068]
 [0.2138366  0.57361346 0.21254995]
 [0.7811646  0.17646965 0.04236578]
 [0.34914702 0.48604706 0.16480593]
 [0.33381063 0.46842623 0.19776314]]
Episode: 48; Score: 3.2504219946535335; Action: [[0. 0. 1.]
 [0. 1. 0.]
 [0. 1. 0.]
 [0. 0. 1.]
 [0. 0. 1.]]
Episode: 49; Score: 0.04999999999999999; Action: [[0.8441973  0.13298623 0.02281646]
 [0.34790477 0.12605745 0.5260378 ]
 [0.46075377 0.43627536 0.10297087]
 [0.31815496 0.23396944 0.44787562]
 [0.15045452 0.8235225  0.02602296]]
Episode: 50; Score: -0.15000000000000002; Action: [[0.243902   0.59253836 0.16355963]
 [0.5492168  0.32996312 0.12082008]
 [0.3174499  0.32031074 0.36223933]
 [0.28633884 0.4274662  0.28619492]
 [0.30238706 0.07504068 0.6225723 ]]
Episode: 51; Score: 1.5563795512670238; Action: [[0.7298787  0.13728707 0.13283424]
 [0.5232524  0.4182576  0.05848996]
 [0.58073634 0.40103287 0.01823079]
 [0.7787426  0.08882215 0.13243526]
 [0.5550359  0.1680642  0.2768999 ]]
Episode: 52; Score: 0.3; Action: [[0.5447609  0.12470735 0.33053175]
 [0.12624754 0.6551896  0.2185629 ]
 [0.13231888 0.6342549  0.23342623]
 [0.30100065 0.36927068 0.32972866]
 [0.2713428  0.53278005 0.1958771 ]]
Episode: 53; Score: -0.15000000000000002; Action: [[0.13501619 0.7533288  0.11165504]
 [0.00743554 0.95430225 0.0382622 ]
 [0.0719782  0.02584302 0.90217876]
 [0.79554486 0.18210842 0.02234672]
 [0.42295027 0.51389503 0.06315473]]
Episode: 54; Score: 3.326546174849789; Action: [[0. 0. 1.]
 [0. 1. 0.]
 [0. 1. 0.]
 [0. 0. 1.]
 [0. 0. 1.]]
Episode: 55; Score: 0.04999999999999999; Action: [[0.38999563 0.49685237 0.113152  ]
 [0.68641347 0.21276252 0.10082403]
 [0.28703564 0.62682176 0.08614264]
 [0.26273492 0.52038926 0.2168758 ]
 [0.7067608  0.00575112 0.28748807]]
Episode: 56; Score: 0.35; Action: [[0.2590252  0.29589832 0.4450765 ]
 [0.25497568 0.67471683 0.0703075 ]
 [0.6039051  0.15495108 0.24114381]
 [0.26199114 0.1650314  0.5729775 ]
 [0.22168456 0.719552   0.05876347]]
Episode: 57; Score: -0.3500000000000001; Action: [[0.6568039  0.27678436 0.06641174]
 [0.41608572 0.50587416 0.0780401 ]
 [0.3758312  0.2459348  0.37823403]
 [0.02529722 0.7108594  0.26384333]
 [0.8658175  0.05416494 0.08001759]]
Episode: 58; Score: -0.55; Action: [[1.5274763e-01 2.4199283e-01 6.0525954e-01]
 [8.3558542e-01 1.2251580e-01 4.1898809e-02]
 [5.3430897e-01 4.1281715e-01 5.2873861e-02]
 [6.4218801e-01 4.5241020e-05 3.5776675e-01]
 [6.7778385e-01 1.5415663e-01 1.6805956e-01]]
Episode: 59; Score: -0.25; Action: [[0.2571807  0.24521151 0.4976078 ]
 [0.12049562 0.3276531  0.5518513 ]
 [0.2283641  0.60477865 0.16685727]
 [0.552709   0.27645245 0.17083856]
 [0.18809456 0.3879649  0.42394054]]
Episode: 60; Score: 2.95857177548049; Action: [[0. 0. 1.]
 [0. 1. 0.]
 [0. 0. 1.]
 [0. 0. 1.]
 [0. 0. 1.]]
Episode: 61; Score: 0.04999999999999999; Action: [[0.52226794 0.44610834 0.03162369]
 [0.7466792  0.1063255  0.14699534]
 [0.07272913 0.69123644 0.23603442]
 [0.12447339 0.61987305 0.25565356]
 [0.10007339 0.5955922  0.3043344 ]]
Episode: 62; Score: -0.4; Action: [[0.33279577 0.4336931  0.23351109]
 [0.41939235 0.27134374 0.3092639 ]
 [0.61994445 0.33105865 0.04899688]
 [0.92906964 0.06986533 0.00106503]
 [0.23715575 0.55647653 0.20636772]]
Episode: 63; Score: -0.3500000000000001; Action: [[0.09802751 0.27749696 0.62447554]
 [0.6696636  0.2814808  0.04885558]
 [0.28588316 0.00840879 0.705708  ]
 [0.00628702 0.63955706 0.35415593]
 [0.14894643 0.66904604 0.18200754]]
Episode: 64; Score: -0.050000000000000044; Action: [[0.00821894 0.8463373  0.14544377]
 [0.42429563 0.42491752 0.15078686]
 [0.00256898 0.48992413 0.5075069 ]
 [0.41191712 0.03148816 0.5565947 ]
 [0.04947792 0.16282347 0.7876986 ]]
Episode: 65; Score: -0.75; Action: [[0.2188838  0.66439056 0.11672566]
 [0.3348476  0.43991908 0.22523332]
 [0.56567186 0.10635618 0.327972  ]
 [0.37133342 0.36702412 0.26164246]
 [0.6187134  0.1526399  0.22864676]]
Episode: 66; Score: 2.9368935219941896; Action: [[0. 0. 1.]
 [0. 1. 0.]
 [0. 0. 1.]
 [0. 0. 1.]
 [0. 0. 1.]]
Episode: 67; Score: 0.55; Action: [[0.05521805 0.22480214 0.7199798 ]
 [0.05914645 0.5519836  0.38886994]
 [0.00272575 0.9932672  0.00400706]
 [0.48693168 0.15564229 0.35742602]
 [0.85988444 0.04582506 0.09429051]]
Episode: 68; Score: 0.35; Action: [[0.29570556 0.03377303 0.67052144]
 [0.0483581  0.8332665  0.11837542]
 [0.29152194 0.35609794 0.3523801 ]
 [0.10144343 0.5015524  0.39700413]
 [0.82940006 0.01708312 0.15351684]]
Episode: 69; Score: -0.3500000000000001; Action: [[0.08536856 0.87034386 0.04428757]
 [0.27208376 0.19486704 0.5330492 ]
 [0.6189747  0.28868395 0.09234135]
 [0.23629084 0.29724813 0.46646103]
 [0.5326743  0.09550898 0.3718167 ]]
Episode: 70; Score: -0.55; Action: [[0.76375365 0.0357367  0.20050962]
 [0.52965885 0.11048934 0.35985178]
 [0.40961257 0.13455538 0.45583206]
 [0.23030588 0.26209486 0.5075993 ]
 [0.52721363 0.05308287 0.4197035 ]]
Episode: 71; Score: -0.5; Action: [[0.08972497 0.8443035  0.06597158]
 [0.41330665 0.10260987 0.48408347]
 [0.07301876 0.7908366  0.13614465]
 [0.1975659  0.17169839 0.6307357 ]
 [0.4707135  0.4347437  0.0945428 ]]
Episode: 72; Score: 1.2917377250550781; Action: [[1. 0. 0.]
 [1. 0. 0.]
 [1. 0. 0.]
 [1. 0. 0.]
 [1. 0. 0.]]
Episode: 73; Score: 0.3; Action: [[0.7118757  0.1161504  0.17197393]
 [0.36721876 0.3864189  0.24636234]
 [0.6346752  0.03221098 0.33311382]
 [0.13571133 0.3662583  0.4980304 ]
 [0.6326843  0.1730533  0.19426243]]
Episode: 74; Score: -0.15000000000000002; Action: [[0.11956616 0.8359837  0.04445014]
 [0.7531447  0.06549024 0.18136509]
 [0.2604     0.64169675 0.09790328]
 [0.93357843 0.05612191 0.01029965]
 [0.02527991 0.4915764  0.4831437 ]]
Episode: 75; Score: 0.1499999999999999; Action: [[0.36606756 0.54395413 0.08997831]
 [0.01200351 0.49427566 0.49372083]
 [0.11438295 0.5536463  0.33197072]
 [0.10983629 0.35240492 0.53775877]
 [0.11612488 0.5010118  0.3828633 ]]
Episode: 76; Score: -0.55; Action: [[0.4488007  0.0423539  0.5088454 ]
 [0.28640297 0.00641089 0.7071861 ]
 [0.11844746 0.31644076 0.56511176]
 [0.23632333 0.6207447  0.14293197]
 [0.8533349  0.05327303 0.09339204]]
Episode: 77; Score: -0.25; Action: [[0.08248194 0.08038641 0.8371317 ]
 [0.41290057 0.2662234  0.320876  ]
 [0.11136152 0.40149385 0.48714465]
 [0.10846344 0.38134137 0.5101952 ]
 [0.18456477 0.381186   0.43424922]]
Episode: 78; Score: 1.266425657781011; Action: [[1. 0. 0.]
 [1. 0. 0.]
 [1. 0. 0.]
 [1. 0. 0.]
 [1. 0. 0.]]
Episode: 79; Score: 0.3; Action: [[0.64565855 0.18532625 0.16901518]
 [0.08527794 0.87529635 0.03942568]
 [0.1005165  0.15164317 0.74784034]
 [0.08389067 0.3055162  0.61059314]
 [0.18233153 0.481281   0.33638746]]
Episode: 80; Score: -0.15000000000000002; Action: [[0.49449858 0.05988583 0.4456156 ]
 [0.24866548 0.65445924 0.09687529]
 [0.18198112 0.08196574 0.73605317]
 [0.7588811  0.12173688 0.11938205]
 [0.15274993 0.4530124  0.39423767]]
Episode: 81; Score: -0.10000000000000009; Action: [[0.46579003 0.22362141 0.31058854]
 [0.40335765 0.53397787 0.06266446]
 [0.9551275  0.0258938  0.01897873]
 [0.63304657 0.27741376 0.08953968]
 [0.01401473 0.45619005 0.5297952 ]]
Episode: 82; Score: -0.55; Action: [[0.13815187 0.779699   0.08214911]
 [0.38568553 0.24574198 0.36857247]
 [0.25204036 0.28997004 0.45798957]
 [0.26306707 0.24921547 0.48771745]
 [0.67355573 0.11165829 0.21478595]]
Episode: 83; Score: -1.0; Action: [[0.30026037 0.36148998 0.33824965]
 [0.858968   0.0791001  0.06193189]
 [0.7614023  0.10714044 0.13145727]
 [0.3257218  0.59790933 0.07636887]
 [0.56447774 0.25828376 0.17723848]]
Episode: 84; Score: 1.2258861366868248; Action: [[1. 0. 0.]
 [1. 0. 0.]
 [1. 0. 0.]
 [1. 0. 0.]
 [1. 0. 0.]]
Episode: 85; Score: 0.3; Action: [[0.0789097  0.46427277 0.45681754]
 [0.3105961  0.02229291 0.667111  ]
 [0.34596512 0.08043081 0.5736041 ]
 [0.01313106 0.15386523 0.8330037 ]
 [0.06939342 0.19578825 0.73481834]]
Episode: 86; Score: 0.09999999999999998; Action: [[0.10644317 0.34327978 0.55027705]
 [0.08470767 0.25002867 0.66526365]
 [0.5433734  0.33773246 0.11889415]
 [0.07676499 0.4523763  0.4708587 ]
 [0.41847923 0.18333523 0.39818555]]
Episode: 87; Score: -0.10000000000000009; Action: [[0.40583315 0.56202394 0.0321429 ]
 [0.12338657 0.5657109  0.3109025 ]
 [0.6560934  0.3330641  0.01084249]
 [0.10453274 0.21019796 0.6852693 ]
 [0.8310649  0.06188639 0.10704876]]
Episode: 88; Score: -0.30000000000000004; Action: [[0.30395913 0.18540494 0.5106359 ]
 [0.77835965 0.0437306  0.17790975]
 [0.79251736 0.00455876 0.20292385]
 [0.19004093 0.7704686  0.03949047]
 [0.26252627 0.15303984 0.5844339 ]]
Episode: 89; Score: -1.0; Action: [[0.1916568  0.4517194  0.3566238 ]
 [0.16379349 0.21382627 0.62238026]
 [0.5586526  0.0271477  0.41419974]
 [0.58766913 0.18035647 0.2319744 ]
 [0.3044178  0.6355727  0.06000952]]
Episode: 90; Score: 1.2544227315870546; Action: [[1. 0. 0.]
 [1. 0. 0.]
 [1. 0. 0.]
 [1. 0. 0.]
 [1. 0. 0.]]
Episode: 91; Score: 1.4125492133612456; Action: [[0.84373915 0.03479008 0.12147077]
 [0.7453693  0.04875999 0.20587067]
 [0.5769925  0.02490037 0.39810714]
 [0.61548847 0.37503815 0.00947342]
 [0.58325064 0.08759246 0.3291569 ]]
Episode: 92; Score: -0.2; Action: [[0.89757735 0.0123314  0.09009127]
 [0.30285564 0.00866567 0.6884787 ]
 [0.42334196 0.32428443 0.2523736 ]
 [0.641584   0.16370557 0.19471043]
 [0.08172122 0.9049459  0.01333289]]
Episode: 93; Score: -0.4; Action: [[0.47462678 0.06123234 0.4641409 ]
 [0.2739628  0.2786364  0.4474008 ]
 [0.19400996 0.37228972 0.43370032]
 [0.22152564 0.61346966 0.16500467]
 [0.38064742 0.550431   0.06892157]]
Episode: 94; Score: -0.3500000000000001; Action: [[0.47672755 0.4603646  0.06290782]
 [0.69871205 0.17631072 0.1249772 ]
 [0.12408987 0.34149304 0.5344171 ]
 [0.18569249 0.5870092  0.22729832]
 [0.24808112 0.03757803 0.71434087]]
Episode: 95; Score: -0.55; Action: [[0.92966    0.01737494 0.05296503]
 [0.3127518  0.5253581  0.16189009]
 [0.14910994 0.2243109  0.62657917]
 [0.57981145 0.38811976 0.03206877]
 [0.31179988 0.36702415 0.32117596]]
Episode: 96; Score: 1.293002636205902; Action: [[1. 0. 0.]
 [1. 0. 0.]
 [1. 0. 0.]
 [1. 0. 0.]
 [1. 0. 0.]]
Episode: 97; Score: 0.04999999999999999; Action: [[0.02607778 0.78180325 0.19211897]
 [0.2088658  0.36407992 0.4270543 ]
 [0.07607402 0.4304234  0.49350256]
 [0.09317432 0.36580226 0.54102343]
 [0.0121311  0.95002323 0.03784564]]
Episode: 98; Score: -0.4; Action: [[0.48058778 0.4982105  0.02120174]
 [0.08843271 0.08974256 0.8218247 ]
 [0.41015404 0.11017101 0.47967494]
 [0.5399354  0.16313368 0.29693094]
 [0.25120348 0.73689675 0.01189977]]
Episode: 99; Score: 1.0; Action: [[0.13517499 0.14609744 0.7187276 ]
 [0.36445433 0.56672114 0.06882455]
 [0.7602207  0.18872702 0.05105225]
 [0.04803168 0.0203348  0.93163353]
 [0.32398057 0.14998895 0.5260305 ]]
Episode: 100; Score: 0.04999999999999999; Action: [[0.6017345  0.12983249 0.26843297]
 [0.5271169  0.18138127 0.29150182]
 [0.5951149  0.0170493  0.3878358 ]
 [0.76155925 0.23524256 0.00319819]
 [0.05170394 0.36004776 0.5882483 ]]
Episode: 101; Score: -0.15000000000000002; Action: [[0.02087644 0.58091635 0.3982072 ]
 [0.4620426  0.40524894 0.13270846]
 [0.42329192 0.30316785 0.27354023]
 [0.70454246 0.20868568 0.08677184]
 [0.05432619 0.04900992 0.8966639 ]]
Episode: 102; Score: 3.4696639652785066; Action: [[0. 0. 1.]
 [0. 1. 0.]
 [0. 1. 0.]
 [0. 0. 1.]
 [0. 0. 1.]]
Episode: 103; Score: -0.2; Action: [[0.8020765  0.1927367  0.00518678]
 [0.5513192  0.05655584 0.39212498]
 [0.04396548 0.19919991 0.7568346 ]
 [0.8187936  0.15447496 0.02673145]
 [0.1289846  0.50869834 0.3623171 ]]
Episode: 104; Score: -0.15000000000000002; Action: [[0.35523954 0.3347163  0.31004417]
 [0.27119258 0.71942073 0.00938669]
 [0.583059   0.3867297  0.03021128]
 [0.51523596 0.16554004 0.31922403]
 [0.5475857  0.0516978  0.40071645]]
Episode: 105; Score: 0.1499999999999999; Action: [[0.56173056 0.22812071 0.21014869]
 [0.19018522 0.5739442  0.23587054]
 [0.5584724  0.3153237  0.1262039 ]
 [0.32920066 0.1896497  0.48114964]
 [0.3697798  0.23936902 0.3908512 ]]
Episode: 106; Score: -0.30000000000000004; Action: [[0.47489664 0.4690594  0.05604398]
 [0.10264327 0.29155764 0.6057991 ]
 [0.27434295 0.5707317  0.15492535]
 [0.39884678 0.4488181  0.15233514]
 [0.03156257 0.2757789  0.69265854]]
Episode: 107; Score: -0.25; Action: [[0.23669977 0.49239397 0.27090624]
 [0.03036323 0.40586436 0.56377244]
 [0.15834361 0.47193637 0.36971998]
 [0.08648334 0.08723553 0.82628113]
 [0.1175211  0.05687323 0.8256057 ]]
Episode: 108; Score: 3.4974490298468672; Action: [[0. 0. 1.]
 [0. 1. 0.]
 [0. 1. 0.]
 [0. 0. 1.]
 [0. 0. 1.]]
Episode: 109; Score: 0.55; Action: [[0.20291743 0.0470827  0.7499999 ]
 [0.0445919  0.7529972  0.20241085]
 [0.01317104 0.656519   0.33030996]
 [0.17223689 0.4961561  0.33160704]
 [0.6540559  0.02987787 0.3160662 ]]
Episode: 110; Score: -0.4; Action: [[0.82763374 0.00208165 0.17028461]
 [0.32573202 0.20689178 0.4673762 ]
 [0.23859775 0.00145162 0.75995064]
 [0.78449833 0.18029383 0.03520783]
 [0.16121379 0.68597335 0.15281285]]
Episode: 111; Score: -0.10000000000000009; Action: [[0.5501716  0.02182918 0.42799923]
 [0.30759814 0.4510726  0.24132927]
 [0.43314928 0.5303023  0.03654839]
 [0.56789565 0.0322825  0.39982185]
 [0.43202856 0.14184898 0.42612246]]
Episode: 112; Score: -0.55; Action: [[0.5687611  0.373484   0.05775494]
 [0.6849337  0.01977731 0.29528898]
 [0.7330228  0.03430806 0.23266916]
 [0.07670755 0.46103334 0.46225908]
 [0.1265919  0.7143389  0.15906921]]
Episode: 113; Score: -0.5; Action: [[0.04108118 0.46872708 0.49019176]
 [0.2937268  0.6553465  0.0509267 ]
 [0.20894654 0.2061864  0.58486706]
 [0.37208274 0.4900951  0.13782214]
 [0.6400215  0.1853538  0.1746247 ]]
Episode: 114; Score: 3.629799413244026; Action: [[0. 0. 1.]
 [0. 1. 0.]
 [0. 1. 0.]
 [0. 0. 1.]
 [0. 0. 1.]]
Episode: 115; Score: 0.04999999999999999; Action: [[0.34548008 0.02484991 0.62967   ]
 [0.5331757  0.3436944  0.12312991]
 [0.4320273  0.16864143 0.39933124]
 [0.696799   0.30177614 0.00142491]
 [0.63062143 0.05407638 0.31530216]]
Episode: 116; Score: -0.15000000000000002; Action: [[0.13353063 0.80106    0.06540935]
 [0.50671756 0.29707617 0.19620624]
 [0.3507073  0.6301831  0.01910959]
 [0.4619644  0.5191977  0.0188379 ]
 [0.50851995 0.27746674 0.21401334]]
Episode: 117; Score: 1.0; Action: [[0.13481274 0.04486191 0.8203254 ]
 [0.31651068 0.5776636  0.1058257 ]
 [0.40369582 0.499169   0.09713516]
 [0.4251493  0.06190816 0.51294255]
 [0.24584308 0.74918073 0.00497619]]
Episode: 118; Score: 0.04999999999999999; Action: [[0.61037767 0.38127956 0.00834279]
 [0.5910768  0.03484927 0.37407392]
 [0.86607516 0.12090363 0.01302122]
 [0.58630174 0.37473682 0.03896146]
 [0.14279456 0.13964483 0.7175606 ]]
Episode: 119; Score: -0.4; Action: [[0.43500978 0.38088337 0.18410686]
 [0.08181674 0.1866306  0.73155266]
 [0.17187656 0.36464372 0.4634797 ]
 [0.61859447 0.37419966 0.00720592]
 [0.45883098 0.14688815 0.39428088]]
Episode: 120; Score: 3.0313766367820265; Action: [[0. 0. 1.]
 [0. 1. 0.]
 [0. 0. 1.]
 [0. 0. 1.]
 [0. 0. 1.]]
Episode: 121; Score: 0.04999999999999999; Action: [[0.030255   0.89828944 0.07145555]
 [0.10326644 0.55779874 0.3389348 ]
 [0.89468855 0.08970779 0.01560365]
 [0.7270425  0.11587716 0.15708037]
 [0.8076156  0.08364034 0.10874406]]
Episode: 122; Score: -0.15000000000000002; Action: [[0.6507891  0.1668491  0.1823618 ]
 [0.23563232 0.10146515 0.66290253]
 [0.07848474 0.844076   0.0774393 ]
 [0.02339742 0.54967225 0.42693034]
 [0.5558247  0.15748899 0.28668636]]
Episode: 123; Score: 0.1499999999999999; Action: [[0.45078218 0.3000949  0.2491229 ]
 [0.10909335 0.8477726  0.04313403]
 [0.33900908 0.6195336  0.04145736]
 [0.16003782 0.4830443  0.3569179 ]
 [0.24375808 0.09668412 0.6595578 ]]
Episode: 124; Score: -0.55; Action: [[0.59093285 0.36394683 0.04512035]
 [0.6327445  0.23882604 0.12842949]
 [0.22712356 0.6662147  0.10666172]
 [0.10127974 0.72242475 0.17629553]
 [0.04053188 0.70812017 0.251348  ]]
Episode: 125; Score: -0.25; Action: [[0.8463026  0.02625738 0.12743999]
 [0.36193407 0.5402123  0.09785366]
 [0.03241445 0.52880883 0.43877673]
 [0.668643   0.32252923 0.00882779]
 [0.05824132 0.07402322 0.86773545]]
Episode: 126; Score: 1.264142863021268; Action: [[1. 0. 0.]
 [1. 0. 0.]
 [1. 0. 0.]
 [1. 0. 0.]
 [1. 0. 0.]]
Episode: 127; Score: 0.04999999999999999; Action: [[0.30151305 0.36343506 0.33505192]
 [0.03051925 0.6950545  0.27442628]
 [0.5198151  0.1899276  0.29025733]
 [0.34243643 0.5136488  0.1439148 ]
 [0.09375539 0.47221744 0.43402717]]
Episode: 128; Score: 2.9256093060930954; Action: [[0.41786677 0.09639329 0.48573992]
 [0.13228251 0.82607234 0.04164517]
 [0.08005485 0.41449836 0.5054468 ]
 [0.15654509 0.38818404 0.45527086]
 [0.18894324 0.4041719  0.40688485]]
Episode: 129; Score: 0.04999999999999999; Action: [[0.29078048 0.33585954 0.37335998]
 [0.5564218  0.21009864 0.23347951]
 [0.47799534 0.43947253 0.08253215]
 [0.18459384 0.583949   0.23145713]
 [0.12856147 0.8213386  0.05009997]]
Episode: 130; Score: 0.35; Action: [[0.35317752 0.21838687 0.42843562]
 [0.9861527  0.0108115  0.00303582]
 [0.25599313 0.31765983 0.42634705]
 [0.40103158 0.16313349 0.4358349 ]
 [0.0287769  0.1982048  0.7730183 ]]
Episode: 131; Score: -0.3500000000000001; Action: [[0.17950012 0.561775   0.25872484]
 [0.4986439  0.13843928 0.3629168 ]
 [0.25046808 0.7063474  0.0431845 ]
 [0.31778324 0.6343964  0.04782037]
 [0.52195793 0.34531838 0.1327237 ]]
Episode: 132; Score: 1.3872383933141266; Action: [[1. 0. 0.]
 [1. 0. 0.]
 [1. 0. 0.]
 [1. 0. 0.]
 [1. 0. 0.]]
Episode: 133; Score: 0.3; Action: [[0.18296424 0.28163034 0.5354054 ]
 [0.2543866  0.19639459 0.5492188 ]
 [0.43081698 0.15647225 0.41271076]
 [0.81944084 0.02437519 0.15618397]
 [0.16335395 0.28697005 0.549676  ]]
Episode: 134; Score: 0.09999999999999998; Action: [[0.4173336  0.46557838 0.117088  ]
 [0.10307268 0.6402342  0.25669315]
 [0.18045059 0.06261191 0.7569375 ]
 [0.5361575  0.25169277 0.21214974]
 [0.03911207 0.02976677 0.9311212 ]]
Episode: 135; Score: -0.3500000000000001; Action: [[0.01968949 0.1776811  0.8026294 ]
 [0.7440192  0.04643339 0.2095474 ]
 [0.38941926 0.26627114 0.3443096 ]
 [0.06670678 0.6069387  0.32635447]
 [0.67490345 0.00908884 0.3160077 ]]
Episode: 136; Score: -0.30000000000000004; Action: [[0.21760607 0.3334918  0.44890213]
 [0.36022544 0.26298317 0.3767914 ]
 [0.05563665 0.16104877 0.7833146 ]
 [0.2553652  0.05478474 0.68985003]
 [0.48809704 0.07180294 0.4401    ]]
Episode: 137; Score: -0.5; Action: [[0.4180863  0.28754228 0.29437143]
 [0.02180137 0.61850756 0.35969105]
 [0.35751387 0.3109261  0.33156002]
 [0.1569129  0.11717553 0.72591156]
 [0.9141315  0.0497805  0.036088  ]]
Episode: 138; Score: 5.451538787265761; Action: [[0. 1. 0.]
 [0. 1. 0.]
 [0. 1. 0.]
 [0. 1. 0.]
 [0. 1. 0.]]
Episode: 139; Score: 0.3; Action: [[0.01533376 0.9323292  0.05233706]
 [0.24894911 0.38686928 0.3641816 ]
 [0.06605787 0.3254793  0.6084628 ]
 [0.8033002  0.00325975 0.19344003]
 [0.2048216  0.00529411 0.78988427]]
Episode: 140; Score: -0.4; Action: [[0.6907737  0.22954644 0.07967985]
 [0.83007324 0.07470102 0.09522572]
 [0.6731656  0.22028169 0.10655266]
 [0.7880846  0.21063781 0.00127759]
 [0.25358924 0.38591838 0.3604924 ]]
Episode: 141; Score: -0.3500000000000001; Action: [[0.39785004 0.17817931 0.42397064]
 [0.37668172 0.06368253 0.55963576]
 [0.52089584 0.24864945 0.23045471]
 [0.42596    0.36437395 0.20966606]
 [0.01225401 0.75922984 0.22851616]]
Episode: 142; Score: -0.30000000000000004; Action: [[0.4062358  0.25432226 0.3394419 ]
 [0.03304369 0.79553765 0.17141865]
 [0.45041612 0.02307222 0.52651167]
 [0.24806131 0.28531003 0.46662864]
 [0.3948217  0.3525367  0.2526416 ]]
Episode: 143; Score: -0.5; Action: [[0.33998674 0.27580476 0.38420847]
 [0.18680534 0.29166824 0.52152646]
 [0.18561646 0.4781404  0.33624312]
 [0.06208655 0.66101974 0.27689373]
 [0.20831512 0.5737205  0.21796438]]
Episode: 144; Score: 3.2074175964327485; Action: [[0. 0. 1.]
 [0. 1. 0.]
 [0. 0. 1.]
 [0. 0. 1.]
 [0. 0. 1.]]
Episode: 145; Score: 0.04999999999999999; Action: [[0.09610071 0.17871626 0.72518307]
 [0.13178812 0.28174052 0.5864714 ]
 [0.6032194  0.19384219 0.20293842]
 [0.10565681 0.45147833 0.44286487]
 [0.24514697 0.599756   0.15509702]]
Episode: 146; Score: 0.35; Action: [[0.34414557 0.3116288  0.34422565]
 [0.13175945 0.5665624  0.30167815]
 [0.2167519  0.75163376 0.03161433]
 [0.70610887 0.19657114 0.09732   ]
 [0.13221413 0.76435316 0.1034327 ]]
Episode: 147; Score: -0.3500000000000001; Action: [[0.2646967  0.28160378 0.4536995 ]
 [0.41228077 0.00080402 0.5869152 ]
 [0.50626206 0.06282507 0.43091285]
 [0.12294338 0.546284   0.3307726 ]
 [0.63483757 0.13397689 0.23118556]]
Episode: 148; Score: -0.55; Action: [[0.8644731  0.10764208 0.02788481]
 [0.49145254 0.27761433 0.23093313]
 [0.67034495 0.04946228 0.28019273]
 [0.03259185 0.15929362 0.8081145 ]
 [0.7654317  0.04123931 0.19332899]]
Episode: 149; Score: -0.5; Action: [[0.03476744 0.14405407 0.8211785 ]
 [0.3715969  0.34112653 0.28727657]
 [0.00894509 0.34428874 0.6467662 ]
 [0.48985913 0.45001656 0.06012433]
 [0.23584577 0.03506574 0.7290885 ]]
Episode: 150; Score: 1.2473220489776224; Action: [[1. 0. 0.]
 [1. 0. 0.]
 [1. 0. 0.]
 [1. 0. 0.]
 [1. 0. 0.]]
Episode: 151; Score: 0.04999999999999999; Action: [[0.7174188  0.07070086 0.21188034]
 [0.02886115 0.1377793  0.83335954]
 [0.6230094  0.25176346 0.12522711]
 [0.38955855 0.56486386 0.04557756]
 [0.15409301 0.18209359 0.6638134 ]]
Episode: 152; Score: -0.15000000000000002; Action: [[0.39687017 0.59160936 0.0115205 ]
 [0.22121143 0.1805642  0.59822434]
 [0.04701527 0.72682834 0.2261564 ]
 [0.09999228 0.64774734 0.2522604 ]
 [0.6452499  0.30701786 0.0477322 ]]
Episode: 153; Score: -0.6000000000000001; Action: [[0.29892182 0.5643384  0.13673979]
 [0.04782617 0.03676121 0.9154126 ]
 [0.4788616  0.23891239 0.282226  ]
 [0.7153137  0.01450697 0.27017936]
 [0.64375305 0.05806432 0.29818264]]
Episode: 154; Score: -0.55; Action: [[0.06066125 0.8862699  0.05306884]
 [0.12490022 0.5487797  0.32632005]
 [0.15668532 0.2945703  0.5487444 ]
 [0.47584623 0.16500336 0.3591504 ]
 [0.48421514 0.47421458 0.04157025]]
Episode: 155; Score: -0.75; Action: [[0.04109874 0.1980414  0.76085985]
 [0.63403296 0.2938782  0.07208884]
 [0.48907882 0.02787582 0.48304537]
 [0.53892684 0.00825541 0.45281774]
 [0.14393772 0.79064053 0.06542172]]
Episode: 156; Score: 3.2242904827505368; Action: [[0. 0. 1.]
 [0. 1. 0.]
 [0. 1. 0.]
 [0. 0. 1.]
 [0. 0. 1.]]
Episode: 157; Score: 0.3; Action: [[0.6891089  0.23901424 0.07187685]
 [0.1643704  0.6681426  0.16748698]
 [0.42164135 0.56038475 0.0179739 ]
 [0.39462033 0.3372827  0.26809698]
 [0.55514455 0.34977102 0.09508441]]
Episode: 158; Score: -0.15000000000000002; Action: [[0.6967518  0.23087724 0.07237101]
 [0.4866832  0.4064688  0.10684801]
 [0.08269186 0.14057732 0.77673084]
 [0.2675926  0.00889401 0.72351336]
 [0.05453071 0.59279627 0.35267305]]
Episode: 159; Score: -0.10000000000000009; Action: [[0.3061109  0.21621843 0.47767067]
 [0.37362385 0.08686839 0.53950775]
 [0.61236423 0.12615335 0.26148242]
 [0.42741552 0.39532518 0.17725928]
 [0.14392227 0.27758923 0.57848847]]
Episode: 160; Score: -0.30000000000000004; Action: [[0.67109096 0.09553461 0.23337445]
 [0.29905507 0.479669   0.22127594]
 [0.38470602 0.41037375 0.20492023]
 [0.1486175  0.6781774  0.17320506]
 [0.60201335 0.16936406 0.22862259]]
Episode: 161; Score: -0.75; Action: [[0.70286113 0.13513336 0.1620055 ]
 [0.46551454 0.4462063  0.08827914]
 [0.45812762 0.44349033 0.09838206]
 [0.6915033  0.16474174 0.14375497]
 [0.22280706 0.2505962  0.5265967 ]]
Episode: 162; Score: 1.385453624078887; Action: [[1. 0. 0.]
 [1. 0. 0.]
 [1. 0. 0.]
 [1. 0. 0.]
 [1. 0. 0.]]
Episode: 163; Score: -0.2; Action: [[0.50830287 0.20673697 0.28496015]
 [0.05764522 0.03254548 0.9098093 ]
 [0.03228538 0.37088925 0.59682536]
 [0.00818941 0.82019824 0.17161237]
 [0.30413783 0.66423446 0.03162772]]
Episode: 164; Score: 0.09999999999999998; Action: [[0.03280813 0.89802045 0.06917141]
 [0.17605597 0.44776094 0.3761831 ]
 [0.49378452 0.13108407 0.37513143]
 [0.11341514 0.7971582  0.08942667]
 [0.23762877 0.14086716 0.62150407]]
Episode: 165; Score: -0.6000000000000001; Action: [[0.37665454 0.45404193 0.16930354]
 [0.54893255 0.24972726 0.2013402 ]
 [0.52320755 0.11812036 0.35867214]
 [0.2952769  0.5830527  0.1216704 ]
 [0.39194208 0.2972259  0.31083202]]
Episode: 166; Score: 3.240048544261297; Action: [[0.2789399  0.17243259 0.5486275 ]
 [0.3746254  0.6126911  0.01268346]
 [0.378421   0.45942536 0.16215363]
 [0.2509396  0.2742588  0.4748016 ]
 [0.28594315 0.27298623 0.44107062]]
Episode: 167; Score: 0.04999999999999999; Action: [[0.10406148 0.33770552 0.55823296]
 [0.0392225  0.40262318 0.5581543 ]
 [0.01160562 0.19713226 0.79126215]
 [0.2652572  0.59820396 0.13653885]
 [0.00421219 0.82501787 0.17076994]]
Episode: 168; Score: 1.5263921824311597; Action: [[1. 0. 0.]
 [1. 0. 0.]
 [1. 0. 0.]
 [1. 0. 0.]
 [1. 0. 0.]]
Episode: 169; Score: 0.55; Action: [[0.32103416 0.29805732 0.38090852]
 [0.22563197 0.59397334 0.18039471]
 [0.39187196 0.2604823  0.34764573]
 [0.08759359 0.5819319  0.33047453]
 [0.31786293 0.1487983  0.5333388 ]]
Episode: 170; Score: 0.09999999999999998; Action: [[0.04689924 0.16095957 0.7921412 ]
 [0.03441209 0.6265124  0.3390755 ]
 [0.5853821  0.30229864 0.1123193 ]
 [0.49967906 0.11706422 0.38325673]
 [0.608147   0.38054144 0.01131153]]
Episode: 171; Score: -0.3500000000000001; Action: [[0.08525001 0.7094964  0.20525359]
 [0.49129507 0.0017885  0.5069164 ]
 [0.20670454 0.09599078 0.69730467]
 [0.26647326 0.18003762 0.55348915]
 [0.56529045 0.3228139  0.11189563]]
Episode: 172; Score: -0.30000000000000004; Action: [[0.20709123 0.54762346 0.2452853 ]
 [0.47421774 0.39102492 0.13475733]
 [0.1505636  0.14275582 0.7066806 ]
 [0.05456241 0.38821027 0.5572273 ]
 [0.15945683 0.28856128 0.55198187]]
Episode: 173; Score: -0.5; Action: [[6.9180834e-01 8.4003177e-04 3.0735162e-01]
 [5.3898472e-01 1.5980604e-01 3.0120924e-01]
 [1.1807733e-01 4.4673288e-01 4.3518978e-01]
 [1.0631811e-02 1.4472266e-02 9.7489589e-01]
 [6.0260784e-02 9.1922528e-01 2.0513957e-02]]
Episode: 174; Score: 2.995520700710711; Action: [[0. 0. 1.]
 [0. 1. 0.]
 [0. 0. 1.]
 [0. 0. 1.]
 [0. 0. 1.]]
Episode: 175; Score: -0.2; Action: [[0.3526503  0.62010294 0.02724676]
 [0.24936378 0.31334674 0.43728948]
 [0.46292195 0.04397184 0.49310622]
 [0.10170553 0.700741   0.19755346]
 [0.04842269 0.6591663  0.29241106]]
Episode: 176; Score: -0.4; Action: [[0.4352602  0.31279576 0.25194404]
 [0.5922438  0.3890135  0.0187427 ]
 [0.09054948 0.12269128 0.78675926]
 [0.07554433 0.70447624 0.21997942]
 [0.48245257 0.39112616 0.12642126]]
Episode: 177; Score: -0.10000000000000009; Action: [[0.34157395 0.15709715 0.5013289 ]
 [0.17222133 0.6074728  0.22030586]
 [0.5383784  0.00222876 0.45939285]
 [0.05134015 0.89877915 0.04988071]
 [0.12329349 0.7896593  0.08704718]]
Episode: 178; Score: -0.050000000000000044; Action: [[0.38723823 0.00284343 0.60991836]
 [0.21933864 0.43998396 0.34067738]
 [0.00622814 0.7571277  0.23664416]
 [0.5912097  0.39174083 0.01704947]
 [0.02405955 0.5107056  0.46523488]]
Episode: 179; Score: -0.25; Action: [[0.7109435  0.22564021 0.06341624]
 [0.38046402 0.14988884 0.46964714]
 [0.02479631 0.9252819  0.04992178]
 [0.41695926 0.11119454 0.47184622]
 [0.35272706 0.17759007 0.46968287]]
Episode: 180; Score: 1.2743349108242352; Action: [[1. 0. 0.]
 [1. 0. 0.]
 [1. 0. 0.]
 [1. 0. 0.]
 [1. 0. 0.]]
Episode: 181; Score: 0.3; Action: [[8.6319312e-02 2.7645627e-01 6.3722444e-01]
 [7.3940307e-01 1.6477123e-02 2.4411981e-01]
 [7.2712719e-01 1.7427633e-02 2.5544515e-01]
 [3.4238193e-02 1.3622437e-01 8.2953745e-01]
 [9.2190188e-01 8.8222812e-05 7.8009896e-02]]
Episode: 182; Score: 0.09999999999999998; Action: [[0.14088404 0.7172587  0.14185727]
 [0.28353536 0.5155789  0.20088571]
 [0.21088454 0.1360672  0.6530483 ]
 [0.41138223 0.14043495 0.44818282]
 [0.55451363 0.26305905 0.18242732]]
Episode: 183; Score: -0.10000000000000009; Action: [[0.6024962  0.10196192 0.29554188]
 [0.16856663 0.5933288  0.23810463]
 [0.50866723 0.45130312 0.04002967]
 [0.18319474 0.2516748  0.5651305 ]
 [0.47553134 0.38994563 0.13452303]]
Episode: 184; Score: -0.8; Action: [[0.32957485 0.45135307 0.21907209]
 [0.01815952 0.47205868 0.5097818 ]
 [0.02489174 0.05126452 0.92384374]
 [0.1698211  0.5025576  0.3276213 ]
 [0.50078356 0.20385255 0.29536387]]
Episode: 185; Score: -0.5; Action: [[0.05762786 0.26082805 0.68154407]
 [0.44725636 0.1034013  0.44934234]
 [0.44626138 0.2916434  0.26209518]
 [0.5135898  0.31812564 0.16828455]
 [0.20859283 0.16473772 0.62666947]]
Episode: 186; Score: 1.4928171975503435; Action: [[1. 0. 0.]
 [1. 0. 0.]
 [1. 0. 0.]
 [1. 0. 0.]
 [1. 0. 0.]]
Episode: 187; Score: 0.3; Action: [[0.41947094 0.04708296 0.53344613]
 [0.39599782 0.215694   0.38830817]
 [0.09718464 0.20639853 0.69641685]
 [0.10039968 0.02057306 0.87902725]
 [0.03786332 0.88243306 0.07970364]]
Episode: 188; Score: -0.15000000000000002; Action: [[0.41675952 0.562679   0.02056149]
 [0.88658506 0.03930275 0.07411221]
 [0.23505822 0.27654433 0.48839745]
 [0.34385282 0.54474336 0.11140382]
 [0.13607736 0.28139624 0.5825264 ]]
Episode: 189; Score: -0.10000000000000009; Action: [[0.12435706 0.5727422  0.30290073]
 [0.18204603 0.00423828 0.8137157 ]
 [0.13321996 0.8569591  0.00982096]
 [0.31094256 0.28745672 0.40160072]
 [0.59600973 0.24912629 0.15486398]]
Episode: 190; Score: -0.55; Action: [[0.78636193 0.16200304 0.051635  ]
 [0.06887008 0.15279847 0.77833146]
 [0.43495458 0.43385023 0.1311952 ]
 [0.02037487 0.619618   0.36000714]
 [0.07358761 0.20462215 0.72179025]]
Episode: 191; Score: -0.75; Action: [[0.05554594 0.35263112 0.5918229 ]
 [0.21493788 0.17603646 0.60902566]
 [0.66813076 0.00743589 0.32443336]
 [0.39700377 0.43623784 0.16675839]
 [0.33485547 0.5701191  0.09502545]]
Episode: 192; Score: 3.455005112479783; Action: [[0. 0. 1.]
 [0. 1. 0.]
 [0. 0. 1.]
 [0. 0. 1.]
 [0. 0. 1.]]
Episode: 193; Score: -0.2; Action: [[0.02543957 0.9410806  0.03347986]
 [0.05994341 0.18534788 0.7547087 ]
 [0.4451073  0.41452855 0.14036416]
 [0.03717411 0.7194071  0.24341878]
 [0.5470635  0.27050114 0.18243532]]
Episode: 194; Score: 1.0; Action: [[0.16291893 0.2092525  0.6278286 ]
 [0.9467124  0.04484252 0.00844513]
 [0.20316173 0.5813025  0.21553576]
 [0.28226328 0.1360624  0.58167434]
