Episode: 0; Score: 1.21173827418915; Action: [[1. 0. 0.]
 [1. 0. 0.]
 [1. 0. 0.]
 [1. 0. 0.]
 [1. 0. 0.]]
Episode: 1; Score: 0.55; Action: [[0.05015027 0.65120655 0.29864317]
 [0.16828658 0.47671586 0.35499755]
 [0.16321243 0.79812354 0.03866405]
 [0.35329562 0.52014166 0.12656276]
 [0.07772282 0.09729808 0.8249791 ]]
Episode: 2; Score: -0.15000000000000002; Action: [[0.7062617  0.2605355  0.03320277]
 [0.4192411  0.07193557 0.50882334]
 [0.20179737 0.47137082 0.32683182]
 [0.42504346 0.26837075 0.3065858 ]
 [0.0664942  0.5975911  0.3359147 ]]
Episode: 3; Score: -0.10000000000000009; Action: [[0.0629323  0.8329869  0.10408084]
 [0.672984   0.04795878 0.27905723]
 [0.07123979 0.56175715 0.36700305]
 [0.4675714  0.09059388 0.44183472]
 [0.08990752 0.21986343 0.69022906]]
Episode: 4; Score: -0.55; Action: [[0.22782174 0.4046836  0.36749467]
 [0.07995693 0.36776692 0.55227613]
 [0.72401804 0.1228724  0.1531096 ]
 [0.2959011  0.12709042 0.5770085 ]
 [0.25306386 0.50564045 0.24129571]]
Episode: 5; Score: -0.75; Action: [[5.2978271e-01 2.6907155e-01 2.0114577e-01]
 [5.1514864e-01 4.8445985e-01 3.9151835e-04]
 [6.7021447e-01 3.0447987e-01 2.5305633e-02]
 [3.8546227e-02 3.0607614e-01 6.5537763e-01]
 [5.9436619e-01 8.4609635e-02 3.2102421e-01]]
Episode: 6; Score: 1.353439949470412; Action: [[1. 0. 0.]
 [1. 0. 0.]
 [1. 0. 0.]
 [1. 0. 0.]
 [1. 0. 0.]]
Episode: 7; Score: 0.3; Action: [[0.14775856 0.37200153 0.4802399 ]
 [0.16323678 0.8128071  0.02395614]
 [0.09958591 0.12881182 0.7716023 ]
 [0.20866641 0.69610447 0.0952291 ]
 [0.6413139  0.34779495 0.01089113]]
Episode: 8; Score: -0.15000000000000002; Action: [[0.13686264 0.7754915  0.08764588]
 [0.15803833 0.29697585 0.54498583]
 [0.14371108 0.77469987 0.08158907]
 [0.33502337 0.5848454  0.08013122]
 [0.31474012 0.42708203 0.25817785]]
Episode: 9; Score: -0.6000000000000001; Action: [[0.8612457  0.08614742 0.0526069 ]
 [0.38374898 0.12586968 0.49038136]
 [0.46132585 0.03550487 0.5031693 ]
 [0.70265925 0.09894295 0.1983978 ]
 [0.61213356 0.35671338 0.03115307]]
Episode: 10; Score: -0.30000000000000004; Action: [[0.00724348 0.43755215 0.55520433]
 [0.35317853 0.12587515 0.5209463 ]
 [0.5255791  0.18376128 0.2906596 ]
 [0.24105099 0.16032216 0.59862685]
 [0.26709238 0.5494113  0.1834963 ]]
Episode: 11; Score: -0.75; Action: [[0.51201427 0.3568396  0.1311461 ]
 [0.3067531  0.65804446 0.03520244]
 [0.2945166  0.08605561 0.6194278 ]
 [0.1771529  0.49582458 0.32702252]
 [0.38780537 0.43935588 0.17283876]]
Episode: 12; Score: 5.229538666744833; Action: [[0. 1. 0.]
 [0. 1. 0.]
 [0. 1. 0.]
 [0. 1. 0.]
 [0. 1. 0.]]
Episode: 13; Score: -0.2; Action: [[0.5505069  0.4312923  0.01820081]
 [0.08695288 0.11024512 0.802802  ]
 [0.8677623  0.01950611 0.11273158]
 [0.66160345 0.09276675 0.2456298 ]
 [0.56233984 0.15587063 0.28178954]]
Episode: 14; Score: 0.35; Action: [[0.20599858 0.29030868 0.50369275]
 [0.1849572  0.57914037 0.23590241]
 [0.0174537  0.7484981  0.23404822]
 [0.24070816 0.48276755 0.2765243 ]
 [0.14032975 0.7808369  0.0788334 ]]
Episode: 15; Score: -0.3500000000000001; Action: [[0.8150479  0.13339315 0.05155892]
 [0.14467475 0.63601184 0.2193134 ]
 [0.12602805 0.19029069 0.68368125]
 [0.09149267 0.64658624 0.26192108]
 [0.6463797  0.26195362 0.09166667]]
Episode: 16; Score: -0.30000000000000004; Action: [[0.55707604 0.42155087 0.02137308]
 [0.62101763 0.3443462  0.03463616]
 [0.42387605 0.31554785 0.2605761 ]
 [0.4147078  0.01178987 0.5735023 ]
 [0.02685392 0.02533356 0.9478125 ]]
Episode: 17; Score: -0.75; Action: [[0.12317251 0.56197    0.3148575 ]
 [0.481705   0.05029869 0.4679963 ]
 [0.10329863 0.10705431 0.78964704]
 [0.13800742 0.03185549 0.8301371 ]
 [0.02545213 0.6006469  0.37390095]]
Episode: 18; Score: 3.2980734279199946; Action: [[0. 0. 1.]
 [0. 1. 0.]
 [0. 1. 0.]
 [0. 0. 1.]
 [0. 0. 1.]]
Episode: 19; Score: 0.04999999999999999; Action: [[0.48877212 0.3661648  0.14506307]
 [0.3494088  0.48086336 0.16972783]
 [0.3122585  0.16476294 0.52297854]
 [0.39476237 0.23253812 0.3726995 ]
 [0.45172596 0.3805262  0.16774783]]
Episode: 20; Score: 0.09999999999999998; Action: [[0.16625184 0.27684322 0.5569049 ]
 [0.67930156 0.05075008 0.2699484 ]
 [0.10349728 0.81247216 0.08403055]
 [0.05085041 0.60920453 0.33994505]
 [0.25924465 0.65822005 0.08253528]]
Episode: 21; Score: -0.10000000000000009; Action: [[0.07899897 0.52797747 0.39302355]
 [0.75415546 0.21925175 0.02659282]
 [0.19518614 0.76147676 0.04333713]
 [0.15642132 0.82936484 0.01421384]
 [0.14559995 0.17184389 0.68255615]]
Episode: 22; Score: -0.30000000000000004; Action: [[0.56417763 0.10929282 0.32652953]
 [0.0844892  0.53938055 0.37613022]
 [0.4354068  0.45394322 0.11064999]
 [0.0343721  0.73513824 0.23048967]
 [0.44692755 0.4589719  0.09410056]]
Episode: 23; Score: -0.75; Action: [[0.04352834 0.6563157  0.300156  ]
 [0.0670698  0.27477792 0.6581523 ]
 [0.23365355 0.6639235  0.10242295]
 [0.9474439  0.03933037 0.01322574]
 [0.00660327 0.87089354 0.12250321]]
Episode: 24; Score: 1.4097170063161713; Action: [[1. 0. 0.]
 [1. 0. 0.]
 [1. 0. 0.]
 [1. 0. 0.]
 [1. 0. 0.]]
Episode: 25; Score: 0.3; Action: [[0.11407217 0.09509553 0.7908323 ]
 [0.14421386 0.8228106  0.03297557]
 [0.84445477 0.06132108 0.09422413]
 [0.5870181  0.20993997 0.20304197]
 [0.0181174  0.5134084  0.46847418]]
Episode: 26; Score: -0.15000000000000002; Action: [[0.41346776 0.18259716 0.40393507]
 [0.24064672 0.05297384 0.7063794 ]
 [0.44970918 0.4416469  0.1086439 ]
 [0.41689426 0.56196904 0.02113669]
 [0.02885135 0.27068093 0.7004677 ]]
Episode: 27; Score: -0.10000000000000009; Action: [[0.38409215 0.12786405 0.4880438 ]
 [0.45738736 0.22993939 0.31267324]
 [0.23552868 0.1060026  0.6584687 ]
 [0.51032925 0.42111248 0.06855829]
 [0.23483256 0.32556358 0.43960387]]
Episode: 28; Score: -0.050000000000000044; Action: [[0.37772015 0.12313011 0.49914974]
 [0.3355171  0.5652205  0.09926244]
 [0.4701956  0.52844733 0.00135707]
 [0.72920424 0.23122047 0.03957533]
 [0.32965556 0.656812   0.01353241]]
Episode: 29; Score: -0.75; Action: [[0.02607992 0.64104766 0.33287242]
 [0.26325953 0.35956094 0.3771795 ]
 [0.74673975 0.09794369 0.15531659]
 [0.22906767 0.36717254 0.40375978]
 [0.5727959  0.3219687  0.10523535]]
Episode: 30; Score: 2.959591865063627; Action: [[0. 0. 1.]
 [0. 1. 0.]
 [0. 0. 1.]
 [0. 0. 1.]
 [0. 0. 1.]]
Episode: 31; Score: 0.55; Action: [[0.26858273 0.22689016 0.5045271 ]
 [0.45937857 0.38364208 0.15697934]
 [0.1427442  0.61475134 0.24250445]
 [0.07513385 0.36143878 0.5634274 ]
 [0.88905406 0.04968234 0.06126358]]
Episode: 32; Score: 0.09999999999999998; Action: [[0.31861773 0.19380456 0.4875777 ]
 [0.22356103 0.7114259  0.06501307]
 [0.1834073  0.38725922 0.42933348]
 [0.4998128  0.1163912  0.38379598]
 [0.34620386 0.5808762  0.07291994]]
Episode: 33; Score: -0.3500000000000001; Action: [[0.3079083  0.18978436 0.50230736]
 [0.64910024 0.15861705 0.19228268]
 [0.22521274 0.28641042 0.48837686]
 [0.18311788 0.64510745 0.1717747 ]
 [0.55093145 0.41372237 0.03534619]]
Episode: 34; Score: -0.8; Action: [[0.78144515 0.20551008 0.01304474]
 [0.5105352  0.12531635 0.36414847]
 [0.6203744  0.01166773 0.3679579 ]
 [0.01330687 0.8911209  0.0955722 ]
 [0.71199    0.19764134 0.09036864]]
Episode: 35; Score: -0.5; Action: [[0.27494663 0.4984875  0.22656585]
 [0.38093212 0.3748528  0.24421509]
 [0.00363906 0.91733027 0.07903069]
 [0.2881285  0.34025148 0.37162003]
 [0.05274567 0.57108176 0.37617257]]
Episode: 36; Score: 3.484177872147164; Action: [[0. 0. 1.]
 [0. 1. 0.]
 [0. 1. 0.]
 [0. 0. 1.]
 [0. 0. 1.]]
Episode: 37; Score: 0.04999999999999999; Action: [[0.39582297 0.5310542  0.07312286]
 [0.5109269  0.02227902 0.46679404]
 [0.8292807  0.14012799 0.03059134]
 [0.0788945  0.22044823 0.70065725]
 [0.21452706 0.7339431  0.05152984]]
Episode: 38; Score: -0.15000000000000002; Action: [[0.53753847 0.00730087 0.45516065]
 [0.5690085  0.20630924 0.22468221]
 [0.52998286 0.01048777 0.45952937]
 [0.29832616 0.26261193 0.4390619 ]
 [0.84879553 0.00289233 0.1483121 ]]
Episode: 39; Score: -0.6000000000000001; Action: [[0.6453649  0.2833293  0.0713058 ]
 [0.23128624 0.37611368 0.39260006]
 [0.659813   0.17291908 0.1672679 ]
 [0.09265348 0.6670935  0.240253  ]
 [0.7002335  0.2881188  0.01164763]]
Episode: 40; Score: -0.8; Action: [[0.20732951 0.72681385 0.06585661]
 [0.15734625 0.08714898 0.7555048 ]
 [0.14785762 0.29547998 0.5566624 ]
 [0.0054247  0.6232377  0.37133756]
 [0.6424795  0.09471823 0.26280227]]
Episode: 41; Score: -0.75; Action: [[0.4286023  0.41697246 0.15442523]
 [0.5051511  0.31360304 0.1812459 ]
 [0.6637273  0.01400551 0.3222672 ]
 [0.17657278 0.523665   0.29976222]
 [0.01138745 0.37261856 0.615994  ]]
Episode: 42; Score: 1.2207192464369205; Action: [[1. 0. 0.]
 [1. 0. 0.]
 [1. 0. 0.]
 [1. 0. 0.]
 [1. 0. 0.]]
Episode: 43; Score: 0.04999999999999999; Action: [[0.9111052  0.05459123 0.03430356]
 [0.41096798 0.33042732 0.2586047 ]
 [0.02722344 0.75815326 0.21462333]
 [0.47438943 0.13423368 0.39137688]
 [0.02155304 0.5770286  0.4014184 ]]
Episode: 44; Score: -0.15000000000000002; Action: [[0.49539468 0.33201396 0.17259136]
 [0.10556668 0.49588674 0.39854658]
 [0.36795512 0.30363733 0.32840756]
 [0.15083686 0.519104   0.33005914]
 [0.39469817 0.32783532 0.27746648]]
Episode: 45; Score: 0.1499999999999999; Action: [[0.10539663 0.32051715 0.57408625]
 [0.12525135 0.8353166  0.03943207]
 [0.4731366  0.14281233 0.38405105]
 [0.23375079 0.63200283 0.13424635]
 [0.1711339  0.4128817  0.4159844 ]]
Episode: 46; Score: -0.55; Action: [[0.11180445 0.70848167 0.17971388]
 [0.4793202  0.4049256  0.11575419]
 [0.09464137 0.5703604  0.33499822]
 [0.2466822  0.6913836  0.06193421]
 [0.4269296  0.21928497 0.35378543]]
Episode: 47; Score: -0.5; Action: [[0.22409794 0.6985604  0.07734165]
 [0.0775373  0.46468845 0.45777422]
 [0.63146263 0.182448   0.18608935]
 [0.06448866 0.90642935 0.029082  ]
 [0.2465171  0.2633674  0.49011546]]
Episode: 48; Score: 1.5330030674878696; Action: [[1. 0. 0.]
 [1. 0. 0.]
 [1. 0. 0.]
 [1. 0. 0.]
 [1. 0. 0.]]
Episode: 49; Score: 0.04999999999999999; Action: [[0.27295715 0.41766763 0.30937526]
 [0.2975664  0.2361991  0.4662345 ]
 [0.4010737  0.24134809 0.35757822]
 [0.51844895 0.36661208 0.11493901]
 [0.25041533 0.24164714 0.50793755]]
Episode: 50; Score: 0.35; Action: [[0.0656895  0.55233085 0.38197967]
 [0.08528142 0.56638426 0.3483343 ]
 [0.73994523 0.01247439 0.24758036]
 [0.17625776 0.18028219 0.64346004]
 [0.40718058 0.05705039 0.535769  ]]
Episode: 51; Score: 0.1499999999999999; Action: [[0.14291048 0.11329104 0.7437985 ]
 [0.10696238 0.50800896 0.3850287 ]
 [0.30717683 0.68415827 0.00866487]
 [0.12858585 0.69920665 0.1722075 ]
 [0.8377195  0.09794563 0.06433486]]
Episode: 52; Score: -0.30000000000000004; Action: [[0.49230343 0.24642856 0.26126802]
 [0.52943754 0.21550222 0.25506023]
 [0.01156747 0.95962316 0.02880939]
 [0.12056635 0.54789424 0.3315394 ]
 [0.21606508 0.37780982 0.40612513]]
Episode: 53; Score: -0.25; Action: [[0.03047447 0.02332391 0.9462016 ]
 [0.2511103  0.38550004 0.3633897 ]
 [0.620823   0.11494791 0.2642291 ]
 [0.52384675 0.39082667 0.0853266 ]
 [0.12280912 0.19512393 0.682067  ]]
Episode: 54; Score: 3.27676990927873; Action: [[0. 0. 1.]
 [0. 1. 0.]
 [0. 1. 0.]
 [0. 0. 1.]
 [0. 0. 1.]]
Episode: 55; Score: 0.3; Action: [[0.61979216 0.13943663 0.24077117]
 [0.44474545 0.51178664 0.04346787]
 [0.10187433 0.7890425  0.10908318]
 [0.4849016  0.1899634  0.32513502]
 [0.05913382 0.633761   0.3071052 ]]
Episode: 56; Score: 0.35; Action: [[0.26811045 0.5329929  0.1988966 ]
 [0.3861398  0.4007206  0.2131396 ]
 [0.26742133 0.509819   0.2227597 ]
 [0.44224158 0.00922316 0.5485352 ]
 [0.847789   0.02056856 0.13164246]]
Episode: 57; Score: -0.10000000000000009; Action: [[0.52897453 0.18272337 0.2883021 ]
 [0.05951046 0.6536957  0.28679386]
 [0.02754232 0.2533965  0.7190612 ]
 [0.43907058 0.4155216  0.14540783]
 [0.00723658 0.25223172 0.7405317 ]]
Episode: 58; Score: -0.55; Action: [[0.27234098 0.6257446  0.10191442]
 [0.01772888 0.20230684 0.77996427]
 [0.02160156 0.20413092 0.7742675 ]
 [0.67932093 0.31470722 0.00597184]
 [0.11665249 0.3295249  0.55382264]]
Episode: 59; Score: -0.5; Action: [[0.07781857 0.2068282  0.71535325]
 [0.3551813  0.175445   0.46937367]
 [0.48817608 0.13045138 0.38137254]
 [0.3406613  0.01621928 0.64311945]
 [0.16994685 0.8217162  0.00833696]]
Episode: 60; Score: 1.2473220489776224; Action: [[1. 0. 0.]
 [1. 0. 0.]
 [1. 0. 0.]
 [1. 0. 0.]
 [1. 0. 0.]]
Episode: 61; Score: 0.3; Action: [[0.16309327 0.532436   0.3044707 ]
 [0.04651379 0.59086806 0.36261818]
 [0.25132284 0.56985563 0.17882153]
 [0.24838288 0.7108376  0.04077949]
 [0.76324797 0.21182711 0.02492491]]
Episode: 62; Score: -0.4; Action: [[0.42006975 0.35533768 0.22459257]
 [0.6264373  0.3060417  0.06752101]
 [0.6296736  0.12691092 0.24341546]
 [0.58970535 0.05254854 0.35774612]
 [0.14376856 0.591114   0.26511747]]
Episode: 63; Score: 0.1499999999999999; Action: [[0.07435468 0.08562847 0.84001684]
 [0.28642458 0.61913216 0.09444326]
 [0.31646377 0.6085491  0.07498713]
 [0.03455033 0.59392804 0.37152162]
 [0.17868292 0.8176915  0.00362556]]
Episode: 64; Score: -0.30000000000000004; Action: [[0.66458577 0.17874649 0.15666772]
 [0.67598426 0.24390085 0.08011488]
 [0.2027623  0.79212743 0.00511024]
 [0.01631125 0.26638243 0.7173063 ]
 [0.33551186 0.435467   0.22902112]]
Episode: 65; Score: -0.5; Action: [[0.27638167 0.32882652 0.3947918 ]
 [0.62425196 0.2941265  0.08162156]
 [0.00618141 0.3686911  0.6251275 ]
 [0.03073071 0.07496829 0.894301  ]
 [0.06110001 0.61932653 0.31957346]]
Episode: 66; Score: 3.2721735774480107; Action: [[0. 0. 1.]
 [0. 1. 0.]
 [0. 1. 0.]
 [0. 0. 1.]
 [0. 0. 1.]]
Episode: 67; Score: 0.3; Action: [[0.0934715  0.54983205 0.35669643]
 [0.14176232 0.74611175 0.11212591]
 [0.12414484 0.29703405 0.5788211 ]
 [0.00755066 0.37659097 0.6158584 ]
 [0.19747604 0.50885135 0.29367265]]
Episode: 68; Score: 0.09999999999999998; Action: [[0.4539386  0.19769576 0.34836563]
 [0.02439758 0.5125298  0.46307263]
 [0.3843664  0.5836775  0.03195612]
 [0.52199674 0.16424985 0.31375343]
 [0.57164615 0.10638187 0.32197195]]
Episode: 69; Score: -0.10000000000000009; Action: [[0.68791807 0.02318406 0.2888979 ]
 [0.02518146 0.14389516 0.8309234 ]
 [0.18012261 0.7675258  0.05235159]
 [0.3325803  0.5297554  0.1376643 ]
 [0.0555606  0.30668172 0.63775766]]
Episode: 70; Score: -0.30000000000000004; Action: [[0.14756624 0.05873681 0.79369694]
 [0.33292857 0.20317596 0.46389547]
 [0.78686833 0.08576655 0.12736511]
 [0.2321606  0.24606797 0.52177143]
 [0.18615127 0.5685372  0.24531157]]
Episode: 71; Score: -0.5; Action: [[0.13968752 0.8044962  0.05581626]
 [0.1197539  0.53124905 0.34899703]
 [0.2817477  0.2985867  0.41966563]
 [0.06911494 0.5672384  0.3636467 ]
 [0.07870495 0.4184244  0.5028707 ]]
Episode: 72; Score: 1.233817676455797; Action: [[1. 0. 0.]
 [1. 0. 0.]
 [1. 0. 0.]
 [1. 0. 0.]
 [1. 0. 0.]]
Episode: 73; Score: 0.3; Action: [[0.5980866  0.39264578 0.00926762]
 [0.25783765 0.6125229  0.12963945]
 [0.16536933 0.5752827  0.25934798]
 [0.22274475 0.7643954  0.01285984]
 [0.54261154 0.31937486 0.13801357]]
Episode: 74; Score: -0.10000000000000003; Action: [[0.61128753 0.31262505 0.07608742]
 [0.26532415 0.5227988  0.21187705]
 [0.03222154 0.620292   0.34748644]
 [0.06893196 0.9189078  0.01216019]
 [0.4164066  0.36079246 0.22280096]]
Episode: 75; Score: -0.10000000000000009; Action: [[0.896552   0.00553544 0.09791252]
 [0.6445161  0.15447243 0.20101143]
 [0.41707078 0.30391833 0.27901092]
 [0.00973597 0.49429274 0.4959713 ]
 [0.22098236 0.10747835 0.6715393 ]]
Episode: 76; Score: -0.55; Action: [[0.48105884 0.22061685 0.29832432]
 [0.6221993  0.1544345  0.22336619]
 [0.09096757 0.84554034 0.06349207]
 [0.64402133 0.16821018 0.1877685 ]
 [0.5919922  0.10425068 0.3037571 ]]
Episode: 77; Score: -0.5; Action: [[0.27361718 0.5800818  0.146301  ]
 [0.6044327  0.18327723 0.21229005]
 [0.34015608 0.63426036 0.02558354]
 [0.3981944  0.4599683  0.14183728]
 [0.15262344 0.2452261  0.60215044]]
Episode: 78; Score: 1.2791397500087347; Action: [[1. 0. 0.]
 [1. 0. 0.]
 [1. 0. 0.]
 [1. 0. 0.]
 [1. 0. 0.]]
Episode: 79; Score: 0.3; Action: [[0.35750553 0.0880236  0.5544709 ]
 [0.8875242  0.05821415 0.05426169]
 [0.46636945 0.26626754 0.267363  ]
 [0.43294924 0.23814096 0.32890978]
 [0.21473855 0.13651425 0.6487472 ]]
Episode: 80; Score: 0.09999999999999998; Action: [[0.7076004  0.1269535  0.16544612]
 [0.6135319  0.19266699 0.19380112]
 [0.06155378 0.54452103 0.3939252 ]
 [0.00294828 0.6513459  0.3457058 ]
 [0.18687026 0.37468377 0.438446  ]]
Episode: 81; Score: -0.3500000000000001; Action: [[0.5549215  0.25371665 0.19136183]
 [0.22953655 0.47748482 0.2929786 ]
 [0.56149983 0.33387148 0.10462869]
 [0.47448325 0.14458774 0.38092902]
 [0.01033352 0.60722107 0.38244542]]
Episode: 82; Score: -0.8; Action: [[0.53014714 0.294575   0.17527787]
 [0.49170944 0.15090537 0.3573852 ]
 [0.05397523 0.45548424 0.4905405 ]
 [0.5070261  0.05101747 0.44195643]
 [0.5025939  0.01911375 0.47829238]]
Episode: 83; Score: -0.25; Action: [[0.24080028 0.34072512 0.41847458]
 [0.8323767  0.09539218 0.07223109]
 [0.04801604 0.9358008  0.01618315]
 [0.21000174 0.35751307 0.43248522]
 [0.10549113 0.7657558  0.12875313]]
Episode: 84; Score: 3.431904713351056; Action: [[0. 0. 1.]
 [0. 1. 0.]
 [0. 1. 0.]
 [0. 0. 1.]
 [0. 0. 1.]]
Episode: 85; Score: 4.964510077567624; Action: [[0.33312756 0.39503404 0.2718384 ]
 [0.30200332 0.5693957  0.12860098]
 [0.18869828 0.5296831  0.28161862]
 [0.18403596 0.5237252  0.29223883]
 [0.14100286 0.67215365 0.18684347]]
Episode: 86; Score: 0.55; Action: [[0.09113883 0.09570099 0.8131602 ]
 [0.55473655 0.13952108 0.30574238]
 [0.13078837 0.67203254 0.19717912]
 [0.08902975 0.19386306 0.7171072 ]
 [0.53123003 0.45323122 0.01553872]]
Episode: 87; Score: -0.15000000000000002; Action: [[0.45830902 0.10088744 0.44080353]
 [0.5879609  0.38277975 0.02925934]
 [0.1273725  0.38815284 0.48447466]
 [0.4200578  0.02902531 0.55091685]
 [0.27549702 0.67479014 0.04971281]]
Episode: 88; Score: -0.3500000000000001; Action: [[0.3553992  0.10386103 0.5407398 ]
 [0.00624767 0.20768867 0.7860637 ]
 [0.04579352 0.01479289 0.9394136 ]
 [0.49470925 0.27313998 0.23215078]
 [0.47272155 0.16895166 0.3583268 ]]
Episode: 89; Score: -0.050000000000000044; Action: [[0.1098737  0.07853293 0.81159335]
 [0.48107305 0.20470323 0.31422374]
 [0.0852209  0.89032674 0.02445235]
 [0.0654045  0.30760124 0.62699425]
 [0.12427357 0.48519138 0.39053506]]
Episode: 90; Score: 1.5081823167692374; Action: [[1. 0. 0.]
 [1. 0. 0.]
 [1. 0. 0.]
 [1. 0. 0.]
 [1. 0. 0.]]
Episode: 91; Score: 0.04999999999999999; Action: [[0.43679798 0.48447216 0.07872988]
 [0.87312454 0.10009617 0.02677931]
 [0.14297685 0.08403356 0.7729896 ]
 [0.54368144 0.32842764 0.1278909 ]
 [0.20831385 0.3116505  0.48003563]]
Episode: 92; Score: 1.0; Action: [[0.2795006  0.11733897 0.60316044]
 [0.09281421 0.66278374 0.24440205]
 [0.0168759  0.5092668  0.47385728]
 [0.20188107 0.7333749  0.06474402]
 [0.02530461 0.35784987 0.6168455 ]]
Episode: 93; Score: 0.55; Action: [[0.05127427 0.20408064 0.7446451 ]
 [0.5609988  0.35138687 0.08761434]
 [0.08787624 0.46740973 0.44471404]
 [0.64594734 0.11223567 0.24181701]
 [0.13116474 0.08726688 0.7815684 ]]
Episode: 94; Score: 0.09999999999999998; Action: [[0.23115678 0.32721025 0.441633  ]
 [0.542713   0.03044601 0.426841  ]
 [0.29512304 0.59046155 0.1144154 ]
 [0.6200109  0.06851139 0.3114777 ]
 [0.48637035 0.5012169  0.01241274]]
Episode: 95; Score: -0.10000000000000009; Action: [[0.5597274  0.15432985 0.2859428 ]
 [0.03483617 0.73360515 0.2315587 ]
 [0.26925406 0.24502775 0.4857182 ]
 [0.4213564  0.07290063 0.50574297]
 [0.08257283 0.483009   0.43441817]]
Episode: 96; Score: 5.137718916665417; Action: [[0. 1. 0.]
 [0. 1. 0.]
 [0. 1. 0.]
 [0. 1. 0.]
 [0. 1. 0.]]
Episode: 97; Score: 0.3; Action: [[0.05426851 0.75079423 0.19493724]
 [0.33708867 0.2121882  0.4507231 ]
 [0.6401164  0.21509841 0.14478518]
 [0.29645288 0.28406733 0.4194798 ]
 [0.41330037 0.08365593 0.5030437 ]]
Episode: 98; Score: 0.09999999999999998; Action: [[0.51416445 0.04378996 0.44204563]
 [0.6726767  0.32263434 0.00468897]
 [0.50815    0.31243357 0.17941648]
 [0.08240259 0.43011296 0.48748443]
 [0.2237329  0.26815075 0.50811636]]
Episode: 99; Score: -0.6000000000000001; Action: [[0.57957256 0.36191043 0.05851701]
 [0.72591186 0.11263983 0.16144833]
 [0.6127382  0.23380984 0.15345198]
 [0.282378   0.46707743 0.25054458]
 [0.17776102 0.5703575  0.25188148]]
Episode: 100; Score: -0.8; Action: [[0.5653225  0.25604606 0.17863144]
 [0.41525486 0.16927326 0.41547188]
 [0.594347   0.3962974  0.00935559]
 [0.5470213  0.05036289 0.40261576]
 [0.6331629  0.07955796 0.28727916]]
Episode: 101; Score: -0.5; Action: [[0.27818123 0.682285   0.03953378]
 [0.0780881  0.37761375 0.5442982 ]
 [0.30752248 0.6188498  0.0736277 ]
 [0.8132231  0.15298098 0.03379591]
 [0.23179671 0.2210468  0.54715645]]
Episode: 102; Score: 2.9604422101275167; Action: [[0. 0. 1.]
 [0. 1. 0.]
 [0. 0. 1.]
 [0. 0. 1.]
 [0. 0. 1.]]
Episode: 103; Score: 0.3; Action: [[0.44100347 0.06806672 0.49092978]
 [0.65858746 0.0631142  0.27829832]
 [0.5292165  0.4572727  0.01351076]
 [0.15636286 0.7211704  0.12246669]
 [0.14305168 0.39434937 0.46259898]]
Episode: 104; Score: -0.4; Action: [[0.12117001 0.8086997  0.07013027]
 [0.00261027 0.32876116 0.6686286 ]
 [0.04983325 0.3622111  0.58795565]
 [0.5659473  0.36605728 0.06799543]
 [0.4617964  0.12558115 0.41262245]]
Episode: 105; Score: -0.3500000000000001; Action: [[0.68936193 0.16721678 0.14342129]
 [0.5366866  0.34545368 0.11785968]
 [0.18366218 0.43277386 0.38356397]
 [0.26754677 0.6437956  0.0886576 ]
 [0.9525575  0.00763147 0.03981105]]
Episode: 106; Score: -0.050000000000000044; Action: [[0.09157832 0.24404277 0.66437894]
 [0.40915376 0.35718042 0.23366582]
 [0.06329229 0.5924629  0.3442448 ]
 [0.15268604 0.29571986 0.5515941 ]
 [0.7172138  0.07016039 0.21262579]]
Episode: 107; Score: -0.5; Action: [[0.22484754 0.40920866 0.3659438 ]
 [0.20871052 0.24891104 0.5423784 ]
 [0.2945704  0.44414937 0.26128027]
 [0.05859032 0.8310941  0.11031561]
 [0.19765587 0.35715815 0.44518596]]
Episode: 108; Score: 2.982980973665067; Action: [[0. 0. 1.]
 [0. 1. 0.]
 [0. 0. 1.]
 [0. 0. 1.]
 [0. 0. 1.]]
Episode: 109; Score: 1.0; Action: [[0.5492503  0.14334783 0.30740187]
 [0.11554364 0.44313815 0.4413182 ]
 [0.24924189 0.60957634 0.14118175]
 [0.06289206 0.32822296 0.608885  ]
 [0.22873288 0.29112005 0.4801471 ]]
Episode: 110; Score: 0.04999999999999999; Action: [[0.01578358 0.89766407 0.08655234]
 [0.08859506 0.0633197  0.8480852 ]
 [0.23042771 0.18909533 0.58047694]
 [0.23396786 0.6359565  0.1300756 ]
 [0.31724542 0.1492635  0.5334911 ]]
Episode: 111; Score: -0.15000000000000002; Action: [[0.672533   0.16271207 0.16475497]
 [0.29764882 0.6053421  0.09700912]
 [0.04485929 0.45038536 0.5047554 ]
 [0.4484556  0.15020473 0.40133965]
 [0.7102445  0.11439385 0.17536168]]
Episode: 112; Score: -0.10000000000000009; Action: [[0.6991791  0.1438003  0.15702058]
 [0.5971361  0.37105718 0.03180676]
 [0.11319666 0.797637   0.08916636]
 [0.16907649 0.389135   0.44178852]
 [0.79935485 0.12799193 0.07265324]]
Episode: 113; Score: -0.55; Action: [[0.0901922  0.82592934 0.08387846]
 [0.8990266  0.00847844 0.09249499]
 [0.17266783 0.51127994 0.31605223]
 [0.16591251 0.742096   0.09199151]
 [0.5549527  0.01868954 0.4263578 ]]
Episode: 114; Score: 1.4432341216483449; Action: [[1. 0. 0.]
 [1. 0. 0.]
 [1. 0. 0.]
 [1. 0. 0.]
 [1. 0. 0.]]
Episode: 115; Score: 0.04999999999999999; Action: [[0.5085705  0.13861485 0.35281467]
 [0.08686884 0.31704828 0.59608287]
 [0.21155018 0.2099832  0.57846665]
 [0.0900333  0.00508945 0.90487725]
 [0.5733658  0.1620321  0.2646021 ]]
Episode: 116; Score: 0.35; Action: [[0.17848073 0.21312697 0.6083923 ]
 [0.35768378 0.4010086  0.2413076 ]
 [0.3025223  0.08376128 0.6137164 ]
 [0.23766205 0.16405977 0.59827816]
 [0.6105167  0.23277038 0.15671287]]
Episode: 117; Score: -0.3500000000000001; Action: [[0.10845539 0.52575654 0.36578807]
 [0.78954834 0.06732135 0.14313032]
 [0.4217951  0.00734974 0.57085514]
 [0.05425997 0.35941333 0.5863267 ]
 [0.46359256 0.32861444 0.207793  ]]
Episode: 118; Score: -0.55; Action: [[0.02217564 0.37850934 0.59931505]
 [0.6852567  0.03976706 0.2749762 ]
 [0.08330422 0.40167546 0.5150203 ]
 [0.33389702 0.42934906 0.23675391]
 [0.29385763 0.56601876 0.14012359]]
Episode: 119; Score: -0.5; Action: [[0.11896807 0.7712698  0.10976215]
 [0.37242264 0.10049074 0.5270866 ]
 [0.42866904 0.49743515 0.0738958 ]
 [0.22578166 0.21192656 0.56229174]
 [0.25038907 0.56651086 0.18310004]]
Episode: 120; Score: 3.2840871574152173; Action: [[0. 0. 1.]
 [0. 1. 0.]
 [0. 0. 1.]
 [0. 0. 1.]
 [0. 0. 1.]]
Episode: 121; Score: 0.3; Action: [[0.07637075 0.76172656 0.16190268]
 [0.08103563 0.526479   0.39248535]
 [0.11465351 0.5677834  0.3175631 ]
 [0.35243934 0.5190233  0.12853734]
 [0.57255214 0.3098752  0.11757265]]
Episode: 122; Score: -0.4; Action: [[0.13683352 0.4641762  0.39899027]
 [0.00524749 0.41877297 0.57597953]
 [0.5422468  0.44529036 0.01246281]
 [0.02362356 0.86949253 0.10688393]
 [0.20134221 0.6814789  0.11717889]]
Episode: 123; Score: -0.3500000000000001; Action: [[0.02213062 0.4528279  0.5250415 ]
 [0.3957187  0.35235834 0.25192297]
 [0.34308782 0.14421135 0.51270086]
 [0.08454254 0.5810281  0.33442938]
 [0.7168199  0.0260306  0.25714952]]
Episode: 124; Score: -0.30000000000000004; Action: [[0.17938337 0.3761489  0.44446772]
 [0.29774144 0.64252746 0.05973111]
 [0.51159316 0.23081945 0.2575874 ]
 [0.39458907 0.46761295 0.13779798]
 [0.4948862  0.15988737 0.34522644]]
Episode: 125; Score: -0.75; Action: [[0.5427765  0.12963408 0.3275894 ]
 [0.5564654  0.28592318 0.15761143]
 [0.2851857  0.5548333  0.15998101]
 [0.56270146 0.00510322 0.43219528]
 [0.07567821 0.47211966 0.45220214]]
Episode: 126; Score: 3.495213107154815; Action: [[0. 0. 1.]
 [0. 1. 0.]
 [0. 0. 1.]
 [0. 0. 1.]
 [0. 0. 1.]]
Episode: 127; Score: 5.417999414862443; Action: [[0.39611936 0.4688371  0.13504355]
 [0.26347446 0.6136593  0.12286624]
 [0.19691344 0.62499887 0.17808767]
 [0.05909915 0.50307626 0.43782458]
 [0.29394668 0.674535   0.03151837]]
Episode: 128; Score: 0.3; Action: [[0.04652469 0.7655085  0.18796687]
 [0.31853312 0.37102702 0.31043985]
 [0.6249023  0.08833167 0.28676602]
 [0.1223149  0.6931209  0.18456419]
 [0.17519782 0.02390741 0.8008948 ]]
Episode: 129; Score: 0.35; Action: [[0.22959167 0.37501642 0.3953919 ]
 [0.3811939  0.55581194 0.06299415]
 [0.90580404 0.0034639  0.09073208]
 [0.2193475  0.16218525 0.6184672 ]
 [0.9392371  0.05588349 0.00487941]]
Episode: 130; Score: -0.3500000000000001; Action: [[0.3583166  0.03231876 0.6093646 ]
 [0.79731476 0.0618974  0.14078784]
 [0.8722275  0.03010056 0.09767195]
 [0.6633839  0.14593002 0.19068608]
 [0.5633926  0.14129232 0.2953151 ]]
Episode: 131; Score: -0.55; Action: [[0.13848485 0.03023344 0.8312817 ]
 [0.33997923 0.2866551  0.37336567]
 [0.59258276 0.05684635 0.35057086]
 [0.8154651  0.06051779 0.12401711]
 [0.13395835 0.7759512  0.09009046]]
Episode: 132; Score: 3.5561708799311784; Action: [[0. 0. 1.]
 [0. 1. 0.]
 [0. 1. 0.]
 [0. 0. 1.]
 [0. 0. 1.]]
Episode: 133; Score: 0.04999999999999999; Action: [[0.4342485  0.13278279 0.4329687 ]
 [0.76704913 0.16287723 0.07007362]
 [0.55843055 0.36121747 0.080352  ]
 [0.3962911  0.05810485 0.54560405]
 [0.7632052  0.00196888 0.23482592]]
Episode: 134; Score: 3.316021673505479; Action: [[0.10894339 0.39119282 0.49986377]
 [0.0718516  0.78552884 0.14261958]
 [0.24907656 0.47687855 0.27404487]
 [0.22184327 0.01198617 0.76617056]
 [0.02892045 0.17758274 0.7934968 ]]
Episode: 135; Score: 0.55; Action: [[0.30046847 0.42666483 0.2728667 ]
 [0.3793281  0.30316952 0.3175024 ]
 [0.32942322 0.35823515 0.31234163]
 [0.24672309 0.3222414  0.43103552]
 [0.09426775 0.19052388 0.7152084 ]]
Episode: 136; Score: -0.15000000000000002; Action: [[0.03778583 0.72706604 0.23514812]
 [0.11864302 0.22955048 0.6518065 ]
 [0.05081556 0.5677488  0.38143566]
 [0.32198447 0.6037834  0.07423212]
 [0.13993979 0.6108651  0.24919507]]
Episode: 137; Score: -0.3500000000000001; Action: [[0.07103022 0.40046626 0.5285035 ]
 [0.01669579 0.13240887 0.85089535]
 [0.70080525 0.0614565  0.23773825]
 [0.20435289 0.4163747  0.37927237]
 [0.05154309 0.7911821  0.15727481]]
Episode: 138; Score: 1.5299387767851298; Action: [[1. 0. 0.]
 [1. 0. 0.]
 [1. 0. 0.]
 [1. 0. 0.]
 [1. 0. 0.]]
Episode: 139; Score: 0.55; Action: [[0.23292841 0.01346543 0.75360614]
 [0.06665079 0.5769699  0.3563793 ]
 [0.51128197 0.06943837 0.41927966]
 [0.31529912 0.02489516 0.6598057 ]
 [0.14132802 0.5983029  0.2603691 ]]
Episode: 140; Score: -0.15000000000000002; Action: [[0.3944313  0.4294583  0.17611043]
 [0.16925311 0.621033   0.20971385]
 [0.52823675 0.30024293 0.17152031]
 [0.59208566 0.20295762 0.20495676]
 [0.7585299  0.11614624 0.12532383]]
Episode: 141; Score: -0.6000000000000001; Action: [[0.9385511  0.0379941  0.02345478]
 [0.19279201 0.0761481  0.7310599 ]
 [0.56666505 0.15433978 0.27899516]
 [0.49340418 0.01648953 0.49010628]
 [0.8881285  0.05729882 0.05457267]]
Episode: 142; Score: -0.050000000000000044; Action: [[0.03737533 0.5240818  0.43854284]
 [0.6045902  0.00980935 0.3856005 ]
 [0.0171779  0.60256773 0.3802544 ]
 [0.25595912 0.13301866 0.61102223]
 [0.16980521 0.36870363 0.46149114]]
Episode: 143; Score: -0.75; Action: [[0.3078551  0.49670926 0.19543563]
 [0.3039338  0.2470258  0.4490404 ]
 [0.11517694 0.3498135  0.53500956]
 [0.56797004 0.2548456  0.17718439]
 [0.08930516 0.1471502  0.7635446 ]]
Episode: 144; Score: 5.010063122261724; Action: [[0. 1. 0.]
 [0. 1. 0.]
 [0. 1. 0.]
 [0. 1. 0.]
 [0. 1. 0.]]
Episode: 145; Score: 0.3; Action: [[0.5443536  0.26564902 0.18999736]
 [0.43429348 0.48934498 0.07636154]
 [0.30834794 0.64433414 0.04731794]
 [0.48382837 0.41398662 0.10218502]
 [0.70467794 0.1390666  0.15625548]]
Episode: 146; Score: -0.15000000000000002; Action: [[0.43274057 0.24345036 0.3238091 ]
 [0.06369548 0.668165   0.26813948]
 [0.5502377  0.08412037 0.36564192]
 [0.69932926 0.24713439 0.05353637]
 [0.67261493 0.00707615 0.32030892]]
Episode: 147; Score: -0.10000000000000009; Action: [[0.02865374 0.14993112 0.8214151 ]
 [0.20921554 0.18030871 0.6104757 ]
 [0.13591963 0.81327826 0.05080209]
 [0.8490653  0.10047456 0.05046015]
 [0.5462906  0.33501008 0.1186993 ]]
Episode: 148; Score: -0.30000000000000004; Action: [[0.3020848  0.57833093 0.11958425]
 [0.39343268 0.5150935  0.09147381]
 [0.36998466 0.31505653 0.31495884]
 [0.28431636 0.3301224  0.38556123]
 [0.56836396 0.00771145 0.42392457]]
Episode: 149; Score: -1.0; Action: [[0.3204775  0.36224213 0.3172804 ]
 [0.3087505  0.27988705 0.41136247]
 [0.4934003  0.01383984 0.49275985]
 [0.69501525 0.0728775  0.23210722]
 [0.50809157 0.0702433  0.42166513]]
Episode: 150; Score: 1.4336667021352065; Action: [[1. 0. 0.]
 [1. 0. 0.]
 [1. 0. 0.]
 [1. 0. 0.]
 [1. 0. 0.]]
Episode: 151; Score: 0.55; Action: [[0.44610864 0.1529026  0.40098876]
 [0.33351582 0.10256691 0.5639173 ]
 [0.17058319 0.43507528 0.39434153]
 [0.31248105 0.26615912 0.42135984]
 [0.05442287 0.18835115 0.757226  ]]
Episode: 152; Score: 0.09999999999999998; Action: [[8.8374212e-02 6.9461262e-01 2.1701315e-01]
 [6.7742926e-01 3.2234749e-01 2.2322299e-04]
 [4.1225985e-01 4.6891212e-01 1.1882802e-01]
 [2.9723400e-01 4.2922255e-02 6.5984374e-01]
 [5.2749652e-01 1.0408917e-01 3.6841431e-01]]
Episode: 153; Score: 4.862194961912971; Action: [[0.00634746 0.50485885 0.48879367]
 [0.24208097 0.67632383 0.0815952 ]
 [0.04210019 0.89725846 0.06064137]
 [0.08959217 0.70837176 0.20203605]
 [0.06819058 0.6490798  0.28272963]]
Episode: 154; Score: 0.3; Action: [[0.65568185 0.28436667 0.05995151]
 [0.16843398 0.26833338 0.56323266]
 [0.16206817 0.59612644 0.2418054 ]
 [0.07806903 0.53270674 0.38922423]
 [0.3700063  0.0568244  0.5731693 ]]
Episode: 155; Score: -0.15000000000000002; Action: [[0.08133389 0.56913376 0.34953237]
 [0.00492011 0.26935977 0.7257201 ]
 [0.3801142  0.5296555  0.09023029]
 [0.0177596  0.76373947 0.21850094]
 [0.56398696 0.30368704 0.13232596]]
Episode: 156; Score: 3.2869674617632234; Action: [[0. 0. 1.]
 [0. 1. 0.]
 [0. 1. 0.]
 [0. 0. 1.]
 [0. 0. 1.]]
Episode: 157; Score: 0.3; Action: [[0.4213539  0.43307477 0.1455713 ]
 [0.4541197  0.53167945 0.01420086]
 [0.58379424 0.02410451 0.39210123]
 [0.13253275 0.1556402  0.71182704]
 [0.07500074 0.64575964 0.2792396 ]]
Episode: 158; Score: 0.09999999999999998; Action: [[0.09160329 0.87246984 0.03592686]
 [0.33946028 0.17835575 0.48218396]
 [0.46183708 0.35390845 0.18425447]
 [0.03800055 0.22583526 0.7361642 ]
 [0.2671168  0.2809958  0.4518874 ]]
Episode: 159; Score: -0.10000000000000009; Action: [[0.5769141  0.370465   0.05262089]
 [0.03371374 0.3543014  0.61198485]
 [0.5189831  0.23117405 0.24984284]
 [0.08941928 0.17246984 0.7381109 ]
 [0.08171482 0.2573614  0.6609238 ]]
Episode: 160; Score: 1.0; Action: [[3.2681331e-01 9.5931049e-03 6.6359359e-01]
 [6.2051702e-01 7.1351812e-04 3.7876946e-01]
 [1.4782690e-01 5.2945280e-01 3.2272029e-01]
 [1.3012737e-01 3.5392353e-01 5.1594913e-01]
 [6.9405295e-02 6.4131804e-02 8.6646289e-01]]
Episode: 161; Score: 0.55; Action: [[0.12071393 0.01974323 0.85954285]
 [0.48278332 0.35987723 0.15733945]
 [0.15161292 0.5268763  0.32151082]
 [0.5018573  0.0659808  0.43216193]
 [0.15372676 0.21376081 0.63251245]]
Episode: 162; Score: 5.534606060086471; Action: [[0. 1. 0.]
 [0. 1. 0.]
 [0. 1. 0.]
 [0. 1. 0.]
 [0. 1. 0.]]
Episode: 163; Score: 0.3; Action: [[0.4832721  0.03107232 0.48565558]
 [0.03255871 0.35920167 0.60823965]
 [0.46531326 0.42757136 0.1071154 ]
 [0.46295175 0.24581076 0.29123747]
 [0.24189296 0.02652391 0.7315831 ]]
Episode: 164; Score: -0.15000000000000002; Action: [[0.00367002 0.16028306 0.83604693]
 [0.33000246 0.04452559 0.62547195]
 [0.0096657  0.3751849  0.6151494 ]
 [0.18038517 0.49827817 0.32133666]
 [0.12583809 0.71875614 0.15540579]]
Episode: 165; Score: -0.10000000000000009; Action: [[0.00204173 0.19089024 0.80706805]
 [0.49337146 0.3222523  0.18437625]
 [0.34464926 0.33530748 0.32004327]
 [0.20793165 0.33808252 0.45398584]
 [0.49024403 0.29010138 0.21965459]]
Episode: 166; Score: -0.30000000000000004; Action: [[0.06009855 0.9028263  0.03707515]
 [0.11417812 0.406116   0.47970587]
 [0.2785886  0.6860781  0.03533332]
 [0.7207226  0.15591903 0.12335837]
 [0.23918845 0.18316056 0.57765096]]
Episode: 167; Score: -0.25; Action: [[0.28897804 0.18732066 0.5237013 ]
 [0.32831773 0.28870812 0.38297415]
 [0.13984841 0.07110188 0.7890497 ]
 [0.12366521 0.0634575  0.8128773 ]
 [0.2994657  0.09375568 0.6067786 ]]
Episode: 168; Score: 3.211691981933618; Action: [[0. 0. 1.]
 [0. 1. 0.]
 [0. 0. 1.]
 [0. 0. 1.]
 [0. 0. 1.]]
Episode: 169; Score: 1.0; Action: [[0.4271683  0.4530025  0.11982918]
 [0.20565501 0.65524805 0.13909693]
 [0.11379717 0.48578387 0.40041897]
 [0.276134   0.20813146 0.5157345 ]
 [0.13675997 0.39593357 0.46730646]]
Episode: 170; Score: 0.55; Action: [[0.21837479 0.10685761 0.6747676 ]
 [0.46564132 0.13183226 0.40252644]
 [0.3644453  0.5418247  0.09373002]
 [0.10848977 0.04400297 0.84750724]
 [0.5275221  0.43246198 0.04001596]]
Episode: 171; Score: -0.15000000000000002; Action: [[0.48685414 0.3366019  0.17654395]
 [0.0747344  0.80935663 0.115909  ]
 [0.77451974 0.04560296 0.1798773 ]
 [0.1138007  0.8647891  0.02141018]
 [0.67951816 0.2655882  0.05489364]]
Episode: 172; Score: -0.3500000000000001; Action: [[0.43414772 0.30396074 0.26189157]
 [0.5405621  0.42776853 0.03166936]
 [0.12248473 0.5405249  0.33699036]
 [0.6584696  0.32202965 0.01950076]
 [0.73547006 0.18211718 0.08241276]]
Episode: 173; Score: -0.8; Action: [[0.7620677  0.1073063  0.13062604]
 [0.1236774  0.23506863 0.64125395]
 [0.18919416 0.04633011 0.7644757 ]
 [0.72031283 0.06628825 0.2133989 ]
 [0.3634228  0.47790134 0.15867586]]
Episode: 174; Score: 3.575242045967029; Action: [[0. 0. 1.]
 [0. 1. 0.]
 [0. 1. 0.]
 [0. 0. 1.]
 [0. 0. 1.]]
Episode: 175; Score: 0.04999999999999999; Action: [[0.29709986 0.11875638 0.58414376]
 [0.11139044 0.2005178  0.68809175]
 [0.7663391  0.12080909 0.1128518 ]
 [0.25460637 0.7041289  0.04126469]
 [0.01175397 0.8262523  0.16199374]]
Episode: 176; Score: 0.09999999999999998; Action: [[0.3146516  0.48902634 0.19632205]
 [0.18554473 0.3632249  0.45123038]
 [0.35874417 0.22316119 0.41809464]
 [0.23268907 0.05653568 0.71077526]
 [0.17838444 0.33550245 0.4861131 ]]
Episode: 177; Score: -0.3500000000000001; Action: [[0.12623124 0.7657642  0.10800458]
 [0.2859506  0.39920127 0.31484812]
 [0.21321401 0.07483178 0.71195424]
 [0.82469106 0.10703958 0.06826938]
 [0.66407496 0.26838127 0.06754377]]
Episode: 178; Score: -0.30000000000000004; Action: [[0.14317931 0.7393049  0.11751582]
 [0.05973236 0.6957669  0.24450071]
 [0.6654897  0.3175263  0.01698403]
 [0.60005784 0.31216055 0.08778162]
 [0.09191773 0.01898725 0.889095  ]]
Episode: 179; Score: -0.25; Action: [[0.23278733 0.49200413 0.27520856]
 [0.09484748 0.52802885 0.37712368]
 [0.02100203 0.4654416  0.51355636]
 [0.17004228 0.15490139 0.67505634]
 [0.17248988 0.17302023 0.6544899 ]]
Episode: 180; Score: 1.2279164805235616; Action: [[1. 0. 0.]
 [1. 0. 0.]
 [1. 0. 0.]
 [1. 0. 0.]
 [1. 0. 0.]]
Episode: 181; Score: 0.04999999999999999; Action: [[0.3562398  0.14942461 0.4943356 ]
 [0.7766     0.13668847 0.08671155]
 [0.6416811  0.11809909 0.2402198 ]
 [0.93816406 0.05789206 0.00394389]
 [0.43402737 0.46823663 0.09773599]]
Episode: 182; Score: 0.09999999999999998; Action: [[0.584132   0.3975584  0.01830958]
 [0.29989594 0.36481816 0.3352859 ]
 [0.35112482 0.5106196  0.13825557]
 [0.6153119  0.31623834 0.06844973]
 [0.12728909 0.5949345  0.27777636]]
Episode: 183; Score: -0.3500000000000001; Action: [[0.17986722 0.6728428  0.14728996]
 [0.6827175  0.07400694 0.24327555]
 [0.74816597 0.01340937 0.23842466]
 [0.222568   0.30564117 0.47179082]
 [0.9337889  0.0041423  0.06206882]]
Episode: 184; Score: -0.8; Action: [[0.1160937  0.70576465 0.17814162]
 [0.7392201  0.08844451 0.17233539]
 [0.02217894 0.23682705 0.74099404]
 [0.34937453 0.5448663  0.10575912]
 [0.31061646 0.45854366 0.23083988]]
Episode: 185; Score: -0.75; Action: [[0.6840126  0.03513162 0.28085577]
 [0.08217656 0.35408846 0.563735  ]
 [0.10240257 0.20171747 0.69588   ]
 [0.09434868 0.4498601  0.4557912 ]
 [0.40153775 0.2131022  0.38536006]]
Episode: 186; Score: 5.306865585414684; Action: [[0. 1. 0.]
 [0. 1. 0.]
 [0. 1. 0.]
 [0. 1. 0.]
 [0. 1. 0.]]
Episode: 187; Score: 0.3; Action: [[0.262811   0.62115264 0.11603636]
 [0.3755065  0.3267491  0.29774445]
 [0.11663467 0.4545631  0.42880222]
 [0.29521906 0.31552067 0.3892603 ]
 [0.02364679 0.9146013  0.06175186]]
Episode: 188; Score: 0.35; Action: [[0.07812038 0.02404116 0.8978385 ]
 [0.3663107  0.45636812 0.1773212 ]
 [0.33152652 0.3976566  0.2708169 ]
 [0.67805696 0.13660994 0.18533307]
 [0.36867213 0.2969435  0.3343844 ]]
Episode: 189; Score: -0.6000000000000001; Action: [[0.37380677 0.52270764 0.10348558]
 [0.4193509  0.1785306  0.4021185 ]
 [0.37980705 0.1658361  0.45435682]
 [0.5049316  0.21374166 0.28132674]
 [0.2056123  0.66589177 0.12849595]]
Episode: 190; Score: -0.30000000000000004; Action: [[8.8930207e-01 6.1070662e-02 4.9627285e-02]
 [6.0468984e-01 2.3688318e-01 1.5842697e-01]
 [6.2609130e-01 3.4126344e-01 3.2645248e-02]
 [4.5211550e-02 7.7136513e-04 9.5401710e-01]
 [4.7019541e-01 2.7669091e-03 5.2703768e-01]]
Episode: 191; Score: -0.75; Action: [[0.05257489 0.32514608 0.62227905]
 [0.55512524 0.04456075 0.40031403]
 [0.70495963 0.20401427 0.09102608]
 [0.01845098 0.5995357  0.3820133 ]
 [0.03383587 0.77671033 0.18945381]]
Episode: 192; Score: 3.230082127233063; Action: [[0. 0. 1.]
 [0. 1. 0.]
 [0. 1. 0.]
 [0. 0. 1.]
 [0. 0. 1.]]
Episode: 193; Score: 0.04999999999999999; Action: [[0.14099894 0.2483665  0.61063457]
 [0.6451084  0.12874201 0.22614962]
 [0.17359221 0.40206528 0.4243425 ]
 [0.41167688 0.19178414 0.39653897]
 [0.5447385  0.31231928 0.14294223]]
Episode: 194; Score: -0.15000000000000002; Action: [[0.187013   0.0091525  0.8038345 ]
 [0.5950106  0.04869885 0.35629058]
 [0.5931312  0.34895915 0.05790967]
 [0.08028736 0.90038866 0.01932399]
 [0.38523844 0.3377742  0.27698737]]
