Episode: 0; Score: 3.0837968823254247; Action: [[0. 0. 1.]
 [0. 1. 0.]
 [0. 0. 1.]
 [0. 0. 1.]
 [0. 0. 1.]]
Episode: 1; Score: 0.3; Action: [[0.04441829 0.8055568  0.15002495]
 [0.3766145  0.13790257 0.48548293]
 [0.01708294 0.79831296 0.18460411]
 [0.25771064 0.25061572 0.49167368]
 [0.22832489 0.54927284 0.22240227]]
Episode: 2; Score: -0.15000000000000002; Action: [[0.39567125 0.35575625 0.2485725 ]
 [0.17395474 0.7610515  0.06499381]
 [0.7364424  0.10097819 0.1625794 ]
 [0.42488807 0.48075607 0.09435585]
 [0.1733498  0.4825426  0.3441076 ]]
Episode: 3; Score: -0.3500000000000001; Action: [[0.5316839  0.00290858 0.46540746]
 [0.55536187 0.35465163 0.08998651]
 [0.22040367 0.16862896 0.6109674 ]
 [0.30543062 0.17410989 0.5204595 ]
 [0.13322076 0.65539604 0.21138318]]
Episode: 4; Score: -0.55; Action: [[0.03530283 0.75403565 0.21066155]
 [0.17780554 0.6595875  0.16260697]
 [0.08702981 0.3435626  0.5694076 ]
 [0.873159   0.11583217 0.01100883]
 [0.90357536 0.01137901 0.08504561]]
Episode: 5; Score: -0.75; Action: [[0.62214506 0.01412505 0.3637299 ]
 [0.19321807 0.6454457  0.16133623]
 [0.62088394 0.00617593 0.37294012]
 [0.5998261  0.26204303 0.13813084]
 [0.29275256 0.50886506 0.19838236]]
Episode: 6; Score: 2.932004043129439; Action: [[0. 0. 1.]
 [0. 1. 0.]
 [0. 0. 1.]
 [0. 0. 1.]
 [0. 0. 1.]]
Episode: 7; Score: 0.04999999999999999; Action: [[0.46682987 0.38390303 0.14926709]
 [0.33541855 0.11255237 0.5520291 ]
 [0.0575934  0.5685703  0.37383628]
 [0.42617053 0.2680358  0.30579367]
 [0.01322048 0.528436   0.45834354]]
Episode: 8; Score: -0.4; Action: [[0.9625888  0.00984955 0.02756167]
 [0.38245648 0.27076623 0.3467773 ]
 [0.41011253 0.05935375 0.53053373]
 [0.02944296 0.7412266  0.22933044]
 [0.13352902 0.8495675  0.01690351]]
Episode: 9; Score: -0.3500000000000001; Action: [[0.17211537 0.12034404 0.7075406 ]
 [0.3116208  0.13584897 0.5525302 ]
 [0.6315044  0.16451874 0.20397684]
 [0.3008191  0.65504754 0.04413337]
 [0.524411   0.1262323  0.34935665]]
Episode: 10; Score: -0.30000000000000004; Action: [[0.10378136 0.4755921  0.42062652]
 [0.10671948 0.7426673  0.15061319]
 [0.15448928 0.4113582  0.4341525 ]
 [0.12068205 0.4419092  0.43740875]
 [0.08207361 0.01126606 0.9066603 ]]
Episode: 11; Score: -0.5; Action: [[0.18664195 0.65148497 0.16187307]
 [0.10377866 0.19332193 0.7028994 ]
 [0.260579   0.3956171  0.3438039 ]
 [0.13453808 0.7517209  0.113741  ]
 [0.06767677 0.08458804 0.84773517]]
Episode: 12; Score: 5.1331262342906; Action: [[0. 1. 0.]
 [0. 1. 0.]
 [0. 1. 0.]
 [0. 1. 0.]
 [0. 1. 0.]]
Episode: 13; Score: -0.2; Action: [[0.2147694  0.7583775  0.02685313]
 [0.38175812 0.22845048 0.3897914 ]
 [0.24503347 0.09672999 0.65823656]
 [0.16884048 0.8100186  0.02114095]
 [0.83295864 0.09571362 0.07132775]]
Episode: 14; Score: 0.35; Action: [[0.04083133 0.29161823 0.66755044]
 [0.7127805  0.1193784  0.1678411 ]
 [0.06233627 0.927627   0.01003668]
 [0.0095309  0.21497563 0.7754935 ]
 [0.22700465 0.67699236 0.09600297]]
Episode: 15; Score: -0.10000000000000009; Action: [[0.21496403 0.28278622 0.5022498 ]
 [0.18498442 0.11467046 0.7003451 ]
 [0.05901347 0.6282309  0.31275555]
 [0.5579114  0.1878422  0.2542464 ]
 [0.45968154 0.08331472 0.45700374]]
Episode: 16; Score: -0.55; Action: [[0.1260979  0.47057205 0.40333006]
 [0.73143625 0.05681548 0.2117483 ]
 [0.3306068  0.521178   0.14821522]
 [0.3675046  0.304034   0.3284614 ]
 [0.5637643  0.20579989 0.23043585]]
Episode: 17; Score: -1.0; Action: [[0.26942438 0.58859956 0.14197609]
 [0.06020904 0.3007402  0.6390508 ]
 [0.01722617 0.11817817 0.86459565]
 [0.3512948  0.31747526 0.33122998]
 [0.48312142 0.20900624 0.30787235]]
Episode: 18; Score: 5.4853751591471465; Action: [[0. 1. 0.]
 [0. 1. 0.]
 [0. 1. 0.]
 [0. 1. 0.]
 [0. 1. 0.]]
Episode: 19; Score: 1.4682950675799207; Action: [[0.46964288 0.1410033  0.38935384]
 [0.38387653 0.2672187  0.34890473]
 [0.75826603 0.19143324 0.05030071]
 [0.5965321  0.30138764 0.10208023]
 [0.52418166 0.41841054 0.05740783]]
Episode: 20; Score: -0.2; Action: [[0.1795509  0.42481387 0.39563522]
 [0.60279864 0.31059656 0.08660477]
 [0.7171695  0.04651076 0.23631972]
 [0.07331993 0.7461515  0.18052854]
 [0.7701786  0.11373402 0.11608738]]
Episode: 21; Score: 0.35; Action: [[0.3512572  0.6268343  0.0219085 ]
 [0.20677401 0.23275575 0.5604702 ]
 [0.03810772 0.9482165  0.01367581]
 [0.34922293 0.13098644 0.51979065]
 [0.16160223 0.19648145 0.64191633]]
Episode: 22; Score: -0.10000000000000009; Action: [[0.05121645 0.22749193 0.7212916 ]
 [0.52476096 0.414892   0.06034704]
 [0.05384887 0.7627934  0.1833577 ]
 [0.03008097 0.90516305 0.06475598]
 [0.04069776 0.7007024  0.25859985]]
Episode: 23; Score: -0.30000000000000004; Action: [[0.01877454 0.69058293 0.29064253]
 [0.1011494  0.64112204 0.25772858]
 [0.16788562 0.33523834 0.49687606]
 [0.02549864 0.16781786 0.8066835 ]
 [0.6303607  0.34956303 0.02007628]]
Episode: 24; Score: 3.3276638217585726; Action: [[0. 0. 1.]
 [0. 1. 0.]
 [0. 1. 0.]
 [0. 0. 1.]
 [0. 0. 1.]]
Episode: 25; Score: 0.3; Action: [[0.518904   0.0540734  0.4270226 ]
 [0.26111627 0.44070283 0.2981809 ]
 [0.15673852 0.40896037 0.4343011 ]
 [0.0737754  0.2710795  0.6551451 ]
 [0.9166171  0.04629034 0.03709259]]
Episode: 26; Score: 0.09999999999999998; Action: [[3.2765850e-01 7.7003427e-02 5.9533811e-01]
 [4.1690606e-01 1.0408651e-02 5.7268530e-01]
 [5.2193898e-01 1.3972190e-01 3.3833915e-01]
 [1.8857260e-01 7.6834732e-01 4.3080069e-02]
 [2.0331059e-01 5.5438065e-04 7.9613501e-01]]
Episode: 27; Score: 0.1499999999999999; Action: [[0.15767556 0.42030105 0.4220234 ]
 [0.26938924 0.17868514 0.5519256 ]
 [0.03987126 0.07719784 0.8829309 ]
 [0.1891399  0.2966405  0.5142196 ]
 [0.1706884  0.35788488 0.4714267 ]]
Episode: 28; Score: -0.55; Action: [[0.5728205  0.40369385 0.02348563]
 [0.6967563  0.07928979 0.22395392]
 [0.1207104  0.7613582  0.11793141]
 [0.41282234 0.5421043  0.04507336]
 [0.40029395 0.4714751  0.12823094]]
Episode: 29; Score: -0.75; Action: [[0.48584875 0.29660064 0.21755062]
 [0.5785966  0.18197842 0.239425  ]
 [0.14550564 0.25647235 0.59802204]
 [0.1790535  0.44955918 0.37138733]
 [0.0881059  0.36180666 0.55008745]]
Episode: 30; Score: 3.11737533971971; Action: [[0. 0. 1.]
 [0. 1. 0.]
 [0. 0. 1.]
 [0. 0. 1.]
 [0. 0. 1.]]
Episode: 31; Score: 0.55; Action: [[0.16005145 0.6360112  0.20393735]
 [0.09598403 0.505911   0.39810497]
 [0.08778135 0.41917568 0.49304298]
 [0.14226331 0.04483264 0.81290406]
 [0.12411182 0.24163939 0.6342488 ]]
Episode: 32; Score: 0.09999999999999998; Action: [[0.11161483 0.7686032  0.11978199]
 [0.21127383 0.1028413  0.6858849 ]
 [0.22035897 0.6059699  0.17367114]
 [0.26957121 0.13922532 0.59120345]
 [0.34501168 0.61535174 0.0396366 ]]
Episode: 33; Score: -0.10000000000000009; Action: [[0.53334534 0.3912111  0.07544357]
 [0.1879174  0.62273353 0.18934909]
 [0.5158488  0.16452868 0.3196225 ]
 [0.4855225  0.21137445 0.30310303]
 [0.2655027  0.2906973  0.4438    ]]
Episode: 34; Score: -0.55; Action: [[0.37669736 0.25805905 0.36524358]
 [0.6633102  0.00424219 0.3324476 ]
 [0.17672336 0.1230543  0.7002223 ]
 [0.04629518 0.00808848 0.9456163 ]
 [0.36206824 0.4348631  0.20306867]]
Episode: 35; Score: -0.75; Action: [[0.42001897 0.07675773 0.5032233 ]
 [0.62591934 0.23898327 0.13509741]
 [0.64704627 0.16733967 0.18561406]
 [0.49563813 0.28531006 0.21905181]
 [0.3636522  0.3575134  0.2788344 ]]
Episode: 36; Score: 3.511366443342852; Action: [[0. 0. 1.]
 [0. 1. 0.]
 [0. 1. 0.]
 [0. 0. 1.]
 [0. 0. 1.]]
Episode: 37; Score: -0.2; Action: [[0.58400744 0.37622073 0.03977184]
 [0.08039205 0.24249539 0.6771126 ]
 [0.5926384  0.39264876 0.01471284]
 [0.8385074  0.09827089 0.0632217 ]
 [0.06653581 0.7333126  0.20015158]]
Episode: 38; Score: 0.35; Action: [[0.66825867 0.26893854 0.06280279]
 [0.32639197 0.1968175  0.47679052]
 [0.145722   0.6101156  0.24416241]
 [0.4289892  0.07840821 0.4926026 ]
 [0.21374471 0.12049099 0.6657643 ]]
Episode: 39; Score: 0.1499999999999999; Action: [[0.00318612 0.13375658 0.8630573 ]
 [0.61874145 0.2226545  0.15860403]
 [0.19590697 0.496279   0.30781403]
 [0.13576348 0.21438459 0.6498519 ]
 [0.56010324 0.19700827 0.24288847]]
Episode: 40; Score: -0.55; Action: [[2.8701448e-01 2.1545663e-01 4.9752888e-01]
 [1.4939320e-01 5.3024585e-03 8.4530431e-01]
 [9.3492001e-01 6.4311117e-02 7.6889305e-04]
 [2.9213634e-01 6.2611902e-01 8.1744634e-02]
 [3.0008085e-02 6.8554431e-01 2.8444761e-01]]
Episode: 41; Score: 1.0; Action: [[0.22927436 0.05951273 0.71121293]
 [0.41106105 0.4042057  0.18473326]
 [0.08488982 0.7408813  0.17422885]
 [0.44968244 0.0605641  0.48975345]
 [0.31673002 0.00838977 0.6748802 ]]
Episode: 42; Score: 5.50103984553161; Action: [[0. 1. 0.]
 [0. 1. 0.]
 [0. 1. 0.]
 [0. 1. 0.]
 [0. 1. 0.]]
Episode: 43; Score: 0.04999999999999999; Action: [[0.06738765 0.57508546 0.3575269 ]
 [0.6806719  0.29478103 0.0245471 ]
 [0.6451899  0.09707963 0.25773045]
 [0.39153618 0.49225003 0.11621381]
 [0.16935115 0.37273014 0.45791873]]
Episode: 44; Score: -0.4; Action: [[0.4386826  0.29579526 0.26552215]
 [0.04028003 0.0428059  0.91691405]
 [0.6764798  0.27063578 0.05288438]
 [0.4300881  0.32980105 0.24011084]
 [0.14001912 0.528207   0.33177385]]
Episode: 45; Score: 1.0; Action: [[0.2794258  0.14565608 0.57491815]
 [0.20634119 0.4398261  0.35383272]
 [0.03687036 0.5341182  0.4290115 ]
 [0.09474868 0.12008467 0.7851666 ]
 [0.24159403 0.7533417  0.00506427]]
Episode: 46; Score: -0.2; Action: [[0.6199364  0.2345672  0.14549641]
 [0.3324801  0.0321416  0.6353783 ]
 [0.17648423 0.25423485 0.5692809 ]
 [0.47645062 0.05300316 0.47054622]
 [0.76015157 0.05383326 0.18601516]]
Episode: 47; Score: 0.09999999999999998; Action: [[0.22782986 0.01387011 0.7583    ]
 [0.20515929 0.22534607 0.56949466]
 [0.71105653 0.09016973 0.19877377]
 [0.51080245 0.16782838 0.32136914]
 [0.04642451 0.18766704 0.7659084 ]]
Episode: 48; Score: 3.27410760404211; Action: [[0. 0. 1.]
 [0. 1. 0.]
 [0. 1. 0.]
 [0. 0. 1.]
 [0. 0. 1.]]
Episode: 49; Score: -0.2; Action: [[0.36390123 0.2892991  0.34679967]
 [0.74872303 0.082328   0.168949  ]
 [0.39979613 0.16807526 0.4321286 ]
 [0.2115152  0.5930992  0.1953856 ]
 [0.5744308  0.00907654 0.4164926 ]]
Episode: 50; Score: 0.09999999999999998; Action: [[0.56348366 0.29859126 0.13792512]
 [0.27433905 0.47693354 0.2487274 ]
 [0.11363798 0.7975     0.08886201]
 [0.57580537 0.11559651 0.3085981 ]
 [0.118666   0.54204047 0.33929354]]
Episode: 51; Score: -0.3500000000000001; Action: [[0.2744789  0.17416461 0.5513565 ]
 [0.30540696 0.32257184 0.3720212 ]
 [0.69965625 0.05972262 0.24062116]
 [0.42057794 0.4206859  0.15873617]
 [0.21620862 0.5663904  0.217401  ]]
Episode: 52; Score: -0.55; Action: [[0.40568855 0.37048677 0.22382468]
 [0.35258833 0.54061604 0.10679567]
 [0.1669353  0.34912196 0.48394275]
 [0.58168346 0.18278661 0.23552994]
 [0.61264944 0.2252137  0.16213685]]
Episode: 53; Score: -0.75; Action: [[0.5957651  0.38748652 0.01674836]
 [0.0121189  0.5934547  0.39442638]
 [0.56702137 0.39062056 0.04235807]
 [0.49020705 0.10635624 0.40343672]
 [0.29005265 0.63526577 0.07468159]]
Episode: 54; Score: 3.2438579815586666; Action: [[0. 0. 1.]
 [0. 1. 0.]
 [0. 1. 0.]
 [0. 0. 1.]
 [0. 0. 1.]]
Episode: 55; Score: 0.04999999999999999; Action: [[0.10751347 0.00548809 0.8869984 ]
 [0.6584678  0.17250651 0.16902566]
 [0.6798677  0.26159754 0.05853479]
 [0.6945369  0.2545116  0.05095147]
 [0.39089146 0.44077468 0.16833386]]
Episode: 56; Score: 0.09999999999999998; Action: [[0.09183242 0.19993213 0.70823544]
 [0.7202926  0.12519465 0.1545127 ]
 [0.21140996 0.5060957  0.2824943 ]
 [0.87239575 0.01918246 0.10842177]
 [0.06503716 0.46875557 0.46620727]]
Episode: 57; Score: 0.1499999999999999; Action: [[0.48722744 0.00651851 0.506254  ]
 [0.23930222 0.08864742 0.67205036]
 [0.17604342 0.5681962  0.2557604 ]
 [0.2072769  0.31474477 0.47797835]
 [0.8396132  0.01842424 0.14196259]]
Episode: 58; Score: -0.30000000000000004; Action: [[0.18093862 0.72151077 0.09755061]
 [0.42407748 0.42509368 0.15082885]
 [0.7063586  0.16063254 0.13300884]
 [0.22162367 0.2770023  0.501374  ]
 [0.06674743 0.76705146 0.16620113]]
Episode: 59; Score: -0.75; Action: [[0.14254259 0.57159036 0.28586704]
 [0.41846168 0.51523995 0.0662984 ]
 [0.21907912 0.02248706 0.7584338 ]
 [0.53083396 0.01478519 0.45438084]
 [0.46834493 0.14840338 0.3832517 ]]
Episode: 60; Score: 3.473273810253823; Action: [[0. 0. 1.]
 [0. 1. 0.]
 [0. 0. 1.]
 [0. 0. 1.]
 [0. 0. 1.]]
Episode: 61; Score: 0.3; Action: [[0.07761837 0.3867498  0.53563184]
 [0.0103046  0.91060495 0.07909042]
 [0.64777476 0.08206234 0.27016294]
 [0.4166143  0.5031751  0.08021063]
 [0.09237878 0.6078679  0.2997533 ]]
Episode: 62; Score: -0.4; Action: [[0.52450526 0.1631637  0.312331  ]
 [0.7807228  0.13035665 0.08892056]
 [0.19051199 0.10362907 0.70585895]
 [0.16375463 0.65391463 0.18233077]
 [0.66696084 0.18457913 0.14846   ]]
Episode: 63; Score: 0.1499999999999999; Action: [[0.33297953 0.26981243 0.39720803]
 [0.31456658 0.00617622 0.6792572 ]
 [0.11329623 0.5895944  0.29710937]
 [0.43272236 0.5010922  0.06618548]
 [0.38149768 0.21724074 0.4012616 ]]
Episode: 64; Score: -0.55; Action: [[0.02277554 0.49451202 0.48271242]
 [0.6215992  0.18605797 0.19234286]
 [0.00831904 0.6339744  0.35770658]
 [0.86361617 0.06070459 0.07567926]
 [0.7074362  0.23149091 0.06107288]]
Episode: 65; Score: 1.0; Action: [[0.0729816  0.46402276 0.46299562]
 [0.15675704 0.7260611  0.11718189]
 [0.21076086 0.6985182  0.0907209 ]
 [0.17130914 0.2734164  0.5552744 ]
 [0.25301558 0.16686422 0.5801202 ]]
Episode: 66; Score: 1.54346987672757; Action: [[1. 0. 0.]
 [1. 0. 0.]
 [1. 0. 0.]
 [1. 0. 0.]
 [1. 0. 0.]]
Episode: 67; Score: 1.0; Action: [[0.4080129  0.14944465 0.44254246]
 [0.34293002 0.48555657 0.17151341]
 [0.05795692 0.53804207 0.404001  ]
 [0.540225   0.13429038 0.32548457]
 [0.08237457 0.45418942 0.463436  ]]
Episode: 68; Score: 0.3; Action: [[0.6783865  0.21245019 0.10916329]
 [0.31756946 0.22670287 0.45572767]
 [0.01574238 0.8123283  0.17192933]
 [0.29097337 0.23835519 0.47067145]
 [0.02042729 0.64183855 0.33773413]]
Episode: 69; Score: -0.15000000000000002; Action: [[0.39618158 0.19971694 0.40410146]
 [0.6428878  0.14568697 0.21142526]
 [0.38411194 0.13362736 0.4822607 ]
 [0.7239475  0.08148167 0.19457082]
 [0.97647715 0.00225644 0.02126641]]
Episode: 70; Score: 1.0; Action: [[0.24947742 0.11198463 0.63853794]
 [0.304226   0.62619656 0.06957741]
 [0.4506867  0.35489047 0.19442286]
 [0.19197658 0.3828926  0.4251308 ]
 [0.21339293 0.36310494 0.42350215]]
Episode: 71; Score: 0.55; Action: [[0.15837434 0.2018833  0.6397424 ]
 [0.01558851 0.50434786 0.48006362]
 [0.67881185 0.26329273 0.05789544]
 [0.03776207 0.627649   0.33458894]
 [0.35788915 0.23591076 0.4062001 ]]
Episode: 72; Score: 4.966209702633986; Action: [[0. 1. 0.]
 [0. 1. 0.]
 [0. 1. 0.]
 [0. 1. 0.]
 [0. 1. 0.]]
Episode: 73; Score: 0.04999999999999999; Action: [[0.8913149  0.03504346 0.07364159]
 [0.19026335 0.23282029 0.5769164 ]
 [0.23102507 0.19363515 0.5753398 ]
 [0.74862397 0.17529117 0.07608489]
 [0.05945658 0.03342427 0.90711915]]
Episode: 74; Score: -0.15000000000000002; Action: [[0.6347399  0.3285828  0.03667736]
 [0.19968484 0.53328073 0.26703444]
 [0.70759696 0.19167097 0.1007321 ]
 [0.23183492 0.45919374 0.30897132]
 [0.4265869  0.4842857  0.08912741]]
Episode: 75; Score: -0.10000000000000009; Action: [[1.3517494e-01 1.2699401e-01 7.3783106e-01]
 [1.5544331e-01 3.3447585e-01 5.1008081e-01]
 [7.6031253e-02 6.1796010e-01 3.0600864e-01]
 [5.5189121e-01 2.1893491e-01 2.2917388e-01]
 [3.9212775e-04 7.9350275e-01 2.0610511e-01]]
Episode: 76; Score: -0.8; Action: [[0.34598053 0.43340772 0.22061177]
 [0.19982992 0.11197223 0.68819785]
 [0.77855325 0.17403477 0.04741197]
 [0.38952842 0.38901407 0.2214575 ]
 [0.28913635 0.5687823  0.14208135]]
Episode: 77; Score: -0.5; Action: [[0.10459637 0.1808396  0.714564  ]
 [0.70480007 0.20404193 0.09115797]
 [0.01302328 0.00756419 0.97941256]
 [0.00203347 0.23825982 0.7597067 ]
 [0.05621213 0.89571524 0.04807264]]
Episode: 78; Score: 3.3896215424761156; Action: [[0. 0. 1.]
 [0. 1. 0.]
 [0. 0. 1.]
 [0. 0. 1.]
 [0. 0. 1.]]
Episode: 79; Score: -0.2; Action: [[0.53246313 0.21805082 0.24948603]
 [0.2331668  0.27075973 0.49607348]
 [0.5314039  0.07682902 0.39176708]
 [0.4252558  0.48204947 0.09269473]
 [0.3879872  0.5402347  0.0717781 ]]
Episode: 80; Score: 0.35; Action: [[0.15338902 0.3895196  0.4570914 ]
 [0.05882994 0.42658648 0.5145836 ]
 [0.33538795 0.47414067 0.19047137]
 [0.14289594 0.6658273  0.19127677]
 [0.02653161 0.03715188 0.9363165 ]]
Episode: 81; Score: -0.3500000000000001; Action: [[0.25480157 0.52831846 0.21687996]
 [0.3818346  0.30569354 0.31247187]
 [0.58183485 0.04958577 0.36857936]
 [0.30019543 0.17004123 0.52976334]
 [0.5278587  0.18943489 0.2827064 ]]
Episode: 82; Score: -0.55; Action: [[0.20473342 0.6316061  0.1636605 ]
 [0.44366646 0.38250047 0.17383307]
 [0.30097327 0.5142728  0.18475395]
 [0.35759062 0.3361189  0.30629048]
 [0.24475747 0.40875682 0.3464857 ]]
Episode: 83; Score: -0.25; Action: [[0.31981248 0.16905561 0.51113194]
 [0.20464937 0.00703399 0.7883166 ]
 [0.3229994  0.23358022 0.4434204 ]
 [0.07135314 0.18777412 0.74087274]
 [0.35232586 0.07525747 0.57241666]]
Episode: 84; Score: 5.089854365500096; Action: [[0. 1. 0.]
 [0. 1. 0.]
 [0. 1. 0.]
 [0. 1. 0.]
 [0. 1. 0.]]
Episode: 85; Score: 0.55; Action: [[0.5703299  0.42680603 0.00286406]
 [0.10960125 0.5829005  0.30749825]
 [0.37227216 0.347084   0.28064385]
 [0.12022254 0.0647113  0.81506616]
 [0.26292232 0.23546255 0.5016151 ]]
Episode: 86; Score: 1.2396364011943442; Action: [[0.3788181  0.28600278 0.33517912]
 [0.48870397 0.36231217 0.14898387]
 [0.50019413 0.40060332 0.09920254]
 [0.7352344  0.10946371 0.1553019 ]
 [0.47782186 0.43967932 0.08249883]]
Episode: 87; Score: 0.04999999999999999; Action: [[0.35682815 0.5280085  0.11516333]
 [0.02010888 0.6604998  0.31939128]
 [0.39448452 0.02399724 0.58151823]
 [0.7961019  0.05719078 0.14670727]
 [0.37344977 0.34094125 0.285609  ]]
Episode: 88; Score: 1.0; Action: [[0.25761968 0.15664983 0.5857305 ]
 [0.1280122  0.71175116 0.16023667]
 [0.05350876 0.84300786 0.10348335]
 [0.5905968  0.32511607 0.08428716]
 [0.16771726 0.03848466 0.7937981 ]]
Episode: 89; Score: 0.55; Action: [[0.17245156 0.40989825 0.4176502 ]
 [0.08534449 0.1731911  0.7414644 ]
 [0.7628818  0.22256684 0.01455134]
 [0.2303879  0.37771577 0.39189634]
 [0.27059308 0.00584307 0.72356385]]
Episode: 90; Score: 3.5259453221504136; Action: [[0. 0. 1.]
 [0. 1. 0.]
 [0. 1. 0.]
 [0. 0. 1.]
 [0. 0. 1.]]
Episode: 91; Score: 0.55; Action: [[0.12387314 0.21364795 0.6624789 ]
 [0.41297036 0.42553556 0.16149408]
 [0.03851601 0.7657927  0.19569129]
 [0.34891734 0.46726012 0.18382253]
 [0.55009484 0.12600622 0.32389897]]
Episode: 92; Score: -0.15000000000000002; Action: [[0.46184424 0.3953111  0.14284469]
 [0.2739894  0.04903309 0.6769775 ]
 [0.47348794 0.48591876 0.0405933 ]
 [0.4953292  0.18765682 0.31701398]
 [0.62306213 0.15257566 0.2243622 ]]
Episode: 93; Score: -0.3500000000000001; Action: [[0.08196592 0.62771386 0.29032022]
 [0.78369945 0.09000488 0.12629569]
 [0.5083078  0.393635   0.09805717]
 [0.35408273 0.300901   0.3450163 ]
 [0.32526812 0.21993512 0.45479676]]
Episode: 94; Score: -0.050000000000000044; Action: [[0.3183095  0.09274904 0.58894145]
 [0.06322683 0.47193998 0.4648332 ]
 [0.80007017 0.19008529 0.00984455]
 [0.26801395 0.02070776 0.7112783 ]
 [0.23265284 0.4466549  0.32069227]]
Episode: 95; Score: 1.0; Action: [[0.13527592 0.298523   0.56620103]
 [0.10122181 0.88556874 0.01320943]
 [0.17860219 0.5746512  0.24674661]
 [0.6073853  0.32152438 0.07109035]
 [0.10893737 0.3633303  0.5277323 ]]
Episode: 96; Score: 1.275795835754942; Action: [[1. 0. 0.]
 [1. 0. 0.]
 [1. 0. 0.]
 [1. 0. 0.]
 [1. 0. 0.]]
Episode: 97; Score: 1.0; Action: [[0.5137666  0.44394544 0.04228795]
 [0.337531   0.4446627  0.21780631]
 [0.01082818 0.5783657  0.41080615]
 [0.08455009 0.21949898 0.6959509 ]
 [0.26421195 0.27535644 0.46043158]]
Episode: 98; Score: 0.55; Action: [[0.0282034  0.2008273  0.7709693 ]
 [0.02320264 0.82298243 0.15381493]
 [0.22449437 0.74619603 0.02930958]
 [0.9165819  0.05395206 0.02946602]
 [0.03122733 0.66068375 0.30808893]]
Episode: 99; Score: -0.15000000000000002; Action: [[0.1008598  0.44543257 0.4537076 ]
 [0.3477129  0.2110112  0.44127586]
 [0.6483815  0.13774745 0.21387108]
 [0.20535567 0.7312818  0.06336249]
 [0.6102392  0.09759877 0.292162  ]]
Episode: 100; Score: 0.1499999999999999; Action: [[0.22670554 0.2559073  0.51738715]
 [0.00667963 0.72791195 0.2654084 ]
 [0.5532869  0.20975177 0.2369613 ]
 [0.09148905 0.10297735 0.8055336 ]
 [0.47515643 0.24568835 0.27915522]]
Episode: 101; Score: -0.8; Action: [[0.6730596  0.18172494 0.14521545]
 [0.0554942  0.3443853  0.6001205 ]
 [0.06310726 0.38379598 0.5530968 ]
 [0.6245123  0.29445806 0.08102964]
 [0.4484742  0.20633185 0.34519395]]
Episode: 102; Score: 3.0875277779149535; Action: [[0. 0. 1.]
 [0. 1. 0.]
 [0. 0. 1.]
 [0. 0. 1.]
 [0. 0. 1.]]
Episode: 103; Score: 0.04999999999999999; Action: [[0.5437594  0.42374608 0.03249452]
 [0.09992976 0.0301751  0.86989516]
 [0.4315633  0.49486688 0.07356983]
 [0.11720742 0.6771103  0.20568226]
 [0.5768307  0.16299649 0.26017284]]
Episode: 104; Score: -0.15000000000000002; Action: [[0.61320156 0.37556753 0.01123092]
 [0.6635476  0.06224119 0.2742112 ]
 [0.63282543 0.16073115 0.20644341]
 [0.48804104 0.29438558 0.21757336]
 [0.0183803  0.11266857 0.86895114]]
Episode: 105; Score: -0.10000000000000009; Action: [[0.76875925 0.2061049  0.02513584]
 [0.698445   0.1404932  0.16106181]
 [0.18214956 0.6407272  0.1771232 ]
 [0.41358754 0.17936195 0.40705052]
 [0.30019274 0.30157077 0.39823648]]
Episode: 106; Score: -0.30000000000000004; Action: [[0.01133613 0.37384295 0.61482096]
 [0.57678276 0.08247413 0.3407431 ]
 [0.05185781 0.4568493  0.49129286]
 [0.16825525 0.2471643  0.5845804 ]
 [0.1492833  0.58882546 0.26189122]]
Episode: 107; Score: 1.0; Action: [[0.13062814 0.0489403  0.8204316 ]
 [0.3019715  0.64159644 0.05643206]
 [0.35285395 0.50890076 0.13824527]
 [0.13269225 0.05297559 0.8143322 ]
 [0.6687539  0.29742554 0.03382055]]
Episode: 108; Score: 3.402109065304331; Action: [[0. 0. 1.]
 [0. 1. 0.]
 [0. 1. 0.]
 [0. 0. 1.]
 [0. 0. 1.]]
Episode: 109; Score: -0.2; Action: [[0.11205953 0.6225262  0.26541427]
 [0.33806702 0.1819414  0.47999156]
 [0.56895304 0.28649879 0.14454815]
 [0.63240933 0.03035229 0.3372384 ]
 [0.7407811  0.14092588 0.118293  ]]
Episode: 110; Score: -0.15000000000000002; Action: [[0.5885365  0.24199462 0.16946885]
 [0.13953462 0.09773559 0.76272976]
 [0.27472773 0.26247624 0.46279603]
 [0.13138664 0.5555509  0.3130625 ]
 [0.18060221 0.07357293 0.7458249 ]]
Episode: 111; Score: -0.10000000000000009; Action: [[0.7127748  0.01932813 0.26789704]
 [0.33709902 0.10294215 0.5599588 ]
 [0.06698625 0.41382745 0.5191863 ]
 [0.28546447 0.1957057  0.5188299 ]
 [0.33921075 0.18018663 0.48060262]]
Episode: 112; Score: -0.8; Action: [[0.21218559 0.6814615  0.10635288]
 [0.04493415 0.26865217 0.6864137 ]
 [0.6210146  0.16348945 0.21549594]
 [0.5939196  0.35751852 0.04856191]
 [0.4291302  0.19230902 0.37856078]]
Episode: 113; Score: -0.75; Action: [[0.30884814 0.63555306 0.05559881]
 [0.25213715 0.6088359  0.139027  ]
 [0.10777217 0.40571404 0.4865138 ]
 [0.33363461 0.4356448  0.2307206 ]
 [0.9332828  0.06027311 0.00644411]]
Episode: 114; Score: 1.346022974766578; Action: [[1. 0. 0.]
 [1. 0. 0.]
 [1. 0. 0.]
 [1. 0. 0.]
 [1. 0. 0.]]
Episode: 115; Score: 0.04999999999999999; Action: [[0.59494823 0.19656816 0.20848359]
 [0.141878   0.35637945 0.50174254]
 [0.59613675 0.3229662  0.08089706]
 [0.21175121 0.57405883 0.21418999]
 [0.31501466 0.3405223  0.34446305]]
Episode: 116; Score: 0.35; Action: [[0.627264   0.08569955 0.28703645]
 [0.1544429  0.7738075  0.07174955]
 [0.31814852 0.48777702 0.19407445]
 [0.9573503  0.01919835 0.02345132]
 [0.06617875 0.01477845 0.9190428 ]]
Episode: 117; Score: 0.1499999999999999; Action: [[0.23024769 0.23348206 0.53627026]
 [0.36815187 0.37632698 0.25552118]
 [0.00530459 0.7754556  0.21923983]
 [0.68870425 0.02283341 0.2884623 ]
 [0.70194876 0.07390767 0.22414358]]
Episode: 118; Score: -0.55; Action: [[0.5416345  0.14154288 0.31682262]
 [0.62256324 0.05847438 0.3189624 ]
 [0.13141984 0.47476244 0.39381772]
 [0.31972376 0.46016702 0.22010924]
 [0.2291487  0.45418772 0.3166636 ]]
Episode: 119; Score: -0.25; Action: [[0.4859251  0.00356762 0.5105073 ]
 [0.6906125  0.28883487 0.0205526 ]
 [0.39809647 0.5961588  0.00574473]
 [0.6279519  0.04187809 0.33016998]
 [0.03338827 0.27401713 0.6925946 ]]
Episode: 120; Score: 5.544979548601091; Action: [[0. 1. 0.]
 [0. 1. 0.]
 [0. 1. 0.]
 [0. 1. 0.]
 [0. 1. 0.]]
Episode: 121; Score: 0.3; Action: [[0.03940674 0.0615856  0.8990077 ]
 [0.22839    0.198799   0.572811  ]
 [0.82328695 0.17492065 0.00179238]
 [0.1053871  0.03267348 0.86193943]
 [0.7716445  0.00763106 0.22072446]]
Episode: 122; Score: 0.09999999999999998; Action: [[0.04744915 0.29016063 0.66239023]
 [0.27404994 0.45828938 0.26766068]
 [0.1301605  0.28037226 0.5894672 ]
 [0.02199657 0.8797593  0.09824415]
 [0.25128713 0.4235316  0.32518128]]
Episode: 123; Score: 0.1499999999999999; Action: [[0.60894746 0.33093888 0.06011369]
 [0.06396135 0.6975919  0.23844677]
 [0.1840085  0.47704205 0.33894947]
 [0.1921222  0.11320978 0.694668  ]
 [0.14428355 0.50372314 0.3519933 ]]
Episode: 124; Score: -0.30000000000000004; Action: [[0.16741486 0.32064462 0.51194054]
 [0.38298833 0.15912257 0.45788908]
 [0.53773797 0.37048742 0.09177461]
 [0.31223968 0.04916988 0.63859046]
 [0.8240881  0.02129735 0.15461454]]
Episode: 125; Score: -0.5; Action: [[0.2800651  0.09423318 0.6257017 ]
 [0.93599993 0.01534527 0.04865478]
 [0.46259284 0.19441268 0.34299448]
 [0.53327733 0.1918393  0.2748834 ]
 [0.07075819 0.11414864 0.81509316]]
Episode: 126; Score: 1.4950880424423494; Action: [[1. 0. 0.]
 [1. 0. 0.]
 [1. 0. 0.]
 [1. 0. 0.]
 [1. 0. 0.]]
Episode: 127; Score: 0.3; Action: [[0.22785436 0.55293953 0.21920611]
 [0.22645691 0.21499978 0.5585433 ]
 [0.08575294 0.57151735 0.34272972]
 [0.01645667 0.2874072  0.6961361 ]
 [0.5543219  0.3358836  0.10979453]]
Episode: 128; Score: 0.09999999999999998; Action: [[0.5318769  0.23453234 0.23359075]
 [0.22642794 0.13462475 0.6389473 ]
 [0.564942   0.3500144  0.08504362]
 [0.29882583 0.16359788 0.53757626]
 [0.04711883 0.11453908 0.8383421 ]]
Episode: 129; Score: -0.6000000000000001; Action: [[6.7176765e-01 1.6097285e-01 1.6725948e-01]
 [5.5857235e-01 2.9688948e-01 1.4453815e-01]
 [3.2631591e-01 1.9044398e-01 4.8324013e-01]
 [2.1708448e-04 7.1392977e-01 2.8585312e-01]
 [1.2389893e-01 8.1362659e-01 6.2474504e-02]]
Episode: 130; Score: -0.55; Action: [[0.7083497  0.13479723 0.15685306]
 [0.24810776 0.02681276 0.7250795 ]
 [0.57891405 0.3233387  0.09774727]
 [0.9621895  0.00457622 0.03323431]
 [0.00818926 0.24874708 0.7430637 ]]
Episode: 131; Score: -0.25; Action: [[0.02457624 0.48116404 0.49425974]
 [0.3739844  0.3948373  0.2311783 ]
 [0.17843522 0.17335169 0.6482131 ]
 [0.1359681  0.03639355 0.8276383 ]
 [0.02643368 0.93148047 0.04208585]]
Episode: 132; Score: 5.226415968222325; Action: [[0. 1. 0.]
 [0. 1. 0.]
 [0. 1. 0.]
 [0. 1. 0.]
 [0. 1. 0.]]
Episode: 133; Score: 0.04999999999999999; Action: [[0.50693667 0.48105985 0.01200348]
 [0.34713763 0.36488774 0.28797463]
 [0.44557908 0.02501105 0.5294099 ]
 [0.05135447 0.8451363  0.10350925]
 [0.3526736  0.413611   0.23371542]]
Episode: 134; Score: -0.15000000000000002; Action: [[0.4578798  0.42118576 0.12093443]
 [0.68984485 0.24592267 0.06423248]
 [0.12918852 0.4325363  0.4382752 ]
 [0.32774258 0.0627709  0.6094865 ]
 [0.67500466 0.32209647 0.00289886]]
Episode: 135; Score: -0.6000000000000001; Action: [[0.45208472 0.22283794 0.32507733]
 [0.04021188 0.06429394 0.89549416]
 [0.6249271  0.31877908 0.05629382]
 [0.03323937 0.9226314  0.04412926]
 [0.52981156 0.3862109  0.08397752]]
Episode: 136; Score: -0.55; Action: [[0.16186096 0.07673576 0.76140326]
 [0.00085637 0.38255027 0.61659336]
 [0.28810585 0.00365063 0.70824355]
 [0.46024662 0.49867    0.04108338]
 [0.60516304 0.04303917 0.35179782]]
Episode: 137; Score: -0.75; Action: [[0.00173427 0.0265969  0.97166884]
 [0.21339074 0.11786046 0.6687488 ]
 [0.506905   0.263149   0.22994597]
 [0.5952424  0.10426939 0.30048823]
 [0.5050762  0.02543464 0.46948913]]
Episode: 138; Score: 3.355561777787733; Action: [[0. 0. 1.]
 [0. 1. 0.]
 [0. 1. 0.]
 [0. 0. 1.]
 [0. 0. 1.]]
Episode: 139; Score: -0.2; Action: [[0.22129816 0.6344489  0.14425294]
 [0.62540513 0.22625539 0.1483395 ]
 [0.14224148 0.10901233 0.7487462 ]
 [0.51631045 0.06713676 0.4165528 ]
 [0.32471827 0.48229793 0.19298379]]
Episode: 140; Score: 0.35; Action: [[0.21821736 0.4960755  0.28570712]
 [0.35013512 0.5794388  0.07042605]
 [0.73507476 0.02553405 0.23939121]
 [0.19428925 0.0931659  0.71254486]
 [0.01137753 0.06647825 0.92214423]]
Episode: 141; Score: -0.10000000000000009; Action: [[0.34188083 0.5186252  0.13949396]
 [0.58176935 0.28903073 0.12919989]
 [0.37917697 0.21851821 0.4023048 ]
 [0.01585213 0.31681797 0.6673299 ]
 [0.19707882 0.12311499 0.6798062 ]]
Episode: 142; Score: -0.55; Action: [[0.21044485 0.7459557  0.04359946]
 [0.6756934  0.200211   0.12409559]
 [0.02228874 0.82849455 0.14921674]
 [0.641315   0.27904826 0.07963675]
 [0.6446416  0.27592224 0.07943618]]
Episode: 143; Score: -0.5; Action: [[0.06906644 0.76355153 0.16738202]
 [0.44312575 0.4653093  0.09156498]
 [0.801144   0.19372647 0.00512952]
 [0.32906848 0.4863125  0.18461898]
 [0.33738267 0.09977576 0.56284153]]
Episode: 144; Score: 4.887490259723831; Action: [[0. 1. 0.]
 [0. 1. 0.]
 [0. 1. 0.]
 [0. 1. 0.]
 [0. 1. 0.]]
Episode: 145; Score: 0.04999999999999999; Action: [[0.6545799  0.07123917 0.27418098]
 [0.1951509  0.62195385 0.18289524]
 [0.02968048 0.2764773  0.69384223]
 [0.3120144  0.36991766 0.31806794]
 [0.03413334 0.9397112  0.02615544]]
Episode: 146; Score: 0.09999999999999998; Action: [[0.02096378 0.45765144 0.5213848 ]
 [0.22843535 0.33660942 0.4349552 ]
 [0.18091588 0.49991262 0.3191715 ]
 [0.73885244 0.17271264 0.0884349 ]
 [0.5985148  0.37178442 0.02970079]]
Episode: 147; Score: -0.10000000000000009; Action: [[0.35779324 0.49513125 0.14707552]
 [0.20391381 0.4922583  0.30382788]
 [0.21366194 0.7188956  0.06744245]
 [0.3113539  0.6720464  0.01659965]
 [0.6384272  0.33918768 0.0223851 ]]
Episode: 148; Score: -0.30000000000000004; Action: [[0.13767563 0.7437443  0.11858006]
 [0.18356793 0.7271811  0.08925097]
 [0.35738415 0.6220873  0.02052855]
 [0.427995   0.20089188 0.37111312]
 [0.5181301  0.16269256 0.3191773 ]]
Episode: 149; Score: -0.5; Action: [[0.10430039 0.8463361  0.04936347]
 [0.01558004 0.9186575  0.06576248]
 [0.56078345 0.3915734  0.04764315]
 [0.40449783 0.06273603 0.5327661 ]
 [0.5246152  0.42404217 0.05134259]]
Episode: 150; Score: 1.5043262387806624; Action: [[1. 0. 0.]
 [1. 0. 0.]
 [1. 0. 0.]
 [1. 0. 0.]
 [1. 0. 0.]]
Episode: 151; Score: -0.2; Action: [[0.38230518 0.30015293 0.3175419 ]
 [0.5344154  0.37420776 0.0913768 ]
 [0.1175806  0.10262312 0.7797963 ]
 [0.6480786  0.10451271 0.24740866]
 [0.31652874 0.3741744  0.30929688]]
Episode: 152; Score: -0.15000000000000002; Action: [[0.25913274 0.72932804 0.01153924]
 [0.695122   0.02689175 0.27798623]
 [0.04574812 0.94413996 0.0101119 ]
 [0.03855282 0.734891   0.2265562 ]
 [0.8550446  0.08518092 0.05977448]]
Episode: 153; Score: -0.3500000000000001; Action: [[0.14034446 0.06343351 0.79622203]
 [0.2767982  0.29636234 0.42683947]
 [0.10897199 0.01232947 0.8786985 ]
 [0.935748   0.01829185 0.04596015]
 [0.6250132  0.12058661 0.2544002 ]]
Episode: 154; Score: -0.55; Action: [[0.4857122  0.33551714 0.17877068]
 [0.0414447  0.31338465 0.6451706 ]
 [0.08239365 0.8772458  0.04036059]
 [0.42813775 0.44774237 0.12411989]
 [0.37152207 0.3009774  0.32750052]]
Episode: 155; Score: -0.75; Action: [[0.36538404 0.5217932  0.11282276]
 [0.43637547 0.276958   0.28666654]
 [0.14251229 0.4091598  0.4483279 ]
 [0.09870657 0.74594975 0.15534368]
 [0.25944293 0.09489013 0.64566696]]
Episode: 156; Score: 5.522771636084292; Action: [[0. 1. 0.]
 [0. 1. 0.]
 [0. 1. 0.]
 [0. 1. 0.]
 [0. 1. 0.]]
Episode: 157; Score: 0.3; Action: [[0.00797514 0.07615989 0.91586494]
 [0.3841989  0.4748983  0.14090277]
 [0.56615806 0.01798755 0.4158544 ]
 [0.25919467 0.40935323 0.33145207]
 [0.16355877 0.5220322  0.31440905]]
Episode: 158; Score: -0.15000000000000002; Action: [[0.303223   0.19729923 0.49947777]
 [0.5282244  0.29046798 0.1813076 ]
 [0.53318334 0.3421251  0.12469161]
 [0.09231301 0.5955025  0.31218445]
 [0.22797084 0.49449486 0.2775343 ]]
Episode: 159; Score: -0.3500000000000001; Action: [[0.5784086  0.21631135 0.20528007]
 [0.41809586 0.06216768 0.51973647]
 [0.04037383 0.50424474 0.45538142]
 [0.1400077  0.6002326  0.2597597 ]
 [0.4944473  0.04279621 0.46275648]]
Episode: 160; Score: -0.8; Action: [[0.49714127 0.40017334 0.10268539]
 [0.24055332 0.22601868 0.533428  ]
 [0.73691255 0.23887493 0.02421251]
 [0.40031672 0.3893776  0.21030569]
 [0.5025644  0.2267646  0.27067104]]
Episode: 161; Score: -0.75; Action: [[0.605663   0.1212216  0.2731154 ]
 [0.13009092 0.3116758  0.55823326]
 [0.5357718  0.23886445 0.22536375]
 [0.1043225  0.22458018 0.67109734]
 [0.11759038 0.6286669  0.25374275]]
Episode: 162; Score: 3.6153397968729717; Action: [[0. 0. 1.]
 [0. 1. 0.]
 [0. 1. 0.]
 [0. 0. 1.]
 [0. 0. 1.]]
Episode: 163; Score: -0.2; Action: [[0.46196982 0.2241966  0.31383356]
 [0.74695045 0.22070882 0.03234073]
 [0.09782964 0.22551028 0.67666006]
 [0.01957701 0.73632187 0.24410114]
 [0.53455335 0.16694628 0.2985004 ]]
Episode: 164; Score: 0.09999999999999998; Action: [[0.03966174 0.5793856  0.3809527 ]
 [0.21981843 0.6666128  0.11356878]
 [0.25986224 0.30145705 0.4386807 ]
 [0.39100024 0.59571975 0.01328001]
 [0.09653158 0.42104492 0.48242348]]
Episode: 165; Score: -0.10000000000000009; Action: [[0.05406326 0.28269646 0.66324025]
 [0.14129964 0.28401327 0.57468706]
 [0.06594799 0.47461382 0.45943817]
 [0.29875126 0.4433658  0.2578829 ]
 [0.00731917 0.75571626 0.23696457]]
Episode: 166; Score: 1.0; Action: [[0.33141187 0.06680432 0.6017838 ]
 [0.61777484 0.09606792 0.28615722]
 [0.29207477 0.5324045  0.17552076]
 [0.28750983 0.29840595 0.41408423]
 [0.01487459 0.3824457  0.6026797 ]]
Episode: 167; Score: 0.55; Action: [[0.03736901 0.4020125  0.56061846]
 [0.32642654 0.5184881  0.15508536]
 [0.0010217  0.70646447 0.29251382]
 [0.73795426 0.03531223 0.2267335 ]
 [0.21016504 0.76774895 0.02208601]]
Episode: 168; Score: 2.964356969929757; Action: [[0. 0. 1.]
 [0. 1. 0.]
 [0. 0. 1.]
 [0. 0. 1.]
 [0. 0. 1.]]
Episode: 169; Score: 0.55; Action: [[0.39712492 0.10000112 0.50287396]
 [0.15635103 0.79579365 0.04785531]
 [0.3162002  0.08923205 0.5945677 ]
 [0.17745811 0.25477406 0.5677678 ]
 [0.8197246  0.13034499 0.0499304 ]]
Episode: 170; Score: -0.15000000000000002; Action: [[0.46142468 0.07790824 0.4606671 ]
 [0.62736887 0.16524917 0.20738198]
 [0.00949046 0.3541175  0.636392  ]
 [0.13478734 0.05781212 0.8074005 ]
 [0.23920445 0.43747032 0.32332525]]
Episode: 171; Score: -0.6000000000000001; Action: [[0.6689028  0.21746306 0.11363413]
 [0.09365993 0.11582066 0.7905194 ]
 [0.546453   0.1513508  0.30219623]
 [0.53680116 0.39802822 0.06517062]
 [0.5722576  0.13271707 0.29502535]]
Episode: 172; Score: -0.55; Action: [[0.0029556  0.9824317  0.01461269]
 [0.5926387  0.19362037 0.21374094]
 [0.730974   0.0396748  0.22935116]
 [0.7796615  0.19938435 0.0209542 ]
 [0.18639761 0.02814409 0.7854583 ]]
Episode: 173; Score: -1.0; Action: [[0.26822093 0.5709926  0.1607865 ]
 [0.7678209  0.0883019  0.14387724]
 [0.2355547  0.33419892 0.43024638]
 [0.18135448 0.46909472 0.34955078]
 [0.07081989 0.5841646  0.34501547]]
Episode: 174; Score: 5.061764197321537; Action: [[0. 1. 0.]
 [0. 1. 0.]
 [0. 1. 0.]
 [0. 1. 0.]
 [0. 1. 0.]]
Episode: 175; Score: -0.2; Action: [[0.09032167 0.57611734 0.33356097]
 [0.522321   0.242819   0.23486   ]
 [0.40887582 0.38924688 0.2018773 ]
 [0.516585   0.00754331 0.4758717 ]
 [0.15796947 0.6155471  0.2264834 ]]
Episode: 176; Score: 1.0; Action: [[0.23162144 0.17713735 0.59124124]
 [0.13905488 0.52034855 0.3405966 ]
 [0.24144739 0.4218575  0.3366951 ]
 [0.38413104 0.07413227 0.54173666]
 [0.5665974  0.37907237 0.05433021]]
Episode: 177; Score: 0.55; Action: [[0.01901399 0.32371166 0.65727437]
 [0.08233659 0.6192038  0.2984596 ]
 [0.14940073 0.8264304  0.02416887]
 [0.5913682  0.26128072 0.14735112]
 [0.23339473 0.44504362 0.32156163]]
Episode: 178; Score: -0.4; Action: [[0.15843935 0.4220178  0.41954285]
 [0.4728617  0.2874592  0.2396791 ]
 [0.00247616 0.13145104 0.8660728 ]
 [0.80751616 0.04201888 0.15046498]
 [0.5357511  0.24556807 0.21868084]]
Episode: 179; Score: 1.0; Action: [[0.04394533 0.13421659 0.8218381 ]
 [0.18040591 0.7857434  0.03385069]
 [0.33851177 0.55648774 0.10500048]
 [0.14429942 0.68827266 0.16742793]
 [0.14766768 0.1290875  0.72324485]]
Episode: 180; Score: 1.4808028436045573; Action: [[1. 0. 0.]
 [1. 0. 0.]
 [1. 0. 0.]
 [1. 0. 0.]
 [1. 0. 0.]]
Episode: 181; Score: 0.3; Action: [[0.2657842  0.4707005  0.26351526]
 [0.33637485 0.6490013  0.01462384]
 [0.82999927 0.07874214 0.09125857]
 [0.23609717 0.08468114 0.6792217 ]
 [0.64989513 0.3109773  0.03912759]]
Episode: 182; Score: 0.09999999999999998; Action: [[0.7375111  0.24442127 0.01806765]
 [0.5379923  0.31666777 0.14533994]
 [0.13201624 0.8521724  0.01581139]
 [0.31318524 0.63160765 0.05520708]
 [0.15809771 0.12020084 0.72170144]]
Episode: 183; Score: 0.1499999999999999; Action: [[0.12177753 0.6455291  0.23269336]
 [0.02705963 0.8251989  0.1477415 ]
 [0.12635143 0.56816095 0.30548763]
 [0.301594   0.12874594 0.56966007]
 [0.43970278 0.3229534  0.2373438 ]]
Episode: 184; Score: -0.050000000000000044; Action: [[0.04136459 0.31487548 0.6437599 ]
 [0.32718867 0.6271433  0.04566804]
 [0.2674976  0.6262503  0.10625209]
 [0.42977124 0.2559118  0.31431696]
 [0.55546004 0.34754348 0.09699647]]
Episode: 185; Score: -0.25; Action: [[0.02591023 0.08562133 0.88846844]
 [0.5582108  0.17459728 0.26719195]
 [0.57007504 0.3750799  0.05484506]
 [0.27175662 0.13416287 0.5940805 ]
 [0.11452681 0.20931102 0.6761622 ]]
Episode: 186; Score: 3.084862347948151; Action: [[0. 0. 1.]
 [0. 1. 0.]
 [0. 0. 1.]
 [0. 0. 1.]
 [0. 0. 1.]]
Episode: 187; Score: 0.04999999999999999; Action: [[0.670897   0.2991254  0.0299776 ]
 [0.10683349 0.31565067 0.57751584]
 [0.40786597 0.26555833 0.3265757 ]
 [0.3690109  0.55957663 0.07141248]
 [0.19091806 0.25761232 0.5514696 ]]
Episode: 188; Score: -0.4; Action: [[0.496337   0.24509951 0.25856352]
 [0.25850773 0.18248379 0.5590085 ]
 [0.27626088 0.26412317 0.45961592]
 [0.4671119  0.17462827 0.35825983]
 [0.23747954 0.47652993 0.28599054]]
Episode: 189; Score: 0.1499999999999999; Action: [[0.21928793 0.40031886 0.3803932 ]
 [0.1178438  0.54273784 0.33941832]
 [0.08368519 0.40090865 0.51540613]
 [0.20585798 0.37206984 0.4220722 ]
 [0.03320002 0.3009438  0.6658562 ]]
Episode: 190; Score: -0.55; Action: [[0.79867613 0.08702485 0.11429904]
 [0.25122944 0.34529397 0.4034766 ]
 [0.05407698 0.4194819  0.5264411 ]
 [0.5024815  0.04778907 0.4497294 ]
 [0.28130257 0.1798013  0.53889614]]
Episode: 191; Score: -0.5; Action: [[0.7943146  0.10637258 0.09931277]
 [0.0402894  0.53346413 0.42624643]
 [0.15190506 0.11714548 0.73094946]
 [0.7684221  0.01809765 0.21348022]
 [0.03630758 0.08143537 0.88225704]]
Episode: 192; Score: 3.211505997774963; Action: [[0. 0. 1.]
 [0. 1. 0.]
 [0. 0. 1.]
 [0. 0. 1.]
 [0. 0. 1.]]
Episode: 193; Score: 0.04999999999999999; Action: [[0.05993837 0.8602223  0.07983934]
 [0.3014892  0.00989089 0.6886199 ]
 [0.71881664 0.0141162  0.2670672 ]
 [0.04125258 0.11738291 0.8413645 ]
 [0.1258799  0.70501953 0.16910057]]
Episode: 194; Score: -0.15000000000000002; Action: [[0.24438311 0.5646756  0.19094129]
 [0.40949032 0.34820923 0.24230045]
 [0.04722256 0.63262254 0.3201549 ]
 [0.4552902  0.5001389  0.04457093]
 [0.81583387 0.00101161 0.18315455]]
Episode: 195; Score: -0.10000000000000009; Action: [[0.4031417  0.35320497 0.2436533 ]
 [0.1528959  0.6524595  0.19464463]
 [0.26908773 0.59755015 0.13336208]
 [0.60547876 0.0794294  0.31509185]
 [0.43193296 0.41531315 0.15275389]]
