probabilities: [[1. 0. 0.]
 [1. 0. 0.]
 [1. 0. 0.]
 [1. 0. 0.]
 [1. 0. 0.]]
probabilities: [[0.03409488 0.60573566 0.36016944]
 [0.30170408 0.04683974 0.6514562 ]
 [0.09342868 0.20261794 0.7039534 ]
 [0.18118873 0.39569208 0.4231192 ]
 [0.6454402  0.22239886 0.13216095]]
probabilities: [[1.69472292e-01 6.54670643e-04 8.29873025e-01]
 [6.81278110e-01 4.45544384e-02 2.74167448e-01]
 [4.56376970e-01 4.25356776e-01 1.18266255e-01]
 [7.64985979e-01 2.49144975e-02 2.10099548e-01]
 [5.15162162e-02 6.85828924e-01 2.62654871e-01]]
probabilities: [[0.05333297 0.9028968  0.04377022]
 [0.033932   0.11454482 0.85152316]
 [0.09587431 0.48296374 0.42116195]
 [0.00819525 0.22422627 0.7675785 ]
 [0.1102753  0.21569386 0.67403084]]
probabilities: [[0.11238963 0.15074407 0.7368663 ]
 [0.28540546 0.6688908  0.0457038 ]
 [0.69106543 0.2608503  0.04808424]
 [0.06690126 0.3898756  0.54322314]
 [0.27724    0.21168666 0.51107335]]
probabilities: [[0.80599946 0.08214386 0.11185666]
 [0.23235005 0.26668718 0.50096273]
 [0.56743515 0.12935841 0.30320647]
 [0.05770216 0.5037516  0.43854627]
 [0.2108544  0.60395676 0.18518884]]
probabilities: [[0. 1. 0.]
 [0. 1. 0.]
 [0. 1. 0.]
 [0. 1. 0.]
 [0. 1. 0.]]
probabilities: [[0.30349115 0.4943376  0.20217127]
 [0.06880305 0.15862371 0.77257323]
 [0.14706847 0.8342414  0.01869011]
 [0.989179   0.00115095 0.00967005]
 [0.0805815  0.7264884  0.1929301 ]]
probabilities: [[0.189536   0.4518589  0.3586051 ]
 [0.7255711  0.25324807 0.02118081]
 [0.4316304  0.5501255  0.01824415]
 [0.55473256 0.18312547 0.262142  ]
 [0.21483617 0.7592894  0.02587445]]
probabilities: [[0.6143773  0.37272128 0.01290143]
 [0.5850319  0.08936207 0.32560602]
 [0.08063477 0.18169157 0.73767364]
 [0.0988747  0.02556626 0.87555903]
 [0.2019627  0.24607672 0.5519606 ]]
probabilities: [[0.7025493  0.16500384 0.13244689]
 [0.39585572 0.3946132  0.20953107]
 [0.16233099 0.07791366 0.7597554 ]
 [0.04868555 0.8925053  0.05880913]
 [0.48346522 0.08448708 0.4320477 ]]
probabilities: [[0.04364242 0.0945614  0.8617962 ]
 [0.209805   0.26322234 0.52697265]
 [0.13534616 0.21476215 0.6498917 ]
 [0.3252828  0.5134329  0.16128428]
 [0.07132703 0.78626066 0.1424123 ]]
probabilities: [[0. 0. 1.]
 [0. 1. 0.]
 [0. 0. 1.]
 [0. 0. 1.]
 [0. 0. 1.]]
probabilities: [[0.0570805  0.47263718 0.47028232]
 [0.5629538  0.19168003 0.24536611]
 [0.53102994 0.43950567 0.02946441]
 [0.18044612 0.15844919 0.6611047 ]
 [0.48104572 0.32518202 0.19377227]]
probabilities: [[0.02075285 0.37133917 0.60790795]
 [0.26774523 0.6715954  0.06065937]
 [0.43233165 0.42456296 0.14310539]
 [0.3916262  0.5885981  0.01977569]
 [0.02132017 0.14318469 0.8354951 ]]
probabilities: [[0.68113124 0.12556721 0.19330156]
 [0.24689777 0.16400571 0.58909655]
 [0.00307892 0.4359452  0.56097585]
 [0.12516603 0.66799176 0.20684221]
 [0.07571662 0.8327655  0.09151786]]
probabilities: [[0.5003342  0.10061358 0.3990522 ]
 [0.17756924 0.6702695  0.15216126]
 [0.35784328 0.11750305 0.5246537 ]
 [0.38913068 0.54675853 0.06411082]
 [0.3386207  0.02739345 0.6339859 ]]
probabilities: [[0.7764632  0.11891711 0.10461967]
 [0.73019165 0.02650984 0.24329852]
 [0.7183955  0.06452454 0.21708001]
 [0.19890413 0.53573763 0.26535824]
 [0.41888964 0.42242053 0.15868981]]
probabilities: [[1. 0. 0.]
 [1. 0. 0.]
 [1. 0. 0.]
 [1. 0. 0.]
 [1. 0. 0.]]
probabilities: [[0.69786394 0.04541703 0.25671905]
 [0.2525204  0.701519   0.04596059]
 [0.84375644 0.08317921 0.07306437]
 [0.36061084 0.5659103  0.07347888]
 [0.1400027  0.82724    0.03275732]]
probabilities: [[0.04184813 0.5820822  0.37606966]
 [0.02128943 0.9249525  0.05375805]
 [0.07756484 0.49487886 0.4275563 ]
 [0.05201093 0.8229302  0.12505884]
 [0.01512172 0.18278496 0.8020933 ]]
probabilities: [[0.15525651 0.19215919 0.6525843 ]
 [0.2994581  0.5453123  0.1552296 ]
 [0.5539999  0.04410269 0.40189743]
 [0.5775212  0.06753129 0.3549475 ]
 [0.54646826 0.0496215  0.40391025]]
probabilities: [[0.4127792  0.02405219 0.5631686 ]
 [0.43949762 0.27800152 0.2825009 ]
 [0.21207854 0.203675   0.58424646]
 [0.05474705 0.5439205  0.4013324 ]
 [0.27643046 0.49521    0.22835957]]
probabilities: [[0.3070712  0.60218996 0.09073886]
 [0.47442493 0.1989454  0.32662967]
 [0.14937663 0.48957464 0.36104873]
 [0.33776394 0.5099421  0.15229395]
 [0.19467951 0.5056579  0.2996626 ]]
probabilities: [[1. 0. 0.]
 [1. 0. 0.]
 [1. 0. 0.]
 [1. 0. 0.]
 [1. 0. 0.]]
probabilities: [[0.17645924 0.81980354 0.00373722]
 [0.21240546 0.3634845  0.42411003]
 [0.1538744  0.22157498 0.62455064]
 [0.12461151 0.7494254  0.12596306]
 [0.22646585 0.46576276 0.3077714 ]]
probabilities: [[0.10275344 0.30100814 0.59623843]
 [0.21264401 0.14920986 0.6381461 ]
 [0.4943955  0.255218   0.2503865 ]
 [0.5091126  0.1279722  0.36291522]
 [0.26892552 0.5631602  0.16791432]]
probabilities: [[0.31027573 0.12538083 0.56434345]
 [0.7018508  0.00738902 0.29076025]
 [0.07511608 0.44269696 0.48218697]
 [0.00653564 0.03601229 0.95745206]
 [0.37173685 0.01456712 0.61369604]]
probabilities: [[0.13673992 0.37722033 0.48603973]
 [0.03059818 0.8838091  0.08559274]
 [0.3005478  0.51011866 0.18933351]
 [0.40474674 0.03886982 0.55638343]
 [0.10579689 0.48097017 0.41323295]]
probabilities: [[0.23434035 0.6611765  0.10448315]
 [0.7710615  0.16933264 0.05960585]
 [0.69923097 0.05338084 0.24738817]
 [0.3187833  0.14044608 0.5407706 ]
 [0.4046561  0.5146845  0.08065937]]
probabilities: [[1. 0. 0.]
 [1. 0. 0.]
 [1. 0. 0.]
 [1. 0. 0.]
 [1. 0. 0.]]
probabilities: [[0.24189831 0.44936916 0.30873254]
 [0.4740318  0.47072542 0.05524278]
 [0.05295989 0.35945305 0.58758706]
 [0.20621246 0.11588115 0.6779064 ]
 [0.02108881 0.12431776 0.85459346]]
probabilities: [[0.15740082 0.3659666  0.4766326 ]
 [0.06141111 0.3232257  0.6153632 ]
 [0.05179966 0.5619395  0.38626087]
 [0.33507502 0.1657226  0.49920237]
 [0.4016785  0.34401157 0.25430992]]
probabilities: [[0.05084772 0.04031293 0.90883934]
 [0.48346382 0.04532799 0.47120818]
 [0.08298918 0.23761746 0.67939335]
 [0.07608148 0.73426783 0.18965067]
 [0.26037154 0.6554798  0.08414866]]
probabilities: [[0.7702438  0.07879598 0.1509602 ]
 [0.6649567  0.04233791 0.2927054 ]
 [0.6272348  0.224462   0.14830321]
 [0.6245602  0.37165907 0.00378078]
 [0.10912489 0.77394956 0.11692555]]
probabilities: [[0.23878026 0.01678502 0.7444347 ]
 [0.00878923 0.5738237  0.41738707]
 [0.5149589  0.09370335 0.39133775]
 [0.49290735 0.06318126 0.4439114 ]
 [0.09730862 0.03749118 0.8652002 ]]
probabilities: [[0. 0. 1.]
 [0. 1. 0.]
 [0. 1. 0.]
 [0. 0. 1.]
 [0. 0. 1.]]
probabilities: [[0.47090408 0.49909568 0.03000023]
 [0.18963535 0.04914171 0.76122296]
 [0.47763067 0.02985308 0.49251625]
 [0.4853892  0.03285591 0.4817549 ]
 [0.46927333 0.31209132 0.21863535]]
probabilities: [[0.04848899 0.40254098 0.54897004]
 [0.6063559  0.14074333 0.25290078]
 [0.17440748 0.01787577 0.8077167 ]
 [0.19184695 0.36323795 0.4449151 ]
 [0.26947257 0.43327862 0.2972488 ]]
probabilities: [[0.44910342 0.26350513 0.28739145]
 [0.01349685 0.88505584 0.10144731]
 [0.21472146 0.20283024 0.5824483 ]
 [0.31570858 0.6427765  0.04151493]
 [0.16388628 0.12281182 0.7133019 ]]
probabilities: [[0.23929578 0.3865342  0.37417   ]
 [0.12134948 0.19568783 0.6829627 ]
 [0.31501642 0.28430235 0.40068123]
 [0.35585752 0.14951509 0.4946274 ]
 [0.44773626 0.01106487 0.54119885]]
probabilities: [[0.23950864 0.5037609  0.2567305 ]
 [0.49168235 0.25605547 0.25226218]
 [0.12593472 0.6697028  0.20436245]
 [0.5099874  0.24556497 0.24444762]
 [0.5593387  0.3519078  0.08875349]]
probabilities: [[0. 0. 1.]
 [0. 1. 0.]
 [0. 1. 0.]
 [0. 0. 1.]
 [0. 0. 1.]]
probabilities: [[0.629287   0.2980406  0.0726724 ]
 [0.07828333 0.43513545 0.4865812 ]
 [0.39778116 0.0020385  0.6001803 ]
 [0.09341215 0.73798317 0.16860472]
 [0.3795073  0.44064727 0.17984542]]
probabilities: [[0.13811687 0.65647584 0.20540728]
 [0.00563322 0.40715957 0.5872072 ]
 [0.14579807 0.84610885 0.0080931 ]
 [0.46533892 0.13945459 0.3952065 ]
 [0.29661256 0.17446579 0.52892166]]
probabilities: [[0.2520712  0.01987852 0.7280503 ]
 [0.153542   0.6651597  0.18129827]
 [0.16163364 0.07927933 0.759087  ]
 [0.05010614 0.00707025 0.9428236 ]
 [0.39861125 0.5925622  0.00882655]]
probabilities: [[0.6337156  0.2851947  0.08108968]
 [0.23171572 0.28486687 0.4834174 ]
 [0.65109915 0.1810117  0.16788915]
 [0.4660132  0.14872439 0.38526243]
 [0.05935897 0.5675699  0.37307113]]
probabilities: [[0.3086561  0.37334776 0.31799614]
 [0.45809534 0.29221603 0.24968861]
 [0.15384774 0.8374621  0.00869015]
 [0.07536153 0.90059286 0.02404562]
 [0.42638472 0.1049262  0.46868908]]
probabilities: [[0. 1. 0.]
 [0. 1. 0.]
 [0. 1. 0.]
 [0. 1. 0.]
 [0. 1. 0.]]
probabilities: [[0.5842624  0.41358113 0.00215653]
 [0.11595135 0.27884096 0.6052077 ]
 [0.7040445  0.09062441 0.20533107]
 [0.7817684  0.08764809 0.13058351]
 [0.3159776  0.21878543 0.46523696]]
probabilities: [[0.09167537 0.02721644 0.88110816]
 [0.6070877  0.16806942 0.22484292]
 [0.71232706 0.17744434 0.11022864]
 [0.3844284  0.11449052 0.50108105]
 [0.2596875  0.2859115  0.45440102]]
probabilities: [[0.40800083 0.2407885  0.35121068]
 [0.63181794 0.18829826 0.17988382]
 [0.01545499 0.8597898  0.1247552 ]
 [0.5155624  0.26620778 0.21822983]
 [0.27775893 0.4543489  0.26789218]]
probabilities: [[0.00116184 0.16450348 0.8343347 ]
 [0.02916886 0.5382938  0.43253735]
 [0.36702737 0.30423892 0.3287337 ]
 [0.64824194 0.21531753 0.13644053]
 [0.31380874 0.45607668 0.2301146 ]]
probabilities: [[0.70977277 0.0072759  0.28295133]
 [0.57325447 0.09328202 0.3334635 ]
 [0.835393   0.07010996 0.09449705]
 [0.10949287 0.4383359  0.4521712 ]
 [0.2683827  0.26731557 0.46430174]]
probabilities: [[0. 0. 1.]
 [0. 1. 0.]
 [0. 1. 0.]
 [0. 0. 1.]
 [0. 0. 1.]]
probabilities: [[0.60136795 0.20269808 0.19593398]
 [0.04870863 0.25398934 0.69730204]
 [0.41095334 0.12622413 0.46282253]
 [0.04880739 0.31957468 0.63161796]
 [0.05862099 0.3344408  0.6069382 ]]
probabilities: [[0.6690518  0.06159528 0.2693529 ]
 [0.30600604 0.38216355 0.3118304 ]
 [0.5234923  0.4186392  0.05786851]
 [0.28132382 0.4874385  0.23123766]
 [0.3949593  0.00162071 0.60341996]]
probabilities: [[0.17040296 0.62159187 0.20800517]
 [0.3064165  0.0780622  0.6155213 ]
 [0.15237147 0.6664475  0.18118103]
 [0.38092512 0.16970089 0.449374  ]
 [0.50836736 0.32472742 0.16690521]]
probabilities: [[0.3073369  0.12330374 0.56935936]
 [0.33629063 0.46723682 0.19647254]
 [0.27138332 0.02359998 0.70501673]
 [0.28870478 0.08454047 0.62675476]
 [0.0517729  0.48582077 0.46240634]]
probabilities: [[0.2395284  0.45162797 0.3088436 ]
 [0.65955377 0.3189371  0.02150914]
 [0.50753117 0.10674807 0.38572076]
 [0.05129407 0.22889946 0.71980643]
 [0.35143209 0.40891343 0.23965447]]
probabilities: [[0. 0. 1.]
 [0. 1. 0.]
 [0. 1. 0.]
 [0. 0. 1.]
 [0. 0. 1.]]
probabilities: [[0.02093128 0.32907352 0.6499952 ]
 [0.14601572 0.49460378 0.35938048]
 [0.4973629  0.14589147 0.3567456 ]
 [0.05465211 0.48365223 0.46169567]
 [0.7777252  0.1903829  0.03189187]]
probabilities: [[0.19741099 0.777016   0.02557305]
 [0.01638785 0.18898313 0.79462904]
 [0.26409397 0.33038083 0.4055252 ]
 [0.03842232 0.8520581  0.10951956]
 [0.31055728 0.26582938 0.42361334]]
probabilities: [[0.37119684 0.20098956 0.4278136 ]
 [0.18077496 0.08488969 0.73433536]
 [0.17266384 0.08217315 0.745163  ]
 [0.37197152 0.47724006 0.15078844]
 [0.33578485 0.36496815 0.29924697]]
probabilities: [[0.27107736 0.62693584 0.10198679]
 [0.3322208  0.17903723 0.488742  ]
 [0.532044   0.4202792  0.04767683]
 [0.15427251 0.6817871  0.16394041]
 [0.12462661 0.3700373  0.5053361 ]]
probabilities: [[0.3620801  0.23021409 0.4077058 ]
 [0.05972941 0.22264653 0.71762407]
 [0.28281215 0.69434565 0.02284217]
 [0.24701595 0.72790813 0.02507591]
 [0.487882   0.03279612 0.4793219 ]]
probabilities: [[0. 1. 0.]
 [0. 1. 0.]
 [0. 1. 0.]
 [0. 1. 0.]
 [0. 1. 0.]]
probabilities: [[0.42833292 0.36058182 0.21108526]
 [0.09132487 0.7032967  0.20537843]
 [0.3604543  0.63331926 0.00622644]
 [0.02064171 0.7600208  0.2193375 ]
 [0.15751068 0.15968661 0.68280274]]
probabilities: [[0.61793405 0.2533336  0.12873234]
 [0.85688335 0.12582636 0.01729028]
 [0.09964646 0.04863049 0.8517231 ]
 [0.38999593 0.29569498 0.31430906]
 [0.32276264 0.6679371  0.00930023]]
probabilities: [[0.3673537  0.02770041 0.6049459 ]
 [0.01720348 0.5562407  0.4265558 ]
 [0.2430669  0.44283256 0.31410053]
 [0.22569527 0.22303042 0.5512743 ]
 [0.29520443 0.07489697 0.6298986 ]]
probabilities: [[0.4987251  0.41731128 0.08396363]
 [0.2544795  0.09694684 0.6485737 ]
 [0.09311461 0.86837953 0.03850587]
 [0.22415146 0.190293   0.58555555]
 [0.40976724 0.41072628 0.17950647]]
probabilities: [[0.3140493  0.4635447  0.22240598]
 [0.14109108 0.12352158 0.7353873 ]
 [0.11815581 0.67470074 0.20714347]
 [0.3889467  0.34309283 0.26796046]
 [0.14244564 0.72734416 0.13021018]]
probabilities: [[1. 0. 0.]
 [1. 0. 0.]
 [1. 0. 0.]
 [1. 0. 0.]
 [1. 0. 0.]]
probabilities: [[0.6753868  0.17380288 0.15081036]
 [0.1097211  0.5371906  0.35308826]
 [0.6303901  0.17206116 0.19754876]
 [0.20156977 0.48194832 0.31648192]
 [0.40401232 0.00452406 0.5914636 ]]
probabilities: [[0.5800572  0.13870357 0.2812392 ]
 [0.41270465 0.1739495  0.41334584]
 [0.4579054  0.08714838 0.4549462 ]
 [0.5679179  0.11600408 0.31607804]
 [0.5667985  0.13012412 0.30307737]]
probabilities: [[0.04685568 0.4918375  0.4613068 ]
 [0.5230699  0.28482357 0.19210649]
 [0.00274686 0.9104174  0.08683576]
 [0.5381192  0.40696752 0.05491326]
 [0.6714588  0.09216134 0.23637986]]
probabilities: [[0.26737872 0.45890617 0.2737151 ]
 [0.14021245 0.29158014 0.56820744]
 [0.8447034  0.15316676 0.00212989]
 [0.34610888 0.29905194 0.35483915]
 [0.02681987 0.38639274 0.5867874 ]]
probabilities: [[0.28906122 0.29106793 0.41987085]
 [0.13954726 0.7995773  0.06087543]
 [0.09689347 0.66790384 0.23520267]
 [0.21628624 0.690266   0.09344775]
 [0.68352395 0.08325486 0.23322117]]
probabilities: [[1. 0. 0.]
 [1. 0. 0.]
 [1. 0. 0.]
 [1. 0. 0.]
 [1. 0. 0.]]
probabilities: [[0.09016025 0.8414458  0.06839398]
 [0.28207505 0.29215068 0.42577428]
 [0.32147807 0.5576053  0.12091658]
 [0.5871675  0.39107552 0.02175701]
 [0.24797659 0.21644866 0.53557473]]
probabilities: [[0.7767481  0.09911701 0.12413485]
 [0.00831309 0.17280987 0.81887704]
 [0.42947719 0.10389198 0.46663082]
 [0.8342192  0.06282981 0.10295098]
 [0.05354384 0.6526657  0.2937905 ]]
probabilities: [[0.5036196  0.4937917  0.00258869]
 [0.29908764 0.34838063 0.35253173]
 [0.08383473 0.08810043 0.82806486]
 [0.25711864 0.27474537 0.468136  ]
 [0.668694   0.2076669  0.1236391 ]]
probabilities: [[0.29749435 0.11018881 0.5923168 ]
 [0.5842777  0.18534908 0.2303732 ]
 [0.4653031  0.32896352 0.2057334 ]
 [0.00798922 0.7048092  0.2872016 ]
 [0.49958003 0.34247088 0.15794909]]
probabilities: [[0.6021016  0.03267826 0.3652201 ]
 [0.07986044 0.57170653 0.34843302]
 [0.86602134 0.01340455 0.12057411]
 [0.34893253 0.43306977 0.2179977 ]
 [0.6040236  0.11983933 0.27613708]]
probabilities: [[0. 0. 1.]
 [0. 1. 0.]
 [0. 1. 0.]
 [0. 0. 1.]
 [0. 0. 1.]]
probabilities: [[0.643354   0.14189479 0.21475121]
 [0.27189136 0.69457334 0.03353528]
 [0.7373162  0.18201113 0.08067267]
 [0.63364697 0.10814314 0.2582099 ]
 [0.8267476  0.01234921 0.16090319]]
probabilities: [[0.15885657 0.16124466 0.67989874]
 [0.6340849  0.35839608 0.00751904]
 [0.19531104 0.4190782  0.3856108 ]
 [0.5195885  0.06535001 0.41506153]
 [0.20408884 0.04037329 0.75553787]]
probabilities: [[0.06741497 0.6000423  0.33254272]
 [0.0695918  0.30047086 0.62993735]
 [0.55038124 0.0280173  0.42160144]
 [0.51412845 0.37404203 0.11182955]
 [0.25548363 0.34314197 0.4013744 ]]
probabilities: [[0.23075071 0.05249666 0.71675265]
 [0.13255586 0.0161348  0.85130936]
 [0.84792113 0.12685955 0.02521932]
 [0.0166332  0.33855236 0.64481443]
 [0.23068717 0.23090579 0.538407  ]]
probabilities: [[0.44750643 0.14472939 0.4077642 ]
 [0.53977174 0.21481529 0.24541296]
 [0.29665118 0.41341615 0.28993264]
 [0.14544708 0.5221597  0.33239323]
 [0.34805766 0.17688218 0.47506014]]
probabilities: [[0. 0. 1.]
 [0. 1. 0.]
 [0. 0. 1.]
 [0. 0. 1.]
 [0. 0. 1.]]
probabilities: [[0.07661568 0.17661943 0.7467649 ]
 [0.34260458 0.01888671 0.6385087 ]
 [0.34239003 0.61675614 0.04085382]
 [0.25545555 0.6969781  0.04756636]
 [0.3736364  0.37504262 0.25132102]]
probabilities: [[0.07006598 0.65337944 0.2765546 ]
 [0.44236505 0.38709658 0.17053835]
 [0.02538201 0.33031327 0.64430475]
 [0.9565056  0.01497235 0.02852204]
 [0.2168131  0.03997442 0.74321246]]
probabilities: [[0.14397131 0.32761    0.5284187 ]
 [0.72562337 0.27280256 0.00157403]
 [0.67568177 0.2886773  0.03564094]
 [0.30369484 0.51473516 0.18156998]
 [0.3370214  0.42109856 0.24188001]]
probabilities: [[0.0084323  0.48134625 0.5102215 ]
 [0.6160427  0.22983548 0.15412185]
 [0.00241189 0.16739754 0.83019054]
 [0.07205187 0.50417185 0.4237763 ]
 [0.01568561 0.05396118 0.9303532 ]]
probabilities: [[0.3924451  0.25222945 0.35532546]
 [0.8594051  0.1385661  0.0020288 ]
 [0.35899165 0.4239411  0.21706724]
 [0.35317776 0.5624805  0.08434172]
 [0.27865234 0.04590852 0.6754391 ]]
probabilities: [[0. 1. 0.]
 [0. 1. 0.]
 [0. 1. 0.]
 [0. 1. 0.]
 [0. 1. 0.]]
probabilities: [[0.598488   0.03953026 0.36198178]
 [0.4731719  0.09686694 0.42996117]
 [0.23201405 0.09930639 0.66867954]
 [0.16559952 0.3975512  0.43684927]
 [0.38418925 0.50750506 0.1083057 ]]
probabilities: [[0.09706791 0.18543121 0.71750087]
 [0.63354963 0.11823233 0.24821804]
 [0.17704958 0.720044   0.10290641]
 [0.34268734 0.5138125  0.14350021]
 [0.61991984 0.22935401 0.15072614]]
probabilities: [[0.34275848 0.49989694 0.15734456]
 [0.43703896 0.19557744 0.3673836 ]
 [0.3220515  0.5694254  0.10852311]
 [0.4380011  0.49583277 0.06616612]
 [0.2400257  0.24263299 0.5173413 ]]
probabilities: [[0.33697027 0.19608031 0.4669494 ]
 [0.19001393 0.63162476 0.1783613 ]
 [0.27494156 0.28037548 0.44468293]
 [0.08819859 0.02548242 0.886319  ]
 [0.0945258  0.7628691  0.1426051 ]]
probabilities: [[0.5950788  0.39442194 0.01049922]
 [0.41627073 0.46366525 0.12006404]
 [0.03613232 0.54074013 0.42312753]
 [0.01776668 0.6246776  0.35755572]
 [0.553091   0.13478395 0.31212506]]
probabilities: [[0. 0. 1.]
 [0. 1. 0.]
 [0. 1. 0.]
 [0. 0. 1.]
 [0. 0. 1.]]
probabilities: [[0.16105315 0.7614464  0.07750047]
 [0.03657221 0.51791835 0.44550946]
 [0.28808665 0.12275524 0.5891581 ]
 [0.3382172  0.08063732 0.58114547]
 [0.43724635 0.18012442 0.38262925]]
probabilities: [[0.23753807 0.12099697 0.64146495]
 [0.5763519  0.04027704 0.38337108]
 [0.03878711 0.35643476 0.6047781 ]
 [0.51568776 0.14758857 0.3367237 ]
 [0.38140514 0.41073534 0.20785952]]
probabilities: [[0.41518366 0.52671266 0.0581037 ]
 [0.01495451 0.5192007  0.4658448 ]
 [0.2024817  0.6411452  0.15637307]
 [0.36747488 0.2880342  0.34449092]
 [0.09973044 0.6711395  0.22913007]]
probabilities: [[0.50979006 0.3581628  0.13204712]
 [0.46919376 0.18272658 0.34807965]
 [0.19690771 0.2788136  0.5242787 ]
 [0.5205604  0.37777048 0.10166913]
 [0.08382773 0.4061429  0.5100294 ]]
probabilities: [[0.28219056 0.337388   0.38042143]
 [0.0943068  0.21359783 0.6920954 ]
 [0.7177714  0.15031415 0.13191445]
 [0.33564988 0.03448139 0.62986875]
 [0.18813087 0.25396925 0.5578999 ]]
probabilities: [[1. 0. 0.]
 [1. 0. 0.]
 [1. 0. 0.]
 [1. 0. 0.]
 [1. 0. 0.]]
probabilities: [[0.05711171 0.09570488 0.8471834 ]
 [0.15742873 0.58138883 0.26118246]
 [0.9679752  0.02510639 0.00691839]
 [0.44767758 0.0550358  0.49728662]
 [0.35512382 0.3199747  0.32490152]]
probabilities: [[0.0874182  0.53258985 0.37999195]
 [0.2819847  0.30260634 0.41540897]
 [0.11085214 0.06261542 0.8265324 ]
 [0.77727604 0.05733971 0.16538426]
 [0.12833165 0.5606696  0.31099874]]
probabilities: [[0.13975582 0.33615142 0.52409273]
 [0.01605292 0.72880965 0.2551374 ]
 [0.8427484  0.08083067 0.07642094]
 [0.17604353 0.7399465  0.08401002]
 [0.44073525 0.36432815 0.1949366 ]]
probabilities: [[0.5050493  0.13948514 0.35546556]
 [0.32708862 0.53480047 0.13811089]
 [0.0834621  0.8173468  0.09919108]
 [0.34988528 0.5468805  0.10323422]
 [0.44229865 0.22568248 0.33201885]]
probabilities: [[0.02022978 0.4375993  0.54217094]
 [0.44174176 0.09722122 0.461037  ]
 [0.52396196 0.22647816 0.2495599 ]
 [0.01267165 0.57904756 0.40828076]
 [0.27981305 0.01691146 0.7032755 ]]
probabilities: [[0. 0. 1.]
 [0. 1. 0.]
 [0. 0. 1.]
 [0. 0. 1.]
 [0. 0. 1.]]
probabilities: [[0.20002906 0.35240176 0.44756916]
 [0.14461206 0.72805804 0.12732993]
 [0.6080394  0.17474747 0.21721317]
 [0.6885116  0.29839003 0.01309837]
 [0.07888129 0.8412776  0.07984113]]
probabilities: [[0.51047283 0.44247448 0.04705265]
 [0.05021905 0.22223583 0.72754514]
 [0.75816894 0.07294551 0.16888553]
 [0.38577387 0.13569406 0.47853208]
 [0.35707074 0.6400199  0.0029094 ]]
probabilities: [[0.61695987 0.24861227 0.13442788]
 [0.7930513  0.16061202 0.0463367 ]
 [0.05613111 0.5268013  0.4170676 ]
 [0.2869388  0.63018394 0.08287725]
 [0.4909653  0.35434642 0.15468825]]
probabilities: [[0.10302741 0.4592178  0.4377548 ]
 [0.80429333 0.10818904 0.08751763]
 [0.42772928 0.30729568 0.26497504]
 [0.28959224 0.29518285 0.4152249 ]
 [0.01881045 0.86887395 0.11231557]]
probabilities: [[0.1083236  0.80525386 0.08642252]
 [0.0788072  0.7668475  0.1543453 ]
 [0.52905506 0.10832313 0.36262178]
 [0.4433834  0.06973553 0.48688108]
 [0.02500056 0.3588618  0.6161376 ]]
probabilities: [[0. 1. 0.]
 [0. 1. 0.]
 [0. 1. 0.]
 [0. 1. 0.]
 [0. 1. 0.]]
probabilities: [[0.43273005 0.43459195 0.13267799]
 [0.23141325 0.31469005 0.4538967 ]
 [0.16552536 0.49584687 0.33862776]
 [0.53396785 0.2261899  0.23984228]
 [0.6777112  0.15457323 0.16771558]]
probabilities: [[0.51239336 0.46321544 0.02439122]
 [0.19766952 0.5615229  0.2408076 ]
 [0.12281507 0.4225576  0.45462734]
 [0.31294575 0.06714295 0.6199113 ]
 [0.62651795 0.3683493  0.00513271]]
probabilities: [[0.40669826 0.30487272 0.288429  ]
 [0.5986069  0.3296733  0.07171986]
 [0.15583757 0.7202216  0.12394083]
 [0.29982603 0.0315298  0.6686442 ]
 [0.378542   0.44217697 0.17928103]]
probabilities: [[0.20071681 0.6904199  0.10886326]
 [0.460619   0.4209531  0.11842788]
 [0.286872   0.02756429 0.6855637 ]
 [0.57884383 0.3339627  0.08719349]
 [0.19828954 0.2075797  0.59413075]]
probabilities: [[0.62971365 0.3342782  0.03600815]
 [0.3645633  0.6198685  0.01556817]
 [0.29630128 0.28075355 0.4229452 ]
 [0.48434356 0.38802418 0.12763226]
 [0.21831653 0.573616   0.20806743]]
probabilities: [[1. 0. 0.]
 [1. 0. 0.]
 [1. 0. 0.]
 [1. 0. 0.]
 [1. 0. 0.]]
probabilities: [[0.20476726 0.4923955  0.30283725]
 [0.13174526 0.25085878 0.61739594]
 [0.16303831 0.42085886 0.4161028 ]
 [0.09046803 0.53753084 0.37200114]
 [0.31133533 0.16338614 0.52527857]]
probabilities: [[0.18027699 0.36669603 0.45302698]
 [0.7366497  0.17407712 0.08927317]
 [0.20286997 0.1631129  0.63401717]
 [0.59785193 0.38681713 0.01533093]
 [0.1054877  0.33645523 0.55805707]]
probabilities: [[0.4369188  0.1279983  0.43508288]
 [0.18570188 0.06637444 0.7479237 ]
 [0.6053292  0.29237005 0.10230076]
 [0.01465711 0.82587737 0.1594655 ]
 [0.41425264 0.01415553 0.57159185]]
probabilities: [[0.15310246 0.33702895 0.5098686 ]
 [0.15415837 0.18883216 0.6570095 ]
 [0.11989916 0.53123194 0.34886894]
 [0.21628162 0.54212064 0.24159776]
 [0.0910349  0.19536641 0.71359867]]
probabilities: [[0.19958963 0.7884397  0.01197068]
 [0.84631735 0.02843784 0.12524481]
 [0.13570212 0.25920153 0.60509634]
 [0.26811212 0.31176335 0.42012453]
 [0.556687   0.4182855  0.02502751]]
probabilities: [[0. 0. 1.]
 [0. 1. 0.]
 [0. 0. 1.]
 [0. 0. 1.]
 [0. 0. 1.]]
probabilities: [[0.1032928  0.17647618 0.720231  ]
 [0.16714177 0.13282943 0.7000288 ]
 [0.25224522 0.2898682  0.4578866 ]
 [0.50246155 0.13453697 0.3630015 ]
 [0.03845287 0.06120346 0.90034366]]
probabilities: [[0.24965581 0.4262127  0.3241315 ]
 [0.09838316 0.39366567 0.50795114]
 [0.521125   0.40927124 0.06960373]
 [0.42719236 0.18542726 0.3873804 ]
 [0.13157994 0.80035204 0.06806804]]
probabilities: [[0.33147752 0.06405398 0.6044685 ]
 [0.31164378 0.48456058 0.20379563]
 [0.12292952 0.57415366 0.30291682]
 [0.12404161 0.8191001  0.05685828]
 [0.64599717 0.14959924 0.20440356]]
probabilities: [[0.4189759  0.49638912 0.084635  ]
 [0.6403416  0.29344696 0.06621149]
 [0.313634   0.45922947 0.22713651]
 [0.4268108  0.17516874 0.39802048]
 [0.48916015 0.13889483 0.37194502]]
probabilities: [[0.3250967  0.23428826 0.44061503]
 [0.59836864 0.09808122 0.30355012]
 [0.10043547 0.723865   0.17569955]
 [0.15587854 0.02957858 0.8145429 ]
 [0.7257263  0.1885964  0.08567731]]
probabilities: [[0. 0. 1.]
 [0. 1. 0.]
 [0. 0. 1.]
 [0. 0. 1.]
 [0. 0. 1.]]
probabilities: [[0.03782611 0.7567436  0.20543027]
 [0.10809416 0.38589668 0.50600916]
 [0.76481867 0.16410609 0.07107527]
 [0.02704427 0.13845207 0.83450365]
 [0.08656798 0.8075337  0.10589832]]
probabilities: [[0.05656635 0.04768237 0.8957513 ]
 [0.67892045 0.2884356  0.03264397]
 [0.11974028 0.20463692 0.6756228 ]
 [0.10914574 0.5578924  0.33296186]
 [0.06665987 0.30865374 0.6246864 ]]
probabilities: [[0.2484899  0.57827723 0.17323287]
 [0.31780618 0.39619517 0.28599864]
 [0.23493484 0.7597079  0.00535727]
 [0.6876747  0.13150792 0.18081741]
 [0.26555094 0.5034722  0.23097685]]
probabilities: [[0.7389808  0.2216289  0.03939026]
 [0.4325028  0.22742285 0.34007433]
 [0.36096987 0.0892317  0.5497984 ]
 [0.01433131 0.9666146  0.01905408]
 [0.431742   0.23400591 0.33425206]]
probabilities: [[0.24795742 0.14061476 0.6114278 ]
 [0.47899297 0.18629186 0.3347152 ]
 [0.7580097  0.22923009 0.01276024]
 [0.26150775 0.59913373 0.13935852]
 [0.06302894 0.18348226 0.7534888 ]]
probabilities: [[0. 1. 0.]
 [0. 1. 0.]
 [0. 1. 0.]
 [0. 1. 0.]
 [0. 1. 0.]]
probabilities: [[0.63431114 0.28958926 0.07609958]
 [0.8198413  0.01482676 0.16533189]
 [0.5529203  0.15805925 0.28902048]
 [0.1413902  0.83714    0.02146976]
 [0.02057649 0.36259657 0.61682695]]
probabilities: [[0.6607819  0.09156583 0.24765225]
 [0.6384493  0.14900087 0.2125498 ]
 [0.582361   0.05718983 0.36044917]
 [0.38416344 0.10557331 0.51026326]
 [0.11383902 0.2545716  0.6315894 ]]
probabilities: [[0.08313394 0.4240224  0.49284366]
 [0.69771904 0.11648583 0.18579514]
 [0.20577379 0.5609187  0.23330754]
 [0.26623031 0.24914053 0.48462915]
 [0.6046064  0.38859817 0.00679545]]
probabilities: [[0.1695878  0.5047285  0.3256837 ]
 [0.4745207  0.22379525 0.30168405]
 [0.13111283 0.16631466 0.7025725 ]
 [0.46072558 0.06938213 0.4698923 ]
 [0.87199533 0.04297888 0.08502581]]
probabilities: [[0.6926404  0.2281688  0.07919079]
 [0.49787903 0.18079656 0.32132438]
 [0.3658013  0.5074535  0.12674522]
 [0.303945   0.3439004  0.35215458]
 [0.11291762 0.37281728 0.5142651 ]]
probabilities: [[0. 0. 1.]
 [0. 1. 0.]
 [0. 1. 0.]
 [0. 0. 1.]
 [0. 0. 1.]]
probabilities: [[0.08601788 0.44309682 0.4708853 ]
 [0.32143307 0.2058277  0.47273925]
 [0.5526644  0.02430891 0.42302668]
 [0.29428357 0.06104959 0.64466685]
 [0.47494978 0.35676524 0.16828497]]
probabilities: [[0.08448693 0.3804801  0.535033  ]
 [0.7140832  0.23897621 0.04694059]
 [0.2120707  0.5725117  0.21541765]
 [0.23685974 0.41986474 0.34327552]
 [0.9083498  0.02019902 0.07145119]]
probabilities: [[0.6401591  0.35674545 0.00309549]
 [0.04038858 0.50468546 0.45492595]
 [0.03355462 0.13809422 0.8283512 ]
 [0.5113014  0.46548757 0.02321103]
 [0.2820281  0.07115252 0.64681935]]
probabilities: [[0.70529205 0.07053524 0.22417274]
 [0.6003444  0.31304392 0.08661167]
 [0.04607326 0.6117101  0.34221667]
 [0.14325534 0.13858637 0.7181583 ]
 [0.16191076 0.27031976 0.56776947]]
probabilities: [[0.8425551  0.05870079 0.09874409]
 [0.14206327 0.02489103 0.83304566]
 [0.5408048  0.07247213 0.3867231 ]
 [0.85052496 0.1025343  0.04694071]
 [0.16298021 0.4043295  0.4326903 ]]
probabilities: [[0. 0. 1.]
 [0. 1. 0.]
 [0. 1. 0.]
 [0. 0. 1.]
 [0. 0. 1.]]
probabilities: [[0.6522318  0.25366873 0.09409948]
 [0.04054938 0.5954676  0.363983  ]
 [0.05647696 0.154211   0.78931206]
 [0.6251899  0.20215122 0.1726589 ]
 [0.86654437 0.05445755 0.0789981 ]]
probabilities: [[0.2338732  0.6071367  0.15899009]
 [0.00341997 0.6796078  0.3169722 ]
 [0.7894914  0.0866983  0.12381028]
 [0.37344474 0.06587721 0.56067806]
 [0.11871306 0.00542427 0.87586266]]
probabilities: [[0.29284433 0.10767824 0.5994774 ]
 [0.8641485  0.1066522  0.02919928]
 [0.24749297 0.19266003 0.559847  ]
 [0.77567667 0.09106458 0.13325873]
 [0.75353056 0.20686725 0.03960219]]
probabilities: [[0.5462276  0.26417506 0.18959737]
 [0.10468107 0.10073149 0.79458743]
 [0.615791   0.0174241  0.36678484]
 [0.10937551 0.0028111  0.8878134 ]
 [0.28572533 0.14504434 0.5692303 ]]
probabilities: [[0.3270583  0.3957343  0.2772074 ]
 [0.6236823  0.3006722  0.0756455 ]
 [0.27584928 0.6136022  0.1105485 ]
 [0.5442072  0.03053852 0.4252543 ]
 [0.03863461 0.8510797  0.1102857 ]]
probabilities: [[0. 0. 1.]
 [0. 1. 0.]
 [0. 0. 1.]
 [0. 0. 1.]
 [0. 0. 1.]]
probabilities: [[0.1619647  0.12457749 0.7134578 ]
 [0.45167792 0.27666852 0.27165356]
 [0.24894322 0.5832143  0.16784246]
 [0.81637615 0.16781901 0.01580483]
 [0.17381729 0.280092   0.5460907 ]]
probabilities: [[0.02252086 0.37199214 0.605487  ]
 [0.09292518 0.5745492  0.33252564]
 [0.29158497 0.22259384 0.4858212 ]
 [0.07905382 0.5758118  0.34513438]
 [0.56578207 0.25779465 0.17642325]]
probabilities: [[0.27033648 0.23553076 0.49413276]
 [0.27248594 0.35282895 0.3746851 ]
 [0.5856979  0.22845824 0.18584388]
 [0.42338356 0.54244286 0.03417359]
 [0.6437258  0.03849182 0.31778237]]
probabilities: [[0.17079256 0.34097007 0.48823735]
 [0.8346648  0.13401738 0.03131779]
 [0.33763695 0.16923341 0.49312964]
 [0.70579445 0.0605033  0.23370227]
 [0.38947764 0.14579247 0.4647299 ]]
probabilities: [[0.35567313 0.38914245 0.2551844 ]
 [0.45323464 0.21109279 0.3356726 ]
 [0.86679864 0.09531029 0.03789108]
 [0.01456059 0.6186781  0.36676133]
 [0.27925128 0.33336443 0.3873843 ]]
probabilities: [[0. 1. 0.]
 [0. 1. 0.]
 [0. 1. 0.]
 [0. 1. 0.]
 [0. 1. 0.]]
probabilities: [[0.06562649 0.12393767 0.81043583]
 [0.16611831 0.05978418 0.7740975 ]
 [0.65173674 0.05944196 0.28882128]
 [0.39234486 0.555855   0.05180017]
 [0.06357721 0.06605583 0.87036693]]
probabilities: [[0.34198144 0.5038506  0.15416795]
 [0.32488886 0.5155675  0.15954363]
 [0.19076912 0.44439745 0.3648334 ]
 [0.12836458 0.83393025 0.03770517]
 [0.52605474 0.10796364 0.3659816 ]]
probabilities: [[0.25499943 0.59348446 0.15151608]
 [0.3634099  0.54702544 0.08956469]
 [0.00261566 0.8162818  0.18110256]
 [0.29723728 0.4930067  0.209756  ]
 [0.42417333 0.33725157 0.2385751 ]]
probabilities: [[0.38943917 0.37456712 0.2359937 ]
 [0.22759797 0.738451   0.03395102]
 [0.5576342  0.04608981 0.396276  ]
 [0.35399875 0.26958632 0.37641492]
 [0.16086948 0.54030305 0.29882747]]
probabilities: [[0.49069604 0.45278132 0.05652265]
 [0.7410491  0.11210912 0.14684176]
 [0.02594451 0.5379418  0.43611372]
 [0.16280808 0.21954538 0.6176466 ]
 [0.65141857 0.33360177 0.01497968]]
probabilities: [[1. 0. 0.]
 [1. 0. 0.]
 [1. 0. 0.]
 [1. 0. 0.]
 [1. 0. 0.]]
probabilities: [[0.41873866 0.05469202 0.5265693 ]
 [0.15758106 0.81763226 0.02478666]
 [0.31801414 0.20530587 0.47667998]
 [0.16384718 0.0485455  0.7876073 ]
 [0.60955393 0.01479448 0.3756516 ]]
probabilities: [[0.7059502  0.03947267 0.2545771 ]
 [0.16768128 0.5364677  0.29585105]
 [0.1572475  0.08888657 0.7538659 ]
 [0.33208454 0.22977296 0.4381425 ]
 [0.02377667 0.9150223  0.06120099]]
probabilities: [[0.5771373  0.38960868 0.03325402]
 [0.1313768  0.8029346  0.0656886 ]
 [0.86808425 0.00673607 0.12517965]
 [0.4788094  0.01388836 0.5073022 ]
 [0.4642743  0.19982475 0.33590096]]
probabilities: [[0.10037612 0.14311464 0.75650924]
 [0.4366439  0.40874904 0.15460704]
 [0.40525886 0.05004827 0.5446929 ]
 [0.25179464 0.03038638 0.717819  ]
 [0.57049066 0.06360681 0.36590254]]
probabilities: [[0.5774273  0.15793571 0.26463696]
 [0.4796712  0.12367529 0.3966535 ]
 [0.9206721  0.03308445 0.04624343]
 [0.12749486 0.22830829 0.64419687]
 [0.0500979  0.06587692 0.88402516]]
probabilities: [[0. 1. 0.]
 [0. 1. 0.]
 [0. 1. 0.]
 [0. 1. 0.]
 [0. 1. 0.]]
probabilities: [[0.5468106  0.06163117 0.39155823]
 [0.27925944 0.3120878  0.40865278]
 [0.7688976  0.00659404 0.22450836]
 [0.10613909 0.72858685 0.1652741 ]
 [0.21515496 0.5229486  0.26189643]]
probabilities: [[0.5219587  0.16216362 0.31587768]
 [0.9361355  0.03900617 0.02485834]
 [0.3451692  0.01379192 0.6410389 ]
 [0.04177863 0.8555269  0.10269445]
 [0.57741696 0.41591135 0.00667172]]
probabilities: [[0.20196998 0.747434   0.050596  ]
 [0.22182918 0.3529293  0.42524156]
 [0.26354587 0.15671311 0.579741  ]
 [0.1919293  0.7808097  0.02726098]
 [0.52219933 0.37007377 0.10772687]]
probabilities: [[0.04037059 0.4450434  0.514586  ]
 [0.7810832  0.15014286 0.06877393]
 [0.35449558 0.1832937  0.4622107 ]
 [0.01212685 0.1791586  0.80871457]
 [0.4939366  0.37525994 0.13080345]]
probabilities: [[0.5390817  0.26581854 0.19509974]
 [0.5792257  0.0241324  0.3966419 ]
 [0.11681703 0.06276279 0.8204202 ]
 [0.805188   0.04716254 0.1476495 ]
 [0.15474322 0.48765728 0.3575995 ]]
probabilities: [[0. 0. 1.]
 [0. 1. 0.]
 [0. 1. 0.]
 [0. 0. 1.]
 [0. 0. 1.]]
probabilities: [[0.15580218 0.18922414 0.6549737 ]
 [0.14493598 0.17934698 0.67571706]
 [0.13401407 0.75354755 0.11243838]
 [0.51981694 0.43325028 0.0469328 ]
 [0.32307145 0.51600194 0.16092658]]
probabilities: [[0.35963827 0.5859394  0.05442232]
 [0.6428683  0.18339504 0.17373666]
 [0.04552944 0.22239108 0.73207945]
 [0.13557564 0.6031067  0.2613177 ]
 [0.06319053 0.50189376 0.43491572]]
probabilities: [[0.17697164 0.6861476  0.13688079]
 [0.06373259 0.0391179  0.8971495 ]
 [0.6008834  0.00762425 0.3914923 ]
 [0.44094542 0.00186402 0.55719054]
 [0.21403642 0.12360567 0.6623579 ]]
probabilities: [[0.7944366  0.2007568  0.00480663]
 [0.29327786 0.45379117 0.25293094]
 [0.27474615 0.7193716  0.00588223]
 [0.47852895 0.01187584 0.5095952 ]
 [0.005033   0.3726379  0.6223291 ]]
probabilities: [[0.27682233 0.06701738 0.6561603 ]
 [0.612507   0.17003782 0.21745516]
 [0.50377613 0.00130361 0.49492025]
 [0.15145874 0.13068332 0.71785796]
 [0.02561498 0.42239216 0.55199283]]
probabilities: [[0. 1. 0.]
 [0. 1. 0.]
 [0. 1. 0.]
 [0. 1. 0.]
 [0. 1. 0.]]
probabilities: [[0.09015241 0.8298524  0.07999518]
 [0.2552332  0.23874904 0.50601774]
 [0.728704   0.00843039 0.26286563]
 [0.58431906 0.15149128 0.26418966]
 [0.41564047 0.43752602 0.14683351]]
probabilities: [[0.3108195  0.25608087 0.43309963]
 [0.49026132 0.22678018 0.2829585 ]
 [0.13398992 0.5976361  0.26837394]
 [0.03126838 0.03901722 0.9297144 ]
 [0.07446001 0.24260946 0.6829305 ]]
probabilities: [[0.00298944 0.58101445 0.4159961 ]
 [0.5139136  0.4615367  0.02454971]
 [0.1352667  0.8115122  0.0532211 ]
 [0.24546957 0.7363974  0.01813302]
 [0.5422911  0.22635382 0.23135506]]
probabilities: [[0.02326067 0.1776075  0.7991318 ]
 [0.067245   0.87395203 0.05880294]
 [0.10269095 0.01394274 0.8833663 ]
 [0.06609713 0.27331942 0.66058344]
 [0.7857594  0.17698675 0.03725388]]
probabilities: [[0.68807435 0.16274416 0.1491815 ]
 [0.01282814 0.50852484 0.47864705]
 [0.03585667 0.6240068  0.34013653]
 [0.05821063 0.30917895 0.6326104 ]
 [0.19065021 0.09012249 0.7192273 ]]
probabilities: [[0. 0. 1.]
 [0. 1. 0.]
 [0. 0. 1.]
 [0. 0. 1.]
 [0. 0. 1.]]
probabilities: [[0.7121628  0.06761177 0.22022541]
 [0.61586446 0.15273353 0.231402  ]
 [0.24076384 0.69275045 0.06648571]
 [0.3140875  0.6160949  0.06981761]
 [0.2045513  0.44542974 0.35001895]]
probabilities: [[0.29510704 0.29586047 0.4090325 ]
 [0.5504837  0.28094065 0.16857564]
 [0.17933105 0.14565653 0.6750124 ]
 [0.50912184 0.2909136  0.19996457]
 [0.51605165 0.04413151 0.43981683]]
probabilities: [[0.12162356 0.4525219  0.42585456]
 [0.57109386 0.3250894  0.10381675]
 [0.05220174 0.5748774  0.3729209 ]
 [0.1370393  0.34374726 0.51921344]
 [0.21854877 0.69402057 0.08743063]]
probabilities: [[0.370958   0.08726072 0.5417813 ]
 [0.22324291 0.16330972 0.61344737]
 [0.07966178 0.9008786  0.0194596 ]
 [0.58724165 0.35586932 0.05688904]
 [0.25209114 0.05653329 0.69137555]]
probabilities: [[0.390285   0.34818473 0.26153028]
 [0.10042785 0.24736677 0.6522054 ]
 [0.03606674 0.9582771  0.00565613]
 [0.03876704 0.12480991 0.83642304]
 [0.24495752 0.24870457 0.5063379 ]]
probabilities: [[0. 0. 1.]
 [0. 1. 0.]
 [0. 1. 0.]
 [0. 0. 1.]
 [0. 0. 1.]]
probabilities: [[0.02947869 0.19017301 0.7803483 ]
 [0.26578122 0.4123805  0.3218383 ]
 [0.19712077 0.24371192 0.5591673 ]
 [0.45110103 0.266456   0.28244296]
 [0.48933983 0.06598762 0.44467255]]
probabilities: [[0.2824548  0.14244659 0.57509863]
 [0.31654605 0.44308686 0.2403671 ]
 [0.44616058 0.31504235 0.23879707]
 [0.03156353 0.01626881 0.95216763]
 [0.14755912 0.30391377 0.5485271 ]]
probabilities: [[0.47381797 0.33823848 0.18794355]
 [0.16192277 0.0900051  0.74807215]
 [0.356821   0.0228796  0.6202994 ]
 [0.34627947 0.23745742 0.4162631 ]
 [0.6965912  0.1418954  0.16151343]]
probabilities: [[0.4423086  0.26367018 0.2940212 ]
 [0.23700455 0.0454816  0.71751386]
 [0.48474073 0.45820397 0.05705528]
 [0.32909963 0.6153548  0.05554559]
 [0.48354515 0.13377157 0.38268328]]
probabilities: [[0.33018145 0.16201143 0.50780714]
 [0.52872634 0.43556973 0.03570393]
 [0.11270739 0.45129797 0.43599465]
 [0.05041996 0.34983525 0.5997448 ]
 [0.43257374 0.06881771 0.49860856]]
probabilities: [[0. 1. 0.]
 [0. 1. 0.]
 [0. 1. 0.]
 [0. 1. 0.]
 [0. 1. 0.]]
probabilities: [[0.18551202 0.27193764 0.5425503 ]
 [0.5958383  0.20325363 0.2009081 ]
 [0.47547606 0.48643005 0.0380939 ]
 [0.07202844 0.7249834  0.20298816]
 [0.2383522  0.7269749  0.03467291]]
probabilities: [[0.08239982 0.59361553 0.32398465]
 [0.4173098  0.44311613 0.13957408]
 [0.2327004  0.37700328 0.39029634]
 [0.3513199  0.09880735 0.54987276]
 [0.1885785  0.22578825 0.5856332 ]]
probabilities: [[0.43708858 0.10170814 0.46120328]
 [0.6526736  0.34065628 0.00667009]
 [0.17756702 0.12373006 0.69870293]
 [0.5596066  0.00225058 0.4381428 ]
 [0.4336773  0.4168853  0.14943741]]
probabilities: [[0.31843427 0.15922967 0.52233607]
 [0.33293748 0.35815093 0.3089116 ]
 [0.30502632 0.6687186  0.02625509]
 [0.7683439  0.08574042 0.14591566]
 [0.14326236 0.6915187  0.16521895]]
probabilities: [[0.25510854 0.33017048 0.41472098]
 [0.25105375 0.4788223  0.27012396]
 [0.10085338 0.5633383  0.33580834]
 [0.24371631 0.46930292 0.28698075]
 [0.5223942  0.03878147 0.4388244 ]]
probabilities: [[1. 0. 0.]
 [1. 0. 0.]
 [1. 0. 0.]
 [1. 0. 0.]
 [1. 0. 0.]]
probabilities: [[0.27626556 0.3524755  0.37125894]
 [0.12542894 0.08161251 0.79295856]
 [0.2989659  0.18878666 0.51224744]
 [0.16216078 0.6553486  0.1824906 ]
 [0.34888604 0.6174872  0.03362675]]
probabilities: [[0.39321175 0.00081536 0.6059729 ]
 [0.79677844 0.06007514 0.14314643]
 [0.21968384 0.28637362 0.49394256]
 [0.02429261 0.4311543  0.5445531 ]
 [0.42694694 0.4245486  0.14850448]]
probabilities: [[0.46348935 0.14464805 0.3918626 ]
 [0.1795036  0.20674777 0.6137486 ]
 [0.28242856 0.2100578  0.50751364]
 [0.12861049 0.63579667 0.23559283]
 [0.6835177  0.22661197 0.08987032]]
probabilities: [[0.00409698 0.79449695 0.20140608]
 [0.7004096  0.096061   0.2035294 ]
 [0.0078021  0.22181511 0.77038276]
 [0.22956409 0.6690026  0.10143333]
 [0.30927476 0.5959719  0.09475338]]
probabilities: [[0.5158632  0.23803341 0.2461034 ]
 [0.803305   0.03813438 0.15856066]
 [0.45723557 0.2068892  0.33587524]
 [0.48104087 0.23073216 0.28822696]
 [0.05873055 0.445589   0.49568045]]
probabilities: [[1. 0. 0.]
 [1. 0. 0.]
 [1. 0. 0.]
 [1. 0. 0.]
 [1. 0. 0.]]
probabilities: [[0.7762414  0.17061904 0.05313957]
 [0.28758517 0.02666436 0.6857505 ]
 [0.3057653  0.10364553 0.59058917]
 [0.5704251  0.24121213 0.18836279]
 [0.3945538  0.244573   0.3608732 ]]
probabilities: [[0.22203754 0.21737115 0.56059134]
 [0.42847544 0.21606599 0.35545856]
 [0.46634436 0.3490199  0.1846357 ]
 [0.53553826 0.07624373 0.38821805]
 [0.60110736 0.13701238 0.26188028]]
probabilities: [[0.7007473  0.06492236 0.23433033]
 [0.733465   0.06712691 0.19940805]
 [0.2969483  0.5046736  0.1983781 ]
 [0.2195779  0.6671251  0.11329697]
 [0.17434923 0.15343244 0.6722183 ]]
probabilities: [[0.47577935 0.11267424 0.4115464 ]
 [0.18559757 0.5817489  0.23265354]
 [0.37265575 0.20358884 0.4237554 ]
 [0.17146012 0.61986315 0.20867671]
 [0.0698695  0.30729225 0.62283826]]
