probabilities: [[1. 0. 0.]
 [1. 0. 0.]
 [1. 0. 0.]
 [1. 0. 0.]
 [1. 0. 0.]]
probabilities: [[0.16449125 0.5637566  0.27175215]
 [0.6810928  0.04917062 0.2697366 ]
 [0.69586986 0.24475253 0.05937762]
 [0.3459642  0.5740882  0.07994758]
 [0.00411126 0.43091542 0.56497335]]
probabilities: [[0.5894817  0.06140367 0.3491146 ]
 [0.20817873 0.14414597 0.64767534]
 [0.25461432 0.10911991 0.63626575]
 [0.10895283 0.83279806 0.05824908]
 [0.2775571  0.30987123 0.41257167]]
probabilities: [[0.514022   0.4479407  0.03803727]
 [0.01531162 0.7650713  0.2196171 ]
 [0.7399167  0.03064691 0.2294364 ]
 [0.14290884 0.21768007 0.6394111 ]
 [0.02218837 0.641284   0.33652762]]
probabilities: [[0.10938476 0.3307203  0.5598949 ]
 [0.3383951  0.31341478 0.34819013]
 [0.22033018 0.00238224 0.7772876 ]
 [0.01759185 0.21415278 0.76825535]
 [0.00758222 0.2992525  0.69316524]]
probabilities: [[0.01548907 0.21714908 0.7673618 ]
 [0.25018457 0.42416972 0.32564574]
 [0.70432156 0.09555143 0.200127  ]
 [0.01926629 0.89965093 0.08108281]
 [0.18824862 0.42398703 0.38776433]]
probabilities: [[1. 0. 0.]
 [1. 0. 0.]
 [1. 0. 0.]
 [1. 0. 0.]
 [1. 0. 0.]]
probabilities: [[0.46255833 0.33963034 0.19781134]
 [0.1439598  0.31640583 0.53963435]
 [0.0452428  0.6824302  0.272327  ]
 [0.7495471  0.01593105 0.2345218 ]
 [0.03158613 0.4889628  0.4794511 ]]
probabilities: [[0.18355891 0.8032075  0.01323359]
 [0.5171344  0.28948992 0.19337562]
 [0.12400746 0.46772894 0.4082636 ]
 [0.20589569 0.46353495 0.33056936]
 [0.34294337 0.04137024 0.6156864 ]]
probabilities: [[0.42118868 0.04432508 0.53448623]
 [0.08896976 0.66348165 0.24754857]
 [0.14830999 0.04954449 0.80214554]
 [0.4761737  0.25774705 0.26607925]
 [0.23292775 0.41582406 0.35124817]]
probabilities: [[0.15743801 0.5108913  0.3316707 ]
 [0.21758735 0.39912823 0.38328442]
 [0.16916557 0.7690524  0.06178207]
 [0.804504   0.163303   0.03219301]
 [0.8059355  0.15586822 0.03819628]]
probabilities: [[0.28872284 0.16711427 0.54416287]
 [0.32026285 0.4687529  0.21098424]
 [0.30128586 0.08639915 0.612315  ]
 [0.07173415 0.23037195 0.6978939 ]
 [0.34594947 0.23365687 0.42039368]]
probabilities: [[0. 0. 1.]
 [0. 1. 0.]
 [0. 0. 1.]
 [0. 0. 1.]
 [0. 0. 1.]]
probabilities: [[0.45668757 0.43307325 0.11023917]
 [0.43726596 0.16036376 0.40237027]
 [0.15120195 0.47678366 0.37201437]
 [0.7403929  0.10154075 0.15806635]
 [0.3774353  0.19141272 0.431152  ]]
probabilities: [[0.7416563  0.05965282 0.19869086]
 [0.39107925 0.56951445 0.0394063 ]
 [0.3792974  0.05428754 0.5664151 ]
 [0.08259501 0.26495695 0.652448  ]
 [0.04427592 0.7748051  0.18091896]]
probabilities: [[0.696673   0.1221467  0.18118036]
 [0.11201242 0.12124126 0.76674634]
 [0.04612213 0.3328748  0.62100303]
 [0.20228805 0.19881332 0.59889865]
 [0.52224404 0.23104978 0.24670619]]
probabilities: [[8.80213380e-01 4.95459128e-04 1.19291179e-01]
 [6.57463014e-01 3.36071789e-01 6.46518357e-03]
 [1.63816735e-01 2.80768842e-01 5.55414438e-01]
 [2.22059160e-01 1.09169644e-03 7.76849151e-01]
 [1.16815865e-01 1.67608753e-01 7.15575397e-01]]
probabilities: [[0.8507969  0.14143382 0.0077693 ]
 [0.1526899  0.7534852  0.09382489]
 [0.3197719  0.1236538  0.55657434]
 [0.2389507  0.32447165 0.43657765]
 [0.3877773  0.5136623  0.0985604 ]]
probabilities: [[0. 0. 1.]
 [0. 1. 0.]
 [0. 1. 0.]
 [0. 0. 1.]
 [0. 0. 1.]]
probabilities: [[0.12095138 0.7194611  0.15958755]
 [0.38660386 0.5314513  0.08194485]
 [0.12532838 0.74682224 0.12784936]
 [0.06518203 0.92456806 0.0102499 ]
 [0.16870075 0.26108906 0.57021016]]
probabilities: [[0.36199483 0.18645315 0.45155203]
 [0.0277822  0.3279609  0.6442569 ]
 [0.5784291  0.1140821  0.30748877]
 [0.19292778 0.7816999  0.02537232]
 [0.94314104 0.0409071  0.01595186]]
probabilities: [[0.7299376  0.00288126 0.26718116]
 [0.09707389 0.38821    0.5147161 ]
 [0.5371597  0.12779668 0.3350436 ]
 [0.3089915  0.38969845 0.30131006]
 [0.05363024 0.06587606 0.8804937 ]]
probabilities: [[0.14159018 0.36458862 0.4938212 ]
 [0.2706283  0.63350976 0.09586194]
 [0.5004264  0.48422846 0.01534513]
 [0.3014698  0.16949415 0.52903605]
 [0.21670274 0.36012477 0.4231725 ]]
probabilities: [[0.17378934 0.43971813 0.38649255]
 [0.13050513 0.4974226  0.37207225]
 [0.19246182 0.27199453 0.5355436 ]
 [0.17950135 0.5258175  0.29468113]
 [0.41628093 0.08258989 0.5011292 ]]
probabilities: [[0. 0. 1.]
 [0. 1. 0.]
 [0. 1. 0.]
 [0. 0. 1.]
 [0. 0. 1.]]
probabilities: [[0.11980834 0.5479234  0.3322683 ]
 [0.7969674  0.04943201 0.15360063]
 [0.5355806  0.07768194 0.38673747]
 [0.0263206  0.9171917  0.05648771]
 [0.04012728 0.48618576 0.47368693]]
probabilities: [[0.6259474  0.10349974 0.2705528 ]
 [0.39451122 0.37895948 0.22652932]
 [0.419286   0.33860937 0.24210462]
 [0.01812991 0.00168473 0.98018533]
 [0.41652945 0.2852712  0.29819936]]
probabilities: [[0.6945091  0.2678978  0.03759313]
 [0.65753216 0.30788243 0.03458542]
 [0.6183881  0.01553416 0.3660777 ]
 [0.39985344 0.30783248 0.29231405]
 [0.20539059 0.00232805 0.7922814 ]]
probabilities: [[0.695634   0.16697794 0.13738805]
 [0.47867703 0.14901178 0.37231117]
 [0.23764858 0.5856237  0.17672776]
 [0.37349507 0.5378236  0.08868128]
 [0.20965374 0.37025204 0.42009422]]
probabilities: [[0.5561075  0.43224004 0.01165243]
 [0.14922878 0.8152928  0.03547847]
 [0.596393   0.04502787 0.35857916]
 [0.09099029 0.16424246 0.74476725]
 [0.09507474 0.565481   0.33944425]]
probabilities: [[0. 1. 0.]
 [0. 1. 0.]
 [0. 1. 0.]
 [0. 1. 0.]
 [0. 1. 0.]]
probabilities: [[0.51437324 0.13985196 0.34577483]
 [0.58610314 0.15692103 0.2569758 ]
 [0.14102274 0.18298882 0.67598844]
 [0.159933   0.7072938  0.1327732 ]
 [0.10667721 0.58160603 0.3117168 ]]
probabilities: [[0.25549087 0.4564446  0.28806454]
 [0.06305775 0.31579214 0.62115014]
 [0.21308644 0.11280118 0.6741124 ]
 [0.19334863 0.13298227 0.6736691 ]
 [0.06278704 0.802149   0.13506395]]
probabilities: [[0.25733423 0.5030333  0.2396325 ]
 [0.07503776 0.34074152 0.5842207 ]
 [0.02730808 0.42615485 0.5465371 ]
 [0.38860032 0.5999535  0.0114462 ]
 [0.12903634 0.2356715  0.6352922 ]]
probabilities: [[0.16873379 0.36161977 0.46964642]
 [0.4769437  0.11955487 0.40350145]
 [0.00762332 0.82434726 0.16802943]
 [0.03435346 0.83953583 0.12611072]
 [0.33733854 0.4202222  0.24243927]]
probabilities: [[0.42397183 0.23379293 0.34223524]
 [0.01226989 0.45213404 0.5355961 ]
 [0.04166822 0.14057255 0.8177592 ]
 [0.34584254 0.3731933  0.28096414]
 [0.12443564 0.06638972 0.80917466]]
probabilities: [[0. 0. 1.]
 [0. 1. 0.]
 [0. 0. 1.]
 [0. 0. 1.]
 [0. 0. 1.]]
probabilities: [[0.27160922 0.0352859  0.69310486]
 [0.15863597 0.1508313  0.69053274]
 [0.818164   0.08173066 0.10010537]
 [0.85894185 0.02703315 0.11402501]
 [0.6867284  0.13426192 0.17900965]]
probabilities: [[0.4069897  0.10351737 0.48949292]
 [0.09823291 0.6262932  0.27547392]
 [0.2567218  0.1411721  0.6021061 ]
 [0.28685126 0.45248672 0.26066202]
 [0.26063958 0.41865388 0.32070655]]
probabilities: [[0.30030665 0.5438695  0.15582384]
 [0.5122198  0.07581104 0.41196916]
 [0.04397029 0.698292   0.2577377 ]
 [0.6812028  0.21136244 0.10743475]
 [0.38632426 0.24858208 0.36509365]]
probabilities: [[0.40149832 0.4039674  0.19453429]
 [0.239483   0.34558722 0.41492978]
 [0.00786296 0.2814908  0.7106463 ]
 [0.51315075 0.08485286 0.40199637]
 [0.5075192  0.172011   0.32046983]]
probabilities: [[0.0484705  0.55417114 0.39735836]
 [0.55346864 0.08590852 0.36062285]
 [0.5915643  0.19100933 0.21742639]
 [0.31032816 0.10173746 0.5879344 ]
 [0.31224272 0.45340312 0.23435418]]
probabilities: [[0. 0. 1.]
 [0. 1. 0.]
 [0. 1. 0.]
 [0. 0. 1.]
 [0. 0. 1.]]
probabilities: [[0.43381062 0.4491956  0.11699378]
 [0.24060722 0.30957705 0.44981572]
 [0.44239104 0.37147132 0.18613765]
 [0.65145653 0.06692809 0.28161538]
 [0.28561363 0.24745855 0.46692783]]
probabilities: [[0.528096   0.01129212 0.46061185]
 [0.22493963 0.7526074  0.02245294]
 [0.07354399 0.3046244  0.6218316 ]
 [0.33814964 0.07114472 0.59070563]
 [0.47001448 0.10301796 0.42696756]]
probabilities: [[0.30727434 0.19812967 0.494596  ]
 [0.2071386  0.04923121 0.7436302 ]
 [0.30204955 0.47619647 0.22175398]
 [0.3389717  0.5567758  0.10425247]
 [0.04083221 0.8182715  0.14089629]]
probabilities: [[0.01518238 0.36213735 0.6226803 ]
 [0.28073913 0.24719933 0.47206154]
 [0.4721377  0.11808996 0.40977237]
 [0.65417033 0.09238663 0.25344303]
 [0.26243773 0.5423187  0.19524355]]
probabilities: [[0.5386161  0.2880046  0.17337927]
 [0.21574563 0.3831928  0.40106156]
 [0.32660505 0.3374538  0.3359411 ]
 [0.22600077 0.7613359  0.01266335]
 [0.65311974 0.06875983 0.27812043]]
probabilities: [[1. 0. 0.]
 [1. 0. 0.]
 [1. 0. 0.]
 [1. 0. 0.]
 [1. 0. 0.]]
probabilities: [[0.52016854 0.09901568 0.38081577]
 [0.42673445 0.24425542 0.32901013]
 [0.16589586 0.01290054 0.8212036 ]
 [0.8977357  0.03345556 0.0688087 ]
 [0.57009554 0.1537655  0.27613896]]
probabilities: [[0.15625949 0.12971416 0.71402633]
 [0.63108593 0.07993895 0.28897515]
 [0.27378494 0.4771427  0.24907237]
 [0.41912523 0.27827516 0.3025996 ]
 [0.3207534  0.42962298 0.24962364]]
probabilities: [[0.611625   0.2367763  0.15159868]
 [0.4499731  0.5435755  0.00645138]
 [0.28896707 0.21022494 0.50080794]
 [0.03952552 0.3727866  0.5876879 ]
 [0.2376117  0.20358008 0.5588082 ]]
probabilities: [[0.8216891  0.04926886 0.12904204]
 [0.15014578 0.3478857  0.5019685 ]
 [0.7995526  0.04853395 0.1519134 ]
 [0.65513873 0.03748064 0.30738062]
 [0.03378358 0.87181044 0.09440596]]
probabilities: [[0.2474128  0.06017387 0.69241333]
 [0.7226557  0.06701111 0.2103332 ]
 [0.1641956  0.568162   0.26764238]
 [0.12048399 0.50482583 0.37469018]
 [0.0516445  0.26825538 0.68010014]]
probabilities: [[0. 0. 1.]
 [0. 1. 0.]
 [0. 0. 1.]
 [0. 0. 1.]
 [0. 0. 1.]]
probabilities: [[0.13358524 0.77267087 0.09374389]
 [0.59705806 0.30968902 0.09325295]
 [0.6281383  0.11731295 0.25454873]
 [0.41304225 0.4658726  0.12108516]
 [0.31500852 0.1001825  0.58480895]]
probabilities: [[4.3846774e-01 4.5424467e-01 1.0728757e-01]
 [2.6928851e-01 4.1757557e-01 3.1313592e-01]
 [8.2933303e-04 9.0113051e-02 9.0905762e-01]
 [5.0405532e-01 1.4643267e-01 3.4951204e-01]
 [4.6911281e-01 2.9955286e-01 2.3133433e-01]]
probabilities: [[0.8880524  0.08726352 0.02468408]
 [0.16491148 0.65775025 0.17733829]
 [0.20410544 0.02511378 0.7707808 ]
 [0.5963726  0.05879606 0.34483135]
 [0.23705573 0.25960416 0.5033401 ]]
probabilities: [[0.0256104  0.714909   0.25948057]
 [0.061093   0.81854934 0.12035767]
 [0.6942446  0.24769744 0.05805794]
 [0.18966699 0.529097   0.281236  ]
 [0.29780212 0.49846298 0.2037349 ]]
probabilities: [[0.23691018 0.7085118  0.05457799]
 [0.02338107 0.80363303 0.1729859 ]
 [0.6811177  0.12444902 0.19443326]
 [0.04298992 0.05955467 0.8974554 ]
 [0.5930043  0.08013149 0.32686424]]
probabilities: [[0. 0. 1.]
 [0. 1. 0.]
 [0. 1. 0.]
 [0. 0. 1.]
 [0. 0. 1.]]
probabilities: [[0.62109673 0.04970243 0.3292008 ]
 [0.31317627 0.17919977 0.507624  ]
 [0.5124432  0.36168998 0.12586686]
 [0.24639438 0.5821211  0.17148454]
 [0.41156054 0.19722597 0.3912135 ]]
probabilities: [[0.22158286 0.7622819  0.01613525]
 [0.3683558  0.44827917 0.183365  ]
 [0.06431793 0.40185982 0.53382224]
 [0.5725524  0.2661606  0.16128701]
 [0.0941129  0.2243568  0.6815303 ]]
probabilities: [[0.22648245 0.58822155 0.185296  ]
 [0.06180862 0.64642537 0.291766  ]
 [0.547382   0.23779672 0.2148213 ]
 [0.42268443 0.23600155 0.34131402]
 [0.05653122 0.42296863 0.5205002 ]]
probabilities: [[0.43713176 0.06976316 0.49310505]
 [0.53725255 0.44597906 0.01676838]
 [0.10478301 0.18637085 0.70884615]
 [0.23069069 0.29621327 0.47309604]
 [0.671775   0.06173219 0.26649284]]
probabilities: [[0.03859181 0.3073765  0.6540317 ]
 [0.63353723 0.1667118  0.19975096]
 [0.42155257 0.30940893 0.2690385 ]
 [0.1593512  0.2721956  0.5684532 ]
 [0.7542982  0.0682454  0.17745636]]
probabilities: [[0. 0. 1.]
 [0. 1. 0.]
 [0. 1. 0.]
 [0. 0. 1.]
 [0. 0. 1.]]
probabilities: [[0.31507996 0.15979488 0.52512515]
 [0.5191936  0.37770578 0.10310061]
 [0.47608387 0.1653754  0.35854074]
 [0.3187828  0.44199896 0.23921822]
 [0.33743274 0.6536076  0.00895964]]
probabilities: [[0.7528653  0.07201879 0.17511591]
 [0.01825587 0.81490064 0.16684349]
 [0.73882586 0.09194754 0.16922659]
 [0.50963384 0.32257324 0.16779293]
 [0.4056629  0.45302415 0.14131294]]
probabilities: [[0.5733342  0.30369675 0.12296905]
 [0.45885026 0.4336146  0.10753511]
 [0.18870804 0.66028744 0.15100451]
 [0.15393718 0.16428061 0.6817822 ]
 [0.3033631  0.19770938 0.4989275 ]]
probabilities: [[0.15089983 0.0312929  0.81780726]
 [0.4079699  0.16357298 0.4284571 ]
 [0.01527504 0.5644095  0.4203155 ]
 [0.5727461  0.07032265 0.35693124]
 [0.4653723  0.20524298 0.3293847 ]]
probabilities: [[0.49325097 0.19562568 0.31112334]
 [0.7287051  0.21811023 0.05318464]
 [0.46221617 0.26373062 0.27405322]
 [0.3161373  0.5189515  0.1649112 ]
 [0.7401075  0.09517708 0.16471545]]
probabilities: [[1. 0. 0.]
 [1. 0. 0.]
 [1. 0. 0.]
 [1. 0. 0.]
 [1. 0. 0.]]
probabilities: [[0.35326618 0.5483693  0.09836456]
 [0.23032972 0.41441852 0.35525176]
 [0.28927386 0.40991107 0.30081508]
 [0.64911705 0.31237748 0.03850547]
 [0.21415393 0.15246472 0.63338137]]
probabilities: [[0.09027153 0.50845546 0.401273  ]
 [0.67632085 0.22350694 0.10017223]
 [0.7846744  0.06693286 0.14839274]
 [0.05039774 0.4417016  0.50790066]
 [0.07750587 0.810237   0.11225714]]
probabilities: [[0.84769285 0.08754144 0.06476573]
 [0.39064583 0.15162514 0.457729  ]
 [0.8974301  0.01127275 0.09129714]
 [0.12130486 0.4376718  0.44102332]
 [0.5865103  0.13519698 0.27829272]]
probabilities: [[0.16146165 0.23689976 0.6016386 ]
 [0.55835396 0.352281   0.08936503]
 [0.2596587  0.35821563 0.3821257 ]
 [0.11707109 0.37938297 0.50354594]
 [0.13716096 0.39999762 0.4628414 ]]
probabilities: [[0.3149195  0.14483045 0.54025006]
 [0.28098327 0.32292262 0.39609414]
 [0.2221257  0.44571912 0.3321552 ]
 [0.23710667 0.47359893 0.28929442]
 [0.01417878 0.73754245 0.24827878]]
probabilities: [[0. 0. 1.]
 [0. 1. 0.]
 [0. 0. 1.]
 [0. 0. 1.]
 [0. 0. 1.]]
probabilities: [[0.14593239 0.65027773 0.20378989]
 [0.01188238 0.06089353 0.9272241 ]
 [0.26865965 0.7159783  0.01536201]
 [0.6362437  0.15388861 0.20986769]
 [0.4019471  0.49695992 0.10109297]]
probabilities: [[0.36167887 0.16708258 0.47123855]
 [0.05088481 0.8020934  0.14702183]
 [0.08314177 0.06991751 0.8469407 ]
 [0.38659674 0.48448315 0.12892011]
 [0.41324338 0.51020586 0.07655078]]
probabilities: [[0.58576626 0.0564995  0.35773423]
 [0.156647   0.80121326 0.04213975]
 [0.54170555 0.05015973 0.40813473]
 [0.13028996 0.3607591  0.50895095]
 [0.00477878 0.3360616  0.65915966]]
probabilities: [[0.20813562 0.5828091  0.2090553 ]
 [0.5116956  0.2501632  0.23814116]
 [0.05625914 0.09895715 0.8447837 ]
 [0.2134352  0.09076476 0.6958    ]
 [0.15967281 0.43067196 0.40965524]]
probabilities: [[0.18729138 0.6169845  0.19572416]
 [0.26917273 0.3885973  0.34222993]
 [0.5355198  0.42895535 0.03552489]
 [0.40404832 0.14852765 0.44742402]
 [0.31024373 0.09466923 0.59508705]]
probabilities: [[0. 0. 1.]
 [0. 1. 0.]
 [0. 0. 1.]
 [0. 0. 1.]
 [0. 0. 1.]]
probabilities: [[0.6036259  0.39399675 0.00237735]
 [0.13865665 0.8584363  0.00290707]
 [0.24420227 0.3802087  0.375589  ]
 [0.3065621  0.24244018 0.4509977 ]
 [0.4842628  0.18046123 0.33527598]]
probabilities: [[0.62529063 0.37291735 0.00179197]
 [0.01652781 0.8787263  0.10474589]
 [0.29190496 0.35400352 0.35409153]
 [0.26769623 0.6099334  0.1223704 ]
 [0.12800911 0.83539677 0.03659412]]
probabilities: [[0.00823973 0.23959954 0.7521607 ]
 [0.33383596 0.04142175 0.62474227]
 [0.6637179  0.26552814 0.07075392]
 [0.3960953  0.49105635 0.11284833]
 [0.17349511 0.05489466 0.7716102 ]]
probabilities: [[0.09711897 0.29847234 0.6044087 ]
 [0.19978067 0.02977363 0.7704457 ]
 [0.09466808 0.00846652 0.8968654 ]
 [0.02472106 0.9218575  0.05342146]
 [0.12493289 0.27751893 0.5975482 ]]
probabilities: [[0.41437316 0.35514253 0.23048432]
 [0.48278895 0.18072481 0.33648625]
 [0.39934558 0.5623541  0.03830033]
 [0.27879792 0.6493506  0.07185148]
 [0.8954628  0.08879326 0.01574394]]
probabilities: [[1. 0. 0.]
 [1. 0. 0.]
 [1. 0. 0.]
 [1. 0. 0.]
 [1. 0. 0.]]
probabilities: [[0.09267928 0.6365619  0.27075884]
 [0.501248   0.31169537 0.18705665]
 [0.06027266 0.8775408  0.06218649]
 [0.25990725 0.05361758 0.68647516]
 [0.5667096  0.14570618 0.28758425]]
probabilities: [[0.16143584 0.5700254  0.26853874]
 [0.05109988 0.05908963 0.8898105 ]
 [0.06882071 0.19167225 0.739507  ]
 [0.59214205 0.25337654 0.1544814 ]
 [0.0983922  0.6080223  0.29358554]]
probabilities: [[0.6874491  0.2160572  0.0964937 ]
 [0.7213312  0.18593639 0.09273241]
 [0.5411594  0.12089967 0.33794096]
 [0.1490223  0.6043272  0.24665047]
 [0.4261842  0.17260247 0.40121332]]
probabilities: [[0.28960446 0.1372806  0.57311493]
 [0.27067605 0.4335005  0.29582348]
 [0.2189511  0.12017939 0.6608695 ]
 [0.5413638  0.36983845 0.08879776]
 [0.11439089 0.66230726 0.22330183]]
probabilities: [[0.53255016 0.00802023 0.45942962]
 [0.70467687 0.17787611 0.11744699]
 [0.46670118 0.285164   0.24813482]
 [0.31724986 0.28582203 0.3969281 ]
 [0.09384175 0.5174217  0.38873652]]
probabilities: [[1. 0. 0.]
 [1. 0. 0.]
 [1. 0. 0.]
 [1. 0. 0.]
 [1. 0. 0.]]
probabilities: [[0.08990527 0.51380944 0.39628527]
 [0.6851866  0.10466483 0.21014854]
 [0.18383461 0.22924753 0.5869179 ]
 [0.4889842  0.2921217  0.21889408]
 [0.29351753 0.28598523 0.42049724]]
probabilities: [[0.23338936 0.6239651  0.14264555]
 [0.28004155 0.52181447 0.19814397]
 [0.04253581 0.50330037 0.45416382]
 [0.1997549  0.7282443  0.07200077]
 [0.43924287 0.2210955  0.33966163]]
probabilities: [[2.5693713e-02 9.3872386e-01 3.5582449e-02]
 [1.8287003e-01 2.5013289e-01 5.6699711e-01]
 [3.4292743e-01 6.3195330e-01 2.5119271e-02]
 [1.7887539e-01 2.8739893e-01 5.3372568e-01]
 [6.3001998e-02 5.1902269e-04 9.3647897e-01]]
probabilities: [[0.4627751  0.4153911  0.12183383]
 [0.13444184 0.32225573 0.5433024 ]
 [0.17410381 0.71070707 0.1151891 ]
 [0.43023646 0.08782767 0.4819359 ]
 [0.06799147 0.2612672  0.6707414 ]]
probabilities: [[0.12942347 0.57496023 0.2956163 ]
 [0.27562988 0.35018176 0.37418836]
 [0.13297568 0.5497051  0.31731924]
 [0.45890257 0.16593964 0.37515777]
 [0.15612191 0.718102   0.12577613]]
probabilities: [[0. 1. 0.]
 [0. 1. 0.]
 [0. 1. 0.]
 [0. 1. 0.]
 [0. 1. 0.]]
probabilities: [[0.43315023 0.46237314 0.10447664]
 [0.5688166  0.22479019 0.20639321]
 [0.16451396 0.1572758  0.67821026]
 [0.44798443 0.10021921 0.45179638]
 [0.6430203  0.19174387 0.16523586]]
probabilities: [[0.31274962 0.15135705 0.5358933 ]
 [0.12558751 0.26694745 0.607465  ]
 [0.376769   0.12316736 0.50006366]
 [0.28715563 0.06782717 0.6450172 ]
 [0.44015417 0.4586111  0.10123475]]
probabilities: [[0.1689068  0.05895596 0.7721372 ]
 [0.49797633 0.48466    0.01736367]
 [0.21044697 0.4779809  0.31157213]
 [0.08595201 0.21815543 0.6958926 ]
 [0.158054   0.66754013 0.1744059 ]]
probabilities: [[0.28791127 0.3862786  0.32581013]
 [0.05802186 0.7288559  0.21312225]
 [0.08934952 0.12573986 0.7849106 ]
 [0.5132716  0.10271996 0.3840085 ]
 [0.15234363 0.70583636 0.14182   ]]
probabilities: [[0.15780748 0.7805207  0.06167186]
 [0.27595177 0.37412363 0.3499246 ]
 [0.347286   0.48737308 0.16534095]
 [0.3008477  0.06722992 0.63192236]
 [0.34831297 0.46765235 0.18403466]]
probabilities: [[1. 0. 0.]
 [1. 0. 0.]
 [1. 0. 0.]
 [1. 0. 0.]
 [1. 0. 0.]]
probabilities: [[0.31478545 0.37387297 0.31134158]
 [0.01911875 0.12465258 0.85622865]
 [0.1330006  0.3802979  0.48670152]
 [0.32712784 0.61508924 0.05778291]
 [0.6933637  0.12288686 0.18374942]]
probabilities: [[0.3802917  0.50588465 0.11382366]
 [0.24457823 0.74258083 0.01284094]
 [0.28131032 0.580475   0.13821469]
 [0.32024908 0.21521088 0.46454003]
 [0.18499483 0.34532365 0.4696815 ]]
probabilities: [[0.0794929  0.6903746  0.23013248]
 [0.06892665 0.23350328 0.6975701 ]
 [0.01232179 0.6336344  0.3540438 ]
 [0.0268463  0.47875825 0.49439546]
 [0.6756848  0.23707    0.08724521]]
probabilities: [[0.22992389 0.3628007  0.40727544]
 [0.4249178  0.14601344 0.42906877]
 [0.8646673  0.1070077  0.02832499]
 [0.39359394 0.05169447 0.5547116 ]
 [0.22374178 0.51783735 0.25842085]]
probabilities: [[0.25290442 0.04693194 0.70016366]
 [0.32588384 0.35876277 0.3153534 ]
 [0.16258194 0.77331555 0.06410255]
 [0.15857878 0.32874832 0.5126729 ]
 [0.5333194  0.035512   0.43116856]]
probabilities: [[0. 0. 1.]
 [0. 1. 0.]
 [0. 1. 0.]
 [0. 0. 1.]
 [0. 0. 1.]]
probabilities: [[0.20324305 0.43502033 0.36173663]
 [0.00374967 0.37870377 0.61754656]
 [0.55885047 0.13547377 0.30567577]
 [0.12561698 0.44602552 0.4283575 ]
 [0.26969084 0.33451194 0.39579722]]
probabilities: [[0.21442884 0.7238101  0.06176106]
 [0.52808905 0.3042273  0.16768365]
 [0.17578235 0.04095917 0.7832585 ]
 [0.09255826 0.32150704 0.5859347 ]
 [0.83914727 0.08484933 0.07600342]]
probabilities: [[0.4135662  0.14795494 0.43847886]
 [0.6141469  0.24723583 0.13861728]
 [0.39893204 0.21050121 0.39056674]
 [0.18625978 0.65758514 0.15615508]
 [0.31564727 0.63974816 0.04460457]]
probabilities: [[0.10693451 0.6459306  0.24713491]
 [0.10157301 0.51546544 0.38296157]
 [0.08564193 0.3963885  0.51796955]
 [0.8772487  0.08091521 0.04183612]
 [0.64409965 0.05570282 0.3001975 ]]
probabilities: [[0.19455068 0.7805954  0.0248539 ]
 [0.17392324 0.3979969  0.42807987]
 [0.09452527 0.8954051  0.01006965]
 [0.57297736 0.00634964 0.420673  ]
 [0.16610199 0.09757555 0.73632246]]
probabilities: [[0. 1. 0.]
 [0. 1. 0.]
 [0. 1. 0.]
 [0. 1. 0.]
 [0. 1. 0.]]
probabilities: [[0.06813472 0.36578393 0.56608135]
 [0.00754145 0.8292271  0.16323146]
 [0.45930135 0.26667783 0.27402082]
 [0.01261786 0.8925396  0.09484252]
 [0.45374474 0.3917693  0.15448597]]
probabilities: [[0.705606   0.06745398 0.22694004]
 [0.0138349  0.08143038 0.90473473]
 [0.23982121 0.04045471 0.71972406]
 [0.59544605 0.17278717 0.23176675]
 [0.04424018 0.6368865  0.31887335]]
probabilities: [[0.4559202  0.4401778  0.10390203]
 [0.21964209 0.11468561 0.6656723 ]
 [0.4174328  0.08188485 0.50068235]
 [0.23998444 0.00688197 0.7531336 ]
 [0.10375913 0.22667074 0.66957015]]
probabilities: [[0.5496875  0.02584726 0.42446524]
 [0.7121757  0.19835828 0.08946599]
 [0.79463154 0.04391614 0.16145234]
 [0.4769204  0.23032528 0.29275432]
 [0.70549124 0.06614337 0.22836536]]
probabilities: [[0.3360066  0.31411907 0.34987432]
 [0.07029545 0.81036454 0.11934002]
 [0.08160232 0.49005908 0.4283386 ]
 [0.08173861 0.2321873  0.6860741 ]
 [0.18136051 0.01411337 0.8045261 ]]
probabilities: [[0. 1. 0.]
 [0. 1. 0.]
 [0. 1. 0.]
 [0. 1. 0.]
 [0. 1. 0.]]
probabilities: [[0.4885889  0.3478086  0.1636025 ]
 [0.5327797  0.20965825 0.25756204]
 [0.02845737 0.24078463 0.730758  ]
 [0.558074   0.4391002  0.00282579]
 [0.3748424  0.42152673 0.20363088]]
probabilities: [[0.28939587 0.07336343 0.6372407 ]
 [0.40615332 0.01902367 0.574823  ]
 [0.40193757 0.5222179  0.07584453]
 [0.08176504 0.46578443 0.4524505 ]
 [0.2735209  0.6161123  0.11036681]]
probabilities: [[0.18915021 0.71638423 0.09446558]
 [0.17107064 0.14932537 0.679604  ]
 [0.44485304 0.21977447 0.33537248]
 [0.14088152 0.76717246 0.09194604]
 [0.32868603 0.23753288 0.4337811 ]]
probabilities: [[0.17468207 0.07965071 0.7456672 ]
 [0.0895706  0.8294774  0.08095194]
 [0.4903853  0.17286007 0.33675465]
 [0.38628492 0.10262197 0.51109314]
 [0.03490694 0.5110471  0.45404592]]
probabilities: [[0.74901015 0.07701026 0.17397958]
 [0.21262863 0.06473903 0.72263235]
 [0.07298382 0.76139706 0.1656191 ]
 [0.37997404 0.3558173  0.26420867]
 [0.7066357  0.00794778 0.2854165 ]]
probabilities: [[0. 0. 1.]
 [0. 1. 0.]
 [0. 0. 1.]
 [0. 0. 1.]
 [0. 0. 1.]]
probabilities: [[0.24223724 0.5827591  0.1750037 ]
 [0.15495202 0.44868955 0.39635843]
 [0.24701369 0.37955055 0.37343577]
 [0.0425507  0.81494564 0.14250365]
 [0.14845178 0.73223764 0.11931056]]
probabilities: [[0.8675285  0.13071632 0.00175518]
 [0.12191759 0.04154547 0.83653694]
 [0.5737476  0.1795643  0.24668814]
 [0.11714086 0.45318735 0.4296718 ]
 [0.81347555 0.12987874 0.0566457 ]]
probabilities: [[0.08275662 0.22024746 0.6969959 ]
 [0.0269078  0.05635484 0.9167374 ]
 [0.4515     0.2594544  0.2890456 ]
 [0.26549917 0.17958957 0.55491126]
 [0.1423362  0.1030339  0.7546299 ]]
probabilities: [[0.05227833 0.1051665  0.84255517]
 [0.04157333 0.4009658  0.55746084]
 [0.09307128 0.39545563 0.51147306]
 [0.38520518 0.42471454 0.19008029]
 [0.8521584  0.05164798 0.09619357]]
probabilities: [[0.53885794 0.17956871 0.28157339]
 [0.08005218 0.22086836 0.69907945]
 [0.02492851 0.11418789 0.8608836 ]
 [0.06424148 0.71138227 0.22437626]
 [0.4330233  0.47851762 0.08845909]]
probabilities: [[0. 1. 0.]
 [0. 1. 0.]
 [0. 1. 0.]
 [0. 1. 0.]
 [0. 1. 0.]]
probabilities: [[0.39370048 0.18097164 0.4253279 ]
 [0.6154932  0.07729208 0.30721474]
 [0.50702536 0.43474472 0.05822992]
 [0.89981925 0.04281127 0.0573695 ]
 [0.334696   0.5336077  0.1316963 ]]
probabilities: [[0.21188614 0.25907943 0.52903444]
 [0.12187114 0.7124087  0.16572012]
 [0.16913077 0.5807535  0.25011575]
 [0.19705527 0.07803594 0.72490877]
 [0.5588978  0.32369152 0.11741072]]
probabilities: [[0.38200748 0.56744444 0.05054811]
 [0.17263377 0.02777625 0.79959   ]
 [0.22366023 0.6943472  0.08199256]
 [0.31615624 0.53769773 0.14614604]
 [0.01981814 0.88930935 0.09087252]]
probabilities: [[0.12296086 0.12071618 0.756323  ]
 [0.32312223 0.33294874 0.34392902]
 [0.32776868 0.27658078 0.39565054]
 [0.30096218 0.6508536  0.04818425]
 [0.18162538 0.65905935 0.15931529]]
probabilities: [[0.19480142 0.4676619  0.33753672]
 [0.72327614 0.21569647 0.06102737]
 [0.5368877  0.2269779  0.23613438]
 [0.09172039 0.23019356 0.67808604]
 [0.27735418 0.48187935 0.24076647]]
probabilities: [[0. 0. 1.]
 [0. 1. 0.]
 [0. 1. 0.]
 [0. 0. 1.]
 [0. 0. 1.]]
probabilities: [[4.4104850e-01 4.1108388e-01 1.4786761e-01]
 [1.4262415e-01 6.6843557e-01 1.8894029e-01]
 [8.1936270e-01 1.8044326e-01 1.9401731e-04]
 [6.8673116e-01 1.1624112e-01 1.9702771e-01]
 [2.1387272e-01 1.4689729e-01 6.3923001e-01]]
probabilities: [[0.3979461  0.4221528  0.17990112]
 [0.44474873 0.07190385 0.48334742]
 [0.10357613 0.87070394 0.02571996]
 [0.00548701 0.6542151  0.3402979 ]
 [0.75516087 0.00356542 0.24127372]]
probabilities: [[0.7261389  0.24107578 0.0327853 ]
 [0.1339756  0.04764616 0.81837827]
 [0.26992795 0.43662465 0.2934474 ]
 [0.06930706 0.525817   0.40487593]
 [0.18702485 0.5400799  0.27289525]]
probabilities: [[0.12368378 0.77941245 0.09690378]
 [0.08413815 0.7534444  0.16241744]
 [0.14704686 0.33682215 0.516131  ]
 [0.38585404 0.24553865 0.3686073 ]
 [0.07203647 0.61142975 0.31653377]]
probabilities: [[0.27530143 0.40002877 0.3246698 ]
 [0.521477   0.21686186 0.26166114]
 [0.3169183  0.5558746  0.1272071 ]
 [0.35337508 0.31919903 0.32742593]
 [0.4456037  0.41459012 0.13980617]]
probabilities: [[0. 1. 0.]
 [0. 1. 0.]
 [0. 1. 0.]
 [0. 1. 0.]
 [0. 1. 0.]]
probabilities: [[0.11883532 0.8687467  0.01241796]
 [0.03170485 0.14543511 0.82286006]
 [0.37737945 0.50301164 0.1196089 ]
 [0.00666277 0.5800345  0.41330272]
 [0.6362167  0.27665138 0.08713194]]
probabilities: [[0.1927583  0.6110377  0.19620402]
 [0.24390775 0.59568954 0.1604027 ]
 [0.5077907  0.30392832 0.18828098]
 [0.10514536 0.83716947 0.05768516]
 [0.44297576 0.01450271 0.54252154]]
probabilities: [[0.09642524 0.6081333  0.29544148]
 [0.787695   0.17313923 0.03916581]
 [0.12719958 0.5271134  0.34568703]
 [0.68822455 0.2513629  0.06041258]
 [0.672001   0.30540588 0.02259312]]
probabilities: [[0.32727578 0.6241491  0.04857513]
 [0.16770832 0.2751457  0.55714595]
 [0.53644127 0.43004304 0.03351571]
 [0.8790955  0.01943855 0.10146595]
 [0.36950806 0.08196356 0.5485284 ]]
probabilities: [[0.03716242 0.95677286 0.00606472]
 [0.07338856 0.03328763 0.89332384]
 [0.6188272  0.23649518 0.14467761]
 [0.7726337  0.20227012 0.02509623]
 [0.67250645 0.22963013 0.09786344]]
probabilities: [[0. 0. 1.]
 [0. 1. 0.]
 [0. 1. 0.]
 [0. 0. 1.]
 [0. 0. 1.]]
probabilities: [[0.49706617 0.45701844 0.04591537]
 [0.17812249 0.79576665 0.02611087]
 [0.54269874 0.20016772 0.25713357]
 [0.64170873 0.34628308 0.01200818]
 [0.3592303  0.4277432  0.2130265 ]]
probabilities: [[0.6911894  0.07810726 0.23070332]
 [0.06414209 0.56443334 0.3714246 ]
 [0.35882378 0.35549697 0.28567925]
 [0.02984199 0.662366   0.30779207]
 [0.51960564 0.2852629  0.19513144]]
probabilities: [[0.11999157 0.2577814  0.6222271 ]
 [0.05266009 0.30024084 0.6470991 ]
 [0.41120204 0.22473423 0.3640637 ]
 [0.0432604  0.2635257  0.6932139 ]
 [0.1501617  0.25446734 0.59537095]]
probabilities: [[0.3425549  0.32486546 0.33257967]
 [0.3264598  0.30884695 0.36469325]
 [0.14527136 0.38466096 0.47006768]
 [0.09908232 0.43130502 0.46961266]
 [0.21033536 0.456607   0.33305764]]
probabilities: [[0.15718213 0.27689096 0.5659269 ]
 [0.61070853 0.3300949  0.05919657]
 [0.05883612 0.6461675  0.29499632]
 [0.08176816 0.05599394 0.8622379 ]
 [0.24063    0.4517946  0.30757543]]
probabilities: [[0. 0. 1.]
 [0. 1. 0.]
 [0. 0. 1.]
 [0. 0. 1.]
 [0. 0. 1.]]
probabilities: [[0.5928089  0.15188473 0.2553064 ]
 [0.63840336 0.08439216 0.27720448]
 [0.04572082 0.43066567 0.5236135 ]
 [0.24646999 0.6517354  0.10179457]
 [0.02055014 0.85637575 0.12307414]]
probabilities: [[0.5709523  0.21815497 0.2108927 ]
 [0.03858437 0.19439627 0.76701933]
 [0.3279372  0.02324291 0.6488199 ]
 [0.67638683 0.16467224 0.15894096]
 [0.2452864  0.51940346 0.23531012]]
probabilities: [[0.27205586 0.25366172 0.47428244]
 [0.16930236 0.50453717 0.3261605 ]
 [0.82413757 0.100567   0.07529543]
 [0.874049   0.09370402 0.03224696]
 [0.0702733  0.12359995 0.8061268 ]]
probabilities: [[0.21022567 0.37359276 0.41618156]
 [0.06700632 0.46472114 0.46827254]
 [0.11121327 0.32693747 0.56184924]
 [0.808215   0.06948417 0.1223008 ]
 [0.27820045 0.21113384 0.5106657 ]]
probabilities: [[0.5715391  0.12507191 0.303389  ]
 [0.1124775  0.79723716 0.09028532]
 [0.09833407 0.7457005  0.15596543]
 [0.03594998 0.13361019 0.8304398 ]
 [0.15054858 0.8346573  0.01479409]]
probabilities: [[0. 0. 1.]
 [0. 1. 0.]
 [0. 0. 1.]
 [0. 0. 1.]
 [0. 0. 1.]]
probabilities: [[0.6013821  0.16804793 0.23057   ]
 [0.41163108 0.50976026 0.07860868]
 [0.1735889  0.54686546 0.27954566]
 [0.41023216 0.06310833 0.5266595 ]
 [0.0464907  0.87015516 0.08335413]]
probabilities: [[0.07621348 0.8820964  0.04169013]
 [0.43232235 0.26869348 0.29898417]
 [0.56396574 0.05953764 0.37649664]
 [0.09077322 0.44477338 0.46445343]
 [0.11200269 0.03050764 0.8574897 ]]
probabilities: [[0.36966506 0.38374835 0.2465866 ]
 [0.02441484 0.43751925 0.5380659 ]
 [0.19808897 0.24454753 0.5573635 ]
 [0.479193   0.02022499 0.500582  ]
 [0.6332525  0.22983266 0.13691483]]
probabilities: [[0.00253368 0.14363715 0.85382915]
 [0.07474096 0.4487803  0.47647876]
 [0.16164687 0.34160843 0.4967447 ]
 [0.794223   0.07099236 0.13478462]
 [0.2110286  0.01529788 0.7736735 ]]
probabilities: [[0.15029804 0.73639363 0.11330831]
 [0.3724062  0.06427916 0.5633146 ]
 [0.05962066 0.672711   0.26766834]
 [0.7033366  0.1765554  0.12010804]
 [0.2396803  0.18961133 0.5707084 ]]
probabilities: [[0. 1. 0.]
 [0. 1. 0.]
 [0. 1. 0.]
 [0. 1. 0.]
 [0. 1. 0.]]
probabilities: [[0.04901008 0.31880245 0.6321875 ]
 [0.13298698 0.5753206  0.2916924 ]
 [0.26698768 0.69805384 0.03495845]
 [0.13136339 0.37345597 0.49518064]
 [0.3718696  0.471409   0.15672141]]
probabilities: [[0.18856369 0.00369903 0.8077373 ]
 [0.8309536  0.07969349 0.08935289]
 [0.7088739  0.20835692 0.08276918]
 [0.3302599  0.5998459  0.06989419]
 [0.1274335  0.15969086 0.71287566]]
probabilities: [[0.4726783  0.21875979 0.30856192]
 [0.11832569 0.52851343 0.35316086]
 [0.03114844 0.5267055  0.44214606]
 [0.18440588 0.22696605 0.58862805]
 [0.26309732 0.25388783 0.48301485]]
probabilities: [[0.16253537 0.524057   0.31340766]
 [0.09514238 0.28473052 0.6201271 ]
 [0.4670025  0.39460808 0.13838941]
 [0.48026487 0.08242209 0.43731305]
 [0.27621832 0.5412863  0.18249537]]
probabilities: [[0.64486235 0.16384211 0.1912955 ]
 [0.07872567 0.61957604 0.3016983 ]
 [0.14241134 0.09620749 0.76138115]
 [0.04440971 0.71688616 0.2387041 ]
 [0.29566866 0.36753488 0.33679646]]
probabilities: [[0. 0. 1.]
 [0. 1. 0.]
 [0. 0. 1.]
 [0. 0. 1.]
 [0. 0. 1.]]
probabilities: [[0.11414389 0.28674123 0.5991149 ]
 [0.36680564 0.39852256 0.2346718 ]
 [0.00834023 0.08963356 0.90202624]
 [0.49910334 0.1213771  0.37951955]
 [0.22916621 0.71530455 0.05552923]]
probabilities: [[0.24821337 0.46248245 0.28930417]
 [0.1233062  0.4465107  0.4301831 ]
 [0.2926351  0.34508973 0.36227515]
 [0.5196824  0.2092542  0.27106336]
 [0.7561688  0.17624383 0.0675874 ]]
probabilities: [[0.57671666 0.0941722  0.3291111 ]
 [0.38857734 0.17523207 0.4361906 ]
 [0.11779172 0.5010079  0.38120037]
 [0.1439578  0.15327014 0.7027721 ]
 [0.61368996 0.37620732 0.01010271]]
probabilities: [[0.12208256 0.3868375  0.49107993]
 [0.44095117 0.2673462  0.29170263]
 [0.24958512 0.25261006 0.49780482]
 [0.4311594  0.07305091 0.4957897 ]
 [0.22254184 0.7065772  0.07088099]]
probabilities: [[0.32299903 0.19958976 0.4774112 ]
 [0.6294292  0.11657789 0.2539929 ]
 [0.06863449 0.12885948 0.802506  ]
 [0.05038388 0.2914238  0.65819234]
 [0.3040298  0.45316207 0.24280815]]
probabilities: [[1. 0. 0.]
 [1. 0. 0.]
 [1. 0. 0.]
 [1. 0. 0.]
 [1. 0. 0.]]
probabilities: [[0.32594764 0.50663406 0.16741829]
 [0.09247021 0.82284933 0.08468048]
 [0.02253001 0.86177224 0.11569778]
 [0.09759407 0.00385609 0.89854985]
 [0.33840162 0.46710226 0.1944961 ]]
probabilities: [[0.04185348 0.9358487  0.02229779]
 [0.08049329 0.3605514  0.5589553 ]
 [0.01638729 0.8385656  0.1450471 ]
 [0.5057089  0.22582832 0.26846284]
 [0.17917497 0.02163996 0.79918504]]
probabilities: [[0.29583266 0.07678942 0.6273779 ]
 [0.08971794 0.5862652  0.32401684]
 [0.908707   0.08181372 0.00947928]
 [0.72716427 0.08827385 0.18456186]
 [0.01767811 0.42768967 0.55463225]]
probabilities: [[0.03244762 0.02278148 0.94477093]
 [0.22725056 0.6039488  0.16880068]
 [0.02388981 0.7457782  0.23033202]
 [0.28150922 0.6453296  0.07316115]
 [0.1682506  0.49308273 0.33866668]]
probabilities: [[0.40118375 0.13877897 0.4600373 ]
 [0.42295027 0.21296926 0.3640805 ]
 [0.33161944 0.45484835 0.21353222]
 [0.6068999  0.140502   0.25259808]
 [0.23465724 0.10219606 0.6631467 ]]
probabilities: [[0. 0. 1.]
 [0. 1. 0.]
 [0. 0. 1.]
 [0. 0. 1.]
 [0. 0. 1.]]
probabilities: [[0.53449714 0.37979567 0.08570719]
 [0.6305739  0.05936171 0.31006435]
 [0.60909396 0.24869059 0.14221545]
 [0.6641109  0.16341239 0.17247672]
 [0.11105658 0.00550767 0.8834357 ]]
probabilities: [[0.6046569  0.2865503  0.10879278]
 [0.85079706 0.06936987 0.07983306]
 [0.0401642  0.2703745  0.6894613 ]
 [0.8657363  0.03274047 0.10152325]
 [0.12717697 0.5460482  0.3267748 ]]
probabilities: [[0.19494271 0.31582844 0.48922884]
 [0.2526856  0.24767083 0.49964356]
 [0.10203782 0.12366531 0.7742969 ]
 [0.54901206 0.2587181  0.19226982]
 [0.5156775  0.4323054  0.05201707]]
probabilities: [[0.18969479 0.09439682 0.7159084 ]
 [0.2598862  0.27796143 0.46215236]
 [0.26330495 0.6440327  0.09266237]
 [0.49747607 0.44960588 0.05291805]
 [0.4294084  0.26961967 0.30097196]]
probabilities: [[0.09274676 0.29932007 0.60793316]
 [0.32696992 0.533575   0.1394551 ]
 [0.43494993 0.48233712 0.08271294]
 [0.74842995 0.08401377 0.16755627]
 [0.47978216 0.4753899  0.04482794]]
probabilities: [[1. 0. 0.]
 [1. 0. 0.]
 [1. 0. 0.]
 [1. 0. 0.]
 [1. 0. 0.]]
probabilities: [[0.3779505  0.15574834 0.46630117]
 [0.14567897 0.39854738 0.45577365]
 [0.2608493  0.03853499 0.7006157 ]
 [0.28968018 0.60565746 0.10466235]
 [0.24973524 0.1782914  0.5719734 ]]
probabilities: [[0.81407464 0.1629151  0.02301025]
 [0.06327485 0.879678   0.05704712]
 [0.24830233 0.13395558 0.61774206]
 [0.4244888  0.2138534  0.36165777]
 [0.0498475  0.6755813  0.2745712 ]]
probabilities: [[0.2840471  0.14459369 0.5713592 ]
 [0.4431936  0.0164363  0.5403701 ]
 [0.13187268 0.7482586  0.1198687 ]
 [0.7640481  0.03663022 0.1993217 ]
 [0.22481865 0.2750561  0.5001252 ]]
probabilities: [[0.60267407 0.14729147 0.25003445]
 [0.09849913 0.8876522  0.01384862]
 [0.10784495 0.4841714  0.40798366]
 [0.27434647 0.47709578 0.24855775]
 [0.04531867 0.48560098 0.46908033]]
probabilities: [[0.02989848 0.5062948  0.46380675]
 [0.24739812 0.45629394 0.29630792]
 [0.21929927 0.2707788  0.5099219 ]
 [0.45195523 0.36712942 0.18091536]
 [0.15364638 0.09729589 0.7490577 ]]
probabilities: [[0. 1. 0.]
 [0. 1. 0.]
 [0. 1. 0.]
 [0. 1. 0.]
 [0. 1. 0.]]
probabilities: [[0.1799052  0.40834132 0.41175348]
 [0.6147692  0.23075609 0.15447468]
 [0.6893946  0.1766995  0.13390587]
 [0.0457667  0.41045928 0.543774  ]
 [0.30910775 0.3973898  0.29350248]]
probabilities: [[0.36826098 0.53720164 0.09453736]
 [0.11171103 0.09691407 0.7913749 ]
 [0.40934014 0.5754895  0.01517031]
 [0.08670074 0.13190682 0.78139246]
 [0.1801221  0.6630335  0.15684439]]
probabilities: [[0.3463586  0.00721437 0.64642704]
 [0.01052675 0.23229094 0.7571823 ]
 [0.0941619  0.01038456 0.8954535 ]
 [0.74804175 0.15230922 0.09964904]
 [0.14466873 0.31694904 0.53838223]]
probabilities: [[0.75999665 0.07797415 0.1620292 ]
 [0.27763528 0.5977958  0.12456892]
 [0.14876144 0.56402296 0.28721562]
 [0.05567956 0.5667048  0.37761563]
 [0.28729525 0.6718247  0.04088007]]
probabilities: [[0.4032491  0.2795785  0.31717238]
 [0.38062823 0.35784188 0.2615299 ]
 [0.01199015 0.22347142 0.76453847]
 [0.78879786 0.01811617 0.19308595]
 [0.8815335  0.09321502 0.02525146]]
probabilities: [[0. 0. 1.]
 [0. 1. 0.]
 [0. 1. 0.]
 [0. 0. 1.]
 [0. 0. 1.]]
probabilities: [[0.17057991 0.32612813 0.50329196]
 [0.3651426  0.41797972 0.21687765]
 [0.31651974 0.61229086 0.07118939]
 [0.42895105 0.07627878 0.49477017]
 [0.4597156  0.38548097 0.15480341]]
probabilities: [[0.2971299  0.70129275 0.00157735]
 [0.12961239 0.1585316  0.711856  ]
 [0.02020541 0.7172293  0.2625653 ]
 [0.2568345  0.36898497 0.37418053]
 [0.0350301  0.3960409  0.568929  ]]
probabilities: [[0.44124225 0.24045119 0.31830657]
 [0.35509098 0.17815357 0.46675545]
 [0.19985023 0.4532614  0.34688836]
 [0.03872324 0.01830877 0.942968  ]
 [0.43253234 0.38858888 0.17887878]]
probabilities: [[0.20834525 0.06821109 0.7234437 ]
 [0.18158874 0.59511423 0.22329706]
 [0.1906214  0.21566822 0.59371036]
 [0.8024639  0.00097559 0.19656053]
 [0.03218044 0.14543179 0.82238775]]
probabilities: [[0.03022625 0.8888436  0.08093014]
 [0.21510841 0.471105   0.3137866 ]
 [0.23127297 0.27568015 0.49304688]
 [0.38293374 0.2750165  0.34204978]
 [0.03484117 0.7671549  0.19800396]]
probabilities: [[0. 1. 0.]
 [0. 1. 0.]
 [0. 1. 0.]
 [0. 1. 0.]
 [0. 1. 0.]]
probabilities: [[0.0968854  0.48014945 0.42296517]
 [0.48130834 0.2618313  0.25686035]
 [0.7645791  0.17273635 0.06268453]
 [0.334329   0.5105345  0.15513645]
 [0.65445405 0.00383536 0.3417106 ]]
probabilities: [[0.12236764 0.6856142  0.19201815]
 [0.3777818  0.5030321  0.1191861 ]
 [0.56393665 0.28476742 0.15129595]
 [0.02532207 0.5708591  0.40381888]
 [0.7174289  0.16756602 0.11500508]]
probabilities: [[0.25817636 0.6592364  0.08258729]
 [0.12264434 0.01031866 0.867037  ]
 [0.367556   0.5789782  0.05346584]
 [0.61281085 0.07390515 0.313284  ]
 [0.02091908 0.10045759 0.8786233 ]]
probabilities: [[0.5994735  0.19790815 0.20261839]
 [0.16754568 0.42312118 0.40933314]
 [0.34917492 0.6286768  0.02214829]
 [0.18225892 0.6102491  0.20749198]
 [0.42888847 0.2485326  0.32257894]]
probabilities: [[0.46818045 0.1709726  0.36084694]
 [0.229982   0.16706353 0.60295445]
 [0.6667683  0.14505926 0.18817243]
 [0.3370472  0.58906823 0.07388455]
 [0.05343575 0.37145492 0.5751093 ]]
probabilities: [[1. 0. 0.]
 [1. 0. 0.]
 [1. 0. 0.]
 [1. 0. 0.]
 [1. 0. 0.]]
probabilities: [[0.05011017 0.3373913  0.6124986 ]
 [0.42502266 0.4302313  0.14474602]
 [0.5376934  0.3535536  0.10875306]
 [0.53142375 0.09467509 0.3739012 ]
 [0.80294806 0.01865289 0.17839903]]
probabilities: [[0.5978155  0.09113248 0.311052  ]
 [0.7411257  0.2543809  0.00449341]
 [0.6444797  0.27644566 0.07907465]
 [0.62064964 0.11798547 0.2613649 ]
 [0.00982558 0.05113191 0.9390425 ]]
probabilities: [[0.23022723 0.27761808 0.4921547 ]
 [0.41200465 0.44936493 0.13863042]
 [0.7277305  0.25705764 0.01521183]
 [0.06924388 0.8261576  0.1045985 ]
 [0.2923817  0.5809423  0.12667607]]
probabilities: [[0.77447736 0.11883418 0.10668843]
