probabilities: [[0. 1. 0.]
 [0. 1. 0.]
 [0. 1. 0.]
 [0. 1. 0.]
 [0. 1. 0.]]
probabilities: [[0.04200972 0.8797299  0.07826033]
 [0.5372642  0.41954303 0.04319276]
 [0.09117704 0.38565361 0.52316934]
 [0.35932454 0.3214315  0.31924397]
 [0.16181704 0.09744384 0.7407391 ]]
probabilities: [[0.3627244  0.15323168 0.48404393]
 [0.302583   0.55719703 0.14021994]
 [0.64764756 0.14435714 0.20799531]
 [0.13717274 0.07777495 0.7850523 ]
 [0.53077036 0.12376046 0.3454692 ]]
probabilities: [[0.4417566  0.5543057  0.00393774]
 [0.06818724 0.25383985 0.6779729 ]
 [0.63319755 0.10438772 0.26241472]
 [0.29455784 0.66541064 0.0400315 ]
 [0.6538601  0.23490912 0.11123081]]
probabilities: [[0. 0. 1.]
 [0. 1. 0.]
 [0. 0. 1.]
 [0. 0. 1.]
 [0. 0. 1.]]
probabilities: [[0.36478597 0.29822996 0.33698407]
 [0.43975365 0.4246301  0.13561626]
 [0.27237785 0.42097506 0.30664706]
 [0.23714544 0.18037911 0.5824754 ]
 [0.20804042 0.75762945 0.03433014]]
probabilities: [[0.63245064 0.23837505 0.12917429]
 [0.51457137 0.1627533  0.32267535]
 [0.43334076 0.39691758 0.16974166]
 [0.10306653 0.06297236 0.8339611 ]
 [0.337629   0.12816046 0.53421056]]
probabilities: [[0.19164659 0.68071264 0.12764077]
 [0.34313548 0.05555461 0.6013099 ]
 [0.2299264  0.04931593 0.72075766]
 [0.07982445 0.89420205 0.02597351]
 [0.22056255 0.04493869 0.73449874]]
probabilities: [[0. 1. 0.]
 [0. 1. 0.]
 [0. 1. 0.]
 [0. 1. 0.]
 [0. 1. 0.]]
probabilities: [[0.19094114 0.5631093  0.24594957]
 [0.15801471 0.29613644 0.54584885]
 [0.23298606 0.03730704 0.7297069 ]
 [0.42191568 0.41830152 0.1597828 ]
 [0.4625859  0.46812168 0.0692924 ]]
probabilities: [[0.32318795 0.26583794 0.41097412]
 [0.3196969  0.27423263 0.40607044]
 [0.2634294  0.4806928  0.25587776]
 [0.31170055 0.04858685 0.6397126 ]
 [0.14114203 0.54973817 0.3091198 ]]
probabilities: [[0.12463163 0.60129315 0.2740752 ]
 [0.36916804 0.4106933  0.22013865]
 [0.06178381 0.8042381  0.1339781 ]
 [0.4595039  0.13469645 0.40579966]
 [0.0243481  0.5127306  0.4629213 ]]
probabilities: [[0. 0. 1.]
 [0. 1. 0.]
 [0. 1. 0.]
 [0. 0. 1.]
 [0. 0. 1.]]
probabilities: [[0.05626871 0.17820922 0.76552206]
 [0.21117201 0.6707846  0.11804337]
 [0.17997968 0.17207064 0.6479497 ]
 [0.09195016 0.23163465 0.6764152 ]
 [0.89050615 0.01135696 0.09813692]]
probabilities: [[0.81087434 0.07851458 0.1106111 ]
 [0.01534513 0.67913306 0.30552182]
 [0.02137309 0.3585948  0.62003213]
 [0.3094481  0.5430403  0.14751166]
 [0.49764282 0.21337132 0.28898588]]
probabilities: [[0.6551806  0.2914696  0.05334979]
 [0.4547157  0.14672203 0.39856225]
 [0.04326726 0.9012365  0.05549628]
 [0.094512   0.57524973 0.33023828]
 [0.902739   0.0572222  0.04003879]]
probabilities: [[0. 1. 0.]
 [0. 1. 0.]
 [0. 1. 0.]
 [0. 1. 0.]
 [0. 1. 0.]]
probabilities: [[0.06982148 0.5680398  0.36213872]
 [0.08290032 0.19707711 0.72002256]
 [0.4266751  0.53983986 0.03348505]
 [0.47548547 0.01882849 0.50568604]
 [0.23958427 0.72263926 0.03777647]]
probabilities: [[0.56396186 0.15607654 0.27996162]
 [0.23377056 0.05454598 0.71168345]
 [0.4129011  0.17613485 0.41096404]
 [0.0238393  0.9008977  0.07526302]
 [0.3783456  0.25136092 0.37029347]]
probabilities: [[0.13416326 0.57069486 0.2951419 ]
 [0.83251166 0.03566745 0.13182087]
 [0.5745833  0.16903266 0.25638404]
 [0.02179375 0.61821806 0.3599882 ]
 [0.5510342  0.18793504 0.26103073]]
probabilities: [[0. 0. 1.]
 [0. 1. 0.]
 [0. 0. 1.]
 [0. 0. 1.]
 [0. 0. 1.]]
probabilities: [[0.16592993 0.7935575  0.04051252]
 [0.17861131 0.33177623 0.48961246]
 [0.473197   0.16574155 0.36106145]
 [0.11346268 0.22243264 0.6641047 ]
 [0.25855595 0.34424415 0.3971999 ]]
probabilities: [[0.71321833 0.2516885  0.03509314]
 [0.2508932  0.30145797 0.4476488 ]
 [0.5872626  0.00854062 0.40419683]
 [0.5278378  0.3821826  0.08997963]
 [0.2883204  0.10935851 0.6023211 ]]
probabilities: [[0.23111401 0.18209523 0.58679074]
 [0.26816055 0.54313785 0.18870158]
 [0.48653716 0.25665864 0.25680417]
 [0.45760837 0.43497843 0.1074132 ]
 [0.28485957 0.28754452 0.42759588]]
probabilities: [[0. 0. 1.]
 [0. 1. 0.]
 [0. 0. 1.]
 [0. 0. 1.]
 [0. 0. 1.]]
probabilities: [[0.06539004 0.72391325 0.2106967 ]
 [0.6677083  0.29906565 0.03322606]
 [0.07267969 0.10925342 0.8180669 ]
 [0.19764818 0.30920747 0.49314433]
 [0.1501899  0.6442292  0.20558093]]
probabilities: [[0.07716906 0.31527787 0.60755306]
 [0.00959246 0.17713666 0.81327087]
 [0.59851676 0.2488895  0.15259375]
 [0.18480621 0.5681145  0.24707928]
 [0.04283975 0.2967878  0.66037244]]
probabilities: [[0.04412372 0.43587667 0.5199996 ]
 [0.29365867 0.6806542  0.0256871 ]
 [0.82845473 0.01630259 0.15524268]
 [0.17078249 0.75036794 0.07884955]
 [0.39409032 0.41113538 0.19477431]]
probabilities: [[0. 0. 1.]
 [0. 1. 0.]
 [0. 1. 0.]
 [0. 0. 1.]
 [0. 0. 1.]]
probabilities: [[0.02080627 0.3092494  0.66994435]
 [0.28322682 0.5436121  0.17316109]
 [0.16587289 0.4874576  0.3466695 ]
 [0.4195166  0.22857769 0.3519057 ]
 [0.36681566 0.32863763 0.3045467 ]]
probabilities: [[0.20287034 0.7804173  0.01671232]
 [0.7753208  0.20522456 0.01945462]
 [0.57110226 0.18626234 0.24263541]
 [0.08364066 0.7469863  0.169373  ]
 [0.7109281  0.22566    0.06341194]]
probabilities: [[0.29027042 0.21220377 0.4975258 ]
 [0.8526254  0.00364408 0.14373048]
 [0.1003044  0.7742952  0.12540041]
 [0.7059134  0.24136618 0.05272042]
 [0.02339203 0.8550362  0.1215718 ]]
probabilities: [[0. 1. 0.]
 [0. 1. 0.]
 [0. 1. 0.]
 [0. 1. 0.]
 [0. 1. 0.]]
probabilities: [[0.39227983 0.4429392  0.16478099]
 [0.28602016 0.04068455 0.6732953 ]
 [0.1419807  0.06536854 0.79265076]
 [0.465357   0.5135321  0.02111092]
 [0.58808786 0.19393672 0.21797541]]
probabilities: [[0.51492596 0.39681327 0.08826077]
 [0.44254524 0.49804237 0.05941238]
 [0.05801393 0.28134084 0.66064525]
 [0.3244288  0.3602463  0.31532487]
 [0.08982972 0.57821745 0.3319528 ]]
probabilities: [[0.02219828 0.9375147  0.040287  ]
 [0.4342568  0.19421206 0.37153116]
 [0.27340066 0.6913568  0.03524253]
 [0.28062022 0.5418188  0.17756099]
 [0.03065212 0.36650312 0.6028448 ]]
probabilities: [[0. 1. 0.]
 [0. 1. 0.]
 [0. 1. 0.]
 [0. 1. 0.]
 [0. 1. 0.]]
probabilities: [[0.20322156 0.7082789  0.08849958]
 [0.39922082 0.5659658  0.03481339]
 [0.1918002  0.52781004 0.28038976]
 [0.8514547  0.02277613 0.12576917]
 [0.08210152 0.6922838  0.22561468]]
probabilities: [[0.555648   0.2619401  0.18241185]
 [0.36946973 0.09527192 0.53525835]
 [0.466268   0.23353244 0.30019954]
 [0.24518406 0.03074308 0.7240729 ]
 [0.09406462 0.6244026  0.2815328 ]]
probabilities: [[0.63347447 0.32712293 0.03940259]
 [0.66848785 0.27461013 0.05690202]
 [0.9451051  0.04841529 0.00647966]
 [0.08789882 0.29506683 0.6170343 ]
 [0.50825715 0.01463719 0.47710565]]
probabilities: [[0. 1. 0.]
 [0. 1. 0.]
 [0. 1. 0.]
 [0. 1. 0.]
 [0. 1. 0.]]
probabilities: [[0.97416425 0.02339724 0.00243853]
 [0.0150614  0.87036246 0.11457615]
 [0.78022194 0.1344786  0.08529945]
 [0.44572723 0.04230477 0.511968  ]
 [0.13504937 0.3414343  0.5235163 ]]
probabilities: [[0.8363393  0.16221727 0.00144341]
 [0.4347064  0.09537838 0.46991524]
 [0.07797618 0.23205826 0.68996555]
 [0.7864319  0.03928784 0.17428026]
 [0.03399947 0.6204241  0.34557644]]
probabilities: [[0.30489376 0.07905783 0.6160484 ]
 [0.37040123 0.20702176 0.42257702]
 [0.29915813 0.29840603 0.40243584]
 [0.5554193  0.18427187 0.2603088 ]
 [0.53890526 0.04995324 0.41114148]]
probabilities: [[1. 0. 0.]
 [1. 0. 0.]
 [1. 0. 0.]
 [1. 0. 0.]
 [1. 0. 0.]]
probabilities: [[0.46237355 0.19956301 0.33806342]
 [0.42420867 0.17520462 0.40058672]
 [0.38104913 0.560275   0.05867583]
 [0.17829393 0.17563397 0.6460721 ]
 [0.07492941 0.68837523 0.23669535]]
probabilities: [[0.0226871  0.56563413 0.4116788 ]
 [0.09067295 0.5590815  0.35024554]
 [0.40188658 0.02982056 0.56829286]
 [0.04428505 0.65797424 0.29774073]
 [0.31015378 0.08179966 0.60804653]]
probabilities: [[0.3339549  0.47363394 0.19241117]
 [0.8566109  0.05026275 0.09312638]
 [0.23561986 0.07784483 0.6865353 ]
 [0.17649448 0.6390284  0.18447715]
 [0.5148007  0.11025067 0.37494862]]
probabilities: [[1. 0. 0.]
 [1. 0. 0.]
 [1. 0. 0.]
 [1. 0. 0.]
 [1. 0. 0.]]
probabilities: [[0.73326224 0.11301233 0.15372543]
 [0.21418208 0.37187693 0.413941  ]
 [0.18936832 0.6326765  0.17795518]
 [0.21452938 0.55490947 0.23056112]
 [0.8052835  0.06616312 0.12855338]]
probabilities: [[0.28701788 0.24124178 0.47174034]
 [0.05787103 0.5329941  0.40913486]
 [0.8219404  0.02265895 0.15540062]
 [0.1091632  0.37561285 0.5152239 ]
 [0.41052467 0.45835328 0.13112205]]
probabilities: [[0.077924   0.2576552  0.6644208 ]
 [0.20555751 0.52247125 0.27197126]
 [0.522833   0.08314662 0.3940204 ]
 [0.18485428 0.10991383 0.7052319 ]
 [0.1902959  0.7832366  0.02646744]]
probabilities: [[1. 0. 0.]
 [1. 0. 0.]
 [1. 0. 0.]
 [1. 0. 0.]
 [1. 0. 0.]]
probabilities: [[0.17594875 0.13350017 0.69055104]
 [0.37282777 0.08345836 0.54371387]
 [0.22192448 0.6093471  0.16872841]
 [0.7438612  0.01735902 0.2387798 ]
 [0.12367741 0.46189666 0.4144259 ]]
probabilities: [[0.19321842 0.4457231  0.36105847]
 [0.6805146  0.26075518 0.05873023]
 [0.50139993 0.34488362 0.15371646]
 [0.363933   0.1102672  0.5257998 ]
 [0.70095176 0.11314227 0.18590596]]
probabilities: [[0.17099793 0.40279388 0.4262082 ]
 [0.09304251 0.10023832 0.8067192 ]
 [0.67289007 0.2984903  0.02861961]
 [0.18888856 0.75069714 0.06041433]
 [0.1777548  0.2849468  0.5372984 ]]
probabilities: [[0. 0. 1.]
 [0. 1. 0.]
 [0. 1. 0.]
 [0. 0. 1.]
 [0. 0. 1.]]
probabilities: [[0.90772104 0.08136556 0.0109134 ]
 [0.80729234 0.11470455 0.07800312]
 [0.03898728 0.12917674 0.831836  ]
 [0.2908989  0.5012704  0.20783068]
 [0.37804082 0.05161581 0.5703434 ]]
probabilities: [[0.62144583 0.0092109  0.36934325]
 [0.6086907  0.1858929  0.20541643]
 [0.01886404 0.06141749 0.91971844]
 [0.09558325 0.6651215  0.23929527]
 [0.29951182 0.4912525  0.20923568]]
probabilities: [[0.53064734 0.12694952 0.34240314]
 [0.22928217 0.1330005  0.63771737]
 [0.03271731 0.07278842 0.8944943 ]
 [0.08977334 0.69366026 0.21656638]
 [0.00947528 0.24363977 0.74688494]]
probabilities: [[0. 0. 1.]
 [0. 1. 0.]
 [0. 1. 0.]
 [0. 0. 1.]
 [0. 0. 1.]]
probabilities: [[0.20560063 0.04977672 0.74462265]
 [0.12359516 0.708313   0.16809186]
 [0.5941624  0.12392259 0.281915  ]
 [0.26762387 0.06543422 0.6669419 ]
 [0.09945402 0.32929987 0.57124615]]
probabilities: [[0.4193645  0.17601335 0.40462214]
 [0.23420565 0.1865958  0.57919854]
 [0.72926027 0.02251127 0.24822848]
 [0.04180882 0.75662076 0.20157042]
 [0.6212084  0.19369005 0.18510152]]
probabilities: [[0.4607567  0.00358647 0.53565687]
 [0.5003063  0.08902954 0.41066417]
 [0.19006753 0.6634607  0.1464718 ]
 [0.56085026 0.33092085 0.1082289 ]
 [0.97255987 0.01459499 0.01284511]]
probabilities: [[0. 1. 0.]
 [0. 1. 0.]
 [0. 1. 0.]
 [0. 1. 0.]
 [0. 1. 0.]]
probabilities: [[0.18487677 0.35254687 0.46257636]
 [0.23577017 0.326236   0.43799382]
 [0.6929376  0.22190993 0.08515248]
 [0.20000358 0.7028591  0.09713733]
 [0.0464635  0.2166804  0.7368561 ]]
probabilities: [[0.02433607 0.0696894  0.9059745 ]
 [0.37635317 0.52030826 0.10333858]
 [0.6718051  0.20482744 0.12336745]
 [0.01609785 0.39884582 0.5850563 ]
 [0.48829064 0.18600194 0.3257074 ]]
probabilities: [[0.00691238 0.5464401  0.4466475 ]
 [0.6140933  0.27858645 0.10732026]
 [0.03160885 0.4789597  0.48943144]
 [0.1700722  0.26250774 0.56742007]
 [0.2551354  0.44384214 0.30102244]]
probabilities: [[0. 0. 1.]
 [0. 1. 0.]
 [0. 0. 1.]
 [0. 0. 1.]
 [0. 0. 1.]]
probabilities: [[0.7449564  0.16795598 0.08708762]
 [0.7002853  0.19588462 0.10383004]
 [0.8380509  0.05290555 0.10904352]
 [0.60371125 0.31233218 0.08395656]
 [0.2353519  0.15210582 0.6125423 ]]
probabilities: [[0.47259712 0.10096131 0.42644158]
 [0.25656563 0.07486451 0.66856986]
 [0.41118202 0.3661558  0.22266217]
 [0.5256886  0.32681006 0.1475014 ]
 [0.42686352 0.35151583 0.22162063]]
probabilities: [[0.1471727  0.56134653 0.29148078]
 [0.27394518 0.63254356 0.09351124]
 [0.5113842  0.36930737 0.11930846]
 [0.24984068 0.5330133  0.21714601]
 [0.03019033 0.10467034 0.8651393 ]]
probabilities: [[1. 0. 0.]
 [1. 0. 0.]
 [1. 0. 0.]
 [1. 0. 0.]
 [1. 0. 0.]]
probabilities: [[0.70687383 0.2726278  0.02049834]
 [0.65957445 0.15153229 0.18889324]
 [0.25214452 0.5177387  0.23011678]
 [0.07188921 0.13416775 0.79394305]
 [0.54406637 0.13865699 0.31727663]]
probabilities: [[0.06528042 0.41819543 0.51652414]
 [0.2555368  0.69225913 0.05220409]
 [0.09631857 0.6565746  0.24710684]
 [0.24508178 0.7476834  0.00723483]
 [0.20720921 0.5760815  0.21670927]]
probabilities: [[0.12082454 0.8488542  0.03032126]
 [0.39635944 0.17680074 0.4268398 ]
 [0.471674   0.00729558 0.5210304 ]
 [0.04678369 0.87568134 0.07753494]
 [0.15927987 0.30531904 0.5354011 ]]
probabilities: [[0. 0. 1.]
 [0. 1. 0.]
 [0. 0. 1.]
 [0. 0. 1.]
 [0. 0. 1.]]
probabilities: [[0.3429049  0.3627539  0.2943412 ]
 [0.18315382 0.11204961 0.70479655]
 [0.11503534 0.76835686 0.11660781]
 [0.3919619  0.53348327 0.07455485]
 [0.15079284 0.13575616 0.713451  ]]
probabilities: [[6.14145458e-01 1.97296947e-01 1.88557625e-01]
 [5.46397805e-01 2.26448864e-01 2.27153316e-01]
 [8.85085404e-01 2.58655827e-02 8.90490413e-02]
 [8.08819413e-01 1.91068143e-01 1.12444606e-04]
 [2.15156004e-01 1.88968793e-01 5.95875204e-01]]
probabilities: [[0.16536145 0.10418906 0.7304495 ]
 [0.47800243 0.24746512 0.27453244]
 [0.33611643 0.4961251  0.16775846]
 [0.14585015 0.1963935  0.6577563 ]
 [0.42613062 0.12067193 0.45319745]]
probabilities: [[1. 0. 0.]
 [1. 0. 0.]
 [1. 0. 0.]
 [1. 0. 0.]
 [1. 0. 0.]]
probabilities: [[0.46887952 0.04953453 0.48158595]
 [0.34247914 0.43011314 0.22740772]
 [0.08403511 0.16049506 0.7554698 ]
 [0.35667273 0.22804059 0.41528666]
 [0.2716684  0.12164941 0.6066822 ]]
probabilities: [[5.0285316e-01 2.6369146e-01 2.3345537e-01]
 [8.2029521e-02 1.2023296e-01 7.9773754e-01]
 [1.5626820e-03 8.1095827e-01 1.8747903e-01]
 [2.5576566e-04 5.9033573e-01 4.0940848e-01]
 [4.0142038e-01 3.8487089e-01 2.1370873e-01]]
probabilities: [[0.13318844 0.5936639  0.2731477 ]
 [0.6086936  0.06575443 0.32555196]
 [0.15693344 0.4356498  0.40741676]
 [0.16366167 0.5724113  0.263927  ]
 [0.06535169 0.28938973 0.6452586 ]]
probabilities: [[0. 0. 1.]
 [0. 1. 0.]
 [0. 0. 1.]
 [0. 0. 1.]
 [0. 0. 1.]]
probabilities: [[0.7117971  0.2770348  0.01116813]
 [0.35854673 0.5170823  0.12437097]
 [0.49372858 0.04151471 0.4647567 ]
 [0.5067069  0.20541027 0.2878828 ]
 [0.2698569  0.20113005 0.5290131 ]]
probabilities: [[0.37113634 0.21568647 0.4131772 ]
 [0.03220638 0.2698499  0.6979437 ]
 [0.41737777 0.42673072 0.15589152]
 [0.23830943 0.10350583 0.65818477]
 [0.72565967 0.18280868 0.09153166]]
probabilities: [[0.26438248 0.56529224 0.17032528]
 [0.14370732 0.3736403  0.4826524 ]
 [0.326382   0.35757044 0.31604755]
 [0.1651596  0.42990336 0.40493703]
 [0.29687044 0.4593885  0.24374107]]
probabilities: [[0. 1. 0.]
 [0. 1. 0.]
 [0. 1. 0.]
 [0. 1. 0.]
 [0. 1. 0.]]
probabilities: [[0.20258075 0.6392485  0.15817079]
 [0.265713   0.7305445  0.00374248]
 [0.612813   0.2906445  0.09654252]
 [0.16135906 0.7321341  0.10650683]
 [0.71838516 0.08639824 0.1952166 ]]
probabilities: [[0.2195589  0.7623464  0.0180947 ]
 [0.1760622  0.02706834 0.79686946]
 [0.17994608 0.39102682 0.4290271 ]
 [0.07875206 0.0920058  0.82924217]
 [0.2978032  0.2083162  0.4938806 ]]
probabilities: [[0.12443832 0.03392469 0.841637  ]
 [0.08281457 0.78280145 0.13438398]
 [0.7551797  0.02601088 0.21880944]
 [0.3240125  0.31892627 0.35706124]
 [0.15300427 0.19174169 0.65525407]]
probabilities: [[0. 1. 0.]
 [0. 1. 0.]
 [0. 1. 0.]
 [0. 1. 0.]
 [0. 1. 0.]]
probabilities: [[0.6037755  0.15972058 0.23650393]
 [0.07464334 0.86466336 0.06069331]
 [0.08078817 0.6358313  0.28338054]
 [0.34979308 0.63855094 0.01165596]
 [0.33574724 0.40925494 0.25499782]]
probabilities: [[0.51368225 0.22861437 0.25770336]
 [0.51698124 0.28401768 0.19900109]
 [0.37544885 0.27085721 0.35369393]
 [0.23891953 0.48987687 0.2712036 ]
 [0.3878728  0.18586856 0.42625865]]
probabilities: [[0.68473214 0.20694916 0.10831872]
 [0.36828652 0.24623343 0.38548005]
 [0.40675643 0.3423918  0.25085178]
 [0.09052823 0.08152225 0.8279495 ]
 [0.03855334 0.71897113 0.24247552]]
probabilities: [[1. 0. 0.]
 [1. 0. 0.]
 [1. 0. 0.]
 [1. 0. 0.]
 [1. 0. 0.]]
probabilities: [[0.12298919 0.13635054 0.74066025]
 [0.0428802  0.90044075 0.05667905]
 [0.8223889  0.1613752  0.01623588]
 [0.6723526  0.20205073 0.12559666]
 [0.15053456 0.16997018 0.6794953 ]]
probabilities: [[0.08681457 0.5451223  0.3680631 ]
 [0.50518405 0.4370163  0.05779965]
 [0.09899735 0.01921573 0.88178694]
 [0.58570397 0.04066472 0.37363133]
 [0.5168371  0.27205577 0.21110712]]
probabilities: [[0.17749806 0.3811749  0.44132704]
 [0.23087028 0.41333452 0.3557952 ]
 [0.50161946 0.17761384 0.3207667 ]
 [0.29967406 0.05990327 0.64042264]
 [0.12385868 0.49182072 0.3843206 ]]
probabilities: [[0. 1. 0.]
 [0. 1. 0.]
 [0. 1. 0.]
 [0. 1. 0.]
 [0. 1. 0.]]
probabilities: [[0.8201921  0.02184781 0.15796007]
 [0.2748571  0.01139823 0.71374464]
 [0.2513904  0.7360582  0.01255145]
 [0.44758743 0.3845627  0.16784985]
 [0.20305157 0.04900206 0.7479464 ]]
probabilities: [[0.7213657  0.06189761 0.21673672]
 [0.34644642 0.21593265 0.43762094]
 [0.02310413 0.58560795 0.39128795]
 [0.5084802  0.2540145  0.23750532]
 [0.11902487 0.7429347  0.13804044]]
probabilities: [[0.515536   0.4798566  0.00460738]
 [0.1425572  0.16510022 0.6923426 ]
 [0.14498551 0.3935734  0.46144107]
 [0.07154995 0.66510004 0.26335004]
 [0.18808989 0.65571517 0.15619491]]
probabilities: [[0. 1. 0.]
 [0. 1. 0.]
 [0. 1. 0.]
 [0. 1. 0.]
 [0. 1. 0.]]
probabilities: [[0.26407433 0.43818408 0.2977416 ]
 [0.16854826 0.39733854 0.4341132 ]
 [0.26996094 0.22721516 0.5028239 ]
 [0.89329207 0.06764966 0.03905828]
 [0.0684967  0.71232986 0.21917345]]
probabilities: [[0.59031475 0.01198707 0.3976982 ]
 [0.7093685  0.18767668 0.10295476]
 [0.01454704 0.9532772  0.03217581]
 [0.30307886 0.2645227  0.43239844]
 [0.1783881  0.34148777 0.48012415]]
probabilities: [[0.09327035 0.726351   0.1803786 ]
 [0.06086528 0.33907238 0.6000624 ]
 [0.12865633 0.23371555 0.63762814]
 [0.07948731 0.45787853 0.46263415]
 [0.0176725  0.06517622 0.9171513 ]]
probabilities: [[0. 0. 1.]
 [0. 1. 0.]
 [0. 0. 1.]
 [0. 0. 1.]
 [0. 0. 1.]]
probabilities: [[0.65954405 0.22926472 0.11119123]
 [0.23040879 0.34569848 0.42389274]
 [0.05536707 0.16037662 0.78425634]
 [0.551627   0.13427442 0.3140986 ]
 [0.00886657 0.4015413  0.58959216]]
probabilities: [[0.27784532 0.7169126  0.00524208]
 [0.31802467 0.30644462 0.37553072]
 [0.8851106  0.03421097 0.08067844]
 [0.41608003 0.28407636 0.29984364]
 [0.26592514 0.2648651  0.4692098 ]]
probabilities: [[0.5720418  0.24066955 0.18728866]
 [0.17403051 0.7298083  0.09616124]
 [0.05729017 0.84046245 0.10224737]
 [0.30498692 0.2964167  0.39859638]
 [0.8221794  0.06549907 0.11232153]]
probabilities: [[0. 0. 1.]
 [0. 1. 0.]
 [0. 1. 0.]
 [0. 0. 1.]
 [0. 0. 1.]]
probabilities: [[0.14874357 0.03453169 0.8167247 ]
 [0.4642677  0.08994836 0.4457839 ]
 [0.42297995 0.32835397 0.24866608]
 [0.00225439 0.09967235 0.89807326]
 [0.05878845 0.7650001  0.17621145]]
probabilities: [[0.05424995 0.39927298 0.5464771 ]
 [0.08400912 0.097156   0.8188349 ]
 [0.17765294 0.76256216 0.05978489]
 [0.12086517 0.76124495 0.11788986]
 [0.03919541 0.4487761  0.5120285 ]]
probabilities: [[0.9162141  0.00867991 0.07510601]
 [0.7332422  0.04267264 0.22408512]
 [0.08087952 0.3401852  0.57893527]
 [0.5564267  0.44217607 0.00139722]
 [0.23734973 0.5490125  0.21363781]]
probabilities: [[1. 0. 0.]
 [1. 0. 0.]
 [1. 0. 0.]
 [1. 0. 0.]
 [1. 0. 0.]]
probabilities: [[0.3631587  0.17394397 0.46289733]
 [0.06277041 0.6632262  0.2740034 ]
 [0.42053917 0.48217672 0.0972841 ]
 [0.34989133 0.57726353 0.07284512]
 [0.73213804 0.21848685 0.04937509]]
probabilities: [[0.6131279  0.33014444 0.05672765]
 [0.21596447 0.7348432  0.04919236]
 [0.01603702 0.05844701 0.92551595]
 [0.49346465 0.24063107 0.26590428]
 [0.13272737 0.1380576  0.729215  ]]
probabilities: [[0.39352307 0.3958447  0.21063222]
 [0.13228828 0.8131754  0.05453636]
 [0.8166013  0.14081322 0.04258553]
 [0.21222246 0.66277874 0.12499883]
 [0.08374757 0.15820803 0.7580444 ]]
probabilities: [[1. 0. 0.]
 [1. 0. 0.]
 [1. 0. 0.]
 [1. 0. 0.]
 [1. 0. 0.]]
probabilities: [[0.24997431 0.64605176 0.10397392]
 [0.83264816 0.03365036 0.13370146]
 [0.10201296 0.30510905 0.592878  ]
 [0.44294533 0.31962326 0.23743139]
 [0.16230024 0.8228585  0.01484122]]
probabilities: [[0.85690224 0.08523052 0.05786722]
 [0.319228   0.05046758 0.6303044 ]
 [0.5383647  0.1981869  0.26344842]
 [0.4484889  0.0106211  0.54089004]
 [0.01228027 0.79323155 0.19448818]]
probabilities: [[7.1946841e-01 6.5039985e-02 2.1549162e-01]
 [2.2060949e-02 8.8284367e-01 9.5095351e-02]
 [4.6201059e-01 2.3081483e-01 3.0717456e-01]
 [3.6865187e-01 2.9332912e-01 3.3801904e-01]
 [6.8582885e-04 9.0399492e-01 9.5319256e-02]]
probabilities: [[0. 0. 1.]
 [0. 1. 0.]
 [0. 0. 1.]
 [0. 0. 1.]
 [0. 0. 1.]]
probabilities: [[0.30154526 0.31462926 0.38382545]
 [0.23425853 0.6853322  0.08040931]
 [0.8396516  0.10959462 0.05075381]
 [0.75678164 0.05076937 0.19244902]
 [0.34885433 0.09743495 0.5537107 ]]
probabilities: [[0.12314431 0.43517238 0.44168332]
 [0.4537393  0.2555553  0.2907054 ]
 [0.08085169 0.39430994 0.5248384 ]
 [0.32608783 0.24395779 0.42995438]
 [0.18377927 0.34626317 0.46995756]]
probabilities: [[0.1381164  0.44082147 0.42106214]
 [0.56570506 0.04722127 0.3870737 ]
 [0.66668576 0.0446592  0.28865507]
 [0.3087166  0.60691345 0.08436995]
 [0.39154446 0.4443388  0.16411677]]
probabilities: [[0. 0. 1.]
 [0. 1. 0.]
 [0. 1. 0.]
 [0. 0. 1.]
 [0. 0. 1.]]
probabilities: [[0.11058327 0.4946924  0.39472434]
 [0.5842847  0.09753004 0.31818527]
 [0.2333309  0.12613006 0.64053905]
 [0.18916583 0.6811413  0.12969285]
 [0.05070974 0.41067588 0.5386144 ]]
probabilities: [[0.21936917 0.7276215  0.05300935]
 [0.5156021  0.24468447 0.23971343]
 [0.39396217 0.57250834 0.03352949]
 [0.387839   0.30501544 0.3071456 ]
 [0.5853772  0.3908985  0.0237243 ]]
probabilities: [[0.33012155 0.621314   0.04856445]
 [0.05080272 0.5611854  0.38801187]
 [0.6139451  0.2347835  0.15127137]
 [0.5289077  0.00574856 0.4653437 ]
 [0.31454903 0.48594716 0.1995038 ]]
probabilities: [[0. 0. 1.]
 [0. 1. 0.]
 [0. 1. 0.]
 [0. 0. 1.]
 [0. 0. 1.]]
probabilities: [[0.5300218  0.32406628 0.14591192]
 [0.09212387 0.22817127 0.67970484]
 [0.21751828 0.13557014 0.64691156]
 [0.17709538 0.14124529 0.68165934]
 [0.39839855 0.5552927  0.04630871]]
probabilities: [[0.7607201  0.11455704 0.12472289]
 [0.9200658  0.02158201 0.05835219]
 [0.28885245 0.46435416 0.24679339]
 [0.30665788 0.47781587 0.21552625]
 [0.0783706  0.10136425 0.8202652 ]]
probabilities: [[0.1859517  0.3864595  0.42758882]
 [0.57452804 0.12049899 0.30497298]
 [0.43998143 0.15824059 0.40177798]
 [0.25657496 0.4700099  0.27341515]
 [0.28444096 0.4107719  0.30478713]]
probabilities: [[1. 0. 0.]
 [1. 0. 0.]
 [1. 0. 0.]
 [1. 0. 0.]
 [1. 0. 0.]]
probabilities: [[0.30738053 0.01461991 0.67799956]
 [0.76026917 0.1468412  0.09288962]
 [0.29091692 0.21514452 0.49393857]
 [0.17954253 0.14396428 0.67649317]
 [0.35971633 0.24076135 0.39952233]]
probabilities: [[0.40810072 0.5362147  0.05568458]
 [0.22670557 0.04664754 0.7266469 ]
 [0.01199073 0.05896134 0.92904794]
 [0.20996907 0.53242385 0.2576071 ]
 [0.13538966 0.4628692  0.40174115]]
probabilities: [[0.60304517 0.01904972 0.37790513]
 [0.25811884 0.29477838 0.44710276]
 [0.22624293 0.38587433 0.38788274]
 [0.16787222 0.03543057 0.7966972 ]
 [0.05223773 0.4496937  0.49806854]]
probabilities: [[0. 0. 1.]
 [0. 1. 0.]
 [0. 0. 1.]
 [0. 0. 1.]
 [0. 0. 1.]]
probabilities: [[0.8610694  0.01589686 0.12303378]
 [0.19388184 0.7732492  0.03286892]
 [0.34224588 0.3544602  0.30329388]
 [0.01151083 0.5558447  0.43264443]
 [0.17987648 0.76852566 0.05159784]]
probabilities: [[0.17113188 0.6332069  0.1956612 ]
 [0.28106678 0.31277385 0.40615937]
 [0.58271694 0.26731828 0.14996476]
 [0.3876418  0.43267995 0.17967826]
 [0.16014275 0.01919234 0.82066494]]
probabilities: [[0.17401826 0.6785811  0.1474006 ]
 [0.30880776 0.23459621 0.45659602]
 [0.31910172 0.55700606 0.12389224]
 [0.5309573  0.37377247 0.09527022]
 [0.9136126  0.0643408  0.02204661]]
probabilities: [[1. 0. 0.]
 [1. 0. 0.]
 [1. 0. 0.]
 [1. 0. 0.]
 [1. 0. 0.]]
probabilities: [[0.49423698 0.42341924 0.0823438 ]
 [0.51359516 0.05738558 0.42901924]
 [0.07310304 0.8887492  0.03814778]
 [0.55702466 0.35999343 0.0829819 ]
 [0.2908658  0.23460053 0.47453365]]
probabilities: [[0.04854028 0.09437989 0.8570798 ]
 [0.43078336 0.30209047 0.26712617]
 [0.84415907 0.11762948 0.03821144]
 [0.14869791 0.8413157  0.00998639]
 [0.50455046 0.15417251 0.34127706]]
probabilities: [[0.532548   0.00593951 0.46151248]
 [0.4872167  0.01450028 0.498283  ]
 [0.11636443 0.65285796 0.23077759]
 [0.43826425 0.54289293 0.01884283]
 [0.23649186 0.01375686 0.74975127]]
probabilities: [[0. 0. 1.]
 [0. 1. 0.]
 [0. 1. 0.]
 [0. 0. 1.]
 [0. 0. 1.]]
probabilities: [[0.35699677 0.30300254 0.34000072]
 [0.21699211 0.3000657  0.48294216]
 [0.66692334 0.2653623  0.06771439]
 [0.61430424 0.08630548 0.29939026]
 [0.00157386 0.5101483  0.48827782]]
probabilities: [[0.6084388  0.1648951  0.22666614]
 [0.04728272 0.83300716 0.11971011]
 [0.19265549 0.00261872 0.80472577]
 [0.30728826 0.20190074 0.49081102]
 [0.01589712 0.5306883  0.45341462]]
probabilities: [[0.48469293 0.4111359  0.10417115]
 [0.03847956 0.09600803 0.86551243]
 [0.27043253 0.3231044  0.40646306]
 [0.3971661  0.1091583  0.4936756 ]
 [0.09052958 0.8618274  0.04764308]]
probabilities: [[0. 1. 0.]
 [0. 1. 0.]
 [0. 1. 0.]
 [0. 1. 0.]
 [0. 1. 0.]]
probabilities: [[0.35457712 0.6288141  0.0166088 ]
 [0.05700289 0.525401   0.4175961 ]
 [0.306548   0.6832292  0.01022281]
 [0.16641104 0.31875718 0.5148318 ]
 [0.3179426  0.5487446  0.13331278]]
probabilities: [[0.13002245 0.7828286  0.08714894]
 [0.7624218  0.20502868 0.0325495 ]
 [0.10471088 0.5460041  0.34928498]
 [0.5680266  0.25640228 0.17557114]
 [0.18533    0.36183023 0.45283976]]
probabilities: [[0.1320268  0.23817061 0.6298026 ]
 [0.11121421 0.47707766 0.41170812]
 [0.57840234 0.2827083  0.13888937]
 [0.3934265  0.24701215 0.35956135]
 [0.40254715 0.5473155  0.05013734]]
probabilities: [[0. 0. 1.]
 [0. 1. 0.]
 [0. 0. 1.]
 [0. 0. 1.]
 [0. 0. 1.]]
probabilities: [[0.23749352 0.2594437  0.5030628 ]
 [0.1593872  0.20264566 0.6379671 ]
 [0.28932363 0.6936323  0.01704406]
 [0.27980146 0.22072843 0.49947014]
 [0.11816109 0.2736859  0.60815305]]
probabilities: [[0.1228891  0.57351303 0.30359787]
 [0.77759    0.08398046 0.1384296 ]
 [0.00702989 0.6675229  0.3254472 ]
 [0.01976564 0.50388044 0.47635394]
 [0.6097158  0.27831638 0.11196782]]
probabilities: [[0.17670281 0.51308143 0.31021574]
 [0.33476418 0.48404008 0.18119574]
 [0.55874693 0.27985895 0.16139412]
 [0.14283815 0.3133928  0.54376906]
 [0.20043784 0.37086937 0.4286928 ]]
probabilities: [[0. 0. 1.]
 [0. 1. 0.]
 [0. 1. 0.]
 [0. 0. 1.]
 [0. 0. 1.]]
probabilities: [[0.49088234 0.18615732 0.32296035]
 [0.24640791 0.68388116 0.06971096]
 [0.00549081 0.8823286  0.11218055]
 [0.06808157 0.37806845 0.55385   ]
 [0.6092548  0.01140528 0.37933996]]
probabilities: [[0.10107971 0.6559776  0.24294268]
 [0.86661655 0.0725643  0.06081914]
 [0.14429873 0.31788567 0.5378156 ]
 [0.8674947  0.07583723 0.05666804]
 [0.3973752  0.56005764 0.04256717]]
probabilities: [[0.32511154 0.6508995  0.02398894]
 [0.14742126 0.79304326 0.05953551]
 [0.35373712 0.1352307  0.51103216]
 [0.14687945 0.3753641  0.47775644]
 [0.60199684 0.16159523 0.23640792]]
probabilities: [[0. 1. 0.]
 [0. 1. 0.]
 [0. 1. 0.]
 [0. 1. 0.]
 [0. 1. 0.]]
probabilities: [[0.5115812  0.0807939  0.40762493]
 [0.2712384  0.12601916 0.60274243]
 [0.02420593 0.18128906 0.794505  ]
 [0.17428698 0.44196504 0.383748  ]
 [0.09487364 0.31354722 0.59157914]]
probabilities: [[0.84957457 0.00812676 0.1422987 ]
 [0.44839424 0.2045857  0.34702006]
 [0.39648357 0.02602995 0.57748646]
 [0.5580013  0.32362667 0.11837209]
 [0.8011037  0.05708415 0.14181212]]
probabilities: [[0.14028591 0.57618713 0.28352693]
 [0.2097826  0.2994566  0.4907608 ]
 [0.0243037  0.21584757 0.7598487 ]
 [0.3603503  0.03234722 0.6073025 ]
 [0.8215278  0.09544401 0.08302819]]
probabilities: [[0. 0. 1.]
 [0. 1. 0.]
 [0. 0. 1.]
 [0. 0. 1.]
 [0. 0. 1.]]
probabilities: [[0.5386076  0.37687504 0.08451737]
 [0.40361235 0.21765237 0.3787353 ]
 [0.39265984 0.46465644 0.14268371]
 [0.57583344 0.14412385 0.2800427 ]
 [0.08720552 0.20397466 0.7088198 ]]
probabilities: [[9.4556786e-02 4.0526757e-01 5.0017565e-01]
 [8.9374954e-01 2.5180270e-04 1.0599865e-01]
 [7.6739573e-01 1.3564441e-02 2.1903984e-01]
 [4.2231512e-01 2.8781885e-01 2.8986603e-01]
 [1.3742614e-01 4.8192590e-01 3.8064796e-01]]
probabilities: [[0.42476606 0.4569801  0.11825382]
 [0.11054472 0.06103572 0.82841957]
 [0.18370295 0.743883   0.07241401]
 [0.10511646 0.08545609 0.80942744]
 [0.5782849  0.21077448 0.2109406 ]]
probabilities: [[0. 1. 0.]
 [0. 1. 0.]
 [0. 1. 0.]
 [0. 1. 0.]
 [0. 1. 0.]]
probabilities: [[0.4154424  0.40216303 0.1823946 ]
 [0.0249723  0.8640425  0.11098516]
 [0.39220145 0.45579064 0.15200791]
 [0.5352658  0.05174746 0.41298676]
 [0.02711028 0.44650698 0.52638274]]
probabilities: [[0.29701433 0.15218107 0.5508046 ]
 [0.38709152 0.17917515 0.43373334]
 [0.17193738 0.5901689  0.23789375]
 [0.08461107 0.23426607 0.68112284]
 [0.13177171 0.5495141  0.31871414]]
probabilities: [[0.5311826  0.21720636 0.25161108]
 [0.3951475  0.50177145 0.10308108]
 [0.32438836 0.12868027 0.5469314 ]
 [0.06233479 0.74900866 0.18865657]
 [0.74731195 0.17719872 0.07548936]]
probabilities: [[0. 0. 1.]
 [0. 1. 0.]
 [0. 1. 0.]
 [0. 0. 1.]
 [0. 0. 1.]]
probabilities: [[0.19405279 0.17285511 0.6330921 ]
 [0.10492183 0.70253944 0.19253875]
 [0.34694526 0.49177393 0.16128081]
 [0.5871785  0.17254674 0.24027476]
 [0.67636776 0.04575815 0.2778741 ]]
probabilities: [[0.23076448 0.73865813 0.03057741]
 [0.08592845 0.49634796 0.4177236 ]
 [0.10578971 0.6448419  0.2493684 ]
 [0.48617926 0.00711009 0.50671065]
 [0.17295125 0.09985121 0.7271975 ]]
probabilities: [[0.17767482 0.35820073 0.46412447]
 [0.17228118 0.36644778 0.46127105]
 [0.49633414 0.28514543 0.21852045]
 [0.54325134 0.36436564 0.09238303]
 [0.8733199  0.01928395 0.10739614]]
probabilities: [[0. 0. 1.]
 [0. 1. 0.]
 [0. 1. 0.]
 [0. 0. 1.]
 [0. 0. 1.]]
probabilities: [[0.2174346  0.7653571  0.01720831]
 [0.03307791 0.8729361  0.09398598]
 [0.81217366 0.00781716 0.18000916]
 [0.44530132 0.50476706 0.04993159]
 [0.07872405 0.0658746  0.85540134]]
probabilities: [[0.1516764  0.09258524 0.7557384 ]
 [0.4322755  0.3209206  0.24680391]
 [0.14784324 0.30099428 0.5511625 ]
 [0.46004668 0.38571438 0.15423892]
 [0.07036156 0.39682594 0.53281254]]
probabilities: [[0.3285804  0.04467095 0.6267486 ]
 [0.69415563 0.28727406 0.01857028]
 [0.36581507 0.5066028  0.1275821 ]
 [0.07561893 0.17253935 0.7518417 ]
 [0.03159996 0.2284365  0.73996353]]
probabilities: [[0. 0. 1.]
 [0. 1. 0.]
 [0. 1. 0.]
 [0. 0. 1.]
 [0. 0. 1.]]
probabilities: [[0.45117998 0.01502579 0.5337942 ]
 [0.09901383 0.56417245 0.33681375]
 [0.10773782 0.21747088 0.6747913 ]
 [0.09515771 0.8644539  0.04038838]
 [0.2879169  0.3582339  0.3538492 ]]
probabilities: [[0.22849604 0.6839285  0.08757545]
 [0.23619927 0.09287033 0.6709304 ]
 [0.5561049  0.3635954  0.08029974]
 [0.25096318 0.21316132 0.5358755 ]
 [0.14517248 0.16863371 0.6861938 ]]
probabilities: [[0.5231975  0.38658366 0.09021885]
 [0.09808037 0.45085782 0.45106182]
 [0.5799358  0.08437655 0.3356877 ]
 [0.26860872 0.32670042 0.40469083]
 [0.07487699 0.08476729 0.84035575]]
probabilities: [[1. 0. 0.]
 [1. 0. 0.]
 [1. 0. 0.]
 [1. 0. 0.]
 [1. 0. 0.]]
probabilities: [[0.92816895 0.03758159 0.03424944]
 [0.07152777 0.04570095 0.88277125]
 [0.46580467 0.26125678 0.27293855]
 [0.5621303  0.2915006  0.14636911]
 [0.1854897  0.7956159  0.01889437]]
probabilities: [[0.74109095 0.08582097 0.1730881 ]
 [0.07441615 0.3348503  0.5907335 ]
 [0.14816248 0.45816272 0.3936748 ]
 [0.16273639 0.69900715 0.13825645]
 [0.15157038 0.59472096 0.25370863]]
probabilities: [[0.22562952 0.40520605 0.3691644 ]
 [0.00348937 0.71505666 0.28145394]
 [0.32490838 0.27593794 0.39915368]
 [0.10063484 0.48512617 0.414239  ]
 [0.50676304 0.07918964 0.4140473 ]]
probabilities: [[0. 0. 1.]
 [0. 1. 0.]
 [0. 0. 1.]
 [0. 0. 1.]
 [0. 0. 1.]]
probabilities: [[0.04388351 0.69994116 0.25617534]
 [0.17227949 0.3822229  0.4454976 ]
 [0.36193347 0.07016937 0.56789714]
 [0.08337733 0.8772837  0.03933898]
 [0.48505494 0.50998193 0.00496315]]
probabilities: [[0.12359617 0.11169639 0.76470745]
 [0.6350023  0.27550375 0.08949397]
 [0.33130157 0.43349636 0.23520207]
 [0.01492014 0.52814287 0.456937  ]
 [0.16716468 0.56905186 0.26378343]]
probabilities: [[0.50988865 0.03387836 0.45623296]
 [0.19780962 0.44842306 0.35376734]
 [0.09754357 0.7323966  0.17005983]
 [0.13692261 0.54320854 0.31986883]
 [0.31961045 0.44215274 0.23823681]]
probabilities: [[0. 0. 1.]
 [0. 1. 0.]
 [0. 0. 1.]
 [0. 0. 1.]
 [0. 0. 1.]]
probabilities: [[0.5837305  0.17571077 0.24055871]
 [0.01428829 0.44428787 0.54142386]
 [0.04890301 0.47099853 0.48009846]
 [0.44553605 0.5017249  0.05273907]
 [0.7048698  0.17492118 0.12020904]]
probabilities: [[0.26707867 0.48594514 0.2469762 ]
 [0.15097567 0.05942534 0.789599  ]
 [0.70187426 0.26197785 0.03614787]
 [0.348265   0.20020995 0.45152506]
 [0.13187076 0.05671254 0.8114167 ]]
probabilities: [[2.0901978e-01 5.0902337e-01 2.8195688e-01]
 [4.1200489e-01 5.8731431e-01 6.8078196e-04]
 [6.2626660e-01 3.5013780e-01 2.3595570e-02]
 [3.8920465e-01 5.8620125e-01 2.4594087e-02]
 [9.9380910e-02 8.6416966e-01 3.6449432e-02]]
probabilities: [[0. 0. 1.]
 [0. 1. 0.]
 [0. 0. 1.]
 [0. 0. 1.]
 [0. 0. 1.]]
probabilities: [[0.31592846 0.13832797 0.5457436 ]
 [0.2261932  0.2506719  0.52313495]
 [0.74402434 0.2198207  0.03615496]
 [0.7759285  0.18717296 0.03689853]
 [0.1208536  0.6917452  0.18740119]]
probabilities: [[0.3437811  0.13746668 0.5187522 ]
 [0.5088238  0.37386507 0.11731108]
 [0.15305088 0.14625396 0.70069516]
 [0.07023376 0.43530545 0.49446082]
 [0.76610583 0.16063206 0.0732621 ]]
probabilities: [[0.55947536 0.2062498  0.23427485]
 [0.07417668 0.16801181 0.7578115 ]
 [0.07656907 0.4629027  0.46052822]
 [0.8622431  0.131239   0.00651787]
 [0.03682814 0.60022694 0.36294493]]
probabilities: [[0. 0. 1.]
 [0. 1. 0.]
 [0. 0. 1.]
 [0. 0. 1.]
 [0. 0. 1.]]
probabilities: [[0.06457038 0.566726   0.36870357]
 [0.24229282 0.02117447 0.7365327 ]
 [0.06322758 0.46406075 0.47271165]
 [0.17828505 0.6148453  0.20686968]
 [0.47397515 0.04337855 0.48264632]]
probabilities: [[0.35151568 0.04394639 0.60453796]
 [0.06003953 0.4221111  0.5178494 ]
 [0.53820056 0.35550648 0.10629298]
 [0.23871142 0.6820347  0.07925393]
 [0.5492284  0.13901065 0.31176093]]
probabilities: [[0.44247043 0.32118598 0.23634358]
 [0.05993448 0.12723441 0.8128311 ]
 [0.23276581 0.27825835 0.48897582]
 [0.05612086 0.30046037 0.6434188 ]
 [0.7434149  0.16515186 0.09143326]]
probabilities: [[0. 0. 1.]
 [0. 1. 0.]
 [0. 0. 1.]
 [0. 0. 1.]
 [0. 0. 1.]]
probabilities: [[0.66366446 0.27294812 0.06338743]
 [0.5872898  0.27810043 0.13460977]
 [0.29547653 0.45666346 0.24786003]
 [0.4787495  0.0662214  0.45502907]
 [0.61207855 0.22082643 0.16709502]]
probabilities: [[0.8137367  0.10469575 0.08156759]
 [0.3410955  0.55857205 0.10033247]
 [0.28796235 0.6418443  0.07019336]
 [0.28376338 0.3077771  0.4084595 ]
 [0.04976398 0.8519209  0.09831515]]
probabilities: [[0.5559659  0.41956133 0.02447277]
 [0.6925816  0.07641987 0.23099855]
 [0.04844799 0.59816605 0.35338598]
 [0.7178255  0.21750769 0.06466685]
 [0.7925512  0.11969242 0.08775633]]
probabilities: [[1. 0. 0.]
 [1. 0. 0.]
 [1. 0. 0.]
 [1. 0. 0.]
 [1. 0. 0.]]
probabilities: [[0.07403548 0.6255642  0.3004003 ]
 [0.0064579  0.46706307 0.526479  ]
 [0.4272157  0.24876137 0.32402295]
 [0.6632597  0.07408658 0.2626537 ]
 [0.5331053  0.10934398 0.35755068]]
probabilities: [[0.0411671  0.26414317 0.6946897 ]
 [0.08898769 0.07818928 0.83282304]
 [0.07102666 0.7491945  0.17977884]
 [0.53140324 0.2441831  0.22441368]
 [0.43232268 0.29905012 0.2686272 ]]
probabilities: [[0.43102127 0.56045574 0.00852295]
 [0.8760133  0.01549097 0.10849572]
 [0.02646187 0.31027097 0.6632672 ]
 [0.40173185 0.29026592 0.30800223]
 [0.0028988  0.44580272 0.5512985 ]]
probabilities: [[0. 0. 1.]
 [0. 1. 0.]
 [0. 1. 0.]
 [0. 0. 1.]
 [0. 0. 1.]]
probabilities: [[0.10517336 0.83180195 0.06302467]
 [0.8408513  0.04293761 0.11621106]
 [0.07937502 0.8336002  0.08702478]
 [0.64422494 0.13002515 0.22574994]
 [0.36873144 0.50433713 0.12693141]]
probabilities: [[0.44140482 0.19644484 0.36215034]
 [0.33364484 0.02753285 0.6388223 ]
 [0.36085483 0.52226096 0.1168842 ]
 [0.54896647 0.14440814 0.30662543]
 [0.1704549  0.69043803 0.13910703]]
probabilities: [[0.31857824 0.47209835 0.20932342]
 [0.7333583  0.0641093  0.20253238]
 [0.2555293  0.38093248 0.3635382 ]
 [0.09078661 0.21624236 0.69297105]
 [0.15281615 0.53136474 0.31581914]]
probabilities: [[0. 1. 0.]
 [0. 1. 0.]
 [0. 1. 0.]
 [0. 1. 0.]
 [0. 1. 0.]]
probabilities: [[0.10447527 0.57944953 0.31607518]
 [0.2161436  0.20015895 0.58369744]
 [0.59483945 0.29526916 0.10989139]
 [0.10540189 0.5041134  0.39048472]
 [0.6033155  0.38676816 0.00991641]]
probabilities: [[0.42994663 0.41361398 0.1564394 ]
 [0.28340423 0.6447257  0.07187012]
 [0.28088737 0.19828522 0.5208274 ]
 [0.8212764  0.06881507 0.10990852]
 [0.08004087 0.6816863  0.23827286]]
probabilities: [[0.5683897  0.17848022 0.25313008]
 [0.34932792 0.2055825  0.44508958]
 [0.31128824 0.40015972 0.28855202]
 [0.1861969  0.80188894 0.01191418]
 [0.55873865 0.20707925 0.23418209]]
probabilities: [[0. 1. 0.]
 [0. 1. 0.]
 [0. 1. 0.]
 [0. 1. 0.]
 [0. 1. 0.]]
probabilities: [[0.26287836 0.17749515 0.5596265 ]
 [0.43513748 0.43802163 0.12684087]
 [0.36795133 0.32382724 0.30822143]
 [0.18088654 0.5622969  0.2568165 ]
 [0.34117538 0.6392159  0.01960873]]
probabilities: [[0.33337083 0.06322464 0.6034045 ]
 [0.12416156 0.5113954  0.36444303]
 [0.2210866  0.33747935 0.44143403]
 [0.06682055 0.72924006 0.20393941]
 [0.30289403 0.42715082 0.26995516]]
probabilities: [[0.10122187 0.24194664 0.6568315 ]
 [0.5271471  0.4555042  0.01734866]
 [0.24004258 0.5716559  0.18830147]
 [0.09942885 0.37125582 0.52931535]
 [0.05105763 0.04172903 0.90721333]]
probabilities: [[0. 0. 1.]
 [0. 1. 0.]
 [0. 0. 1.]
 [0. 0. 1.]
 [0. 0. 1.]]
probabilities: [[0.02477011 0.68854207 0.28668785]
 [0.5275217  0.05222841 0.42024985]
 [0.46882078 0.38020536 0.15097386]
 [0.23515964 0.28478476 0.4800556 ]
 [0.53022736 0.23789182 0.23188084]]
probabilities: [[0.29491073 0.32083604 0.38425323]
 [0.04860789 0.78332114 0.16807099]
 [0.44841126 0.00621402 0.54537475]
 [0.10299858 0.5134968  0.3835046 ]
 [0.47665864 0.271531   0.25181037]]
probabilities: [[0.04646982 0.8878368  0.06569339]
 [0.03466348 0.8136133  0.15172322]
 [0.08320072 0.8828221  0.0339772 ]
 [0.6358801  0.3238348  0.04028505]
 [0.29485288 0.29632846 0.40881866]]
probabilities: [[0. 0. 1.]
 [0. 1. 0.]
 [0. 0. 1.]
 [0. 0. 1.]
 [0. 0. 1.]]
probabilities: [[0.6019559  0.00913471 0.38890937]
 [0.07032789 0.3786163  0.5510558 ]
 [0.36329553 0.23778686 0.39891762]
 [0.82724583 0.0567116  0.11604256]
 [0.57366526 0.30636418 0.11997055]]
probabilities: [[0.5473236  0.15736012 0.2953163 ]
 [0.06930412 0.2368803  0.6938156 ]
 [0.5241106  0.38449672 0.09139264]
 [0.1260852  0.47422975 0.39968503]
 [0.10853637 0.75920963 0.13225397]]
probabilities: [[0.19253431 0.6290866  0.1783791 ]
 [0.75870824 0.01926318 0.2220286 ]
 [0.23492198 0.66751415 0.09756389]
 [0.584584   0.18839067 0.22702534]
 [0.07858668 0.37716734 0.54424596]]
probabilities: [[1. 0. 0.]
 [1. 0. 0.]
 [1. 0. 0.]
 [1. 0. 0.]
 [1. 0. 0.]]
probabilities: [[0.51164687 0.3125873  0.17576581]
 [0.15056418 0.4579174  0.39151844]
 [0.327084   0.39968538 0.2732306 ]
 [0.9097276  0.06574865 0.02452376]
 [0.81192935 0.11044456 0.07762612]]
probabilities: [[0.24172495 0.7347238  0.02355125]
 [0.55238414 0.17451434 0.27310154]
 [0.8278078  0.05937346 0.11281877]
 [0.25316134 0.38580334 0.36103535]
 [0.87443036 0.05689997 0.06866969]]
probabilities: [[0.14340173 0.73153555 0.1250627 ]
 [0.01429544 0.01774621 0.96795833]
