probabilities: [[0. 0. 1.]
 [0. 1. 0.]
 [0. 1. 0.]
 [0. 0. 1.]
 [0. 0. 1.]]
probabilities: [[0.36701047 0.6067049  0.0262846 ]
 [0.6143414  0.06786504 0.31779355]
 [0.47696635 0.04603991 0.47699374]
 [0.29052946 0.0666501  0.6428204 ]
 [0.11587274 0.31096143 0.57316583]]
probabilities: [[0.0159723  0.47328448 0.5107432 ]
 [0.13817397 0.37047184 0.4913542 ]
 [0.24257796 0.08578745 0.6716346 ]
 [0.5240183  0.32610333 0.14987835]
 [0.27868465 0.2595839  0.46173146]]
probabilities: [[0.21649109 0.24508922 0.5384197 ]
 [0.27096552 0.19803964 0.53099483]
 [0.04068939 0.91158706 0.04772355]
 [0.4669807  0.01028158 0.52273774]
 [0.2671472  0.05344675 0.67940605]]
probabilities: [[1. 0. 0.]
 [1. 0. 0.]
 [1. 0. 0.]
 [1. 0. 0.]
 [1. 0. 0.]]
probabilities: [[0.13093662 0.27721506 0.5918483 ]
 [0.11229056 0.6106351  0.2770743 ]
 [0.18890554 0.43050036 0.3805941 ]
 [0.6972221  0.0372825  0.26549542]
 [0.02426795 0.16841061 0.8073214 ]]
probabilities: [[0.6535302  0.22084558 0.12562427]
 [0.43253422 0.353242   0.21422376]
 [0.327444   0.3179949  0.35456112]
 [0.2669745  0.01029707 0.72272843]
 [0.36606115 0.36842644 0.2655124 ]]
probabilities: [[0.81682444 0.12861042 0.05456514]
 [0.05105113 0.88697577 0.06197308]
 [0.23966496 0.34813362 0.4122014 ]
 [0.80153906 0.18205307 0.01640786]
 [0.5819544  0.08461554 0.33343002]]
probabilities: [[1. 0. 0.]
 [1. 0. 0.]
 [1. 0. 0.]
 [1. 0. 0.]
 [1. 0. 0.]]
probabilities: [[0.4150685  0.13803512 0.44689637]
 [0.11933988 0.6405317  0.24012837]
 [0.38868642 0.57087564 0.04043794]
 [0.30701908 0.2863884  0.40659252]
 [0.21708982 0.5478744  0.2350358 ]]
probabilities: [[0.8246721  0.15556322 0.01976468]
 [0.6991456  0.21428467 0.08656972]
 [0.7225838  0.2562388  0.02117745]
 [0.58343536 0.31900215 0.09756249]
 [0.03099434 0.660528   0.30847767]]
probabilities: [[0.10333779 0.4399754  0.4566868 ]
 [0.7175741  0.06431378 0.2181121 ]
 [0.37900576 0.03664173 0.5843525 ]
 [0.22195554 0.10530678 0.67273766]
 [0.4766721  0.25695848 0.2663694 ]]
probabilities: [[0. 0. 1.]
 [0. 1. 0.]
 [0. 1. 0.]
 [0. 0. 1.]
 [0. 0. 1.]]
probabilities: [[0.06485014 0.4526806  0.48246926]
 [0.33889788 0.47480893 0.18629317]
 [0.11402097 0.537084   0.34889504]
 [0.22002394 0.15930383 0.6206722 ]
 [0.01401816 0.7693844  0.21659748]]
probabilities: [[0.28367352 0.54376435 0.17256214]
 [0.12497012 0.27243033 0.60259956]
 [0.3370907  0.3572929  0.3056164 ]
 [0.6785642  0.13197139 0.18946442]
 [0.3891479  0.32798198 0.2828701 ]]
probabilities: [[0.01829574 0.93510306 0.04660122]
 [0.06383826 0.6015955  0.3345662 ]
 [0.07114507 0.8382367  0.09061825]
 [0.5803754  0.32578048 0.09384415]
 [0.15627454 0.02123873 0.8224867 ]]
probabilities: [[0. 0. 1.]
 [0. 1. 0.]
 [0. 1. 0.]
 [0. 0. 1.]
 [0. 0. 1.]]
probabilities: [[0.22248213 0.21778141 0.55973643]
 [0.37126186 0.20672958 0.42200854]
 [0.08205688 0.83575284 0.0821903 ]
 [0.25451323 0.06223334 0.6832534 ]
 [0.15012054 0.68014413 0.16973534]]
probabilities: [[1.2678255e-01 4.2128769e-01 4.5192975e-01]
 [3.9186558e-01 4.2230827e-01 1.8582614e-01]
 [7.1591347e-01 3.7971284e-04 2.8370681e-01]
 [3.6102453e-01 3.9202744e-01 2.4694802e-01]
 [1.3078623e-01 6.1900985e-01 2.5020391e-01]]
probabilities: [[0.7017757  0.1623755  0.13584879]
 [0.22669789 0.01022569 0.7630764 ]
 [0.06415548 0.27888379 0.6569607 ]
 [0.62408054 0.00186712 0.37405232]
 [0.7373905  0.22220926 0.0404002 ]]
probabilities: [[1. 0. 0.]
 [1. 0. 0.]
 [1. 0. 0.]
 [1. 0. 0.]
 [1. 0. 0.]]
probabilities: [[0.01864867 0.74991584 0.23143551]
 [0.20281719 0.17082657 0.62635624]
 [0.8279243  0.11395359 0.05812212]
 [0.11338786 0.10502031 0.78159183]
 [0.6693152  0.02653767 0.30414712]]
probabilities: [[0.31060362 0.26524964 0.42414677]
 [0.1579886  0.7564639  0.08554753]
 [0.01797288 0.40842512 0.57360196]
 [0.8382838  0.08959694 0.07211931]
 [0.3839166  0.00145825 0.61462516]]
probabilities: [[0.387794   0.58515483 0.02705114]
 [0.6872188  0.15694694 0.1558343 ]
 [0.10228229 0.72110426 0.17661346]
 [0.39936325 0.09786403 0.50277275]
 [0.03322733 0.36324465 0.603528  ]]
probabilities: [[0. 0. 1.]
 [0. 1. 0.]
 [0. 1. 0.]
 [0. 0. 1.]
 [0. 0. 1.]]
probabilities: [[0.8824562  0.10297479 0.01456905]
 [0.31431898 0.47393623 0.21174477]
 [0.52628374 0.02661644 0.44709983]
 [0.22573346 0.29388094 0.4803856 ]
 [0.5937339  0.29767576 0.10859034]]
probabilities: [[0.5000454  0.35539374 0.14456083]
 [0.23766452 0.20101573 0.56131977]
 [0.0148103  0.6794364  0.30575332]
 [0.7830802  0.08145662 0.13546313]
 [0.42455906 0.23659514 0.33884582]]
probabilities: [[0.07849346 0.86911654 0.05238997]
 [0.30053583 0.6540105  0.04545373]
 [0.5570275  0.17608622 0.26688623]
 [0.5434035  0.4171844  0.03941207]
 [0.10980055 0.3360104  0.554189  ]]
probabilities: [[1. 0. 0.]
 [1. 0. 0.]
 [1. 0. 0.]
 [1. 0. 0.]
 [1. 0. 0.]]
probabilities: [[0.0386553  0.38879666 0.57254803]
 [0.10249285 0.7466037  0.15090342]
 [0.05184663 0.77803284 0.17012051]
 [0.26149777 0.11374274 0.6247595 ]
 [0.696133   0.11255326 0.19131374]]
probabilities: [[0.2687734  0.2996407  0.4315859 ]
 [0.26037812 0.32934362 0.41027823]
 [0.34772924 0.6279015  0.02436927]
 [0.20257674 0.7221923  0.07523095]
 [0.50751114 0.05212399 0.44036484]]
probabilities: [[0.6035217  0.14441682 0.2520615 ]
 [0.5627902  0.04419914 0.39301065]
 [0.23763837 0.30182007 0.46054158]
 [0.1750728  0.2897449  0.5351823 ]
 [0.05729134 0.86161804 0.08109062]]
probabilities: [[0. 0. 1.]
 [0. 1. 0.]
 [0. 0. 1.]
 [0. 0. 1.]
 [0. 0. 1.]]
probabilities: [[0.09767066 0.2785662  0.6237631 ]
 [0.66888523 0.0180208  0.31309396]
 [0.39345765 0.5639268  0.04261557]
 [0.29369733 0.27509013 0.43121254]
 [0.08071695 0.41869316 0.5005899 ]]
probabilities: [[0.11937909 0.4729177  0.40770322]
 [0.00194004 0.2427568  0.75530314]
 [0.29229206 0.60466397 0.103044  ]
 [0.48940805 0.1600082  0.35058373]
 [0.00269449 0.6496001  0.34770545]]
probabilities: [[0.59784514 0.2406173  0.16153757]
 [0.17347139 0.61286354 0.21366504]
 [0.01952639 0.27349445 0.70697916]
 [0.37683252 0.15223391 0.47093356]
 [0.7247701  0.10592058 0.16930929]]
probabilities: [[0. 1. 0.]
 [0. 1. 0.]
 [0. 1. 0.]
 [0. 1. 0.]
 [0. 1. 0.]]
probabilities: [[0.09569247 0.51339734 0.39091018]
 [0.27903172 0.35758272 0.36338553]
 [0.3901139  0.16900007 0.44088602]
 [0.50143534 0.11423593 0.38432872]
 [0.09840046 0.6805798  0.22101977]]
probabilities: [[0.46682304 0.24227051 0.29090643]
 [0.50707686 0.04599195 0.44693118]
 [0.34453446 0.4989658  0.15649974]
 [0.27366248 0.65892524 0.06741226]
 [0.6706264  0.07214884 0.25722477]]
probabilities: [[0.22112918 0.08375936 0.69511145]
 [0.1961251  0.53001076 0.27386412]
 [0.2635403  0.4543145  0.2821452 ]
 [0.46275255 0.09887629 0.43837115]
 [0.13272175 0.6818789  0.18539931]]
probabilities: [[0. 1. 0.]
 [0. 1. 0.]
 [0. 1. 0.]
 [0. 1. 0.]
 [0. 1. 0.]]
probabilities: [[0.07608894 0.1921489  0.7317622 ]
 [0.47050765 0.03377222 0.49572012]
 [0.0526135  0.92299986 0.02438663]
 [0.46487725 0.40785158 0.12727118]
 [0.04258218 0.70272565 0.25469217]]
probabilities: [[0.07315867 0.25029042 0.6765509 ]
 [0.65730685 0.31066576 0.03202736]
 [0.24876705 0.25389028 0.49734268]
 [0.6129476  0.06943929 0.31761312]
 [0.03391861 0.82443714 0.14164427]]
probabilities: [[0.33466282 0.41731882 0.24801835]
 [0.24364679 0.6094886  0.14686462]
 [0.25544608 0.4538088  0.2907451 ]
 [0.02976788 0.25121245 0.71901965]
 [0.13237517 0.20538953 0.6622353 ]]
probabilities: [[0. 0. 1.]
 [0. 1. 0.]
 [0. 1. 0.]
 [0. 0. 1.]
 [0. 0. 1.]]
probabilities: [[0.5131051  0.29338607 0.19350882]
 [0.34216833 0.48904458 0.16878709]
 [0.03042834 0.30879262 0.66077906]
 [0.12329778 0.5294275  0.34727466]
 [0.11745721 0.35964903 0.5228937 ]]
probabilities: [[0.28686145 0.0022375  0.710901  ]
 [0.605748   0.22616942 0.16808257]
 [0.3993532  0.20360747 0.39703932]
 [0.21362145 0.7016587  0.0847198 ]
 [0.10957912 0.7800552  0.11036567]]
probabilities: [[0.12598759 0.56874806 0.30526432]
 [0.597688   0.02117492 0.38113707]
 [0.37720814 0.14383465 0.4789572 ]
 [0.17760524 0.0162911  0.80610365]
 [0.705732   0.0477892  0.24647883]]
probabilities: [[0. 0. 1.]
 [0. 1. 0.]
 [0. 1. 0.]
 [0. 0. 1.]
 [0. 0. 1.]]
probabilities: [[0.12914184 0.2356398  0.6352184 ]
 [0.11796374 0.86498606 0.01705023]
 [0.8474066  0.0177937  0.13479964]
 [0.23842864 0.13455522 0.6270161 ]
 [0.07472587 0.8179917  0.10728245]]
probabilities: [[0.82016957 0.10825437 0.07157605]
 [0.02594728 0.9665542  0.00749849]
 [0.31032753 0.15124813 0.5384244 ]
 [0.7087004  0.11919627 0.17210333]
 [0.7604074  0.14319324 0.09639934]]
probabilities: [[0.13052092 0.763091   0.10638805]
 [0.70446897 0.01897796 0.27655306]
 [0.12975164 0.61561817 0.2546302 ]
 [0.43934804 0.15381417 0.40683782]
 [0.43017    0.22652607 0.34330395]]
probabilities: [[0. 0. 1.]
 [0. 1. 0.]
 [0. 1. 0.]
 [0. 0. 1.]
 [0. 0. 1.]]
probabilities: [[0.13871306 0.11093698 0.75034994]
 [0.5794997  0.35982308 0.06067718]
 [0.20193203 0.53442293 0.26364502]
 [0.00497474 0.22812359 0.7669017 ]
 [0.21256821 0.5473108  0.24012098]]
probabilities: [[0.07472474 0.7113419  0.21393335]
 [0.6361968  0.00803676 0.35576648]
 [0.15417683 0.14146246 0.7043607 ]
 [0.04726575 0.59363997 0.35909426]
 [0.39023226 0.54952854 0.06023919]]
probabilities: [[0.38362542 0.5935527  0.02282189]
 [0.02718505 0.43209615 0.5407188 ]
 [0.26834115 0.7014335  0.03022536]
 [0.11938326 0.35526127 0.52535546]
 [0.03130964 0.6771902  0.29150018]]
probabilities: [[0. 0. 1.]
 [0. 1. 0.]
 [0. 0. 1.]
 [0. 0. 1.]
 [0. 0. 1.]]
probabilities: [[0.12202325 0.8712116  0.00676515]
 [0.02751569 0.8995678  0.07291656]
 [0.11826465 0.75798404 0.12375133]
 [0.11329626 0.7191858  0.16751792]
 [0.50539327 0.3578767  0.13673003]]
probabilities: [[0.1917505  0.10563132 0.7026182 ]
 [0.5330315  0.462701   0.00426746]
 [0.27067745 0.6536109  0.07571166]
 [0.08517054 0.23917603 0.6756534 ]
 [0.15018152 0.29788375 0.5519347 ]]
probabilities: [[0.68572825 0.30394086 0.01033088]
 [0.06756371 0.5679035  0.36453277]
 [0.12303445 0.20766436 0.6693012 ]
 [0.869891   0.11619395 0.01391506]
 [0.470954   0.47795707 0.05108895]]
probabilities: [[0. 0. 1.]
 [0. 1. 0.]
 [0. 0. 1.]
 [0. 0. 1.]
 [0. 0. 1.]]
probabilities: [[0.5641313  0.2320171  0.20385157]
 [0.31784657 0.0197537  0.6623997 ]
 [0.19539195 0.63654345 0.16806458]
 [0.18228112 0.02710527 0.7906136 ]
 [0.28250477 0.686109   0.03138619]]
probabilities: [[0.51055616 0.41079175 0.07865211]
 [0.83983094 0.07831218 0.08185691]
 [0.28223568 0.45298418 0.26478013]
 [0.55591625 0.2730653  0.17101844]
 [0.75925934 0.04549373 0.1952469 ]]
probabilities: [[0.60304844 0.23073184 0.16621968]
 [0.52021164 0.20990986 0.2698785 ]
 [0.6444928  0.08916259 0.26634464]
 [0.69656146 0.00985543 0.29358315]
 [0.36969402 0.42829412 0.20201182]]
probabilities: [[0. 0. 1.]
 [0. 1. 0.]
 [0. 1. 0.]
 [0. 0. 1.]
 [0. 0. 1.]]
probabilities: [[0.2715058  0.02694623 0.701548  ]
 [0.4692157  0.2587101  0.27207425]
 [0.3235806  0.6543355  0.02208392]
 [0.31956464 0.3574611  0.32297426]
 [0.24694447 0.5074944  0.24556115]]
probabilities: [[0.04018727 0.8482879  0.11152483]
 [0.6955081  0.28068563 0.02380623]
 [0.01283456 0.5505346  0.43663085]
 [0.3377092  0.23438169 0.42790914]
 [0.6842769  0.08698234 0.2287408 ]]
probabilities: [[0.16079222 0.4454145  0.39379328]
 [0.3859429  0.31590182 0.2981553 ]
 [0.90362406 0.08122553 0.01515041]
 [0.77703625 0.14939423 0.07356951]
 [0.07360554 0.87467945 0.05171504]]
probabilities: [[0. 0. 1.]
 [0. 1. 0.]
 [0. 1. 0.]
 [0. 0. 1.]
 [0. 0. 1.]]
probabilities: [[0.5479694  0.0522261  0.39980453]
 [0.7746365  0.07114152 0.15422198]
 [0.84922206 0.10744222 0.0433357 ]
 [0.13572782 0.76379853 0.10047366]
 [0.3825384  0.3008685  0.31659308]]
probabilities: [[0.86510646 0.07002825 0.06486528]
 [0.25519767 0.49428582 0.25051653]
 [0.3820803  0.50382835 0.11409134]
 [0.04069955 0.6732921  0.28600836]
 [0.12787914 0.64282876 0.22929208]]
probabilities: [[0.38227385 0.47830275 0.13942339]
 [0.21273208 0.3064844  0.48078352]
 [0.16711052 0.5879129  0.24497654]
 [0.11101037 0.81250024 0.07648941]
 [0.00234481 0.29335332 0.7043019 ]]
probabilities: [[1. 0. 0.]
 [1. 0. 0.]
 [1. 0. 0.]
 [1. 0. 0.]
 [1. 0. 0.]]
probabilities: [[0.17705032 0.6601096  0.16284007]
 [0.5808611  0.32364023 0.09549872]
 [0.27824077 0.2208031  0.5009561 ]
 [0.00171835 0.6225506  0.37573102]
 [0.7706839  0.10895555 0.12036059]]
probabilities: [[0.8141821  0.10670634 0.07911155]
 [0.21806888 0.07272831 0.7092028 ]
 [0.48359242 0.20967434 0.30673325]
 [0.23381586 0.27016792 0.4960162 ]
 [0.28155002 0.30697903 0.41147095]]
probabilities: [[0.407632   0.18044195 0.41192606]
 [0.44282728 0.5520605  0.0051122 ]
 [0.36270174 0.49762508 0.13967319]
 [0.11148571 0.67249787 0.21601641]
 [0.13670698 0.25148246 0.61181056]]
probabilities: [[0. 0. 1.]
 [0. 1. 0.]
 [0. 1. 0.]
 [0. 0. 1.]
 [0. 0. 1.]]
probabilities: [[0.42238602 0.10347486 0.47413912]
 [0.04102474 0.03568745 0.9232878 ]
 [0.2624098  0.02737115 0.7102191 ]
 [0.6552624  0.0977764  0.24696119]
 [0.02979274 0.06872957 0.9014777 ]]
probabilities: [[0.37606165 0.03749222 0.5864461 ]
 [0.51150644 0.00717452 0.48131904]
 [0.96748537 0.02500311 0.00751153]
 [0.5621907  0.42999318 0.00781612]
 [0.23674056 0.42565402 0.33760542]]
probabilities: [[0.30830628 0.1826294  0.5090643 ]
 [0.2561648  0.3450521  0.39878312]
 [0.72205764 0.16338891 0.11455347]
 [0.84031385 0.00548264 0.15420353]
 [0.02690582 0.4315233  0.5415709 ]]
probabilities: [[1. 0. 0.]
 [1. 0. 0.]
 [1. 0. 0.]
 [1. 0. 0.]
 [1. 0. 0.]]
probabilities: [[0.30227742 0.18740827 0.51031435]
 [0.3357259  0.05597898 0.60829514]
 [0.5643203  0.28885254 0.14682716]
 [0.12515706 0.76692814 0.10791478]
 [0.19351678 0.70094705 0.10553617]]
probabilities: [[0.18578076 0.5831204  0.23109886]
 [0.5549465  0.23768935 0.20736416]
 [0.35867232 0.06938349 0.5719442 ]
 [0.6794333  0.2084589  0.11210782]
 [0.03867225 0.3088977  0.65243   ]]
probabilities: [[3.2520831e-02 5.6337171e-06 9.6747351e-01]
 [3.4935439e-01 2.5462431e-01 3.9602131e-01]
 [3.5895684e-01 2.4387492e-01 3.9716822e-01]
 [2.2752194e-01 6.3060954e-02 7.0941710e-01]
 [1.2524627e-01 1.5816079e-01 7.1659291e-01]]
probabilities: [[1. 0. 0.]
 [1. 0. 0.]
 [1. 0. 0.]
 [1. 0. 0.]
 [1. 0. 0.]]
probabilities: [[0.5191046  0.16923153 0.31166387]
 [0.45587215 0.49006662 0.05406124]
 [0.25077638 0.04934143 0.6998822 ]
 [0.35428333 0.63288075 0.01283592]
 [0.3743972  0.37107608 0.25452673]]
probabilities: [[0.2681417  0.6069977  0.12486059]
 [0.31324652 0.36102217 0.3257313 ]
 [0.15303607 0.39385653 0.4531074 ]
 [0.6430295  0.17701028 0.17996022]
 [0.19019532 0.02200112 0.78780353]]
probabilities: [[0.15107363 0.7507463  0.09818002]
 [0.12408424 0.8374373  0.03847849]
 [0.40728942 0.5761669  0.01654367]
 [0.59442073 0.23780811 0.16777113]
 [0.49627864 0.29112273 0.21259864]]
probabilities: [[1. 0. 0.]
 [1. 0. 0.]
 [1. 0. 0.]
 [1. 0. 0.]
 [1. 0. 0.]]
probabilities: [[0.34124044 0.35518333 0.30357626]
 [0.78307635 0.14470808 0.07221558]
 [0.11731129 0.5453202  0.33736852]
 [0.2979222  0.39130428 0.3107735 ]
 [0.4852739  0.2763409  0.23838522]]
probabilities: [[0.40718472 0.18875019 0.4040651 ]
 [0.7503387  0.17308316 0.07657816]
 [0.00962476 0.82858235 0.1617929 ]
 [0.49755308 0.33541334 0.16703358]
 [0.60793585 0.36963716 0.02242702]]
probabilities: [[0.90932584 0.03929381 0.05138037]
 [0.5546291  0.3623853  0.0829856 ]
 [0.4224542  0.55227935 0.02526643]
 [0.10831238 0.72190845 0.1697792 ]
 [0.24873401 0.23062569 0.5206403 ]]
probabilities: [[1. 0. 0.]
 [1. 0. 0.]
 [1. 0. 0.]
 [1. 0. 0.]
 [1. 0. 0.]]
probabilities: [[0.27823094 0.631802   0.08996708]
 [0.26050976 0.6317413  0.10774896]
 [0.6477631  0.21567845 0.13655847]
 [0.12659146 0.15067504 0.7227335 ]
 [0.75619954 0.2070432  0.03675727]]
probabilities: [[0.41651657 0.14176889 0.44171453]
 [0.71262234 0.24772048 0.03965719]
 [0.12275892 0.09355986 0.7836812 ]
 [0.17794125 0.7426062  0.07945256]
 [0.8058036  0.06098554 0.13321085]]
probabilities: [[0.21352763 0.0940787  0.69239366]
 [0.22398168 0.33641246 0.43960586]
 [0.1133737  0.66680837 0.21981792]
 [0.08395647 0.7601087  0.1559348 ]
 [0.03612074 0.16233534 0.80154395]]
probabilities: [[0. 1. 0.]
 [0. 1. 0.]
 [0. 1. 0.]
 [0. 1. 0.]
 [0. 1. 0.]]
probabilities: [[0.20923366 0.12237366 0.6683927 ]
 [0.7982343  0.05251051 0.14925519]
 [0.3700888  0.05740989 0.57250136]
 [0.5827372  0.30112806 0.11613473]
 [0.51168066 0.05048377 0.43783554]]
probabilities: [[0.11250425 0.00496036 0.8825354 ]
 [0.4242421  0.37550622 0.20025167]
 [0.25978994 0.63009953 0.11011054]
 [0.7009172  0.03898482 0.26009795]
 [0.13885868 0.6800838  0.18105754]]
probabilities: [[0.34646985 0.10687597 0.54665416]
 [0.01672611 0.72160155 0.26167235]
 [0.02809416 0.18399641 0.78790945]
 [0.04262803 0.34982184 0.60755014]
 [0.294726   0.29373485 0.41153914]]
probabilities: [[1. 0. 0.]
 [1. 0. 0.]
 [1. 0. 0.]
 [1. 0. 0.]
 [1. 0. 0.]]
probabilities: [[0.29909676 0.40426385 0.29663938]
 [0.56709003 0.41583648 0.01707347]
 [0.6355037  0.20886393 0.15563239]
 [0.3371005  0.38073516 0.28216434]
 [0.15299314 0.54382396 0.30318293]]
probabilities: [[0.4954484  0.41070655 0.09384503]
 [0.11141346 0.64152414 0.2470624 ]
 [0.2601811  0.24804178 0.49177712]
 [0.20040487 0.4527694  0.34682575]
 [0.50514317 0.24121004 0.25364682]]
probabilities: [[0.4038793  0.08372315 0.5123975 ]
 [0.5331671  0.30278817 0.1640447 ]
 [0.25536942 0.4149203  0.32971027]
 [0.12839021 0.66724503 0.20436479]
 [0.08022854 0.25103846 0.668733  ]]
probabilities: [[0. 0. 1.]
 [0. 1. 0.]
 [0. 1. 0.]
 [0. 0. 1.]
 [0. 0. 1.]]
probabilities: [[0.05393306 0.4974329  0.44863406]
 [0.31105858 0.44490317 0.24403825]
 [0.5806387  0.35923287 0.06012844]
 [0.74408746 0.11302091 0.14289163]
 [0.1000661  0.7764109  0.12352302]]
probabilities: [[0.1563642  0.61565185 0.22798397]
 [0.254477   0.716476   0.02904697]
 [0.9175493  0.02231172 0.06013897]
 [0.43790543 0.43714917 0.1249454 ]
 [0.68968105 0.07499248 0.23532645]]
probabilities: [[0.41560066 0.35109773 0.2333016 ]
 [0.61752176 0.17861392 0.20386432]
 [0.63382894 0.25281128 0.11335978]
 [0.20079221 0.79487115 0.00433664]
 [0.23675115 0.21553138 0.54771745]]
probabilities: [[0. 0. 1.]
 [0. 1. 0.]
 [0. 0. 1.]
 [0. 0. 1.]
 [0. 0. 1.]]
probabilities: [[0.20013994 0.660663   0.13919704]
 [0.17722881 0.5635476  0.2592236 ]
 [0.02283308 0.29536495 0.681802  ]
 [0.20136285 0.19319615 0.605441  ]
 [0.3315651  0.05118882 0.6172461 ]]
probabilities: [[0.74652344 0.1196663  0.13381028]
 [0.39052373 0.10658831 0.50288796]
 [0.8806567  0.07748596 0.04185729]
 [0.31704322 0.31483716 0.36811963]
 [0.45754486 0.29564217 0.24681295]]
probabilities: [[0.15293378 0.42595017 0.42111605]
 [0.17665705 0.75313634 0.07020662]
 [0.12603225 0.40579584 0.46817192]
 [0.2606292  0.4356931  0.3036777 ]
 [0.5832293  0.23648061 0.18029009]]
probabilities: [[0. 1. 0.]
 [0. 1. 0.]
 [0. 1. 0.]
 [0. 1. 0.]
 [0. 1. 0.]]
probabilities: [[0.12856591 0.5728058  0.2986283 ]
 [0.6985807  0.19152175 0.10989759]
 [0.07733094 0.58639735 0.3362717 ]
 [0.08269297 0.42888802 0.488419  ]
 [0.81249    0.08097184 0.1065382 ]]
probabilities: [[0.8394681  0.09493904 0.06559286]
 [0.1710887  0.22318518 0.6057261 ]
 [0.22685142 0.6750846  0.09806399]
 [0.8028796  0.19590184 0.00121856]
 [0.10148716 0.5392643  0.3592485 ]]
probabilities: [[0.23306654 0.7194631  0.04747034]
 [0.47702667 0.07637531 0.44659805]
 [0.4247176  0.35891393 0.21636845]
 [0.24484281 0.24187444 0.5132827 ]
 [0.4323398  0.522113   0.0455472 ]]
probabilities: [[0. 1. 0.]
 [0. 1. 0.]
 [0. 1. 0.]
 [0. 1. 0.]
 [0. 1. 0.]]
probabilities: [[0.38166198 0.4196335  0.1987045 ]
 [0.1420059  0.23379064 0.62420344]
 [0.2769504  0.02319539 0.69985425]
 [0.58539826 0.27592972 0.13867202]
 [0.62948227 0.13353658 0.23698114]]
probabilities: [[0.43018338 0.25943595 0.31038067]
 [0.3662296  0.01432888 0.6194415 ]
 [0.43823949 0.22811045 0.33365008]
 [0.09773917 0.29009178 0.6121691 ]
 [0.20888601 0.3025457  0.4885683 ]]
probabilities: [[0.28702626 0.3249517  0.38802204]
 [0.7734479  0.0767094  0.14984272]
 [0.5995033  0.20784467 0.19265205]
 [0.38144273 0.4674651  0.15109217]
 [0.13743585 0.12381767 0.73874646]]
probabilities: [[0. 0. 1.]
 [0. 1. 0.]
 [0. 1. 0.]
 [0. 0. 1.]
 [0. 0. 1.]]
probabilities: [[0.24150695 0.19043656 0.5680565 ]
 [0.8155966  0.10299585 0.08140756]
 [0.37198642 0.5046425  0.12337111]
 [0.09635901 0.15756193 0.746079  ]
 [0.78133273 0.08147262 0.13719463]]
probabilities: [[0.42439666 0.36026525 0.21533807]
 [0.4029629  0.22149923 0.37553784]
 [0.79117435 0.18973906 0.01908658]
 [0.68085736 0.16574416 0.1533985 ]
 [0.5053984  0.0932769  0.4013247 ]]
probabilities: [[0.01206312 0.561066   0.4268709 ]
 [0.31484386 0.6576506  0.02750553]
 [0.6503414  0.00384443 0.34581417]
 [0.780522   0.15567525 0.06380277]
 [0.8681232  0.01544436 0.11643244]]
probabilities: [[0. 1. 0.]
 [0. 1. 0.]
 [0. 1. 0.]
 [0. 1. 0.]
 [0. 1. 0.]]
probabilities: [[0.47927764 0.22630233 0.29442003]
 [0.21230976 0.51304305 0.27464718]
 [0.21594541 0.36492568 0.4191289 ]
 [0.03890251 0.3431653  0.6179322 ]
 [0.08580127 0.03581104 0.8783877 ]]
probabilities: [[0.4170525  0.30308354 0.27986398]
 [0.18767506 0.46397084 0.3483541 ]
 [0.6332068  0.15637292 0.21042027]
 [0.19018427 0.48390922 0.32590652]
 [0.09623056 0.29280978 0.61095965]]
probabilities: [[0.40748385 0.57032466 0.02219153]
 [0.51314783 0.2157012  0.271151  ]
 [0.8198408  0.05401714 0.12614207]
 [0.6718462  0.19036165 0.13779216]
 [0.13195616 0.21966183 0.648382  ]]
probabilities: [[0. 0. 1.]
 [0. 1. 0.]
 [0. 1. 0.]
 [0. 0. 1.]
 [0. 0. 1.]]
probabilities: [[0.38831717 0.32296458 0.28871822]
 [0.04878533 0.17515235 0.7760623 ]
 [0.40354565 0.30623257 0.29022178]
 [0.08878521 0.08752307 0.8236917 ]
 [0.5250636  0.1879681  0.2869683 ]]
probabilities: [[0.5885642  0.04568763 0.36574817]
 [0.72480774 0.21306047 0.06213176]
 [0.30074883 0.02838089 0.6708703 ]
 [0.03325021 0.31063783 0.65611196]
 [0.788591   0.12385082 0.08755814]]
probabilities: [[0.19369958 0.06406808 0.7422323 ]
 [0.08559688 0.09359062 0.82081246]
 [0.12308985 0.11224774 0.76466244]
 [0.7256846  0.18810643 0.08620897]
 [0.4083862  0.49697205 0.09464176]]
probabilities: [[0. 0. 1.]
 [0. 1. 0.]
 [0. 1. 0.]
 [0. 0. 1.]
 [0. 0. 1.]]
probabilities: [[0.9283882  0.03167563 0.03993619]
 [0.6254017  0.17008954 0.20450878]
 [0.04951888 0.23710491 0.7133762 ]
 [0.17256628 0.7295507  0.09788299]
 [0.50003135 0.4341203  0.06584838]]
probabilities: [[0.31945637 0.29760718 0.38293645]
 [0.8021878  0.14785971 0.04995253]
 [0.10772333 0.81170064 0.08057606]
 [0.04016813 0.44359297 0.5162389 ]
 [0.6310399  0.14221917 0.22674091]]
probabilities: [[0.6662037  0.21929665 0.11449968]
 [0.33689848 0.27535102 0.3877505 ]
 [0.3158159  0.05412074 0.63006335]
 [0.02543849 0.05719516 0.9173663 ]
 [0.41005632 0.09449384 0.49544984]]
probabilities: [[0. 0. 1.]
 [0. 1. 0.]
 [0. 1. 0.]
 [0. 0. 1.]
 [0. 0. 1.]]
probabilities: [[0.10847522 0.66024566 0.2312791 ]
 [0.7739839  0.12743464 0.09858149]
 [0.33132848 0.37690413 0.29176736]
 [0.54629415 0.1308179  0.32288793]
 [0.62302625 0.19808914 0.17888463]]
probabilities: [[0.9150739  0.07963538 0.00529073]
 [0.07405498 0.74831307 0.17763193]
 [0.06698734 0.6101916  0.3228211 ]
 [0.18263067 0.38511005 0.43225926]
 [0.09730037 0.2648001  0.6378995 ]]
probabilities: [[0.5371946  0.3198504  0.14295498]
 [0.18884371 0.33672267 0.47443363]
 [0.3692226  0.27783343 0.35294396]
 [0.1064884  0.3394847  0.5540269 ]
 [0.28278357 0.25216562 0.46505082]]
probabilities: [[0. 0. 1.]
 [0. 1. 0.]
 [0. 0. 1.]
 [0. 0. 1.]
 [0. 0. 1.]]
probabilities: [[0.213351   0.02166509 0.7649839 ]
 [0.17695522 0.2558874  0.5671574 ]
 [0.37716016 0.185217   0.43762285]
 [0.18852496 0.57869345 0.23278156]
 [0.05449378 0.8310879  0.11441834]]
probabilities: [[0.79141444 0.05733507 0.15125051]
 [0.59209096 0.32686892 0.08104014]
 [0.18749578 0.33200955 0.48049468]
 [0.9358507  0.04826915 0.01588016]
 [0.04744428 0.12203255 0.8305232 ]]
probabilities: [[0.32207274 0.06137099 0.6165563 ]
 [0.10250184 0.72896427 0.1685339 ]
 [0.24577981 0.10587298 0.6483472 ]
 [0.18148181 0.2842615  0.5342567 ]
 [0.06029065 0.3277844  0.61192495]]
probabilities: [[1. 0. 0.]
 [1. 0. 0.]
 [1. 0. 0.]
 [1. 0. 0.]
 [1. 0. 0.]]
probabilities: [[0.20168805 0.6963432  0.10196878]
 [0.38467717 0.33890805 0.27641478]
 [0.7027549  0.22697455 0.07027055]
 [0.35519418 0.5279152  0.11689062]
 [0.2506929  0.7280581  0.02124898]]
probabilities: [[0.7640129  0.12309194 0.11289517]
 [0.6228116  0.1534106  0.22377777]
 [0.3032082  0.04715994 0.64963186]
 [0.24025145 0.11912363 0.64062494]
 [0.12928629 0.6897418  0.18097192]]
probabilities: [[0.7743796  0.07351444 0.15210597]
 [0.00577457 0.29490435 0.6993211 ]
 [0.39284587 0.25649118 0.35066295]
 [0.17414324 0.72814715 0.09770961]
 [0.00936394 0.48330507 0.507331  ]]
probabilities: [[0. 1. 0.]
 [0. 1. 0.]
 [0. 1. 0.]
 [0. 1. 0.]
 [0. 1. 0.]]
probabilities: [[0.23109308 0.6385216  0.13038528]
 [0.00752784 0.5411507  0.45132148]
 [0.4790377  0.4332017  0.0877606 ]
 [0.12968951 0.01455116 0.8557593 ]
 [0.08124984 0.68965304 0.22909713]]
probabilities: [[0.8495367  0.06964042 0.08082285]
 [0.7828344  0.21139261 0.00577301]
 [0.01083557 0.01880509 0.9703593 ]
 [0.4518871  0.40836665 0.13974625]
 [0.55404866 0.01078806 0.4351633 ]]
probabilities: [[0.02324582 0.21218002 0.76457417]
 [0.16643801 0.14731915 0.6862428 ]
 [0.62937605 0.16311295 0.20751096]
 [0.07251024 0.17804824 0.7494415 ]
 [0.514688   0.04035548 0.44495648]]
probabilities: [[1. 0. 0.]
 [1. 0. 0.]
 [1. 0. 0.]
 [1. 0. 0.]
 [1. 0. 0.]]
probabilities: [[0.20038682 0.7046071  0.09500606]
 [0.05380905 0.06797748 0.87821347]
 [0.5026151  0.22537977 0.27200514]
 [0.09319178 0.69315386 0.21365438]
 [0.37505785 0.5816465  0.04329566]]
probabilities: [[0.02286557 0.12061837 0.85651606]
 [0.77641916 0.08889682 0.134684  ]
 [0.21594863 0.61776483 0.16628654]
 [0.42664468 0.05831789 0.5150374 ]
 [0.1945156  0.19452347 0.61096096]]
probabilities: [[0.170003   0.78396624 0.04603073]
 [0.48482108 0.10130674 0.41387218]
 [0.20458731 0.4338471  0.3615656 ]
 [0.46134922 0.1664623  0.37218848]
 [0.47279656 0.45492598 0.07227745]]
probabilities: [[0. 1. 0.]
 [0. 1. 0.]
 [0. 1. 0.]
 [0. 1. 0.]
 [0. 1. 0.]]
probabilities: [[0.11663231 0.09913449 0.7842332 ]
 [0.2757901  0.64495516 0.07925475]
 [0.18689792 0.32923475 0.48386732]
 [0.12753151 0.27787203 0.59459645]
 [0.30983314 0.45718694 0.23297991]]
probabilities: [[0.40846708 0.45736632 0.1341666 ]
 [0.14096236 0.4534437  0.40559396]
 [0.63206714 0.30504277 0.0628901 ]
 [0.22063857 0.41645834 0.3629031 ]
 [0.30764788 0.15885648 0.5334956 ]]
probabilities: [[0.05641914 0.72007877 0.2235021 ]
 [0.11425386 0.84998125 0.03576488]
 [0.33193323 0.478628   0.18943878]
 [0.0493691  0.50422037 0.44641054]
 [0.08231972 0.33193436 0.58574593]]
probabilities: [[0. 1. 0.]
 [0. 1. 0.]
 [0. 1. 0.]
 [0. 1. 0.]
 [0. 1. 0.]]
probabilities: [[0.51637554 0.18629439 0.29733005]
 [0.46186724 0.4935792  0.04455354]
 [0.6763821  0.09613017 0.22748771]
 [0.8010993  0.12818073 0.07071997]
 [0.31986433 0.0362917  0.64384395]]
probabilities: [[0.38489938 0.48358402 0.13151659]
 [0.6833027  0.10067979 0.21601748]
 [0.42108414 0.08598665 0.49292922]
 [0.11692744 0.69895405 0.18411851]
 [0.40904546 0.45243308 0.13852145]]
probabilities: [[0.7122639  0.20722736 0.08050875]
 [0.5018992  0.21563345 0.28246737]
 [0.43287855 0.19382729 0.37329417]
 [0.6028317  0.24517827 0.15198998]
 [0.31582156 0.06150535 0.6226731 ]]
probabilities: [[0. 0. 1.]
 [0. 1. 0.]
 [0. 0. 1.]
 [0. 0. 1.]
 [0. 0. 1.]]
probabilities: [[0.2331883  0.45426396 0.31254774]
 [0.62296003 0.23574455 0.14129542]
 [0.63275903 0.04206822 0.32517275]
 [0.7168399  0.10616419 0.17699592]
 [0.17177539 0.03367815 0.7945465 ]]
probabilities: [[0.17502156 0.1786511  0.6463274 ]
 [0.02187949 0.83159363 0.14652689]
 [0.30539292 0.53161967 0.16298738]
 [0.16022158 0.463374   0.37640443]
 [0.12479552 0.2957292  0.5794753 ]]
probabilities: [[0.22860044 0.03711538 0.73428416]
 [0.72959137 0.07896371 0.19144493]
 [0.03093438 0.31472403 0.6543416 ]
 [0.41212124 0.2069603  0.38091844]
 [0.5523267  0.26823416 0.17943913]]
probabilities: [[0. 1. 0.]
 [0. 1. 0.]
 [0. 1. 0.]
 [0. 1. 0.]
 [0. 1. 0.]]
probabilities: [[0.23523936 0.5555333  0.20922737]
 [0.31200528 0.45993996 0.22805475]
 [0.7354456  0.04101109 0.22354329]
 [0.65049595 0.01025624 0.33924782]
 [0.19551213 0.24673864 0.5577492 ]]
probabilities: [[0.02253705 0.4964393  0.48102364]
 [0.11786537 0.5017283  0.38040635]
 [0.30781198 0.14681068 0.5453774 ]
 [0.03781972 0.70707095 0.2551093 ]
 [0.07168573 0.0372269  0.89108735]]
probabilities: [[0.7251331  0.02907588 0.245791  ]
 [0.00663577 0.2252562  0.768108  ]
 [0.13142176 0.1305612  0.738017  ]
 [0.32478485 0.5533944  0.12182079]
 [0.46061864 0.39568013 0.14370123]]
probabilities: [[0. 1. 0.]
 [0. 1. 0.]
 [0. 1. 0.]
 [0. 1. 0.]
 [0. 1. 0.]]
probabilities: [[0.05524177 0.5402751  0.40448317]
 [0.55953085 0.20833662 0.23213251]
 [0.41747978 0.22306624 0.35945398]
 [0.20051387 0.6585117  0.14097445]
 [0.4044182  0.4239657  0.17161608]]
probabilities: [[0.4005797  0.3506101  0.2488102 ]
 [0.21942104 0.11704516 0.6635338 ]
 [0.4578203  0.30597976 0.23619993]
 [0.5852016  0.19669344 0.21810493]
 [0.36154035 0.16679513 0.47166452]]
probabilities: [[0.41584918 0.24237752 0.3417733 ]
 [0.01941121 0.92711586 0.05347294]
 [0.14135668 0.75390196 0.10474136]
 [0.4305203  0.5068007  0.062679  ]
 [0.3577037  0.139203   0.5030933 ]]
probabilities: [[0. 0. 1.]
 [0. 1. 0.]
 [0. 0. 1.]
 [0. 0. 1.]
 [0. 0. 1.]]
probabilities: [[0.4700915  0.17884791 0.3510606 ]
 [0.13680057 0.6170967  0.2461027 ]
 [0.74453753 0.08537362 0.17008884]
 [0.50010437 0.29301354 0.20688207]
 [0.2977056  0.648927   0.05336742]]
probabilities: [[0.6344411  0.19180408 0.17375486]
 [0.19900699 0.22672825 0.57426476]
 [0.10884707 0.61750054 0.27365234]
 [0.0390284  0.53101665 0.42995492]
 [0.69726324 0.07639076 0.22634603]]
probabilities: [[0.48985445 0.41096738 0.09917818]
 [0.15287243 0.5193022  0.32782534]
 [0.07303253 0.8222191  0.10474842]
 [0.4094244  0.25955385 0.33102176]
 [0.01329168 0.34800217 0.63870615]]
probabilities: [[0. 0. 1.]
 [0. 1. 0.]
 [0. 1. 0.]
 [0. 0. 1.]
 [0. 0. 1.]]
probabilities: [[0.40669066 0.20627417 0.38703516]
 [0.00159094 0.9382624  0.06014663]
 [0.08824185 0.01330246 0.8984557 ]
 [0.10758661 0.8555087  0.03690471]
 [0.74432844 0.23643348 0.01923811]]
probabilities: [[0.00576556 0.42856643 0.565668  ]
 [0.21516256 0.43490282 0.34993464]
 [0.5361701  0.19570729 0.26812258]
 [0.40370342 0.42288837 0.17340823]
 [0.539627   0.25059205 0.20978095]]
probabilities: [[0.12115504 0.70983464 0.16901034]
 [0.39111015 0.52372736 0.08516251]
 [0.70396453 0.04731561 0.24871987]
 [0.14285779 0.50999254 0.3471497 ]
 [0.18703236 0.7482377  0.0647299 ]]
probabilities: [[0. 0. 1.]
 [0. 1. 0.]
 [0. 0. 1.]
 [0. 0. 1.]
 [0. 0. 1.]]
probabilities: [[0.6393193  0.30378672 0.05689397]
 [0.7130358  0.07687066 0.2100935 ]
 [0.26624617 0.27508333 0.45867053]
 [0.20256199 0.12452978 0.67290825]
 [0.4696383  0.16439274 0.36596897]]
probabilities: [[0.03190014 0.7079258  0.2601741 ]
 [0.49699846 0.00321729 0.49978426]
 [0.2552851  0.14948238 0.5952325 ]
 [0.1787371  0.52031004 0.30095282]
 [0.25869536 0.542395   0.19890961]]
probabilities: [[0.41042653 0.3743551  0.21521837]
 [0.36235893 0.02818408 0.609457  ]
 [0.11715867 0.8662736  0.01656777]
 [0.07238552 0.19860911 0.7290054 ]
 [0.0487522  0.65774924 0.29349855]]
probabilities: [[0. 0. 1.]
 [0. 1. 0.]
 [0. 1. 0.]
 [0. 0. 1.]
 [0. 0. 1.]]
probabilities: [[0.18686916 0.35392573 0.45920512]
 [0.93090814 0.03337513 0.03571672]
 [0.63974655 0.30850145 0.05175203]
 [0.10905142 0.80366313 0.08728543]
 [0.05951227 0.16984276 0.77064496]]
probabilities: [[0.09651228 0.0928923  0.8105954 ]
 [0.55218625 0.3085099  0.13930388]
 [0.6451485  0.17314878 0.1817027 ]
 [0.52224886 0.39332858 0.08442259]
 [0.08674876 0.7138605  0.19939072]]
probabilities: [[0.02185176 0.4577233  0.52042496]
 [0.09989946 0.31552386 0.58457667]
 [0.46854398 0.12936954 0.4020865 ]
 [0.19214265 0.7272342  0.08062314]
 [0.21648946 0.3459888  0.43752173]]
probabilities: [[1. 0. 0.]
 [1. 0. 0.]
 [1. 0. 0.]
 [1. 0. 0.]
 [1. 0. 0.]]
probabilities: [[0.42489213 0.38949007 0.18561779]
 [0.38524613 0.5103303  0.10442356]
 [0.29548255 0.06215142 0.64236605]
 [0.38527068 0.5148049  0.09992444]
 [0.58158946 0.06706185 0.35134867]]
probabilities: [[0.41543573 0.52876997 0.05579431]
 [0.78476477 0.01091183 0.20432343]
 [0.19784468 0.29395467 0.50820065]
 [0.0364769  0.8251811  0.13834196]
 [0.35834897 0.37184155 0.2698095 ]]
probabilities: [[0.22878064 0.07649402 0.69472533]
 [0.039014   0.4526835  0.5083025 ]
 [0.14496768 0.6846812  0.17035116]
 [0.18576905 0.80068856 0.01354242]
 [0.3123158  0.23312937 0.45455486]]
probabilities: [[1. 0. 0.]
 [1. 0. 0.]
 [1. 0. 0.]
 [1. 0. 0.]
 [1. 0. 0.]]
probabilities: [[0.49308988 0.42669782 0.0802123 ]
 [0.3716058  0.12215171 0.50624245]
 [0.5720736  0.19384895 0.23407747]
 [0.0829873  0.61978114 0.29723155]
 [0.19180469 0.16128011 0.6469152 ]]
probabilities: [[0.21999867 0.20843324 0.5715681 ]
 [0.6996384  0.08322443 0.21713711]
 [0.36114052 0.61558706 0.02327242]
 [0.5165617  0.36749068 0.1159476 ]
 [0.14125833 0.3954224  0.46331927]]
probabilities: [[0.04535303 0.25534263 0.69930434]
 [0.2016948  0.4536179  0.34468728]
 [0.12869185 0.14235741 0.72895074]
 [0.41946515 0.09034339 0.49019143]
 [0.9441887  0.01479021 0.0410211 ]]
probabilities: [[0. 0. 1.]
 [0. 1. 0.]
 [0. 1. 0.]
 [0. 0. 1.]
 [0. 0. 1.]]
probabilities: [[0.2956315  0.33282906 0.37153944]
 [0.32063243 0.39510557 0.28426197]
 [0.33012766 0.3617508  0.3081215 ]
 [0.16197482 0.27685747 0.5611677 ]
 [0.11673398 0.3219193  0.5613467 ]]
probabilities: [[8.1795262e-04 9.8697311e-01 1.2208937e-02]
 [2.6850253e-01 2.5746050e-01 4.7403696e-01]
 [7.1397114e-01 1.0963187e-01 1.7639701e-01]
 [5.6650692e-01 1.0741881e-01 3.2607424e-01]
 [3.2685596e-02 2.3748970e-02 9.4356543e-01]]
probabilities: [[0.7772547  0.19370575 0.02903955]
 [0.00422336 0.1421043  0.8536723 ]
 [0.41755298 0.56521755 0.01722947]
 [0.02626221 0.6777006  0.29603723]
 [0.01662537 0.39685822 0.58651644]]
probabilities: [[0. 0. 1.]
 [0. 1. 0.]
 [0. 0. 1.]
 [0. 0. 1.]
 [0. 0. 1.]]
probabilities: [[0.37685978 0.22934595 0.39379427]
 [0.583798   0.11948723 0.29671478]
 [0.6767152  0.24950059 0.07378423]
 [0.33164942 0.2681872  0.40016338]
 [0.25468948 0.5617529  0.18355757]]
probabilities: [[0.11098389 0.1897592  0.6992569 ]
 [0.05906343 0.48330936 0.4576272 ]
 [0.23360488 0.22050536 0.54588974]
 [0.03616978 0.6988779  0.26495233]
 [0.68896264 0.22577444 0.0852629 ]]
probabilities: [[0.9304371  0.05521782 0.01434508]
 [0.11128452 0.82477605 0.0639394 ]
 [0.00637898 0.5245374  0.4690836 ]
 [0.01081116 0.037001   0.95218784]
 [0.7733799  0.05430163 0.17231844]]
probabilities: [[0. 1. 0.]
 [0. 1. 0.]
 [0. 1. 0.]
 [0. 1. 0.]
 [0. 1. 0.]]
probabilities: [[0.2687593  0.63023597 0.10100476]
 [0.45758626 0.4497371  0.09267662]
 [0.3895806  0.477293   0.13312636]
 [0.26363793 0.57597405 0.16038802]
 [0.15775236 0.64862156 0.1936261 ]]
probabilities: [[0.18694903 0.5635001  0.24955088]
 [0.90607685 0.0171688  0.07675434]
 [0.13284956 0.05040351 0.81674695]
 [0.24060212 0.47947097 0.27992693]
 [0.2558994  0.31662712 0.4274735 ]]
probabilities: [[0.26571938 0.6711918  0.06308877]
 [0.22599368 0.45037708 0.32362923]
 [0.20068651 0.70197576 0.09733775]
 [0.03534759 0.06304057 0.90161186]
 [0.04091867 0.7385385  0.22054283]]
probabilities: [[0. 0. 1.]
 [0. 1. 0.]
 [0. 1. 0.]
 [0. 0. 1.]
 [0. 0. 1.]]
probabilities: [[0.11918944 0.38008997 0.50072056]
 [0.19951387 0.43728995 0.36319616]
 [0.39454162 0.3196834  0.28577498]
 [0.1305096  0.34855312 0.52093726]
 [0.4421754  0.5468749  0.01094971]]
probabilities: [[0.04737875 0.15131855 0.80130273]
 [0.7108601  0.07292617 0.21621378]
 [0.05167473 0.4422902  0.5060351 ]
 [0.05345675 0.0114545  0.93508875]
 [0.3171281  0.36902994 0.31384197]]
probabilities: [[0.21531399 0.11296088 0.67172515]
 [0.2024956  0.6845704  0.11293405]
 [0.06005849 0.8176563  0.12228522]
 [0.6322849  0.19192599 0.17578916]
 [0.31644914 0.3647399  0.31881097]]
probabilities: [[1. 0. 0.]
 [1. 0. 0.]
 [1. 0. 0.]
 [1. 0. 0.]
 [1. 0. 0.]]
probabilities: [[0.55914825 0.08072016 0.36013156]
 [0.7495412  0.12571599 0.12474282]
 [0.77952075 0.11189669 0.10858256]
 [0.05489391 0.49847245 0.44663364]
 [0.7344938  0.14291024 0.12259596]]
probabilities: [[0.39501745 0.44825542 0.15672712]
 [0.03657928 0.6530376  0.31038314]
 [0.15442623 0.46885356 0.37672022]
 [0.1730185  0.24592021 0.5810613 ]
 [0.47072342 0.20412353 0.32515305]]
probabilities: [[0.3329812  0.17251885 0.49449995]
 [0.29521728 0.11372484 0.5910579 ]
 [0.36858636 0.51885045 0.11256321]
 [0.0180171  0.81784123 0.16414165]
 [0.1795422  0.3035924  0.5168654 ]]
probabilities: [[0. 0. 1.]
 [0. 1. 0.]
 [0. 0. 1.]
 [0. 0. 1.]
 [0. 0. 1.]]
probabilities: [[0.14905377 0.5087861  0.34216017]
 [0.30154252 0.26959065 0.42886686]
 [0.3458879  0.51286405 0.14124808]
 [0.15258946 0.5500648  0.29734576]
 [0.6319866  0.2688243  0.09918908]]
probabilities: [[0.9331572  0.05622125 0.01062153]
 [0.47324324 0.33263496 0.1941218 ]
 [0.14032596 0.7086866  0.15098746]
 [0.03059304 0.8447211  0.12468587]
 [0.01887863 0.6347579  0.34636348]]
probabilities: [[0.17366722 0.62990874 0.19642402]
 [0.59351486 0.02445223 0.3820329 ]
 [0.5834554  0.2046929  0.21185172]
 [0.09424146 0.12970828 0.77605027]
 [0.21820828 0.00522316 0.77656853]]
probabilities: [[0. 1. 0.]
 [0. 1. 0.]
 [0. 1. 0.]
 [0. 1. 0.]
 [0. 1. 0.]]
probabilities: [[0.2754535  0.6173238  0.10722266]
 [0.4084891  0.28214654 0.30936435]
 [0.2925086  0.23718254 0.47030884]
 [0.21665426 0.7065106  0.07683512]
 [0.8196335  0.09794324 0.08242325]]
probabilities: [[0.4654236  0.38226685 0.15230952]
 [0.4796184  0.40246728 0.11791431]
 [0.36706683 0.4977294  0.1352038 ]
 [0.8137858  0.09206166 0.09415253]
 [0.4813528  0.2822517  0.23639551]]
probabilities: [[0.01885199 0.8312416  0.14990638]
 [0.06936169 0.46376374 0.46687454]
 [0.4366873  0.28136107 0.28195167]
 [0.03105499 0.0890636  0.87988144]
 [0.5500547  0.04007968 0.4098656 ]]
probabilities: [[1. 0. 0.]
 [1. 0. 0.]
 [1. 0. 0.]
 [1. 0. 0.]
 [1. 0. 0.]]
probabilities: [[0.3267688  0.54247296 0.13075827]
 [0.0091436  0.9322714  0.05858498]
 [0.65947163 0.05999738 0.28053096]
 [0.01400456 0.8350034  0.15099205]
 [0.04685744 0.44828674 0.5048558 ]]
probabilities: [[0.58575994 0.17924441 0.23499566]
 [0.02728656 0.7557224  0.21699102]
 [0.1326163  0.62023944 0.24714424]
 [0.6889449  0.22208978 0.08896534]
 [0.22395244 0.08718009 0.68886745]]
probabilities: [[0.43795964 0.2890337  0.27300668]
 [0.93310934 0.05463188 0.0122588 ]
 [0.57793033 0.30209574 0.11997389]
 [0.06407639 0.8309272  0.10499642]
 [0.13770726 0.71860594 0.1436868 ]]
probabilities: [[0. 1. 0.]
 [0. 1. 0.]
 [0. 1. 0.]
 [0. 1. 0.]
 [0. 1. 0.]]
probabilities: [[0.23842028 0.16391303 0.5976667 ]
 [0.82202965 0.12282417 0.05514619]
 [0.26813218 0.11233667 0.61953115]
 [0.16447261 0.29136616 0.54416126]
 [0.054121   0.5967668  0.34911218]]
probabilities: [[0.10296129 0.5175092  0.3795295 ]
 [0.14081149 0.09806248 0.76112604]
 [0.2203703  0.54113835 0.23849134]
 [0.45541257 0.5116493  0.03293813]
 [0.71730304 0.2168799  0.06581708]]
probabilities: [[0.3794315  0.5877057  0.03286287]
 [0.10353142 0.7345681  0.16190048]
 [0.57171106 0.21406479 0.21422414]
 [0.11926791 0.2241783  0.6565538 ]
 [0.5173933  0.4173408  0.06526595]]
probabilities: [[0. 1. 0.]
 [0. 1. 0.]
 [0. 1. 0.]
 [0. 1. 0.]
 [0. 1. 0.]]
probabilities: [[0.00968801 0.9109678  0.07934419]
 [0.7815259  0.18533623 0.03313788]
 [0.2597594  0.5516948  0.18854581]
 [0.63256246 0.21216576 0.15527181]
 [0.3086176  0.4851267  0.20625567]]
probabilities: [[0.10321148 0.5846369  0.31215158]
 [0.05707181 0.4563554  0.4865728 ]
 [0.42966682 0.07069162 0.49964157]
 [0.83474416 0.07244308 0.09281273]
 [0.07556587 0.23848858 0.6859455 ]]
probabilities: [[0.03433993 0.77908933 0.18657073]
 [0.40163806 0.50111353 0.09724844]
 [0.83484507 0.03622276 0.12893216]
 [0.7099635  0.14605403 0.14398246]
 [0.5067666  0.22216778 0.2710656 ]]
