probabilities: [[0. 0. 1.]
 [0. 1. 0.]
 [0. 0. 1.]
 [0. 0. 1.]
 [0. 0. 1.]]
probabilities: [[0.43518707 0.31290627 0.2519067 ]
 [0.24521805 0.32214394 0.432638  ]
 [0.15112299 0.35927743 0.4895996 ]
 [0.23739983 0.4376827  0.32491747]
 [0.14808026 0.06060088 0.79131883]]
probabilities: [[0.35685307 0.30254257 0.34060436]
 [0.06474631 0.30085614 0.63439757]
 [0.01172232 0.46991858 0.5183591 ]
 [0.6494466  0.0859691  0.26458427]
 [0.7895384  0.17679405 0.03366756]]
probabilities: [[0.06613006 0.29698098 0.636889  ]
 [0.2962592  0.22622624 0.47751456]
 [0.04285966 0.35186467 0.6052757 ]
 [0.14184484 0.1680552  0.69009995]
 [0.4313593  0.29620972 0.27243102]]
probabilities: [[0.7647639  0.20929043 0.02594569]
 [0.8569787  0.02223809 0.12078319]
 [0.44216374 0.18275021 0.37508607]
 [0.49115357 0.40975037 0.09909604]
 [0.01758612 0.17090768 0.8115062 ]]
probabilities: [[0.02657647 0.82918644 0.1442371 ]
 [0.08336227 0.6405633  0.27607438]
 [0.5307849  0.40342608 0.06578904]
 [0.27426437 0.39243183 0.3333038 ]
 [0.05530909 0.351814   0.5928769 ]]
probabilities: [[1. 0. 0.]
 [1. 0. 0.]
 [1. 0. 0.]
 [1. 0. 0.]
 [1. 0. 0.]]
probabilities: [[0.1232293  0.43275866 0.44401205]
 [0.39101344 0.12879355 0.480193  ]
 [0.00136985 0.8457754  0.15285471]
 [0.0796665  0.25482342 0.66551006]
 [0.72056746 0.24091876 0.03851378]]
probabilities: [[0.01309084 0.01225425 0.9746549 ]
 [0.2385164  0.19264139 0.5688422 ]
 [0.5942572  0.22951715 0.17622565]
 [0.3250182  0.30065182 0.37432998]
 [0.13890506 0.57726467 0.28383029]]
probabilities: [[0.25952503 0.30418208 0.4362929 ]
 [0.18285456 0.03209547 0.78505   ]
 [0.85600525 0.06432029 0.07967447]
 [0.4923572  0.15062194 0.35702088]
 [0.01927198 0.8070716  0.17365637]]
probabilities: [[9.45162654e-01 5.39412722e-02 8.96053913e-04]
 [2.47499958e-01 4.41112816e-01 3.11387211e-01]
 [4.18586247e-02 1.16432846e-01 8.41708541e-01]
 [3.90382223e-02 4.32210982e-01 5.28750777e-01]
 [8.70813429e-02 1.69932485e-01 7.42986202e-01]]
probabilities: [[0.7547612  0.06760217 0.1776366 ]
 [0.3173005  0.6160496  0.06664991]
 [0.157535   0.8264556  0.01600943]
 [0.08005752 0.37954262 0.54039985]
 [0.07724956 0.39345595 0.5292945 ]]
probabilities: [[1. 0. 0.]
 [1. 0. 0.]
 [1. 0. 0.]
 [1. 0. 0.]
 [1. 0. 0.]]
probabilities: [[0.04448557 0.49323052 0.4622839 ]
 [0.6358737  0.302015   0.0621113 ]
 [0.27524856 0.4671512  0.25760025]
 [0.3009323  0.47164103 0.22742668]
 [0.67542714 0.00768593 0.31688693]]
probabilities: [[0.13475737 0.0551131  0.8101295 ]
 [0.12406864 0.8021348  0.07379653]
 [0.33171564 0.04304197 0.6252424 ]
 [0.3084119  0.36484522 0.3267429 ]
 [0.16618754 0.48233917 0.3514733 ]]
probabilities: [[0.7123299  0.22567725 0.06199284]
 [0.5027239  0.05071246 0.44656366]
 [0.827141   0.00316853 0.16969047]
 [0.01472593 0.4898086  0.4954655 ]
 [0.32524672 0.25162232 0.42313096]]
probabilities: [[0.12771429 0.29838476 0.57390094]
 [0.03256547 0.42990297 0.53753155]
 [0.58260846 0.38251507 0.03487647]
 [0.00826673 0.311145   0.68058825]
 [0.615663   0.05935254 0.32498446]]
probabilities: [[0.24350646 0.67748195 0.0790116 ]
 [0.47776574 0.33266124 0.18957302]
 [0.07825126 0.90538305 0.01636569]
 [0.24848174 0.63765144 0.11386681]
 [0.6511367  0.27469605 0.07416724]]
probabilities: [[0. 0. 1.]
 [0. 1. 0.]
 [0. 0. 1.]
 [0. 0. 1.]
 [0. 0. 1.]]
probabilities: [[0.7436135  0.16973914 0.08664737]
 [0.11861621 0.8123301  0.06905369]
 [0.80952114 0.02451914 0.16595973]
 [0.4036002  0.38838512 0.2080147 ]
 [0.25076896 0.6125817  0.13664937]]
probabilities: [[0.43005624 0.5656011  0.00434263]
 [0.6197201  0.29468045 0.08559948]
 [0.37677824 0.5642146  0.05900716]
 [0.15478651 0.8297924  0.01542112]
 [0.51817054 0.3956717  0.08615774]]
probabilities: [[0.01910111 0.51165664 0.46924224]
 [0.8307534  0.14112014 0.02812645]
 [0.36361724 0.37056026 0.2658225 ]
 [0.03871926 0.8060051  0.15527563]
 [0.3753794  0.04849208 0.5761285 ]]
probabilities: [[0.9306731  0.06504522 0.00428168]
 [0.4574275  0.43586618 0.10670634]
 [0.27859655 0.51177233 0.2096311 ]
 [0.2632742  0.4702473  0.26647854]
 [0.34022614 0.25809574 0.40167812]]
probabilities: [[0.34680286 0.17585032 0.4773468 ]
 [0.65444547 0.22941299 0.11614158]
 [0.50337076 0.03496276 0.4616665 ]
 [0.23365164 0.16258062 0.60376775]
 [0.6990721  0.15279959 0.14812832]]
probabilities: [[1. 0. 0.]
 [1. 0. 0.]
 [1. 0. 0.]
 [1. 0. 0.]
 [1. 0. 0.]]
probabilities: [[0.7185094  0.07421161 0.20727901]
 [0.3983993  0.07259998 0.52900076]
 [0.5902195  0.22857028 0.18121022]
 [0.33318084 0.4127895  0.25402966]
 [0.5586429  0.28974992 0.15160717]]
probabilities: [[0.18275355 0.2144832  0.60276324]
 [0.75186247 0.23302543 0.01511212]
 [0.5882639  0.14588875 0.2658473 ]
 [0.15675275 0.6921851  0.15106215]
 [0.5214063  0.0071715  0.4714222 ]]
probabilities: [[0.03599704 0.33204314 0.63195986]
 [0.6090475  0.16052975 0.23042281]
 [0.22086728 0.4114666  0.3676661 ]
 [0.10121557 0.8231112  0.07567327]
 [0.4044419  0.5678747  0.02768342]]
probabilities: [[0.15331335 0.41928136 0.4274053 ]
 [0.10577872 0.3936405  0.5005808 ]
 [0.06739799 0.8882754  0.04432663]
 [0.03198729 0.8507858  0.11722691]
 [0.41333866 0.4780485  0.10861283]]
probabilities: [[0.39573362 0.57347614 0.03079024]
 [0.54371285 0.13215636 0.32413077]
 [0.2656623  0.00618366 0.728154  ]
 [0.43168268 0.06647307 0.5018442 ]
 [0.35808903 0.5752743  0.06663664]]
probabilities: [[1. 0. 0.]
 [1. 0. 0.]
 [1. 0. 0.]
 [1. 0. 0.]
 [1. 0. 0.]]
probabilities: [[0.40755957 0.55563563 0.03680483]
 [0.6143333  0.25703576 0.12863095]
 [0.01851417 0.49127904 0.4902068 ]
 [0.4334385  0.3003773  0.26618415]
 [0.14915577 0.33608368 0.51476055]]
probabilities: [[0.19852126 0.13166088 0.66981786]
 [0.23097554 0.19687401 0.57215047]
 [0.00672087 0.43481046 0.5584687 ]
 [0.43064135 0.03708221 0.5322764 ]
 [0.11574751 0.38142797 0.50282454]]
probabilities: [[0.4565739  0.3171404  0.22628571]
 [0.29768226 0.23059997 0.4717178 ]
 [0.477454   0.11893775 0.40360823]
 [0.41933727 0.37219176 0.20847097]
 [0.33676344 0.09772199 0.56551456]]
probabilities: [[0.21006837 0.64312655 0.14680506]
 [0.648335   0.24727832 0.10438668]
 [0.3703556  0.0348027  0.5948417 ]
 [0.5412155  0.06904247 0.38974205]
 [0.40356243 0.5242493  0.07218824]]
probabilities: [[0.00560033 0.4582067  0.53619295]
 [0.02869731 0.5795828  0.39171988]
 [0.4357098  0.5421916  0.02209857]
 [0.01116227 0.46798638 0.5208514 ]
 [0.50575954 0.4627568  0.03148362]]
probabilities: [[0. 0. 1.]
 [0. 1. 0.]
 [0. 1. 0.]
 [0. 0. 1.]
 [0. 0. 1.]]
probabilities: [[0.20795664 0.22858323 0.5634601 ]
 [0.16446616 0.83148724 0.00404663]
 [0.18955857 0.68942124 0.12102021]
 [0.3159909  0.64899004 0.03501909]
 [0.60799706 0.21171582 0.18028711]]
probabilities: [[0.26853734 0.5858908  0.14557181]
 [0.15674344 0.74087095 0.10238563]
 [0.07357603 0.9188159  0.00760806]
 [0.61834365 0.12482227 0.25683406]
 [0.5583767  0.35428455 0.08733871]]
probabilities: [[0.4514482  0.43828323 0.11026857]
 [0.6586809  0.31099564 0.03032342]
 [0.2721411  0.68691105 0.04094786]
 [0.3326565  0.27980733 0.38753617]
 [0.46227685 0.3714558  0.16626735]]
probabilities: [[0.30732694 0.03885772 0.6538153 ]
 [0.1439769  0.41214415 0.44387892]
 [0.44831327 0.27151552 0.28017122]
 [0.00890201 0.7204972  0.27060083]
 [0.20489481 0.511287   0.28381824]]
probabilities: [[0.229819   0.7413565  0.0288245 ]
 [0.331964   0.10797799 0.560058  ]
 [0.02969104 0.41509908 0.5552099 ]
 [0.49444315 0.11796032 0.38759655]
 [0.34345448 0.16556713 0.4909784 ]]
probabilities: [[0. 1. 0.]
 [0. 1. 0.]
 [0. 1. 0.]
 [0. 1. 0.]
 [0. 1. 0.]]
probabilities: [[0.4034365  0.34949917 0.2470643 ]
 [0.4642394  0.52440095 0.01135964]
 [0.5056565  0.26810816 0.22623537]
 [0.02423816 0.2788516  0.69691026]
 [0.4725541  0.2734026  0.2540433 ]]
probabilities: [[0.68045217 0.08954606 0.23000175]
 [0.10821376 0.23147784 0.6603084 ]
 [0.01311085 0.21028067 0.77660847]
 [0.26185372 0.7173327  0.02081352]
 [0.17806044 0.7604015  0.06153805]]
probabilities: [[0.03691321 0.5350917  0.42799512]
 [0.00244114 0.71410817 0.2834507 ]
 [0.86517185 0.039118   0.09571014]
 [0.02157165 0.72847944 0.24994892]
 [0.2403656  0.43892252 0.32071188]]
probabilities: [[0.13835205 0.17533214 0.6863158 ]
 [0.44960523 0.14205328 0.40834147]
 [0.02861627 0.1787351  0.7926486 ]
 [0.23475087 0.3512453  0.41400385]
 [0.20446232 0.31214797 0.4833897 ]]
probabilities: [[0.01366008 0.9729305  0.01340944]
 [0.13476077 0.7879618  0.07727747]
 [0.11229976 0.25156832 0.63613194]
 [0.10127893 0.20842443 0.69029665]
 [0.5321412  0.41103604 0.05682275]]
probabilities: [[0. 0. 1.]
 [0. 1. 0.]
 [0. 1. 0.]
 [0. 0. 1.]
 [0. 0. 1.]]
probabilities: [[0.19639194 0.28330654 0.5203015 ]
 [0.78500926 0.06006842 0.15492234]
 [0.5378458  0.3868448  0.0753094 ]
 [0.377102   0.5847973  0.03810069]
 [0.01389239 0.81063503 0.17547256]]
probabilities: [[0.26419258 0.5448944  0.19091299]
 [0.3024387  0.03684027 0.660721  ]
 [0.48430613 0.04871706 0.4669768 ]
 [0.32645193 0.53019196 0.14335611]
 [0.16240509 0.13882537 0.69876957]]
probabilities: [[0.39107043 0.599885   0.0090446 ]
 [0.3422653  0.5982248  0.05950985]
 [0.00539032 0.6222234  0.37238628]
 [0.4475539  0.02922838 0.52321774]
 [0.23718753 0.48126638 0.2815461 ]]
probabilities: [[8.5098636e-01 1.0801462e-01 4.0999040e-02]
 [2.7920654e-02 8.1008190e-01 1.6199742e-01]
 [7.8666210e-02 9.2058909e-01 7.4468384e-04]
 [7.4602664e-02 2.1412368e-01 7.1127367e-01]
 [5.7817087e-02 4.6157813e-01 4.8060477e-01]]
probabilities: [[0.3191063  0.01801516 0.6628785 ]
 [0.5758684  0.19839515 0.22573645]
 [0.363943   0.05494696 0.58111006]
 [0.1148753  0.15516979 0.7299549 ]
 [0.13079093 0.6338173  0.23539174]]
probabilities: [[0. 0. 1.]
 [0. 1. 0.]
 [0. 0. 1.]
 [0. 0. 1.]
 [0. 0. 1.]]
probabilities: [[0.41788903 0.29109123 0.29101974]
 [0.00464071 0.00527129 0.990088  ]
 [0.0171168  0.86190903 0.12097416]
 [0.88111454 0.06716196 0.05172348]
 [0.2350725  0.11629121 0.6486363 ]]
probabilities: [[0.40243948 0.32730174 0.27025878]
 [0.2818782  0.11034892 0.6077729 ]
 [0.11627463 0.86487484 0.01885051]
 [0.87731075 0.11478827 0.00790097]
 [0.42730168 0.5408889  0.03180943]]
probabilities: [[0.15108573 0.52220255 0.32671168]
 [0.60917103 0.01144716 0.3793818 ]
 [0.44516662 0.2051829  0.34965047]
 [0.06662562 0.7453728  0.18800159]
 [0.11828239 0.34605184 0.53566575]]
probabilities: [[0.09234764 0.25125894 0.6563934 ]
 [0.46635485 0.47412053 0.05952461]
 [0.18166548 0.05905748 0.75927705]
 [0.09975182 0.59498036 0.30526784]
 [0.17284085 0.6642825  0.16287664]]
probabilities: [[0.7425289  0.17789021 0.07958089]
 [0.70462394 0.0740998  0.22127627]
 [0.18173885 0.43310514 0.385156  ]
 [0.0055321  0.9051822  0.08928571]
 [0.39175856 0.23686689 0.37137455]]
probabilities: [[0. 1. 0.]
 [0. 1. 0.]
 [0. 1. 0.]
 [0. 1. 0.]
 [0. 1. 0.]]
probabilities: [[0.15705384 0.67347467 0.16947146]
 [0.0471514  0.58697623 0.3658724 ]
 [0.35625416 0.5947573  0.04898852]
 [0.5750027  0.25380245 0.1711949 ]
 [0.07682972 0.7929072  0.13026313]]
probabilities: [[0.3132177  0.6654382  0.02134411]
 [0.1702494  0.5629987  0.2667519 ]
 [0.5319007  0.44830632 0.01979298]
 [0.45055825 0.52361315 0.02582861]
 [0.06136462 0.84114546 0.0974899 ]]
probabilities: [[0.41207978 0.05987886 0.52804136]
 [0.30987173 0.41160592 0.2785223 ]
 [0.30097258 0.4097318  0.28929558]
 [0.5556874  0.20645875 0.23785384]
 [0.3412404  0.22540836 0.43335125]]
probabilities: [[0.15368351 0.7071105  0.13920599]
 [0.13965446 0.37072054 0.48962504]
 [0.12547015 0.03040633 0.84412354]
 [0.17508346 0.4268468  0.39806974]
 [0.11906415 0.8274227  0.05351317]]
probabilities: [[0.3143678  0.04594293 0.63968927]
 [0.73811686 0.12741755 0.13446556]
 [0.13780606 0.10457107 0.7576229 ]
 [0.38175464 0.2618921  0.35635322]
 [0.18336867 0.5620781  0.25455323]]
probabilities: [[0. 1. 0.]
 [0. 1. 0.]
 [0. 1. 0.]
 [0. 1. 0.]
 [0. 1. 0.]]
probabilities: [[0.3789185  0.48574218 0.13533932]
 [0.17013787 0.29048333 0.5393788 ]
 [0.19255286 0.03008806 0.77735907]
 [0.69210887 0.25025824 0.05763291]
 [0.1968489  0.5775189  0.22563224]]
probabilities: [[0.73036784 0.17215145 0.09748072]
 [0.34986877 0.08494848 0.56518275]
 [0.3861494  0.11210784 0.5017428 ]
 [0.03248895 0.5451136  0.4223974 ]
 [0.44998935 0.07113589 0.47887474]]
probabilities: [[0.47404835 0.25110328 0.27484837]
 [0.14964245 0.20373951 0.646618  ]
 [0.22342084 0.28716904 0.4894101 ]
 [0.5192992  0.35801044 0.12269037]
 [0.24188766 0.4008539  0.35725844]]
probabilities: [[0.35629186 0.10886476 0.5348434 ]
 [0.04595597 0.33072957 0.62331444]
 [0.31329092 0.23842403 0.448285  ]
 [0.6643683  0.08876644 0.24686529]
 [0.00435969 0.06708179 0.9285585 ]]
probabilities: [[0.34026644 0.6361817  0.02355186]
 [0.12154822 0.6682354  0.21021637]
 [0.1030307  0.41031975 0.48664954]
 [0.14086623 0.5150896  0.34404418]
 [0.03418464 0.84034145 0.12547389]]
probabilities: [[0. 0. 1.]
 [0. 1. 0.]
 [0. 1. 0.]
 [0. 0. 1.]
 [0. 0. 1.]]
probabilities: [[0.04452941 0.27872336 0.67674726]
 [0.20422275 0.16384925 0.631928  ]
 [0.17549051 0.38659889 0.4379106 ]
 [0.874065   0.09239005 0.03354494]
 [0.39186752 0.5922657  0.01586677]]
probabilities: [[0.4944397  0.28817222 0.21738808]
 [0.3619821  0.20003    0.4379879 ]
 [0.71377623 0.149086   0.13713779]
 [0.05324541 0.72919416 0.21756041]
 [0.38503918 0.09849859 0.5164622 ]]
probabilities: [[0.14943816 0.49638474 0.35417712]
 [0.22471528 0.06469425 0.7105905 ]
 [0.6798613  0.1318513  0.18828738]
 [0.58589983 0.15838844 0.25571173]
 [0.44648764 0.00537507 0.5481373 ]]
probabilities: [[0.22427242 0.67358917 0.10213839]
 [0.335545   0.29814497 0.36631003]
 [0.23868567 0.17652865 0.5847857 ]
 [0.01585698 0.5869567  0.39718634]
 [0.48785302 0.24898675 0.26316023]]
probabilities: [[0.592512   0.30306923 0.10441875]
 [0.09313317 0.28546312 0.6214037 ]
 [0.5846279  0.27185184 0.14352024]
 [0.2800746  0.6903962  0.02952918]
 [0.05934655 0.70673424 0.23391923]]
probabilities: [[0. 0. 1.]
 [0. 1. 0.]
 [0. 1. 0.]
 [0. 0. 1.]
 [0. 0. 1.]]
probabilities: [[0.6590997  0.15842077 0.18247952]
 [0.08906127 0.00849981 0.90243894]
 [0.6886278  0.24130613 0.07006612]
 [0.4515549  0.45372862 0.09471648]
 [0.66753995 0.02066555 0.3117945 ]]
probabilities: [[0.7880707  0.08178059 0.13014875]
 [0.09815008 0.33522013 0.56662977]
 [0.43154633 0.41092867 0.157525  ]
 [0.00791812 0.38691273 0.6051691 ]
 [0.7727006  0.14931455 0.07798483]]
probabilities: [[0.09582289 0.752969   0.15120807]
 [0.49750412 0.08116182 0.42133406]
 [0.6774912  0.23622565 0.08628316]
 [0.13194731 0.44550535 0.42254734]
 [0.66358465 0.22745334 0.10896198]]
probabilities: [[0.7018721  0.01763159 0.28049627]
 [0.5199788  0.17037193 0.30964926]
 [0.30907962 0.58987814 0.10104224]
 [0.5506293  0.02604184 0.42332882]
 [0.34930936 0.39696345 0.25372723]]
probabilities: [[0.23112154 0.7430288  0.02584966]
 [0.505647   0.47628537 0.01806764]
 [0.7341168  0.1638661  0.1020171 ]
 [0.46484706 0.520879   0.01427398]
 [0.06843934 0.3009821  0.6305786 ]]
probabilities: [[0. 1. 0.]
 [0. 1. 0.]
 [0. 1. 0.]
 [0. 1. 0.]
 [0. 1. 0.]]
probabilities: [[0.56481105 0.1114765  0.32371247]
 [0.65230376 0.02316046 0.32453576]
 [0.2197299  0.56475985 0.21551022]
 [0.38687205 0.0612112  0.5519168 ]
 [0.04306784 0.3516635  0.60526866]]
probabilities: [[0.0247269  0.05925098 0.9160221 ]
 [0.12554872 0.32791254 0.5465387 ]
 [0.46036547 0.19085616 0.34877837]
 [0.23358318 0.55321133 0.2132055 ]
 [0.0378364  0.35643739 0.6057262 ]]
probabilities: [[0.549752   0.03971178 0.41053623]
 [0.389021   0.10700475 0.50397426]
 [0.13097633 0.32742745 0.54159623]
 [0.06793429 0.70187545 0.23019025]
 [0.6397779  0.16605368 0.19416842]]
probabilities: [[0.00085362 0.43460405 0.56454235]
 [0.19954854 0.6544077  0.14604376]
 [0.6576963  0.22265808 0.1196456 ]
 [0.39420557 0.11611699 0.48967743]
 [0.48273987 0.3594657  0.15779445]]
probabilities: [[0.23183641 0.21117446 0.55698913]
 [0.02926277 0.21183538 0.75890183]
 [0.36291498 0.32083178 0.31625327]
 [0.3750548  0.15259932 0.47234586]
 [0.47900984 0.10037757 0.4206126 ]]
probabilities: [[0. 0. 1.]
 [0. 1. 0.]
 [0. 0. 1.]
 [0. 0. 1.]
 [0. 0. 1.]]
probabilities: [[0.1510172  0.5560439  0.2929389 ]
 [0.09854639 0.36494142 0.5365122 ]
 [0.1881773  0.18336202 0.6284607 ]
 [0.46200672 0.1887783  0.34921497]
 [0.29630202 0.33702806 0.36666995]]
probabilities: [[0.16462825 0.5583899  0.27698183]
 [0.2161407  0.36987743 0.41398185]
 [0.00119518 0.6138479  0.3849569 ]
 [0.11529993 0.55336547 0.33133456]
 [0.35519156 0.02842215 0.6163863 ]]
probabilities: [[0.06270056 0.4055124  0.53178704]
 [0.6920815  0.00588105 0.30203745]
 [0.03468091 0.46814868 0.49717042]
 [0.83843213 0.07045554 0.09111232]
 [0.24715745 0.11892119 0.6339214 ]]
probabilities: [[0.72778946 0.00793032 0.2642802 ]
 [0.38227203 0.3390234  0.27870455]
 [0.8770259  0.0121294  0.1108447 ]
 [0.39816496 0.27794597 0.32388908]
 [0.64876163 0.03007666 0.32116172]]
probabilities: [[0.70508695 0.07476401 0.22014907]
 [0.21756996 0.6938679  0.08856211]
 [0.41754112 0.27726156 0.30519733]
 [0.2378737  0.00172845 0.76039785]
 [0.27923143 0.15218952 0.5685791 ]]
probabilities: [[1. 0. 0.]
 [1. 0. 0.]
 [1. 0. 0.]
 [1. 0. 0.]
 [1. 0. 0.]]
probabilities: [[0.3813316  0.10657015 0.51209825]
 [0.03896472 0.8601391  0.10089618]
 [0.06415421 0.34132627 0.59451956]
 [0.27968118 0.5078274  0.21249145]
 [0.1290727  0.05830739 0.8126199 ]]
probabilities: [[0.30968562 0.6406024  0.04971199]
 [0.5939029  0.06481565 0.34128147]
 [0.35870633 0.47064853 0.17064515]
 [0.14870295 0.45150286 0.3997942 ]
 [0.5549871  0.27411386 0.17089906]]
probabilities: [[0.67121893 0.3206282  0.00815285]
 [0.02940121 0.30456015 0.66603863]
 [0.05466042 0.9260421  0.01929751]
 [0.703691   0.2933987  0.00291032]
 [0.16176115 0.28000283 0.558236  ]]
probabilities: [[0.29627326 0.6721965  0.03153025]
 [0.48118818 0.32195017 0.19686167]
 [0.18684097 0.3781624  0.43499663]
 [0.2757582  0.05945485 0.66478693]
 [0.11750043 0.6749456  0.20755397]]
probabilities: [[0.52130926 0.35947338 0.11921738]
 [0.57344276 0.29696372 0.12959354]
 [0.2348867  0.38352358 0.3815897 ]
 [0.1855027  0.31566742 0.4988299 ]
 [0.5695678  0.18463038 0.24580179]]
probabilities: [[0. 0. 1.]
 [0. 1. 0.]
 [0. 0. 1.]
 [0. 0. 1.]
 [0. 0. 1.]]
probabilities: [[0.36497822 0.4853665  0.14965528]
 [0.2205812  0.5771454  0.20227337]
 [0.34333    0.6309384  0.02573156]
 [0.11422681 0.26281682 0.6229564 ]
 [0.06245992 0.2863993  0.65114075]]
probabilities: [[0.175866   0.35785022 0.46628377]
 [0.7019683  0.22352192 0.07450978]
 [0.21915513 0.20243995 0.5784049 ]
 [0.66749567 0.21070652 0.12179779]
 [0.6972718  0.10110576 0.20162243]]
probabilities: [[0.12935881 0.06772622 0.802915  ]
 [0.0731158  0.55261374 0.37427047]
 [0.31395838 0.60286564 0.08317601]
 [0.08442464 0.14466116 0.7709142 ]
 [0.16892137 0.416341   0.41473764]]
probabilities: [[0.24807549 0.53992915 0.21199535]
 [0.18567099 0.32315823 0.4911708 ]
 [0.31839168 0.65218043 0.02942792]
 [0.54410654 0.33865964 0.11723378]
 [0.22139269 0.315224   0.46338332]]
probabilities: [[0.35120103 0.3955948  0.25320417]
 [0.04690149 0.5989396  0.35415888]
 [0.4137944  0.31534788 0.2708577 ]
 [0.14600244 0.3984029  0.45559463]
 [0.4049276  0.25532222 0.33975017]]
probabilities: [[0. 0. 1.]
 [0. 1. 0.]
 [0. 0. 1.]
 [0. 0. 1.]
 [0. 0. 1.]]
probabilities: [[0.27215412 0.52349395 0.20435195]
 [0.09586031 0.5803271  0.32381263]
 [0.2394944  0.7289576  0.03154802]
 [0.88833207 0.00090196 0.11076599]
 [0.24860393 0.16425481 0.5871413 ]]
probabilities: [[0.28129598 0.19233203 0.526372  ]
 [0.04280118 0.5239926  0.43320626]
 [0.10569041 0.4062452  0.4880644 ]
 [0.05566015 0.01924575 0.9250941 ]
 [0.5229566  0.14311597 0.3339274 ]]
probabilities: [[0.32220247 0.3784452  0.29935235]
 [0.04677731 0.6656337  0.287589  ]
 [0.09435794 0.27415583 0.63148624]
 [0.44892445 0.5289846  0.02209095]
 [0.13721955 0.1693241  0.69345635]]
probabilities: [[0.774652   0.12622152 0.09912647]
 [0.04206895 0.5858222  0.37210885]
 [0.6244809  0.34181333 0.03370578]
 [0.2323946  0.03107309 0.7365323 ]
 [0.21231656 0.48407984 0.3036036 ]]
probabilities: [[0.70159745 0.24369699 0.05470555]
 [0.06878791 0.33463728 0.59657484]
 [0.09665771 0.5209215  0.38242075]
 [0.09889597 0.35454416 0.5465599 ]
 [0.14921127 0.2884114  0.56237733]]
probabilities: [[0. 0. 1.]
 [0. 1. 0.]
 [0. 0. 1.]
 [0. 0. 1.]
 [0. 0. 1.]]
probabilities: [[0.61167246 0.08471045 0.3036171 ]
 [0.4525305  0.20738383 0.34008566]
 [0.29187557 0.3440837  0.36404073]
 [0.07400922 0.319432   0.6065588 ]
 [0.2629543  0.71457124 0.02247446]]
probabilities: [[0.11779589 0.6925664  0.18963772]
 [0.2654726  0.44631362 0.2882138 ]
 [0.57725286 0.1563927  0.26635447]
 [0.6635904  0.15803386 0.17837578]
 [0.08480495 0.7493345  0.1658605 ]]
probabilities: [[0.34758443 0.20075588 0.4516597 ]
 [0.643489   0.2720867  0.08442429]
 [0.20799598 0.06755599 0.724448  ]
 [0.03578084 0.13478689 0.82943225]
 [0.03113127 0.45975736 0.50911134]]
probabilities: [[0.15995346 0.01302709 0.82701945]
 [0.10774324 0.682945   0.20931177]
 [0.03616559 0.14935875 0.81447566]
 [0.23911622 0.5104759  0.2504079 ]
 [0.17702028 0.10031299 0.72266674]]
probabilities: [[0.01958374 0.0304025  0.95001376]
 [0.07833345 0.21989246 0.7017741 ]
 [0.16471314 0.7032333  0.13205355]
 [0.2967148  0.67463243 0.02865276]
 [0.33646172 0.28098702 0.38255125]]
probabilities: [[0. 1. 0.]
 [0. 1. 0.]
 [0. 1. 0.]
 [0. 1. 0.]
 [0. 1. 0.]]
probabilities: [[0.71914744 0.15522616 0.1256264 ]
 [0.18416221 0.55094343 0.26489434]
 [0.28977317 0.45877376 0.25145307]
 [0.06887582 0.23630549 0.6948187 ]
 [0.04700395 0.4217368  0.53125924]]
probabilities: [[0.79129654 0.10811468 0.10058875]
 [0.5047949  0.21464631 0.2805588 ]
 [0.00407506 0.6060253  0.38989967]
 [0.6189036  0.23069759 0.15039882]
 [0.71009904 0.0612876  0.22861336]]
probabilities: [[0.5462058  0.19285202 0.26094216]
 [0.30132487 0.08744337 0.61123174]
 [0.084269   0.06808932 0.8476417 ]
 [0.59753925 0.37931105 0.02314968]
 [0.08422989 0.6763179  0.23945226]]
probabilities: [[0.4030315  0.17844588 0.41852263]
 [0.22278747 0.00206603 0.7751465 ]
 [0.3749518  0.6171364  0.00791175]
 [0.49611303 0.20056482 0.30332214]
 [0.21557808 0.70929414 0.07512778]]
probabilities: [[0.27996716 0.3841083  0.33592457]
 [0.7659049  0.18376434 0.05033077]
 [0.68223554 0.10582487 0.21193959]
 [0.11288448 0.2870197  0.6000958 ]
 [0.34553063 0.554641   0.09982835]]
probabilities: [[0. 0. 1.]
 [0. 1. 0.]
 [0. 1. 0.]
 [0. 0. 1.]
 [0. 0. 1.]]
probabilities: [[0.08276835 0.63702416 0.2802075 ]
 [0.20057346 0.55318844 0.24623808]
 [0.317284   0.6347718  0.04794419]
 [0.13204366 0.48859093 0.3793654 ]
 [0.86516154 0.01955748 0.11528102]]
probabilities: [[0.12491211 0.6619879  0.2131    ]
 [0.18671784 0.714239   0.09904316]
 [0.12158155 0.40064323 0.47777525]
 [0.2167211  0.48984566 0.29343322]
 [0.12865242 0.4898396  0.38150796]]
probabilities: [[0.44417045 0.28567848 0.27015108]
 [0.88912517 0.06970029 0.04117456]
 [0.2705923  0.60380864 0.12559903]
 [0.5889258  0.26937354 0.14170069]
 [0.64577085 0.31991094 0.03431823]]
probabilities: [[0.13507393 0.40021607 0.46471   ]
 [0.42937472 0.12097401 0.44965127]
 [0.01563126 0.9400716  0.04429717]
 [0.8919816  0.08394501 0.02407339]
 [0.16810516 0.31297997 0.5189149 ]]
probabilities: [[0.00132919 0.99381894 0.00485188]
 [0.15750316 0.7292144  0.11328246]
 [0.5255952  0.00552925 0.46887553]
 [0.32587224 0.59580356 0.0783242 ]
 [0.41852054 0.14021431 0.44126517]]
probabilities: [[0. 0. 1.]
 [0. 1. 0.]
 [0. 1. 0.]
 [0. 0. 1.]
 [0. 0. 1.]]
probabilities: [[0.17333688 0.33937576 0.48728737]
 [0.6398863  0.24135424 0.11875943]
 [0.23511553 0.38867396 0.3762105 ]
 [0.44896826 0.53477407 0.01625768]
 [0.55272377 0.18874012 0.2585361 ]]
probabilities: [[0.594579   0.3617762  0.0436448 ]
 [0.41804618 0.51717806 0.06477578]
 [0.12356479 0.23999752 0.6364377 ]
 [0.3430132  0.2501839  0.4068029 ]
 [0.2208444  0.467047   0.31210858]]
probabilities: [[0.6486145  0.06970797 0.2816775 ]
 [0.30880937 0.12584652 0.5653441 ]
 [0.12078176 0.26687825 0.61234003]
 [0.21886368 0.18957815 0.59155816]
 [0.46580338 0.10685354 0.42734307]]
probabilities: [[0.19220056 0.5190056  0.28879383]
 [0.17477538 0.73972315 0.08550146]
 [0.00841864 0.29740772 0.69417363]
 [0.03708464 0.37232175 0.5905936 ]
 [0.4975652  0.44438842 0.05804638]]
probabilities: [[0.5260239  0.45627755 0.01769851]
 [0.21248667 0.06575871 0.7217546 ]
 [0.39906293 0.19469705 0.40624002]
 [0.3053818  0.6111188  0.08349942]
 [0.62510633 0.34156957 0.03332407]]
probabilities: [[0. 1. 0.]
 [0. 1. 0.]
 [0. 1. 0.]
 [0. 1. 0.]
 [0. 1. 0.]]
probabilities: [[0.18259677 0.2911722  0.52623105]
 [0.19645096 0.18514754 0.6184015 ]
 [0.17032999 0.1128444  0.7168256 ]
 [0.72553575 0.10622127 0.16824299]
 [0.16014425 0.5315463  0.30830944]]
probabilities: [[0.8028425  0.16615514 0.03100236]
 [0.16799282 0.00876993 0.82323724]
 [0.8100486  0.05376647 0.13618498]
 [0.71321946 0.17643216 0.1103484 ]
 [0.44693676 0.09307029 0.45999297]]
probabilities: [[0.19979134 0.05679049 0.74341816]
 [0.1533799  0.03954572 0.80707437]
 [0.6969537  0.05996444 0.24308184]
 [0.37218925 0.554129   0.07368176]
 [0.47485444 0.46545568 0.05968986]]
probabilities: [[0.11305378 0.34226018 0.544686  ]
 [0.12277544 0.74051183 0.13671272]
 [0.18831293 0.74561924 0.06606782]
 [0.2654396  0.5224108  0.21214958]
 [0.5149972  0.4017371  0.08326569]]
probabilities: [[0.05450374 0.11364809 0.83184814]
 [0.5739548  0.08274734 0.3432978 ]
 [0.6634274  0.210218   0.12635456]
 [0.31545365 0.33045354 0.3540928 ]
 [0.93482393 0.03575087 0.02942518]]
probabilities: [[0. 0. 1.]
 [0. 1. 0.]
 [0. 1. 0.]
 [0. 0. 1.]
 [0. 0. 1.]]
probabilities: [[0.7413752  0.09575588 0.1628689 ]
 [0.69425285 0.04745698 0.25829014]
 [0.09290385 0.05443094 0.8526652 ]
 [0.6356923  0.1849865  0.17932117]
 [0.16127694 0.7086409  0.13008222]]
probabilities: [[0.9274871  0.04880767 0.02370525]
 [0.18838413 0.39132896 0.4202869 ]
 [0.12257283 0.17724802 0.70017916]
 [0.14606842 0.24652278 0.60740876]
 [0.5868146  0.21146767 0.20171775]]
probabilities: [[0.02289864 0.33587265 0.64122874]
 [0.23559868 0.6985707  0.06583059]
 [0.45838103 0.28783703 0.25378194]
 [0.40199918 0.5768912  0.02110965]
 [0.10191956 0.6514767  0.24660376]]
probabilities: [[0.1207436  0.08741165 0.7918447 ]
 [0.00851757 0.55710626 0.43437618]
 [0.39002344 0.15223876 0.4577378 ]
 [0.5880477  0.15208036 0.25987196]
 [0.6405888  0.10570847 0.2537027 ]]
probabilities: [[0.4675716  0.4128854  0.11954301]
 [0.21330568 0.13255166 0.6541427 ]
 [0.06535868 0.03109197 0.9035494 ]
 [0.14930464 0.06000376 0.7906916 ]
 [0.45367813 0.52146244 0.0248594 ]]
probabilities: [[0. 0. 1.]
 [0. 1. 0.]
 [0. 0. 1.]
 [0. 0. 1.]
 [0. 0. 1.]]
probabilities: [[0.41706523 0.29348534 0.28944942]
 [0.3038013  0.4194523  0.2767464 ]
 [0.8280925  0.06729485 0.10461261]
 [0.28765365 0.5308768  0.18146951]
 [0.29210111 0.6495192  0.05837965]]
probabilities: [[0.4529915  0.49760506 0.04940345]
 [0.02642772 0.24911807 0.7244542 ]
 [0.01266503 0.40919095 0.578144  ]
 [0.16665198 0.3720709  0.4612771 ]
 [0.21741764 0.5341751  0.24840727]]
probabilities: [[0.00085118 0.6127244  0.38642436]
 [0.5026339  0.05946978 0.43789628]
 [0.4947617  0.2117699  0.2934684 ]
 [0.42248052 0.1004732  0.47704628]
 [0.14177266 0.06929993 0.78892744]]
probabilities: [[0.2783943  0.35527906 0.36632663]
 [0.34284288 0.4175599  0.23959723]
 [0.4126786  0.579126   0.00819542]
 [0.2693156  0.6487008  0.08198364]
 [0.39794692 0.07031362 0.5317394 ]]
probabilities: [[0.6351381  0.0875223  0.2773396 ]
 [0.2951832  0.29883403 0.40598276]
 [0.54073215 0.09473287 0.36453497]
 [0.1229753  0.694369   0.18265569]
 [0.16399321 0.15937121 0.67663556]]
probabilities: [[1. 0. 0.]
 [1. 0. 0.]
 [1. 0. 0.]
 [1. 0. 0.]
 [1. 0. 0.]]
probabilities: [[0.4443236  0.21043435 0.34524205]
 [0.18411076 0.66255844 0.15333077]
 [0.6461352  0.22325277 0.13061202]
 [0.10728463 0.5254529  0.36726245]
 [0.12290764 0.6791625  0.19792983]]
probabilities: [[0.41165295 0.50772524 0.08062181]
 [0.54255134 0.35334498 0.10410371]
 [0.7847415  0.06878095 0.14647752]
 [0.47738853 0.4728656  0.04974584]
 [0.24723743 0.33849975 0.41426283]]
probabilities: [[0.25810146 0.34849194 0.39340657]
 [0.23767652 0.48027143 0.28205204]
 [0.34900355 0.02675115 0.6242453 ]
 [0.7453582  0.08082473 0.17381705]
 [0.15833086 0.6591368  0.18253236]]
probabilities: [[0.36959213 0.3466186  0.28378925]
 [0.18516062 0.13390306 0.68093634]
 [0.20288764 0.15041412 0.64669824]
 [0.4747961  0.07521939 0.44998455]
 [0.10486054 0.8338757  0.06126374]]
probabilities: [[0.06385129 0.5059956  0.43015316]
 [0.13263822 0.17826402 0.68909776]
 [0.54015076 0.34560668 0.11424259]
 [0.18851553 0.6163316  0.19515288]
 [0.03543931 0.06490296 0.8996577 ]]
probabilities: [[0. 0. 1.]
 [0. 1. 0.]
 [0. 0. 1.]
 [0. 0. 1.]
 [0. 0. 1.]]
probabilities: [[0.12599844 0.177807   0.6961946 ]
 [0.35070208 0.37974405 0.26955387]
 [0.2863028  0.02894488 0.6847523 ]
 [0.03248882 0.02576069 0.94175047]
 [0.617284   0.00914391 0.37357208]]
probabilities: [[0.02770962 0.8677375  0.1045529 ]
 [0.23029149 0.17999437 0.58971417]
 [0.68920696 0.15990613 0.15088694]
 [0.8121879  0.16467007 0.023142  ]
 [0.4103098  0.36551422 0.22417599]]
probabilities: [[0.35222787 0.09698321 0.55078894]
 [0.28387633 0.6640885  0.05203519]
 [0.23841543 0.19060831 0.57097626]
 [0.8843769  0.10584215 0.00978096]
 [0.34436917 0.57116055 0.08447028]]
probabilities: [[0.07264472 0.0165224  0.9108329 ]
 [0.09250188 0.4361116  0.47138652]
 [0.225266   0.44407514 0.33065885]
 [0.5401282  0.2532015  0.20667034]
 [0.08264692 0.16219848 0.7551546 ]]
probabilities: [[0.08014322 0.10965146 0.81020534]
 [0.6522665  0.0084231  0.3393104 ]
 [0.26745352 0.62750715 0.10503932]
 [0.29871964 0.09643928 0.60484105]
 [0.08416851 0.58958346 0.32624805]]
probabilities: [[0. 1. 0.]
 [0. 1. 0.]
 [0. 1. 0.]
 [0. 1. 0.]
 [0. 1. 0.]]
probabilities: [[0.01344486 0.45275918 0.53379595]
 [0.00082541 0.6173112  0.3818634 ]
 [0.48978624 0.09877001 0.41144377]
 [0.55598    0.01492607 0.4290939 ]
 [0.44657153 0.15256056 0.4008679 ]]
probabilities: [[0.09958441 0.09121454 0.80920106]
 [0.10492381 0.8120657  0.08301046]
 [0.4319692  0.06787948 0.50015134]
 [0.4715851  0.04784646 0.48056844]
 [0.00834678 0.1876327  0.8040205 ]]
probabilities: [[0.77923566 0.13878049 0.08198383]
 [0.4890617  0.30018824 0.21075003]
 [0.32722256 0.05353914 0.6192383 ]
 [0.7249459  0.26586437 0.00918972]
 [0.44271007 0.28323832 0.2740516 ]]
probabilities: [[0.43169793 0.4403476  0.12795448]
 [0.7690513  0.05530025 0.17564845]
 [0.05803184 0.2656064  0.67636174]
 [0.66555154 0.20502564 0.1294228 ]
 [0.7049517  0.23340459 0.06164373]]
probabilities: [[0.21419021 0.22909448 0.5567153 ]
 [0.01754325 0.5300289  0.45242786]
 [0.3397407  0.310058   0.3502013 ]
 [0.3650009  0.51415694 0.12084217]
 [0.74196815 0.03709983 0.22093202]]
probabilities: [[1. 0. 0.]
 [1. 0. 0.]
 [1. 0. 0.]
 [1. 0. 0.]
 [1. 0. 0.]]
probabilities: [[0.6581687  0.15445818 0.18737318]
 [0.69108975 0.1473661  0.16154417]
 [0.29118854 0.14351179 0.5652997 ]
 [0.39064568 0.26629168 0.34306264]
 [0.65608025 0.33300373 0.010916  ]]
probabilities: [[0.14298059 0.43903193 0.41798747]
 [0.61505663 0.31137857 0.07356478]
 [0.17442328 0.7133265  0.11225021]
 [0.42813295 0.22743191 0.34443516]
 [0.17647867 0.36569184 0.45782948]]
probabilities: [[0.10497768 0.05467978 0.8403425 ]
 [0.33994097 0.2162326  0.44382644]
 [0.24087349 0.04320477 0.71592176]
 [0.10881045 0.1995776  0.69161195]
 [0.66313344 0.24762712 0.08923943]]
probabilities: [[0.25648713 0.6329075  0.11060538]
 [0.44357082 0.5140418  0.04238742]
 [0.22695711 0.7038149  0.06922798]
 [0.40838465 0.49778715 0.09382818]
 [0.16755062 0.34846285 0.48398653]]
probabilities: [[0.75106776 0.1533825  0.09554977]
 [0.43872064 0.4762647  0.08501467]
 [0.6488302  0.24442276 0.10674703]
 [0.2848684  0.02781818 0.68731344]
 [0.6284405  0.08788056 0.28367895]]
probabilities: [[0. 1. 0.]
 [0. 1. 0.]
 [0. 1. 0.]
 [0. 1. 0.]
 [0. 1. 0.]]
probabilities: [[0.56419075 0.24965891 0.18615031]
 [0.4580586  0.4529522  0.08898919]
 [0.70763063 0.03226198 0.26010743]
 [0.42463583 0.19120342 0.38416076]
 [0.52364457 0.30277672 0.17357872]]
probabilities: [[0.11934706 0.46982557 0.41082737]
 [0.68657684 0.19154432 0.12187886]
 [0.46664032 0.10210984 0.43124983]
 [0.5664189  0.06324647 0.37033463]
 [0.09498005 0.03584691 0.86917305]]
probabilities: [[0.31889218 0.3840848  0.29702303]
 [0.19413641 0.12618004 0.67968357]
 [0.08203028 0.8812938  0.03667596]
 [0.1320275  0.70304495 0.16492754]
 [0.3864742  0.3685518  0.24497402]]
probabilities: [[0.32864112 0.10006133 0.5712975 ]
 [0.37172186 0.17875975 0.44951838]
 [0.5303548  0.4216216  0.04802363]
 [0.32191086 0.05255635 0.62553275]
 [0.9865458  0.00622703 0.00722717]]
probabilities: [[0.1579377  0.4446136  0.3974487 ]
 [0.30634028 0.15138464 0.5422751 ]
 [0.09298109 0.17970632 0.72731256]
 [0.38251075 0.31842536 0.2990639 ]
 [0.18741032 0.26285753 0.54973215]]
probabilities: [[0. 1. 0.]
 [0. 1. 0.]
 [0. 1. 0.]
 [0. 1. 0.]
 [0. 1. 0.]]
probabilities: [[0.01615433 0.5560441  0.42780158]
 [0.0080518  0.8281265  0.16382168]
 [0.5005113  0.06132001 0.4381687 ]
 [0.32474306 0.58431655 0.09094041]
 [0.57617944 0.28540078 0.13841978]]
probabilities: [[0.06671561 0.12498165 0.80830276]
 [0.39875835 0.243312   0.35792965]
 [0.64392316 0.04513523 0.31094164]
 [0.21795164 0.2725899  0.5094585 ]
 [0.9681866  0.02109628 0.01071709]]
probabilities: [[0.38995007 0.1150234  0.49502653]
 [0.50123703 0.4133286  0.08543438]
 [0.22203635 0.16039038 0.61757326]
 [0.5100503  0.20345457 0.28649515]
 [0.6451425  0.00752165 0.34733585]]
probabilities: [[0.18431278 0.6670242  0.14866303]
 [0.11508895 0.3931933  0.49171776]
 [0.51228565 0.24901338 0.23870097]
 [0.4898464  0.15147126 0.35868233]
 [0.30268854 0.6536613  0.04365013]]
probabilities: [[0.3513202  0.26772675 0.38095304]
 [0.02738415 0.2224925  0.7501233 ]
 [0.6359215  0.20325042 0.16082808]
 [0.7480619  0.18167877 0.07025935]
 [0.04699694 0.20349263 0.7495104 ]]
probabilities: [[0. 0. 1.]
 [0. 1. 0.]
 [0. 0. 1.]
 [0. 0. 1.]
 [0. 0. 1.]]
probabilities: [[0.71464235 0.14970481 0.13565287]
 [0.22059095 0.616416   0.16299309]
 [0.17145908 0.23611471 0.5924262 ]
 [0.58656335 0.06843551 0.34500113]
 [0.7025194  0.1425396  0.154941  ]]
probabilities: [[0.10433511 0.47844464 0.41722023]
 [0.0181186  0.33775017 0.64413124]
 [0.22766863 0.38472506 0.38760632]
 [0.06823474 0.37607536 0.55568993]
 [0.1280223  0.37003383 0.5019438 ]]
probabilities: [[0.37365964 0.43260205 0.19373831]
 [0.41119564 0.22294727 0.3658571 ]
 [0.15356818 0.10334997 0.74308187]
 [0.2977359  0.40554014 0.296724  ]
 [0.63281906 0.28886536 0.07831559]]
probabilities: [[0.11278443 0.0937237  0.79349184]
 [0.32541642 0.32912406 0.34545952]
 [0.33206394 0.14173238 0.5262037 ]
 [0.33293542 0.21039818 0.4566664 ]
 [0.83466494 0.14399067 0.0213444 ]]
probabilities: [[0.01509935 0.97210675 0.0127939 ]
 [0.69047815 0.1947306  0.11479126]
 [0.6552946  0.26134354 0.08336187]
 [0.2237583  0.5675988  0.2086429 ]
 [0.7589593  0.11184655 0.12919416]]
probabilities: [[0. 0. 1.]
 [0. 1. 0.]
 [0. 0. 1.]
 [0. 0. 1.]
 [0. 0. 1.]]
probabilities: [[7.2043639e-01 1.1036982e-04 2.7945325e-01]
 [7.7610308e-01 1.2680587e-01 9.7091079e-02]
 [4.9790144e-02 3.5256216e-01 5.9764773e-01]
 [5.0291342e-01 2.8320247e-01 2.1388407e-01]
 [1.3788508e-01 6.7242444e-01 1.8969047e-01]]
probabilities: [[0.08985009 0.9047251  0.00542482]
 [0.00672804 0.2173828  0.77588916]
 [0.7102255  0.19674139 0.09303308]
 [0.08808859 0.06843837 0.843473  ]
 [0.31090972 0.36652264 0.32256764]]
probabilities: [[0.30053666 0.22293659 0.47652677]
 [0.1967742  0.32545137 0.47777444]
 [0.11783572 0.5699411  0.3122232 ]
 [0.63273466 0.12735894 0.23990643]
 [0.02785176 0.8955639  0.07658437]]
probabilities: [[0.6204768  0.24380869 0.13571455]
 [0.21046536 0.61426854 0.17526609]
 [0.28906974 0.6943974  0.01653286]
 [0.05134043 0.5605109  0.3881487 ]
 [0.5100083  0.4863185  0.00367323]]
probabilities: [[0.01793357 0.8286179  0.15344855]
 [0.310264   0.50076264 0.18897338]
 [0.5187175  0.01469015 0.46659234]
 [0.2631462  0.7143956  0.02245824]
 [0.7547291  0.20406899 0.04120192]]
probabilities: [[0. 0. 1.]
 [0. 1. 0.]
 [0. 1. 0.]
 [0. 0. 1.]
 [0. 0. 1.]]
probabilities: [[0.10236818 0.29800144 0.59963036]
 [0.14923805 0.40884325 0.4419187 ]
 [0.614007   0.36491776 0.02107529]
 [0.41132522 0.07814783 0.51052696]
 [0.43544263 0.03497001 0.5295874 ]]
probabilities: [[0.16721551 0.20969549 0.623089  ]
 [0.0111782  0.30159482 0.68722695]
 [0.42505288 0.2268771  0.34807003]
 [0.12273569 0.23093018 0.6463341 ]
 [0.47447994 0.04380965 0.4817104 ]]
probabilities: [[0.36700535 0.11728813 0.51570654]
 [0.09181389 0.51672494 0.39146113]
 [0.10045215 0.19428863 0.7052592 ]
 [0.37015447 0.60750484 0.02234069]
 [0.15563326 0.46724465 0.3771221 ]]
probabilities: [[0.585882   0.37859154 0.03552647]
 [0.32151556 0.5650489  0.11343557]
 [0.04820396 0.53351796 0.4182781 ]
 [0.42049325 0.5510846  0.02842216]
 [0.20444663 0.2070362  0.5885172 ]]
probabilities: [[0.233144   0.48978174 0.27707428]
 [0.1222545  0.01890762 0.8588379 ]
 [0.7120232  0.26160914 0.02636767]
 [0.66591173 0.03366199 0.30042627]
 [0.17692551 0.60610396 0.21697052]]
probabilities: [[0. 0. 1.]
 [0. 1. 0.]
 [0. 1. 0.]
 [0. 0. 1.]
 [0. 0. 1.]]
probabilities: [[0.24587357 0.41818804 0.3359384 ]
 [0.33246148 0.55712396 0.11041459]
 [0.3792384  0.5254592  0.09530244]
 [0.1860781  0.06374165 0.75018024]
 [0.05289105 0.6053041  0.34180483]]
probabilities: [[0.47540703 0.09383796 0.430755  ]
 [0.1664034  0.6613648  0.17223181]
 [0.5936556  0.18477792 0.22156648]
 [0.31048423 0.60254425 0.08697156]
 [0.80690604 0.1604571  0.03263688]]
probabilities: [[0.3055924  0.38379452 0.3106131 ]
 [0.57922226 0.19516763 0.22561008]
 [0.3918661  0.04773312 0.5604008 ]
 [0.695222   0.08449486 0.22028312]
 [0.05415296 0.86321664 0.08263037]]
probabilities: [[0.25904974 0.2526704  0.48827985]
 [0.35972172 0.57894814 0.06133015]
 [0.24874347 0.21230714 0.5389494 ]
 [0.12929383 0.79420316 0.07650302]
 [0.29057872 0.3094941  0.39992714]]
probabilities: [[0.03437869 0.05695936 0.90866196]
 [0.2523705  0.18167718 0.5659523 ]
 [0.6833949  0.18630566 0.13029942]
 [0.7410188  0.17490232 0.0840789 ]
 [0.4767766  0.08803862 0.43518478]]
probabilities: [[1. 0. 0.]
 [1. 0. 0.]
 [1. 0. 0.]
 [1. 0. 0.]
 [1. 0. 0.]]
probabilities: [[0.24189623 0.22570841 0.53239536]
 [0.68018633 0.30229336 0.01752028]
 [0.21069938 0.1404971  0.64880353]
 [0.41885173 0.09380231 0.48734596]
 [0.3818559  0.45672286 0.16142121]]
probabilities: [[0.64084655 0.02807194 0.33108148]
 [0.31950003 0.03521043 0.64528954]
 [0.10388649 0.46447253 0.43164098]
 [0.10255671 0.33120856 0.56623477]
 [0.4667179  0.48154524 0.05173686]]
probabilities: [[0.41732514 0.522716   0.05995886]
 [0.00584267 0.9439946  0.05016275]
 [0.6475722  0.00740313 0.34502465]
 [0.25543967 0.6019417  0.14261864]
 [0.47776783 0.28678808 0.23544408]]
probabilities: [[0.11600678 0.6320309  0.25196233]
 [0.40224957 0.0012164  0.596534  ]
 [0.08253044 0.67776775 0.2397018 ]
 [0.14080177 0.27886453 0.5803337 ]
 [0.23740286 0.6652385  0.09735865]]
probabilities: [[0.25300765 0.17766097 0.56933135]
 [0.7743606  0.15589078 0.06974865]
 [0.6163117  0.38234994 0.00133834]
 [0.01013537 0.16476123 0.8251034 ]
 [0.09481381 0.62182134 0.28336486]]
probabilities: [[0. 0. 1.]
 [0. 1. 0.]
 [0. 1. 0.]
 [0. 0. 1.]
 [0. 0. 1.]]
probabilities: [[0.23292294 0.18871519 0.57836187]
 [0.09118446 0.25763175 0.6511838 ]
 [0.04720082 0.48805684 0.46474236]
 [0.08127382 0.16633022 0.752396  ]
 [0.73738974 0.12356171 0.13904855]]
probabilities: [[0.02414692 0.6891538  0.28669932]
 [0.7147278  0.01443979 0.2708324 ]
 [0.65519106 0.34107694 0.00373201]
 [0.24691088 0.6669298  0.08615932]
 [0.49443144 0.2668885  0.23868006]]
probabilities: [[0.17173044 0.77211535 0.05615422]
 [0.1362439  0.6569829  0.20677318]
 [0.04915984 0.4680306  0.48280954]
 [0.22313875 0.06364593 0.71321535]
 [0.3889938  0.2987864  0.31221983]]
probabilities: [[0.22321491 0.4723352  0.3044499 ]
 [0.3016594  0.47387287 0.22446774]
