probabilities: [[0. 0. 1.]
 [0. 1. 0.]
 [0. 0. 1.]
 [0. 0. 1.]
 [0. 0. 1.]]
probabilities: [[0.16098787 0.76044816 0.078564  ]
 [0.05384851 0.85962605 0.08652546]
 [0.150579   0.16387418 0.6855468 ]
 [0.4186859  0.40328255 0.17803153]
 [0.7362417  0.02921386 0.23454444]]
probabilities: [[0.02370779 0.82123476 0.15505746]
 [0.5788672  0.270127   0.1510058 ]
 [0.2661432  0.6145062  0.11935062]
 [0.7551397  0.05858593 0.1862744 ]
 [0.50592774 0.18746467 0.30660757]]
probabilities: [[0.63174444 0.24629092 0.12196462]
 [0.25470367 0.37001628 0.37528008]
 [0.14477617 0.30671468 0.5485092 ]
 [0.01992463 0.25611588 0.7239595 ]
 [0.6630289  0.02028886 0.31668225]]
probabilities: [[0.2164148  0.22221437 0.56137085]
 [0.04866196 0.08305591 0.86828214]
 [0.01655518 0.33343023 0.6500146 ]
 [0.08633869 0.12809977 0.78556156]
 [0.21358132 0.18897645 0.5974422 ]]
probabilities: [[0.42667356 0.38058922 0.19273724]
 [0.34752238 0.5295134  0.12296418]
 [0.85006505 0.07867766 0.07125732]
 [0.05461524 0.92500615 0.02037858]
 [0.21799238 0.19425753 0.5877501 ]]
probabilities: [[0. 0. 1.]
 [0. 1. 0.]
 [0. 1. 0.]
 [0. 0. 1.]
 [0. 0. 1.]]
probabilities: [[0.91653705 0.04130768 0.04215526]
 [0.17311563 0.44691557 0.3799688 ]
 [0.1492552  0.25103858 0.59970623]
 [0.09294321 0.44324207 0.46381474]
 [0.3728596  0.39660433 0.23053607]]
probabilities: [[0.05720841 0.69475764 0.24803396]
 [0.09503084 0.26382217 0.641147  ]
 [0.05341731 0.2427832  0.7037995 ]
 [0.5946886  0.07411151 0.33119988]
 [0.721776   0.12926796 0.14895605]]
probabilities: [[0.9001526  0.06491964 0.03492777]
 [0.3738642  0.26307967 0.3630561 ]
 [0.2592503  0.43820077 0.30254894]
 [0.20351121 0.39700198 0.3994868 ]
 [0.5542155  0.20742597 0.23835854]]
probabilities: [[0.368878   0.31770772 0.31341428]
 [0.8264344  0.12235099 0.05121462]
 [0.22332002 0.7477249  0.02895511]
 [0.38861987 0.18971278 0.42166734]
 [0.3737072  0.35883722 0.2674556 ]]
probabilities: [[0.5390556  0.03082385 0.4301206 ]
 [0.5092914  0.19700034 0.29370826]
 [0.50676817 0.29549405 0.1977378 ]
 [0.02695367 0.6470534  0.32599294]
 [0.02528261 0.3930454  0.581672  ]]
probabilities: [[0. 0. 1.]
 [0. 1. 0.]
 [0. 0. 1.]
 [0. 0. 1.]
 [0. 0. 1.]]
probabilities: [[0.0020049  0.74762726 0.25036785]
 [0.5855103  0.34738475 0.06710492]
 [0.25843027 0.46911293 0.2724568 ]
 [0.19256106 0.22670133 0.5807376 ]
 [0.08626388 0.2743534  0.6393827 ]]
probabilities: [[0.2577289  0.7399032  0.0023679 ]
 [0.4985663  0.43039095 0.07104273]
 [0.8320247  0.16389309 0.00408221]
 [0.29587072 0.42468202 0.27944726]
 [0.01750633 0.756693   0.22580066]]
probabilities: [[0.27403697 0.35949764 0.3664654 ]
 [0.54723847 0.1204453  0.33231622]
 [0.34239233 0.5699601  0.08764757]
 [0.29378784 0.23797065 0.4682415 ]
 [0.12038092 0.7773843  0.1022348 ]]
probabilities: [[0.87426853 0.07773062 0.04800087]
 [0.32111132 0.4622033  0.21668538]
 [0.4501816  0.16685803 0.38296038]
 [0.22368515 0.1865279  0.58978695]
 [0.04422677 0.82417095 0.1316023 ]]
probabilities: [[0.06231232 0.7258163  0.21187137]
 [0.6598935  0.30259764 0.03750884]
 [0.10250812 0.80540115 0.09209076]
 [0.30155838 0.3672438  0.33119783]
 [0.29040667 0.25344765 0.45614564]]
probabilities: [[1. 0. 0.]
 [1. 0. 0.]
 [1. 0. 0.]
 [1. 0. 0.]
 [1. 0. 0.]]
probabilities: [[0.93608326 0.00420367 0.05971308]
 [0.27933696 0.08499356 0.63566947]
 [0.22205067 0.6626212  0.11532812]
 [0.5931804  0.01349721 0.39332235]
 [0.752525   0.0081008  0.2393742 ]]
probabilities: [[0.64714426 0.12466096 0.22819479]
 [0.54325956 0.24141358 0.21532685]
 [0.2945648  0.5066533  0.19878185]
 [0.40798223 0.51504487 0.07697289]
 [0.01855121 0.01605559 0.9653932 ]]
probabilities: [[0.03525794 0.7651246  0.19961743]
 [0.08365253 0.45221117 0.46413627]
 [0.76769364 0.07176141 0.16054493]
 [0.16951378 0.20338525 0.62710094]
 [0.33798948 0.48091018 0.18110035]]
probabilities: [[0.36253676 0.41871747 0.21874577]
 [0.19834472 0.04687186 0.7547834 ]
 [0.37458506 0.16172042 0.4636945 ]
 [0.06437179 0.56629866 0.36932957]
 [0.01909456 0.24937911 0.7315263 ]]
probabilities: [[0.13156317 0.6829     0.18553682]
 [0.33878478 0.32116693 0.34004825]
 [0.15015313 0.8132982  0.03654865]
 [0.6483343  0.33388102 0.01778467]
 [0.39396358 0.2293187  0.37671772]]
probabilities: [[0. 0. 1.]
 [0. 1. 0.]
 [0. 1. 0.]
 [0. 0. 1.]
 [0. 0. 1.]]
probabilities: [[0.04309205 0.03921524 0.9176927 ]
 [0.21605144 0.27254254 0.511406  ]
 [0.04916961 0.35846457 0.5923658 ]
 [0.7341265  0.2341747  0.0316988 ]
 [0.51317    0.33418196 0.152648  ]]
probabilities: [[0.34038004 0.26801968 0.3916003 ]
 [0.29263836 0.29702514 0.4103365 ]
 [0.0507032  0.25902227 0.69027454]
 [0.04174646 0.3545803  0.6036732 ]
 [0.85838073 0.03759936 0.10401992]]
probabilities: [[0.03896212 0.4457205  0.5153174 ]
 [0.3397193  0.6292332  0.03104753]
 [0.34780306 0.39165443 0.2605425 ]
 [0.58916914 0.34186357 0.06896725]
 [0.43211415 0.14438137 0.42350447]]
probabilities: [[0.6173529  0.32054302 0.06210405]
 [0.24603987 0.6296186  0.12434155]
 [0.30248696 0.63905907 0.05845396]
 [0.12426207 0.37841284 0.4973251 ]
 [0.05107005 0.0589689  0.88996106]]
probabilities: [[0.09283875 0.5697988  0.33736244]
 [0.4268651  0.11863381 0.4545011 ]
 [0.29840618 0.54556257 0.15603125]
 [0.17630917 0.4575464  0.36614442]
 [0.25869724 0.44188768 0.2994151 ]]
probabilities: [[0. 1. 0.]
 [0. 1. 0.]
 [0. 1. 0.]
 [0. 1. 0.]
 [0. 1. 0.]]
probabilities: [[0.6577931  0.02633762 0.31586927]
 [0.3419164  0.5715753  0.0865083 ]
 [0.09770732 0.82603484 0.07625782]
 [0.02313435 0.06065201 0.91621363]
 [0.39384672 0.42247236 0.1836809 ]]
probabilities: [[0.5346052  0.27995822 0.18543659]
 [0.01193462 0.01382847 0.9742369 ]
 [0.5891407  0.13299383 0.27786547]
 [0.9251509  0.03328758 0.04156153]
 [0.44946668 0.27866468 0.27186865]]
probabilities: [[0.5686156  0.25153527 0.17984912]
 [0.15734366 0.23542672 0.60722965]
 [0.00877898 0.6877523  0.3034687 ]
 [0.01525986 0.03936442 0.94537574]
 [0.7568097  0.04774421 0.19544606]]
probabilities: [[0.16440827 0.43957847 0.39601326]
 [0.07182349 0.66776925 0.26040724]
 [0.20334633 0.00202802 0.79462564]
 [0.4502439  0.14622879 0.40352732]
 [0.04158236 0.9349222  0.02349542]]
probabilities: [[0.43994212 0.26714304 0.29291484]
 [0.07460897 0.0852113  0.84017974]
 [0.18724939 0.34319112 0.4695595 ]
 [0.7580834  0.03854124 0.20337534]
 [0.02889686 0.09856705 0.8725361 ]]
probabilities: [[1. 0. 0.]
 [1. 0. 0.]
 [1. 0. 0.]
 [1. 0. 0.]
 [1. 0. 0.]]
probabilities: [[0.33567372 0.6059052  0.0584211 ]
 [0.317138   0.06639656 0.61646545]
 [0.6654855  0.12029583 0.21421866]
 [0.5199993  0.0127786  0.46722206]
 [0.5969684  0.30785158 0.09518001]]
probabilities: [[0.10095643 0.04471346 0.8543301 ]
 [0.21871838 0.0707795  0.7105021 ]
 [0.17307812 0.20509796 0.6218239 ]
 [0.46611264 0.4082437  0.12564366]
 [0.538451   0.2137638  0.24778515]]
probabilities: [[0.42478406 0.52303493 0.052181  ]
 [0.45673692 0.39216104 0.15110205]
 [0.42901713 0.56450987 0.00647299]
 [0.08087829 0.5186703  0.40045142]
 [0.172752   0.5989972  0.22825085]]
probabilities: [[0.13476127 0.11085989 0.75437886]
 [0.57821393 0.19534147 0.22644459]
 [0.13604473 0.04499153 0.81896377]
 [0.11823871 0.7489154  0.13284591]
 [0.75917286 0.13471527 0.10611185]]
probabilities: [[0.5974299  0.24985191 0.15271825]
 [0.0701827  0.46978918 0.4600281 ]
 [0.3066016  0.40708598 0.2863124 ]
 [0.42265895 0.43507108 0.14226995]
 [0.55601    0.18512224 0.25886777]]
probabilities: [[0. 0. 1.]
 [0. 1. 0.]
 [0. 1. 0.]
 [0. 0. 1.]
 [0. 0. 1.]]
probabilities: [[0.36781436 0.18741348 0.44477215]
 [0.8682878  0.08978733 0.04192484]
 [0.09088053 0.5138532  0.39526626]
 [0.35260743 0.03713553 0.610257  ]
 [0.239017   0.7599962  0.00098682]]
probabilities: [[0.15669462 0.5503586  0.2929468 ]
 [0.08898849 0.851714   0.05929751]
 [0.26121122 0.4895064  0.24928236]
 [0.5221125  0.4426298  0.0352577 ]
 [0.51462704 0.24711241 0.23826055]]
probabilities: [[0.7172144  0.01707318 0.2657124 ]
 [0.05805113 0.33891362 0.6030353 ]
 [0.06288777 0.5016387  0.43547356]
 [0.05967235 0.00414553 0.93618214]
 [0.83483404 0.14604646 0.0191195 ]]
probabilities: [[0.00280362 0.0422762  0.9549202 ]
 [0.10332157 0.87505317 0.02162526]
 [0.3980576  0.07333284 0.5286096 ]
 [0.42188787 0.5067226  0.07138951]
 [0.43584818 0.44752392 0.11662791]]
probabilities: [[0.04022217 0.88955575 0.07022206]
 [0.13926265 0.22054154 0.64019585]
 [0.5390723  0.4099103  0.05101745]
 [0.06781264 0.8333229  0.0988645 ]
 [0.1150706  0.00215963 0.88276976]]
probabilities: [[0. 1. 0.]
 [0. 1. 0.]
 [0. 1. 0.]
 [0. 1. 0.]
 [0. 1. 0.]]
probabilities: [[0.00826826 0.1256056  0.8661261 ]
 [0.498623   0.01802536 0.48335162]
 [0.48013797 0.25223884 0.2676232 ]
 [0.09582179 0.6831728  0.22100538]
 [0.43522942 0.5449207  0.01984989]]
probabilities: [[0.16774568 0.807115   0.02513927]
 [0.38659385 0.48893714 0.12446899]
 [0.39039066 0.47717583 0.13243349]
 [0.33140582 0.10494978 0.5636444 ]
 [0.01287224 0.6319252  0.35520256]]
probabilities: [[0.9082108  0.06227178 0.02951743]
 [0.24999806 0.5741901  0.17581184]
 [0.13887526 0.42554986 0.4355749 ]
 [0.22899356 0.40676194 0.3642445 ]
 [0.31764516 0.00273435 0.6796205 ]]
probabilities: [[0.13675427 0.3104082  0.5528375 ]
 [0.41933745 0.19690123 0.38376132]
 [0.16673109 0.82634616 0.00692273]
 [0.38312238 0.5991563  0.01772131]
 [0.34712633 0.26413742 0.38873628]]
probabilities: [[0.04141967 0.33623475 0.62234557]
 [0.14810026 0.11770406 0.7341957 ]
 [0.45690995 0.07417525 0.4689148 ]
 [0.30450436 0.4924428  0.20305286]
 [0.14243822 0.05339277 0.804169  ]]
probabilities: [[0. 0. 1.]
 [0. 1. 0.]
 [0. 0. 1.]
 [0. 0. 1.]
 [0. 0. 1.]]
probabilities: [[0.05044593 0.55748934 0.39206472]
 [0.16360779 0.81222695 0.02416526]
 [0.22936542 0.5470143  0.22362027]
 [0.34337392 0.20540214 0.45122394]
 [0.15724412 0.5573441  0.2854118 ]]
probabilities: [[0.3859044  0.42977843 0.18431717]
 [0.0166971  0.520148   0.46315494]
 [0.6517909  0.08161142 0.2665977 ]
 [0.23612185 0.27828828 0.4855899 ]
 [0.4911746  0.5046873  0.00413809]]
probabilities: [[0.3652941  0.367618   0.2670879 ]
 [0.7553898  0.17470735 0.06990284]
 [0.02614547 0.49203032 0.48182422]
 [0.04342814 0.84828275 0.10828908]
 [0.06569442 0.75370574 0.18059982]]
probabilities: [[0.09882148 0.31264088 0.58853763]
 [0.00959996 0.39014134 0.6002587 ]
 [0.21129027 0.28115976 0.50754994]
 [0.33385774 0.53661907 0.12952322]
 [0.12714988 0.17772242 0.69512767]]
probabilities: [[0.65569717 0.23852497 0.10577785]
 [0.27421358 0.49121162 0.23457478]
 [0.02175719 0.87058353 0.10765926]
 [0.1259457  0.75347686 0.12057742]
 [0.08856954 0.49616352 0.41526693]]
probabilities: [[1. 0. 0.]
 [1. 0. 0.]
 [1. 0. 0.]
 [1. 0. 0.]
 [1. 0. 0.]]
probabilities: [[0.3861441  0.09657402 0.5172819 ]
 [0.29607388 0.37697    0.32695612]
 [0.26068252 0.7334976  0.00581985]
 [0.07408509 0.39480504 0.53110987]
 [0.41429508 0.16741207 0.41829285]]
probabilities: [[0.5099901  0.1728776  0.31713232]
 [0.07951838 0.816097   0.10438462]
 [0.04180168 0.25850412 0.6996942 ]
 [0.5866915  0.29670542 0.11660309]
 [0.02103017 0.6441973  0.33477256]]
probabilities: [[0.71800935 0.05340486 0.22858576]
 [0.45921963 0.4591755  0.08160486]
 [0.05799236 0.03378836 0.9082193 ]
 [0.3138862  0.174996   0.51111776]
 [0.30622646 0.668616   0.02515753]]
probabilities: [[0.52020764 0.40899876 0.07079359]
 [0.11161162 0.8760703  0.01231808]
 [0.49671614 0.180851   0.32243285]
 [0.37665662 0.16096292 0.46238047]
 [0.3058001  0.46863714 0.22556274]]
probabilities: [[0.08924188 0.78369546 0.12706268]
 [0.57985765 0.2966184  0.12352394]
 [0.01526663 0.782529   0.20220435]
 [0.01865487 0.35121304 0.6301321 ]
 [0.17979997 0.80381215 0.01638785]]
probabilities: [[0. 0. 1.]
 [0. 1. 0.]
 [0. 0. 1.]
 [0. 0. 1.]
 [0. 0. 1.]]
probabilities: [[0.5336905  0.21253318 0.25377634]
 [0.20203024 0.04706489 0.75090486]
 [0.7099928  0.09264409 0.19736308]
 [0.3632038  0.08607132 0.55072486]
 [0.6595219  0.17498869 0.16548946]]
probabilities: [[0.11426212 0.11975438 0.7659835 ]
 [0.16493519 0.6479311  0.18713374]
 [0.70328015 0.25465736 0.04206252]
 [0.64129823 0.35681877 0.00188298]
 [0.50651336 0.35187978 0.14160687]]
probabilities: [[3.9851996e-01 4.4365034e-01 1.5782969e-01]
 [8.6642355e-02 8.5564591e-03 9.0480119e-01]
 [4.2269039e-01 4.7055881e-02 5.3025371e-01]
 [7.9599424e-04 2.5379688e-01 7.4540716e-01]
 [8.9518189e-02 8.1036791e-02 8.2944500e-01]]
probabilities: [[0.51666343 0.35601684 0.12731974]
 [0.16539405 0.50975263 0.32485333]
 [0.11698227 0.02597574 0.857042  ]
 [0.17302617 0.6540501  0.17292371]
 [0.67401814 0.30799255 0.01798931]]
probabilities: [[0.5267762  0.10547721 0.36774662]
 [0.2053566  0.03438613 0.76025724]
 [0.1931629  0.5180564  0.28878072]
 [0.05784385 0.39354506 0.5486111 ]
 [0.00149912 0.6090651  0.38943574]]
probabilities: [[0. 0. 1.]
 [0. 1. 0.]
 [0. 0. 1.]
 [0. 0. 1.]
 [0. 0. 1.]]
probabilities: [[0.25149503 0.7303342  0.01817074]
 [0.34215045 0.38531604 0.27253354]
 [0.7754795  0.16025607 0.06426444]
 [0.5193214  0.14759627 0.33308235]
 [0.8147888  0.00758852 0.17762266]]
probabilities: [[0.1436867  0.58727795 0.26903537]
 [0.3711853  0.13179074 0.49702397]
 [0.21326463 0.71723557 0.06949978]
 [0.36049172 0.20461074 0.43489754]
 [0.00113857 0.47737864 0.5214828 ]]
probabilities: [[0.31817114 0.02269315 0.6591357 ]
 [0.5653213  0.33559954 0.09907915]
 [0.01658373 0.67106676 0.31234953]
 [0.05254006 0.77951884 0.1679411 ]
 [0.07540315 0.7581244  0.16647242]]
probabilities: [[0.32124525 0.43978897 0.2389658 ]
 [0.54170173 0.16837773 0.2899205 ]
 [0.63458943 0.02088086 0.34452972]
 [0.2127164  0.6521052  0.13517839]
 [0.5325688  0.4120431  0.05538811]]
probabilities: [[0.19702823 0.4458897  0.35708204]
 [0.41934896 0.41421932 0.16643173]
 [0.13955323 0.22898297 0.63146377]
 [0.00144438 0.87143993 0.12711571]
 [0.11159554 0.4736596  0.41474485]]
probabilities: [[0. 0. 1.]
 [0. 1. 0.]
 [0. 1. 0.]
 [0. 0. 1.]
 [0. 0. 1.]]
probabilities: [[0.38836834 0.5205687  0.09106294]
 [0.40822002 0.19938608 0.3923939 ]
 [0.37995914 0.25683683 0.36320403]
 [0.6381414  0.14333637 0.21852222]
 [0.35571414 0.47191268 0.17237316]]
probabilities: [[0.03853537 0.32879075 0.63267386]
 [0.269204   0.502924   0.22787197]
 [0.06276394 0.78178096 0.15545513]
 [0.27139142 0.33173513 0.39687344]
 [0.34882852 0.6247215  0.02644992]]
probabilities: [[0.45809823 0.5017942  0.04010754]
 [0.31917518 0.2940857  0.3867391 ]
 [0.28657606 0.5436634  0.16976054]
 [0.25929824 0.11154167 0.6291601 ]
 [0.8385491  0.04339838 0.11805254]]
probabilities: [[0.04263638 0.5057197  0.45164388]
 [0.584725   0.3057733  0.1095017 ]
 [0.36323684 0.20255399 0.43420914]
 [0.56556535 0.09056219 0.3438725 ]
 [0.04962811 0.5883838  0.36198807]]
probabilities: [[0.00793608 0.69283277 0.29923117]
 [0.7336718  0.22160378 0.04472443]
 [0.09454216 0.25052902 0.6549288 ]
 [0.05375297 0.7033255  0.2429215 ]
 [0.59715    0.28726697 0.11558302]]
probabilities: [[0. 1. 0.]
 [0. 1. 0.]
 [0. 1. 0.]
 [0. 1. 0.]
 [0. 1. 0.]]
probabilities: [[0.21243678 0.5329722  0.254591  ]
 [0.692785   0.20415458 0.10306041]
 [0.7454781  0.09582267 0.15869923]
 [0.13726228 0.1191622  0.7435755 ]
 [0.3534959  0.4546609  0.19184323]]
probabilities: [[0.0513684  0.3666747  0.5819569 ]
 [0.42422584 0.04067925 0.5350949 ]
 [0.58073103 0.2922824  0.12698656]
 [0.27718243 0.60573345 0.1170841 ]
 [0.4611287  0.3747418  0.1641295 ]]
probabilities: [[0.13228497 0.02158778 0.8461273 ]
 [0.20697069 0.5774167  0.2156126 ]
 [0.627493   0.05526036 0.31724662]
 [0.41838625 0.10509671 0.47651702]
 [0.01097479 0.28562018 0.703405  ]]
probabilities: [[0.5017339  0.2715959  0.22667019]
 [0.20371078 0.3245832  0.471706  ]
 [0.17428705 0.32984614 0.4958668 ]
 [0.09273969 0.6888774  0.21838288]
 [0.17534287 0.28176707 0.5428901 ]]
probabilities: [[0.08162044 0.02433301 0.89404655]
 [0.2190568  0.5430826  0.2378606 ]
 [0.24243233 0.54595    0.21161766]
 [0.62741345 0.3583279  0.01425865]
 [0.25306252 0.5478258  0.19911169]]
probabilities: [[0. 0. 1.]
 [0. 1. 0.]
 [0. 0. 1.]
 [0. 0. 1.]
 [0. 0. 1.]]
probabilities: [[0.463572   0.17501794 0.36141005]
 [0.7987591  0.06847255 0.13276838]
 [0.42053312 0.5206143  0.05885256]
 [0.46638998 0.34843728 0.18517275]
 [0.8132422  0.00461241 0.18214542]]
probabilities: [[0.76153517 0.07286232 0.16560252]
 [0.31829852 0.09962063 0.58208084]
 [0.67847675 0.1819041  0.13961914]
 [0.04371184 0.11531787 0.8409703 ]
 [0.1691091  0.00673897 0.82415193]]
probabilities: [[0.21132702 0.75285995 0.03581305]
 [0.37641126 0.17441942 0.4491693 ]
 [0.78567684 0.11278804 0.10153512]
 [0.40826926 0.15409695 0.43763378]
 [0.37143046 0.43405214 0.19451739]]
probabilities: [[0.18966869 0.7724871  0.03784418]
 [0.38595304 0.41480246 0.19924451]
 [0.42034352 0.5686362  0.0110203 ]
 [0.03270699 0.46193805 0.50535494]
 [0.247026   0.39538765 0.35758635]]
probabilities: [[0.00230478 0.61423784 0.3834574 ]
 [0.62093735 0.14352791 0.23553471]
 [0.146222   0.2788142  0.5749638 ]
 [0.5260358  0.42417634 0.04978789]
 [0.95374924 0.02528618 0.02096459]]
probabilities: [[0. 1. 0.]
 [0. 1. 0.]
 [0. 1. 0.]
 [0. 1. 0.]
 [0. 1. 0.]]
probabilities: [[0.89532065 0.05365924 0.05102012]
 [0.30603653 0.39149904 0.30246443]
 [0.68020475 0.2226745  0.09712076]
 [0.64873403 0.03805832 0.31320763]
 [0.6241839  0.3316893  0.04412679]]
probabilities: [[0.5963306  0.04945923 0.35421017]
 [0.25484052 0.05679415 0.68836534]
 [0.2555072  0.55725175 0.18724105]
 [0.50159025 0.37414163 0.12426813]
 [0.1667152  0.3329794  0.50030535]]
probabilities: [[0.20554894 0.78845733 0.00599374]
 [0.1947927  0.271322   0.53388524]
 [0.00548468 0.88358605 0.11092928]
 [0.08189861 0.56266165 0.35543975]
 [0.43041682 0.08009104 0.48949215]]
probabilities: [[0.34958345 0.24200304 0.40841353]
 [0.459393   0.5223455  0.01826151]
 [0.49391404 0.42476514 0.08132083]
 [0.6412596  0.32056987 0.03817053]
 [0.03632065 0.51714724 0.44653213]]
probabilities: [[0.11491879 0.13235952 0.75272167]
 [0.1691552  0.5475067  0.2833381 ]
 [0.34245774 0.03969589 0.61784637]
 [0.813059   0.13151376 0.05542726]
 [0.34154865 0.28790244 0.3705489 ]]
probabilities: [[0. 0. 1.]
 [0. 1. 0.]
 [0. 1. 0.]
 [0. 0. 1.]
 [0. 0. 1.]]
probabilities: [[0.02164328 0.9698975  0.00845922]
 [0.8445981  0.15273093 0.00267097]
 [0.12663916 0.61595815 0.2574027 ]
 [0.6863954  0.01278451 0.30082008]
 [0.63233113 0.33358854 0.03408033]]
probabilities: [[0.81675065 0.0332096  0.15003976]
 [0.0679066  0.33764797 0.5944454 ]
 [0.17269571 0.2893407  0.53796357]
 [0.36640674 0.317611   0.31598225]
 [0.49364245 0.40197554 0.10438201]]
probabilities: [[0.31227916 0.5224379  0.16528298]
 [0.12705427 0.7112219  0.16172385]
 [0.7490698  0.18466048 0.0662697 ]
 [0.51899976 0.12626211 0.35473815]
 [0.12450735 0.21762349 0.65786916]]
probabilities: [[0.68236005 0.12456875 0.19307119]
 [0.60286266 0.21488851 0.18224882]
 [0.34488595 0.5883266  0.0667875 ]
 [0.18322846 0.02485871 0.79191285]
 [0.2512437  0.61038786 0.13836843]]
probabilities: [[0.57638675 0.01759535 0.4060179 ]
 [0.10554702 0.05497918 0.8394738 ]
 [0.6686096  0.25004953 0.08134084]
 [0.0431724  0.39431193 0.5625157 ]
 [0.27862868 0.40946183 0.31190947]]
probabilities: [[1. 0. 0.]
 [1. 0. 0.]
 [1. 0. 0.]
 [1. 0. 0.]
 [1. 0. 0.]]
probabilities: [[0.16936685 0.04551361 0.78511953]
 [0.20943362 0.54052526 0.25004113]
 [0.4419954  0.39004824 0.16795635]
 [0.2689152  0.09317109 0.6379137 ]
 [0.4714958  0.29967237 0.22883184]]
probabilities: [[0.3252731  0.2665191  0.4082078 ]
 [0.05490199 0.0473111  0.8977869 ]
 [0.42685375 0.3298963  0.24324995]
 [0.60104394 0.15954772 0.23940831]
 [0.14415596 0.63498026 0.22086377]]
probabilities: [[0.41753665 0.4716812  0.11078213]
 [0.03418389 0.69363284 0.27218324]
 [0.23527499 0.3786356  0.38608944]
 [0.8833559  0.02768411 0.08895999]
 [0.10613853 0.8137946  0.08006689]]
probabilities: [[0.5563251  0.11791676 0.32575816]
 [0.51772004 0.34034383 0.14193612]
 [0.24131855 0.25940797 0.49927348]
 [0.09547356 0.39116958 0.51335686]
 [0.29112384 0.45816985 0.2507063 ]]
probabilities: [[0.23925193 0.5468674  0.21388069]
 [0.11274481 0.5391185  0.34813663]
 [0.7584534  0.16556194 0.0759846 ]
 [0.6911936  0.14906459 0.15974182]
 [0.811999   0.1760572  0.01194375]]
probabilities: [[0. 0. 1.]
 [0. 1. 0.]
 [0. 0. 1.]
 [0. 0. 1.]
 [0. 0. 1.]]
probabilities: [[0.02407726 0.05196626 0.92395645]
 [0.60041517 0.26193604 0.13764882]
 [0.11190725 0.05464805 0.8334447 ]
 [0.5226306  0.12507401 0.35229543]
 [0.46996707 0.33299047 0.19704248]]
probabilities: [[0.13994724 0.07658179 0.783471  ]
 [0.3948894  0.43857124 0.16653936]
 [0.18187825 0.22522472 0.59289706]
 [0.6197381  0.21773192 0.16252998]
 [0.2021905  0.39275286 0.40505663]]
probabilities: [[0.0169556  0.6395834  0.343461  ]
 [0.33619943 0.5377293  0.12607123]
 [0.36168328 0.16110913 0.4772076 ]
 [0.20871924 0.55887014 0.23241061]
 [0.20717566 0.6682281  0.12459629]]
probabilities: [[0.19580251 0.0050271  0.7991704 ]
 [0.254286   0.22622412 0.5194899 ]
 [0.6032644  0.09114495 0.30559066]
 [0.06562681 0.16097718 0.773396  ]
 [0.20761642 0.66273224 0.12965134]]
probabilities: [[0.5588305  0.12085605 0.32031342]
 [0.45557067 0.07156789 0.47286144]
 [0.1510912  0.563209   0.28569978]
 [0.40271384 0.4273976  0.16988856]
 [0.27747282 0.06111765 0.66140956]]
probabilities: [[0. 0. 1.]
 [0. 1. 0.]
 [0. 0. 1.]
 [0. 0. 1.]
 [0. 0. 1.]]
probabilities: [[0.65261877 0.22145896 0.12592229]
 [0.13664213 0.5429487  0.32040912]
 [0.01832091 0.12817402 0.8535051 ]
 [0.23195998 0.46793    0.30011   ]
 [0.08405293 0.81751895 0.09842813]]
probabilities: [[0.62766665 0.36569512 0.00663827]
 [0.39940035 0.28724185 0.31335783]
 [0.40817896 0.54353875 0.04828228]
 [0.25389415 0.48244986 0.263656  ]
 [0.7564852  0.23025478 0.01325998]]
probabilities: [[0.2203941  0.45788273 0.32172316]
 [0.1636721  0.77788544 0.05844245]
 [0.5052286  0.4706089  0.02416254]
 [0.44345942 0.20008105 0.35645953]
 [0.7390414  0.15230288 0.10865576]]
probabilities: [[0.4036494  0.2718311  0.32451954]
 [0.04644722 0.5619396  0.39161322]
 [0.12279204 0.5320791  0.3451289 ]
 [0.7661041  0.1701478  0.06374812]
 [0.71498936 0.0840924  0.20091823]]
probabilities: [[0.00576174 0.8187359  0.17550234]
 [0.56017864 0.06652229 0.37329906]
 [0.54760224 0.088714   0.3636838 ]
 [0.4652015  0.18495844 0.34984004]
 [0.22886752 0.12502672 0.64610577]]
probabilities: [[0. 0. 1.]
 [0. 1. 0.]
 [0. 1. 0.]
 [0. 0. 1.]
 [0. 0. 1.]]
probabilities: [[0.26151454 0.46672443 0.271761  ]
 [0.65551996 0.28427958 0.06020046]
 [0.10404675 0.26599884 0.6299544 ]
 [0.03237094 0.35337567 0.6142534 ]
 [0.282292   0.43380305 0.28390494]]
probabilities: [[0.0046684  0.4495917  0.5457399 ]
 [0.7451885  0.053919   0.2008925 ]
 [0.04915494 0.21053442 0.7403106 ]
 [0.6820505  0.10884704 0.20910242]
 [0.8042165  0.06212078 0.13366273]]
probabilities: [[0.7349077  0.2529138  0.01217852]
 [0.31885698 0.22721194 0.4539311 ]
 [0.39139396 0.3995628  0.20904326]
 [0.5589418  0.39861995 0.04243826]
 [0.38598517 0.24476156 0.36925328]]
probabilities: [[0.4516892  0.21856351 0.32974726]
 [0.32279363 0.4938644  0.18334198]
 [0.47956654 0.22344813 0.29698536]
 [0.10036439 0.68957525 0.21006037]
 [0.78481597 0.12457428 0.09060977]]
probabilities: [[0.6040481  0.07978044 0.31617147]
 [0.93080753 0.0156725  0.05351998]
 [0.2506858  0.45243114 0.29688305]
 [0.25265315 0.2549483  0.49239856]
 [0.22935541 0.39047253 0.38017207]]
probabilities: [[0. 1. 0.]
 [0. 1. 0.]
 [0. 1. 0.]
 [0. 1. 0.]
 [0. 1. 0.]]
probabilities: [[0.17583255 0.48213932 0.3420281 ]
 [0.14917397 0.19091694 0.65990907]
 [0.0064726  0.05003852 0.9434889 ]
 [0.0751904  0.87721485 0.04759479]
 [0.5587334  0.26343885 0.17782772]]
probabilities: [[0.17537615 0.78864396 0.03597991]
 [0.3682321  0.37241974 0.25934815]
 [0.5380083  0.28509676 0.17689496]
 [0.19324635 0.22359529 0.5831584 ]
 [0.11279669 0.37254265 0.51466066]]
probabilities: [[0.41258374 0.5070345  0.08038176]
 [0.09498637 0.85603225 0.04898139]
 [0.6439987  0.1321836  0.22381775]
 [0.63506496 0.2725644  0.09237062]
 [0.6735299  0.12372433 0.20274575]]
probabilities: [[0.3442787  0.4783844  0.1773369 ]
 [0.39998937 0.09102856 0.50898206]
 [0.08659717 0.6848875  0.22851527]
 [0.05337466 0.6721881  0.27443725]
 [0.05447328 0.50280297 0.44272375]]
probabilities: [[0.93934464 0.01291877 0.04773659]
 [0.18418293 0.4407762  0.37504086]
 [0.12065631 0.06398086 0.8153628 ]
 [0.20640711 0.10567116 0.6879217 ]
 [0.10547104 0.27711496 0.617414  ]]
probabilities: [[0. 0. 1.]
 [0. 1. 0.]
 [0. 1. 0.]
 [0. 0. 1.]
 [0. 0. 1.]]
probabilities: [[0.06103384 0.23358634 0.70537984]
 [0.12495192 0.14052632 0.73452175]
 [0.00553304 0.39112172 0.6033452 ]
 [0.00664924 0.20798337 0.78536737]
 [0.09354512 0.24439172 0.6620632 ]]
probabilities: [[0.07442144 0.36919463 0.55638397]
 [0.5557311  0.3084575  0.13581143]
 [0.14894958 0.12094852 0.7301019 ]
 [0.14350547 0.51528955 0.341205  ]
 [0.04319993 0.08146592 0.87533414]]
probabilities: [[0.20661913 0.2597621  0.53361875]
 [0.32086644 0.24771275 0.4314208 ]
 [0.52853644 0.05394656 0.417517  ]
 [0.30828816 0.28910318 0.40260863]
 [0.23098736 0.75273037 0.01628228]]
probabilities: [[0.5207515  0.04646656 0.43278196]
 [0.43833497 0.11684222 0.44482282]
 [0.49263456 0.37633762 0.1310278 ]
 [0.1594408  0.13173094 0.7088283 ]
 [0.19170554 0.38046494 0.42782953]]
probabilities: [[0.11913402 0.34135962 0.5395064 ]
 [0.27886495 0.6854497  0.03568533]
 [0.21453792 0.04874039 0.7367217 ]
 [0.23336585 0.33828756 0.4283466 ]
 [0.38119772 0.43515846 0.1836438 ]]
probabilities: [[0. 1. 0.]
 [0. 1. 0.]
 [0. 1. 0.]
 [0. 1. 0.]
 [0. 1. 0.]]
probabilities: [[0.07520919 0.30934548 0.6154453 ]
 [0.40860957 0.1412135  0.45017692]
 [0.06377867 0.32748568 0.6087357 ]
 [0.01745914 0.22419684 0.75834405]
 [0.20333743 0.734338   0.06232461]]
probabilities: [[0.22059608 0.54026395 0.23913999]
 [0.18437707 0.40318224 0.4124407 ]
 [0.4592145  0.50985724 0.03092826]
 [0.32185736 0.19256808 0.48557454]
 [0.22485253 0.05794153 0.71720594]]
probabilities: [[0.67318857 0.12656143 0.20025   ]
 [0.35964888 0.445268   0.1950831 ]
 [0.63741577 0.27293977 0.0896445 ]
 [0.0458034  0.16382465 0.79037195]
 [0.3942851  0.5694478  0.03626711]]
probabilities: [[0.62682396 0.00335757 0.36981848]
 [0.394172   0.1415129  0.46431506]
 [0.3066436  0.6226327  0.0707237 ]
 [0.7652548  0.20014443 0.03460078]
 [0.29789582 0.20944797 0.49265623]]
probabilities: [[0.2944705  0.44574592 0.2597836 ]
 [0.6522159  0.00317528 0.34460884]
 [0.05321416 0.7900292  0.15675661]
 [0.16804864 0.05978472 0.77216667]
 [0.14338474 0.02349641 0.83311886]]
probabilities: [[0. 1. 0.]
 [0. 1. 0.]
 [0. 1. 0.]
 [0. 1. 0.]
 [0. 1. 0.]]
probabilities: [[0.5358448  0.15129228 0.31286293]
 [0.20931195 0.22658914 0.5640989 ]
 [0.03424929 0.8200084  0.14574231]
 [0.57805085 0.28747547 0.13447367]
 [0.15745802 0.5500882  0.29245377]]
probabilities: [[0.51443034 0.14668939 0.33888024]
 [0.06092257 0.20011005 0.73896736]
 [0.32966986 0.48622426 0.18410587]
 [0.03785819 0.59971404 0.36242774]
 [0.07794619 0.16546167 0.75659215]]
probabilities: [[0.14396442 0.7883791  0.06765649]
 [0.08187928 0.45460245 0.46351826]
 [0.21378401 0.46409965 0.32211635]
 [0.32084525 0.64853776 0.03061701]
 [0.21132332 0.30165452 0.48702216]]
probabilities: [[0.22790521 0.07392433 0.6981704 ]
 [0.5153373  0.01966327 0.46499944]
 [0.33325633 0.41043606 0.2563076 ]
 [0.0680263  0.81263065 0.11934303]
 [0.05975254 0.42385602 0.51639146]]
probabilities: [[0.13750069 0.08984498 0.77265435]
 [0.41317418 0.5292959  0.0575299 ]
 [0.0228788  0.3975198  0.5796014 ]
 [0.13461596 0.28452766 0.5808564 ]
 [0.46108833 0.08894964 0.44996205]]
probabilities: [[0. 0. 1.]
 [0. 1. 0.]
 [0. 0. 1.]
 [0. 0. 1.]
 [0. 0. 1.]]
probabilities: [[0.61654663 0.11270566 0.27074772]
 [0.22364895 0.75896037 0.01739066]
 [0.75001556 0.19756596 0.0524185 ]
 [0.4223164  0.15170221 0.4259814 ]
 [0.95697063 0.0169278  0.02610158]]
probabilities: [[0.58328503 0.11660451 0.3001105 ]
 [0.25920993 0.5115068  0.2292833 ]
 [0.29939726 0.3913883  0.3092144 ]
 [0.3329054  0.51912314 0.14797144]
 [0.6419529  0.09286074 0.2651864 ]]
probabilities: [[0.27667537 0.44717035 0.27615428]
 [0.18651304 0.63521105 0.17827593]
 [0.19778517 0.36091903 0.4412958 ]
 [0.65079254 0.27816698 0.07104048]
 [0.35964578 0.05137971 0.58897454]]
probabilities: [[0.06147081 0.72417897 0.21435022]
 [0.01595878 0.05118454 0.9328567 ]
 [0.15987441 0.25177723 0.5883483 ]
 [0.28637335 0.2482908  0.46533585]
 [0.48605156 0.0174733  0.49647516]]
probabilities: [[0.37133503 0.5685386  0.06012638]
 [0.8082677  0.00773388 0.1839984 ]
 [0.12506698 0.80601525 0.06891775]
 [0.11697635 0.659255   0.22376862]
 [0.24003077 0.63029915 0.12967008]]
probabilities: [[0. 0. 1.]
 [0. 1. 0.]
 [0. 0. 1.]
 [0. 0. 1.]
 [0. 0. 1.]]
probabilities: [[0.41083923 0.4626084  0.12655236]
 [0.20334184 0.44303888 0.35361928]
 [0.25119734 0.44886327 0.2999394 ]
 [0.73044324 0.02615664 0.24340011]
 [0.07362922 0.498176   0.42819476]]
probabilities: [[0.6031778  0.36474562 0.03207656]
 [0.25709945 0.5129474  0.22995318]
 [0.04525435 0.9513264  0.00341928]
 [0.11255011 0.81817013 0.06927978]
 [0.26779595 0.01393076 0.7182733 ]]
probabilities: [[0.83201665 0.04703189 0.1209515 ]
 [0.21452667 0.5770499  0.20842344]
 [0.49462354 0.02069893 0.48467752]
 [0.45274004 0.18829939 0.35896057]
 [0.1402652  0.5852163  0.2745185 ]]
probabilities: [[0.12224399 0.1268387  0.7509173 ]
 [0.8896243  0.00790475 0.10247094]
 [0.5321158  0.20141988 0.26646432]
 [0.24002792 0.17376626 0.58620584]
 [0.83292735 0.00923999 0.15783265]]
probabilities: [[0.21594073 0.13690853 0.64715075]
 [0.17916313 0.11963721 0.70119965]
 [0.11887396 0.6945436  0.18658242]
 [0.29109547 0.04127005 0.6676345 ]
 [0.769637   0.12192925 0.10843376]]
probabilities: [[0. 1. 0.]
 [0. 1. 0.]
 [0. 1. 0.]
 [0. 1. 0.]
 [0. 1. 0.]]
probabilities: [[0.02234805 0.67212945 0.3055225 ]
 [0.25470135 0.4252374  0.32006127]
 [0.19553214 0.3767011  0.4277668 ]
 [0.3338174  0.3844312  0.2817514 ]
 [0.5020816  0.20052087 0.29739755]]
probabilities: [[0.05886994 0.78967    0.15146005]
 [0.23680101 0.26222405 0.50097495]
 [0.4492125  0.34002012 0.2107674 ]
 [0.4821603  0.17831351 0.3395262 ]
 [0.6569178  0.19645785 0.14662436]]
probabilities: [[0.77062166 0.051357   0.17802136]
 [0.6193418  0.08117127 0.29948696]
 [0.31913197 0.26292956 0.4179385 ]
 [0.88916534 0.01253225 0.09830239]
 [0.44236606 0.3295695  0.22806446]]
probabilities: [[0.53262514 0.11786945 0.3495054 ]
 [0.2033911  0.59472734 0.20188159]
 [0.28701624 0.42665848 0.28632528]
 [0.22576104 0.61837125 0.15586773]
 [0.10102039 0.82481706 0.07416252]]
probabilities: [[0.22250554 0.24020682 0.53728765]
 [0.2771387  0.2865699  0.4362914 ]
 [0.46117538 0.52681583 0.01200881]
 [0.40956455 0.08251346 0.507922  ]
 [0.02416644 0.8272391  0.14859445]]
probabilities: [[0. 0. 1.]
 [0. 1. 0.]
 [0. 0. 1.]
 [0. 0. 1.]
 [0. 0. 1.]]
probabilities: [[0.7327664  0.11249977 0.15473385]
 [0.26946956 0.5193029  0.21122755]
 [0.53791696 0.38602805 0.07605499]
 [0.31834692 0.4024163  0.2792368 ]
 [0.27979282 0.63171005 0.08849714]]
probabilities: [[0.28570214 0.05075858 0.6635393 ]
 [0.42852426 0.07035158 0.50112414]
 [0.16482064 0.54535604 0.2898233 ]
 [0.6386285  0.310749   0.05062253]
 [0.21843049 0.40122378 0.38034573]]
probabilities: [[0.504377   0.04308483 0.45253816]
 [0.13858119 0.4112806  0.4501382 ]
 [0.11323188 0.10230798 0.7844601 ]
 [0.3527613  0.19382872 0.45340997]
 [0.33751312 0.3426307  0.31985617]]
probabilities: [[0.08436228 0.42383313 0.4918046 ]
 [0.01597764 0.45178464 0.5322377 ]
 [0.45758483 0.23200473 0.31041044]
 [0.74194264 0.24754852 0.01050882]
 [0.03401493 0.35312742 0.61285764]]
probabilities: [[0.49470517 0.2047596  0.30053523]
 [0.5757586  0.05642221 0.36781922]
 [0.17810556 0.47316825 0.34872618]
 [0.22684203 0.6920847  0.08107325]
 [0.07321462 0.34399912 0.58278626]]
probabilities: [[0. 0. 1.]
 [0. 1. 0.]
 [0. 0. 1.]
 [0. 0. 1.]
 [0. 0. 1.]]
probabilities: [[0.35362548 0.580166   0.06620856]
 [0.7102303  0.04978402 0.2399857 ]
 [0.4976678  0.10038096 0.40195125]
 [0.12632598 0.3557778  0.51789623]
 [0.62627184 0.06122526 0.3125029 ]]
probabilities: [[0.76872617 0.20574561 0.02552819]
 [0.06956466 0.7502066  0.18022871]
 [0.27053186 0.16630739 0.5631608 ]
 [0.6749341  0.19308655 0.13197938]
 [0.18516146 0.5364697  0.27836883]]
probabilities: [[0.05183856 0.59068424 0.3574772 ]
 [0.7941726  0.08260868 0.12321872]
 [0.03282489 0.9014852  0.06568993]
 [0.11182736 0.49505258 0.39312008]
 [0.83276445 0.15876642 0.00846915]]
probabilities: [[0.25075182 0.19372365 0.5555245 ]
 [0.57413936 0.28497794 0.14088267]
 [0.17399842 0.24157391 0.58442765]
 [0.6984661  0.1605781  0.14095578]
 [0.18990532 0.66828454 0.14181015]]
probabilities: [[0.7214793  0.09439311 0.1841276 ]
 [0.43290088 0.13614194 0.43095717]
 [0.00382356 0.478653   0.51752347]
 [0.7269813  0.02059676 0.25242195]
 [0.3130082  0.20735358 0.47963822]]
probabilities: [[0. 0. 1.]
 [0. 1. 0.]
 [0. 1. 0.]
 [0. 0. 1.]
 [0. 0. 1.]]
probabilities: [[0.5650773  0.25030026 0.1846224 ]
 [0.47411823 0.30270863 0.22317316]
 [0.9339464  0.04170451 0.02434913]
 [0.41344061 0.27487007 0.3116893 ]
 [0.4996169  0.2871925  0.21319063]]
probabilities: [[0.0298747  0.68160194 0.28852338]
 [0.4494059  0.05353482 0.49705926]
 [0.04305936 0.19116953 0.7657711 ]
 [0.05918092 0.17035215 0.7704669 ]
 [0.5045661  0.24892151 0.24651241]]
probabilities: [[0.58601624 0.29280838 0.12117542]
 [0.01741483 0.85998785 0.12259734]
 [0.34014642 0.225443   0.43441057]
 [0.5934175  0.06894425 0.33763823]
 [0.42857286 0.31017366 0.26125348]]
probabilities: [[0.08653874 0.41468757 0.4987737 ]
 [0.71277386 0.01802156 0.26920456]
 [0.69005305 0.0291395  0.2808075 ]
 [0.01345608 0.6130302  0.3735137 ]
 [0.52399504 0.19342098 0.28258395]]
probabilities: [[0.19482946 0.42264688 0.38252366]
 [0.46295446 0.223573   0.31347254]
 [0.05305051 0.5783447  0.36860475]
 [0.17286374 0.32598427 0.501152  ]
 [0.08607825 0.49221048 0.42171127]]
probabilities: [[0. 0. 1.]
 [0. 1. 0.]
 [0. 1. 0.]
 [0. 0. 1.]
 [0. 0. 1.]]
probabilities: [[0.10162565 0.15663947 0.74173486]
 [0.13202688 0.3396532  0.5283199 ]
 [0.14198177 0.15636152 0.7016567 ]
 [0.13975707 0.30802    0.55222297]
 [0.5478414  0.13872199 0.3134366 ]]
probabilities: [[0.18331382 0.7347551  0.08193106]
 [0.57284296 0.07503835 0.3521187 ]
 [0.4337847  0.27290586 0.29330945]
 [0.5943665  0.22183286 0.18380062]
 [0.24969618 0.4983561  0.25194773]]
probabilities: [[0.35980877 0.43906975 0.20112151]
 [0.48065093 0.43755567 0.0817934 ]
 [0.5543595  0.19674373 0.24889678]
 [0.5045442  0.34830981 0.14714599]
 [0.13153958 0.04886862 0.81959176]]
probabilities: [[0.10494874 0.03214278 0.8629085 ]
 [0.64028335 0.21175945 0.14795718]
 [0.6285304  0.34854227 0.02292733]
 [0.46115652 0.43500832 0.10383516]
 [0.27266064 0.19529721 0.53204215]]
probabilities: [[3.6923500e-04 6.9844103e-01 3.0118975e-01]
 [4.7552696e-01 4.7108003e-01 5.3393021e-02]
 [2.9163265e-01 2.1202160e-02 6.8716520e-01]
 [6.3508815e-01 3.4172460e-01 2.3187250e-02]
 [1.3278171e-01 4.0510461e-01 4.6211368e-01]]
probabilities: [[0. 0. 1.]
 [0. 1. 0.]
 [0. 0. 1.]
 [0. 0. 1.]
 [0. 0. 1.]]
probabilities: [[0.32072    0.35289276 0.32638726]
 [0.14002168 0.2602848  0.5996935 ]
 [0.01727106 0.9464128  0.03631615]
 [0.54003024 0.31373876 0.146231  ]
 [0.03520517 0.627288   0.33750686]]
probabilities: [[0.17131224 0.2102182  0.61846954]
 [0.1521549  0.5300903  0.3177548 ]
 [0.18154377 0.76888037 0.04957587]
 [0.1390599  0.2797668  0.5811733 ]
 [0.5489148  0.18749107 0.26359412]]
probabilities: [[0.15186752 0.7694701  0.07866238]
 [0.15891285 0.68283224 0.15825494]
 [0.52939504 0.2829199  0.18768503]
 [0.32620773 0.02775654 0.64603573]
 [0.7908136  0.15994792 0.04923847]]
probabilities: [[0.36931533 0.5056135  0.12507115]
 [0.3155604  0.03566476 0.64877486]
 [0.3825886  0.37295026 0.24446115]
 [0.20735544 0.4488958  0.34374875]
 [0.7331016  0.165926   0.10097241]]
probabilities: [[0.11895751 0.01881622 0.86222625]
 [0.39585963 0.15755236 0.446588  ]
 [0.33053163 0.63398707 0.03548134]
 [0.05184227 0.1291718  0.81898594]
 [0.23478419 0.24794064 0.51727515]]
probabilities: [[0. 0. 1.]
 [0. 1. 0.]
 [0. 0. 1.]
 [0. 0. 1.]
 [0. 0. 1.]]
probabilities: [[0.09599746 0.0167316  0.8872709 ]
 [0.51662123 0.19081116 0.2925676 ]
 [0.65264916 0.10654984 0.240801  ]
 [0.25015193 0.67880064 0.07104742]
 [0.09560851 0.20488815 0.69950336]]
probabilities: [[0.53545374 0.32909483 0.13545145]
 [0.270697   0.68755585 0.04174716]
 [0.38917875 0.01509331 0.5957279 ]
 [0.1165176  0.8705372  0.01294517]
 [0.49396542 0.46152443 0.04451018]]
probabilities: [[0.22644965 0.15784699 0.61570334]
 [0.6853338  0.22430252 0.0903637 ]
 [0.17918277 0.64237475 0.1784425 ]
 [0.31330392 0.50594157 0.18075453]
 [0.33075076 0.38938195 0.2798673 ]]
probabilities: [[0.16422541 0.62059754 0.21517703]
 [0.09168778 0.7879783  0.12033393]
 [0.739591   0.201402   0.05900702]
 [0.4171963  0.502786   0.08001772]
 [0.16385902 0.8309867  0.00515431]]
probabilities: [[0.1615007  0.6182921  0.2202072 ]
 [0.22804852 0.56480944 0.20714207]
 [0.13467823 0.08806355 0.7772582 ]
 [0.74788284 0.11139785 0.14071934]
 [0.6018423  0.10129315 0.29686457]]
probabilities: [[0. 1. 0.]
 [0. 1. 0.]
 [0. 1. 0.]
 [0. 1. 0.]
 [0. 1. 0.]]
probabilities: [[0.13969581 0.06577273 0.79453146]
 [0.17475618 0.37460566 0.45063818]
 [0.246507   0.40979198 0.343701  ]
 [0.8006972  0.01950698 0.1797958 ]
 [0.7421171  0.01195271 0.2459302 ]]
probabilities: [[0.5774618  0.41206408 0.01047411]
 [0.08293285 0.11022294 0.80684423]
 [0.107857   0.8117496  0.08039345]
 [0.12739193 0.14278552 0.7298225 ]
 [0.27269435 0.2054354  0.52187026]]
probabilities: [[0.10073931 0.7911858  0.10807488]
 [0.21338163 0.40981755 0.37680084]
 [0.00924363 0.04762483 0.94313157]
 [0.6622771  0.14489326 0.19282964]
 [0.47620878 0.23361312 0.2901781 ]]
probabilities: [[0.10083906 0.50351113 0.3956498 ]
 [0.09468073 0.5067348  0.39858446]
 [0.5021962  0.16077612 0.33702767]
 [0.59263    0.05126927 0.3561007 ]
 [0.3130515  0.18763591 0.49931258]]
probabilities: [[0.60266083 0.3209295  0.07640963]
 [0.32391453 0.47220683 0.20387863]
 [0.41470894 0.08349732 0.50179374]
 [0.04130664 0.6392112  0.31948218]
 [0.18627384 0.15974806 0.6539781 ]]
probabilities: [[0. 0. 1.]
 [0. 1. 0.]
 [0. 1. 0.]
 [0. 0. 1.]
 [0. 0. 1.]]
probabilities: [[0.33484212 0.3456645  0.3194934 ]
 [0.18809366 0.5892053  0.22270103]
 [0.1996214  0.6701734  0.1302052 ]
 [0.22269085 0.6259776  0.15133156]
 [0.17110266 0.5827705  0.24612682]]
probabilities: [[0.22610334 0.68680704 0.08708961]
 [0.47440898 0.04361156 0.48197943]
 [0.36694676 0.17043555 0.4626177 ]
 [0.30364662 0.1535777  0.5427757 ]
 [0.7056258  0.02206235 0.27231187]]
probabilities: [[0.34929013 0.40629405 0.24441582]
 [0.52653    0.27171716 0.2017528 ]
 [0.50346917 0.34957513 0.14695571]
 [0.2612647  0.4551988  0.28353646]
 [0.7545359  0.11625536 0.12920874]]
probabilities: [[0.03293777 0.6007822  0.36628005]
 [0.48532137 0.06732115 0.44735748]
 [0.09176379 0.5501886  0.3580476 ]
 [0.13861807 0.09358601 0.7677959 ]
 [0.30120453 0.26951587 0.4292796 ]]
probabilities: [[0.07372428 0.64648443 0.27979127]
 [0.8458972  0.13486362 0.01923921]
 [0.21627977 0.25750569 0.52621454]
 [0.8985206  0.06353006 0.03794938]
 [0.14742813 0.6427169  0.20985499]]
probabilities: [[0. 0. 1.]
 [0. 1. 0.]
 [0. 0. 1.]
 [0. 0. 1.]
 [0. 0. 1.]]
probabilities: [[0.8053309  0.02935124 0.16531786]
 [0.46400887 0.33956987 0.19642125]
 [0.6225747  0.28865987 0.08876544]
 [0.61938983 0.27538612 0.10522402]
 [0.02558261 0.02377072 0.9506467 ]]
probabilities: [[0.2400422  0.11940894 0.6405489 ]
 [0.18386799 0.76136994 0.05476207]
 [0.15688299 0.4410673  0.40204972]
 [0.12103986 0.16560166 0.71335846]
 [0.16288343 0.06222948 0.7748871 ]]
probabilities: [[0.16176967 0.17176087 0.66646945]
 [0.14735505 0.46828482 0.3843601 ]
 [0.29738072 0.00913499 0.6934843 ]
 [0.17213215 0.3899921  0.43787578]
 [0.6671583  0.14615999 0.1866817 ]]
probabilities: [[0.28496182 0.33887905 0.37615913]
 [0.22912157 0.58576065 0.18511778]
 [0.2587491  0.47598    0.2652709 ]
 [0.19128054 0.08597214 0.7227473 ]
