probabilities: [[1. 0. 0.]
 [1. 0. 0.]
 [1. 0. 0.]
 [1. 0. 0.]
 [1. 0. 0.]]
probabilities: [[0.39579588 0.015457   0.5887471 ]
 [0.633059   0.12000959 0.24693136]
 [0.3605689  0.23059921 0.4088319 ]
 [0.31704748 0.14314222 0.5398103 ]
 [0.6378645  0.07924077 0.28289473]]
probabilities: [[0.8081944  0.06575999 0.1260456 ]
 [0.11185019 0.28572196 0.60242784]
 [0.24416102 0.30013838 0.45570058]
 [0.4065691  0.11040847 0.48302245]
 [0.21406974 0.6911799  0.09475038]]
probabilities: [[0.60068005 0.29654917 0.1027708 ]
 [0.05016532 0.63292027 0.3169144 ]
 [0.38110885 0.5564308  0.06246037]
 [0.2703702  0.22593172 0.5036981 ]
 [0.33172575 0.29838932 0.36988497]]
probabilities: [[0. 1. 0.]
 [0. 1. 0.]
 [0. 1. 0.]
 [0. 1. 0.]
 [0. 1. 0.]]
probabilities: [[0.635417   0.32861176 0.03597125]
 [0.5660522  0.23396906 0.19997875]
 [0.15808351 0.30226126 0.5396552 ]
 [0.79417473 0.1174294  0.08839589]
 [0.5900897  0.1415496  0.26836073]]
probabilities: [[0.53910035 0.00501668 0.45588297]
 [0.05403439 0.39077398 0.55519164]
 [0.7126076  0.06625465 0.2211377 ]
 [0.34494418 0.5314434  0.12361242]
 [0.33356872 0.53543854 0.13099274]]
probabilities: [[0.6617092  0.23101194 0.10727886]
 [0.7650776  0.19539145 0.03953097]
 [0.02356506 0.5292988  0.44713616]
 [0.23606351 0.23234636 0.53159016]
 [0.93242246 0.01399338 0.05358418]]
probabilities: [[0. 0. 1.]
 [0. 1. 0.]
 [0. 1. 0.]
 [0. 0. 1.]
 [0. 0. 1.]]
probabilities: [[0.36908615 0.08605537 0.54485846]
 [0.14889    0.21400072 0.6371093 ]
 [0.9166723  0.06870857 0.01461913]
 [0.6073431  0.22512421 0.1675327 ]
 [0.261854   0.18618713 0.55195886]]
probabilities: [[0.4096606  0.5526238  0.03771559]
 [0.09389631 0.02419387 0.88190985]
 [0.20800292 0.35069805 0.44129902]
 [0.43815693 0.14131625 0.4205268 ]
 [0.0284355  0.698121   0.27344352]]
probabilities: [[0.19996786 0.06884111 0.73119104]
 [0.22566088 0.16477777 0.6095614 ]
 [0.30077726 0.5204198  0.17880297]
 [0.6679654  0.28424788 0.04778671]
 [0.47489262 0.51963735 0.00547006]]
probabilities: [[0. 0. 1.]
 [0. 1. 0.]
 [0. 0. 1.]
 [0. 0. 1.]
 [0. 0. 1.]]
probabilities: [[0.05932166 0.49574223 0.4449361 ]
 [0.03478698 0.41751376 0.5476993 ]
 [0.24753784 0.13323368 0.6192285 ]
 [0.03521177 0.6971736  0.26761463]
 [0.19502763 0.00185735 0.803115  ]]
probabilities: [[0.47011054 0.49546102 0.03442846]
 [0.33427972 0.3089072  0.35681307]
 [0.42885208 0.20437744 0.36677048]
 [0.8309868  0.01466218 0.15435103]
 [0.09711801 0.8667934  0.0360886 ]]
probabilities: [[0.3695262  0.421583   0.20889078]
 [0.371104   0.551759   0.07713698]
 [0.03306046 0.40567747 0.5612621 ]
 [0.13814296 0.72276294 0.13909408]
 [0.30397734 0.38745847 0.3085642 ]]
probabilities: [[0. 1. 0.]
 [0. 1. 0.]
 [0. 1. 0.]
 [0. 1. 0.]
 [0. 1. 0.]]
probabilities: [[0.25260106 0.70562786 0.04177107]
 [0.40912035 0.42579815 0.1650815 ]
 [0.20066129 0.3327661  0.46657264]
 [0.10009386 0.19674827 0.70315784]
 [0.38493854 0.07577352 0.5392879 ]]
probabilities: [[1.23916171e-01 5.87390328e-04 8.75496447e-01]
 [6.83838828e-03 8.84096384e-01 1.09065205e-01]
 [1.60881549e-01 2.62996014e-02 8.12818825e-01]
 [5.49048007e-01 6.22436963e-02 3.88708293e-01]
 [2.05455810e-01 5.12856126e-01 2.81688035e-01]]
probabilities: [[0.3722148  0.35838962 0.2693956 ]
 [0.554789   0.1753361  0.2698749 ]
 [0.5241453  0.02806616 0.44778857]
 [0.18780047 0.03384199 0.77835757]
 [0.6800028  0.04042169 0.2795755 ]]
probabilities: [[0. 0. 1.]
 [0. 1. 0.]
 [0. 0. 1.]
 [0. 0. 1.]
 [0. 0. 1.]]
probabilities: [[0.43370762 0.05649866 0.5097937 ]
 [0.7805983  0.02743261 0.19196913]
 [0.05891401 0.6224463  0.31863973]
 [0.458255   0.40879208 0.13295293]
 [0.33603278 0.20417754 0.45978966]]
probabilities: [[0.39994195 0.05699862 0.5430594 ]
 [0.39019674 0.517022   0.09278124]
 [0.19673762 0.44258216 0.36068022]
 [0.15059745 0.45485297 0.39454958]
 [0.7016386  0.29337773 0.00498371]]
probabilities: [[0.32769188 0.32423145 0.34807667]
 [0.47910658 0.02643451 0.49445888]
 [0.19629872 0.77553195 0.02816934]
 [0.10088295 0.05747789 0.84163916]
 [0.6290684  0.29399043 0.07694115]]
probabilities: [[0. 1. 0.]
 [0. 1. 0.]
 [0. 1. 0.]
 [0. 1. 0.]
 [0. 1. 0.]]
probabilities: [[0.00188842 0.2569168  0.7411948 ]
 [0.8161213  0.12960747 0.05427125]
 [0.2613767  0.70471674 0.03390654]
 [0.4467524  0.32965252 0.22359507]
 [0.66699797 0.1877614  0.14524066]]
probabilities: [[0.6235624  0.28358755 0.09285005]
 [0.22703265 0.06440574 0.7085616 ]
 [0.52913797 0.01528471 0.4555773 ]
 [0.01709541 0.44557047 0.5373341 ]
 [0.02370709 0.46915892 0.507134  ]]
probabilities: [[0.66086966 0.19026226 0.14886808]
 [0.44570574 0.1962186  0.35807565]
 [0.10972665 0.46101204 0.42926133]
 [0.49618846 0.28718886 0.21662265]
 [0.02051516 0.20724286 0.77224195]]
probabilities: [[0. 0. 1.]
 [0. 1. 0.]
 [0. 1. 0.]
 [0. 0. 1.]
 [0. 0. 1.]]
probabilities: [[0.12127584 0.7304103  0.14831388]
 [0.13027592 0.5644056  0.30531847]
 [0.08841124 0.5567378  0.35485098]
 [0.16832264 0.29991832 0.531759  ]
 [0.15885524 0.5629502  0.27819458]]
probabilities: [[0.04424004 0.7234292  0.23233075]
 [0.17311342 0.65267956 0.17420702]
 [0.1273137  0.10576557 0.76692075]
 [0.69543326 0.24211498 0.06245176]
 [0.00134797 0.06560655 0.9330455 ]]
probabilities: [[0.52148706 0.26835948 0.21015345]
 [0.00166692 0.23130544 0.7670277 ]
 [0.71157503 0.03824278 0.25018218]
 [0.34214824 0.47591162 0.18194014]
 [0.17474951 0.2806884  0.5445621 ]]
probabilities: [[0. 0. 1.]
 [0. 1. 0.]
 [0. 1. 0.]
 [0. 0. 1.]
 [0. 0. 1.]]
probabilities: [[0.56995624 0.26660207 0.16344167]
 [0.02397514 0.06433853 0.91168636]
 [0.62683845 0.2589195  0.11424204]
 [0.2547104  0.28784993 0.45743966]
 [0.53791714 0.17786345 0.28421938]]
probabilities: [[0.5639022  0.2586286  0.17746921]
 [0.25981155 0.47007397 0.27011448]
 [0.17517906 0.19273986 0.6320811 ]
 [0.03373533 0.79822266 0.168042  ]
 [0.2966745  0.4535712  0.2497543 ]]
probabilities: [[0.32191133 0.02689669 0.65119195]
 [0.19043376 0.5775625  0.23200375]
 [0.08713608 0.00375234 0.90911156]
 [0.02533668 0.8065583  0.16810499]
 [0.24979636 0.11301237 0.6371913 ]]
probabilities: [[0. 0. 1.]
 [0. 1. 0.]
 [0. 0. 1.]
 [0. 0. 1.]
 [0. 0. 1.]]
probabilities: [[0.2950813  0.46582803 0.2390907 ]
 [0.1433257  0.51522917 0.34144512]
 [0.41013804 0.33881792 0.25104403]
 [0.16577935 0.09926588 0.7349548 ]
 [0.34044456 0.5610412  0.09851424]]
probabilities: [[0.72696054 0.12402743 0.14901201]
 [0.28531566 0.5706573  0.14402705]
 [0.12403777 0.6285048  0.24745739]
 [0.04848328 0.5230039  0.4285128 ]
 [0.4311871  0.39699274 0.17182015]]
probabilities: [[0.25375745 0.08036724 0.6658753 ]
 [0.3979067  0.08689892 0.51519436]
 [0.3777678  0.33713803 0.28509417]
 [0.16801146 0.6561725  0.17581601]
 [0.08425619 0.22811982 0.687624  ]]
probabilities: [[0. 1. 0.]
 [0. 1. 0.]
 [0. 1. 0.]
 [0. 1. 0.]
 [0. 1. 0.]]
probabilities: [[0.29403278 0.6481302  0.05783707]
 [0.08997487 0.5903752  0.31964996]
 [0.30593482 0.3335563  0.36050886]
 [0.06361678 0.13500544 0.8013778 ]
 [0.15441796 0.06644692 0.7791351 ]]
probabilities: [[0.00205024 0.827892   0.17005773]
 [0.7505136  0.20403938 0.04544698]
 [0.61202455 0.2682778  0.11969769]
 [0.3183635  0.37563536 0.30600116]
 [0.36595476 0.18327686 0.45076838]]
probabilities: [[0.8804962  0.07511088 0.04439289]
 [0.7899183  0.13954034 0.07054134]
 [0.39197728 0.1618615  0.4461612 ]
 [0.38115102 0.09247696 0.526372  ]
 [0.29761747 0.5790967  0.12328584]]
probabilities: [[1. 0. 0.]
 [1. 0. 0.]
 [1. 0. 0.]
 [1. 0. 0.]
 [1. 0. 0.]]
probabilities: [[0.1377129  0.32935452 0.5329326 ]
 [0.5863558  0.3260793  0.08756492]
 [0.14835688 0.44387072 0.4077724 ]
 [0.7327375  0.2598379  0.00742466]
 [0.04812302 0.14075664 0.81112033]]
probabilities: [[0.08690012 0.4660027  0.44709718]
 [0.01465703 0.29968318 0.68565977]
 [0.0548395  0.05006282 0.8950977 ]
 [0.07048872 0.79647577 0.1330355 ]
 [0.13296318 0.2380643  0.62897253]]
probabilities: [[0.35152906 0.29573616 0.35273477]
 [0.08561176 0.63836014 0.2760281 ]
 [0.19358078 0.110488   0.69593126]
 [0.09770823 0.47962946 0.42266232]
 [0.17554335 0.04813926 0.7763174 ]]
probabilities: [[0. 0. 1.]
 [0. 1. 0.]
 [0. 1. 0.]
 [0. 0. 1.]
 [0. 0. 1.]]
probabilities: [[0.41887712 0.4779287  0.10319418]
 [0.03008757 0.31260368 0.65730876]
 [0.26917648 0.28681934 0.44400418]
 [0.1403005  0.31907582 0.54062366]
 [0.09514249 0.5944095  0.310448  ]]
probabilities: [[0.13272287 0.13283446 0.73444265]
 [0.08861662 0.8851228  0.02626063]
 [0.22935376 0.18743034 0.5832159 ]
 [0.5864631  0.4080988  0.0054381 ]
 [0.3792599  0.18520671 0.43553337]]
probabilities: [[0.43786666 0.49832866 0.06380469]
 [0.35333532 0.24064063 0.40602407]
 [0.23651302 0.5512334  0.21225357]
 [0.40610823 0.5590728  0.03481895]
 [0.30581084 0.60411257 0.09007661]]
probabilities: [[0. 0. 1.]
 [0. 1. 0.]
 [0. 0. 1.]
 [0. 0. 1.]
 [0. 0. 1.]]
probabilities: [[0.46765938 0.44038588 0.09195475]
 [0.5577554  0.25053656 0.19170804]
 [0.66026723 0.1343976  0.20533516]
 [0.11614716 0.1194534  0.7643994 ]
 [0.1661522  0.7365028  0.097345  ]]
probabilities: [[0.16109176 0.32763553 0.5112727 ]
 [0.11202053 0.76220584 0.12577362]
 [0.00368468 0.09413798 0.90217733]
 [0.61440617 0.20414571 0.18144809]
 [0.29474375 0.2780502  0.42720604]]
probabilities: [[0.7424199  0.11045766 0.14712244]
 [0.5861457  0.11978241 0.2940719 ]
 [0.00135853 0.52915156 0.46948993]
 [0.29590926 0.20658477 0.49750596]
 [0.22662629 0.08565056 0.68772316]]
probabilities: [[0. 0. 1.]
 [0. 1. 0.]
 [0. 0. 1.]
 [0. 0. 1.]
 [0. 0. 1.]]
probabilities: [[0.38214436 0.29733694 0.3205187 ]
 [0.04559572 0.6668442  0.28756008]
 [0.39677516 0.2787911  0.32443377]
 [0.00800068 0.25549224 0.73650706]
 [0.37231946 0.11924789 0.5084326 ]]
probabilities: [[0.36436    0.10986769 0.5257723 ]
 [0.07117583 0.66259134 0.26623282]
 [0.3533024  0.5838763  0.06282129]
 [0.66860294 0.0592756  0.27212143]
 [0.34747908 0.04614265 0.60637826]]
probabilities: [[0.14288536 0.5073586  0.34975603]
 [0.20320827 0.613472   0.18331972]
 [0.2756712  0.70407    0.02025885]
 [0.08178726 0.30661774 0.611595  ]
 [0.25525212 0.5850446  0.15970325]]
probabilities: [[0. 0. 1.]
 [0. 1. 0.]
 [0. 1. 0.]
 [0. 0. 1.]
 [0. 0. 1.]]
probabilities: [[0.01700692 0.1281521  0.854841  ]
 [0.9604577  0.01810964 0.02143271]
 [0.08339268 0.16568063 0.7509267 ]
 [0.23720965 0.31175652 0.4510338 ]
 [0.62068784 0.15058413 0.22872803]]
probabilities: [[0.04140661 0.93010324 0.02849017]
 [0.1355725  0.8536175  0.01081002]
 [0.28277627 0.30212474 0.415099  ]
 [0.38637546 0.3073346  0.30628994]
 [0.17295781 0.56254613 0.26449606]]
probabilities: [[0.05000815 0.74566334 0.2043285 ]
 [0.0114171  0.12211818 0.86646473]
 [0.23505458 0.4944173  0.27052814]
 [0.60131836 0.01103195 0.3876497 ]
 [0.33171484 0.11538567 0.5528995 ]]
probabilities: [[0. 0. 1.]
 [0. 1. 0.]
 [0. 1. 0.]
 [0. 0. 1.]
 [0. 0. 1.]]
probabilities: [[0.00987843 0.40955645 0.58056515]
 [0.60218304 0.11343638 0.28438056]
 [0.17052804 0.70333403 0.12613793]
 [0.17050076 0.3398808  0.48961845]
 [0.17090522 0.3673147  0.4617801 ]]
probabilities: [[0.03961158 0.55793697 0.40245146]
 [0.01777055 0.19847497 0.78375447]
 [0.13369259 0.42007887 0.44622853]
 [0.09317271 0.50228006 0.4045472 ]
 [0.23026256 0.263773   0.50596446]]
probabilities: [[0.12041459 0.39782387 0.48176154]
 [0.45462316 0.34815985 0.19721697]
 [0.35930413 0.00636426 0.63433164]
 [0.8148455  0.12184715 0.06330734]
 [0.16015987 0.21486244 0.6249777 ]]
probabilities: [[1. 0. 0.]
 [1. 0. 0.]
 [1. 0. 0.]
 [1. 0. 0.]
 [1. 0. 0.]]
probabilities: [[0.11025059 0.18476939 0.70498   ]
 [0.73629427 0.05218263 0.21152313]
 [0.77696157 0.09754366 0.12549476]
 [0.21957247 0.67333716 0.10709036]
 [0.23291294 0.5996928  0.1673942 ]]
probabilities: [[0.5170056  0.37986854 0.10312584]
 [0.31104818 0.1297203  0.5592315 ]
 [0.29941234 0.32186434 0.37872332]
 [0.30490384 0.628478   0.06661816]
 [0.5781767  0.08468957 0.3371338 ]]
probabilities: [[0.15476714 0.13151179 0.7137211 ]
 [0.41975126 0.32573804 0.2545107 ]
 [0.3389877  0.5394307  0.12158161]
 [0.00184837 0.31131005 0.68684155]
 [0.04171474 0.9240774  0.03420785]]
probabilities: [[0. 1. 0.]
 [0. 1. 0.]
 [0. 1. 0.]
 [0. 1. 0.]
 [0. 1. 0.]]
probabilities: [[0.4810356  0.07070647 0.44825795]
 [0.43150017 0.5134914  0.05500841]
 [0.38251114 0.12540314 0.49208575]
 [0.09877396 0.738612   0.16261406]
 [0.47940195 0.31820732 0.20239075]]
probabilities: [[0.04067886 0.06728104 0.89204013]
 [0.8591899  0.01567637 0.1251337 ]
 [0.32908213 0.23453207 0.4363858 ]
 [0.14683612 0.6801837  0.17298019]
 [0.5566209  0.23995848 0.20342061]]
probabilities: [[0.25706646 0.2695418  0.47339174]
 [0.30669215 0.6911742  0.00213363]
 [0.3933053  0.45721266 0.14948203]
 [0.7289349  0.22086266 0.05020244]
 [0.5177126  0.13367282 0.3486146 ]]
probabilities: [[0. 0. 1.]
 [0. 1. 0.]
 [0. 0. 1.]
 [0. 0. 1.]
 [0. 0. 1.]]
probabilities: [[0.5868682  0.10819031 0.30494148]
 [0.35249007 0.1669101  0.48059982]
 [0.03324744 0.12904467 0.8377079 ]
 [0.7893265  0.11156312 0.09911037]
 [0.23918961 0.43289953 0.32791084]]
probabilities: [[0.09998423 0.24445793 0.6555578 ]
 [0.8632293  0.05139809 0.08537262]
 [0.02052467 0.1399117  0.83956367]
 [0.3490863  0.3568365  0.2940772 ]
 [0.63024366 0.11778367 0.2519727 ]]
probabilities: [[0.7998068  0.06596148 0.13423175]
 [0.13318597 0.3687294  0.49808463]
 [0.3713115  0.38425618 0.24443236]
 [0.77347267 0.11768506 0.10884224]
 [0.53056514 0.38203785 0.08739699]]
probabilities: [[1. 0. 0.]
 [1. 0. 0.]
 [1. 0. 0.]
 [1. 0. 0.]
 [1. 0. 0.]]
probabilities: [[0.49620894 0.16180184 0.3419892 ]
 [0.96515703 0.0133502  0.02149276]
 [0.12828414 0.06672566 0.8049902 ]
 [0.9722848  0.02278216 0.00493306]
 [0.5426314  0.14668672 0.3106819 ]]
probabilities: [[0.06962738 0.11998985 0.8103828 ]
 [0.36529568 0.3603101  0.2743942 ]
 [0.5619304  0.17603943 0.26203015]
 [0.35177383 0.5731284  0.07509775]
 [0.5186503  0.47577557 0.00557416]]
probabilities: [[0.2918064  0.17930612 0.52888745]
 [0.4067595  0.12537526 0.46786526]
 [0.6326526  0.11553665 0.25181076]
 [0.29142132 0.21990533 0.48867336]
 [0.21544373 0.21222413 0.57233214]]
probabilities: [[1. 0. 0.]
 [1. 0. 0.]
 [1. 0. 0.]
 [1. 0. 0.]
 [1. 0. 0.]]
probabilities: [[0.00467626 0.56928295 0.4260408 ]
 [0.451094   0.5410598  0.00784621]
 [0.14316306 0.44549438 0.41134256]
 [0.06451135 0.82333714 0.11215153]
 [0.12701987 0.49966738 0.37331274]]
probabilities: [[0.37491968 0.48826978 0.13681056]
 [0.5966726  0.06901354 0.33431387]
 [0.19013447 0.20979829 0.60006726]
 [0.21248081 0.65477824 0.13274096]
 [0.59305984 0.22288813 0.18405202]]
probabilities: [[0.3697254  0.52488047 0.10539414]
 [0.48562458 0.34847295 0.16590247]
 [0.31050235 0.5633089  0.12618874]
 [0.1662333  0.5113062  0.32246047]
 [0.08860116 0.76170987 0.14968896]]
probabilities: [[0. 1. 0.]
 [0. 1. 0.]
 [0. 1. 0.]
 [0. 1. 0.]
 [0. 1. 0.]]
probabilities: [[0.36061457 0.57075256 0.06863289]
 [0.0644327  0.82697076 0.10859653]
 [0.36653242 0.4439596  0.18950798]
 [0.13162768 0.07389052 0.7944818 ]
 [0.98923707 0.00212152 0.00864143]]
probabilities: [[0.09302325 0.5900379  0.31693888]
 [0.00370505 0.19234003 0.8039549 ]
 [0.1479295  0.8217499  0.03032056]
 [0.9333378  0.03306326 0.03359896]
 [0.78161865 0.19817834 0.02020303]]
probabilities: [[0.15234563 0.8252927  0.02236165]
 [0.06376063 0.52099836 0.41524103]
 [0.02837353 0.37614095 0.5954855 ]
 [0.35551482 0.5381051  0.10638008]
 [0.23966296 0.44005907 0.320278  ]]
probabilities: [[0. 0. 1.]
 [0. 1. 0.]
 [0. 0. 1.]
 [0. 0. 1.]
 [0. 0. 1.]]
probabilities: [[0.05991041 0.15424117 0.7858484 ]
 [0.30950326 0.36563507 0.32486168]
 [0.6840332  0.05118059 0.26478618]
 [0.6938908  0.28445867 0.02165051]
 [0.14677213 0.4703403  0.38288754]]
probabilities: [[0.40980455 0.06566945 0.524526  ]
 [0.11254726 0.15962088 0.72783184]
 [0.28971478 0.5097947  0.20049047]
 [0.926964   0.04604641 0.02698964]
 [0.14444372 0.41270247 0.4428538 ]]
probabilities: [[0.00900725 0.09830832 0.8926844 ]
 [0.22818038 0.44716147 0.3246582 ]
 [0.11096063 0.3308038  0.5582356 ]
 [0.13095745 0.4686206  0.40042195]
 [0.30320087 0.58334684 0.11345231]]
probabilities: [[0. 0. 1.]
 [0. 1. 0.]
 [0. 0. 1.]
 [0. 0. 1.]
 [0. 0. 1.]]
probabilities: [[0.06255537 0.04588234 0.8915623 ]
 [0.52627206 0.06377706 0.40995088]
 [0.8127755  0.15206057 0.03516397]
 [0.25490496 0.19510452 0.54999053]
 [0.6603182  0.09095642 0.2487254 ]]
probabilities: [[0.11382005 0.62633616 0.2598438 ]
 [0.55035913 0.27778718 0.1718537 ]
 [0.14041303 0.43598694 0.42360002]
 [0.05246933 0.00311626 0.94441444]
 [0.0961318  0.3255712  0.578297  ]]
probabilities: [[5.7426953e-01 3.3756194e-01 8.8168524e-02]
 [5.2720779e-01 3.2552084e-01 1.4727138e-01]
 [9.8403126e-01 8.8906118e-06 1.5959876e-02]
 [5.4372454e-01 2.8022449e-02 4.2825302e-01]
 [2.4474747e-01 5.3980881e-01 2.1544375e-01]]
probabilities: [[0. 1. 0.]
 [0. 1. 0.]
 [0. 1. 0.]
 [0. 1. 0.]
 [0. 1. 0.]]
probabilities: [[0.42052898 0.10158049 0.47789055]
 [0.40846032 0.48063403 0.11090566]
 [0.65973234 0.26404187 0.0762258 ]
 [0.64331055 0.09219447 0.26449496]
 [0.11131874 0.33256754 0.5561137 ]]
probabilities: [[0.23509656 0.7374027  0.02750074]
 [0.22722374 0.23349704 0.5392792 ]
 [0.32386017 0.1525816  0.52355826]
 [0.25684035 0.5492161  0.1939436 ]
 [0.10424858 0.32431006 0.57144135]]
probabilities: [[0.35202762 0.02983661 0.61813575]
 [0.36625636 0.40035787 0.23338576]
 [0.06936113 0.5780135  0.3526254 ]
 [0.0859534  0.6261227  0.2879239 ]
 [0.21538667 0.14027695 0.6443364 ]]
probabilities: [[1. 0. 0.]
 [1. 0. 0.]
 [1. 0. 0.]
 [1. 0. 0.]
 [1. 0. 0.]]
probabilities: [[0.24871981 0.4611298  0.29015037]
 [0.17181852 0.3277847  0.5003968 ]
 [0.1442424  0.7096527  0.14610487]
 [0.6332321  0.22457834 0.14218953]
 [0.43995914 0.36102632 0.19901454]]
probabilities: [[0.42884445 0.17947666 0.3916789 ]
 [0.16470587 0.07779694 0.7574972 ]
 [0.7091786  0.01905367 0.2717677 ]
 [0.04074593 0.85129094 0.10796315]
 [0.7532218  0.12808833 0.11868985]]
probabilities: [[0.7162434  0.00385258 0.27990404]
 [0.22094867 0.644149   0.13490236]
 [0.4966119  0.22056219 0.28282592]
 [0.41218302 0.5375534  0.05026357]
 [0.02781452 0.6797933  0.29239216]]
probabilities: [[0. 0. 1.]
 [0. 1. 0.]
 [0. 0. 1.]
 [0. 0. 1.]
 [0. 0. 1.]]
probabilities: [[0.12450343 0.7805691  0.0949275 ]
 [0.768006   0.18709141 0.04490257]
 [0.21432838 0.05901596 0.72665566]
 [0.70807153 0.00916858 0.28275988]
 [0.16731183 0.20381568 0.6288725 ]]
probabilities: [[2.1238102e-02 3.7611592e-01 6.0264599e-01]
 [5.9892386e-02 5.3833586e-01 4.0177172e-01]
 [1.4759205e-01 4.8732299e-02 8.0367565e-01]
 [9.2990184e-01 6.9327451e-02 7.7070325e-04]
 [2.2050264e-01 7.7845454e-01 1.0427930e-03]]
probabilities: [[0.2747867  0.21447784 0.51073545]
 [0.03927064 0.7177059  0.24302348]
 [0.07425689 0.1985332  0.7272099 ]
 [0.03498552 0.76460665 0.20040783]
 [0.7527493  0.16298914 0.08426151]]
probabilities: [[0. 1. 0.]
 [0. 1. 0.]
 [0. 1. 0.]
 [0. 1. 0.]
 [0. 1. 0.]]
probabilities: [[0.5276069  0.46744806 0.00494504]
 [0.15576917 0.1341821  0.71004874]
 [0.76197207 0.22232507 0.01570286]
 [0.74749345 0.20586976 0.04663677]
 [0.45021865 0.00810481 0.5416765 ]]
probabilities: [[0.49118692 0.27108717 0.23772591]
 [0.05038597 0.624385   0.32522905]
 [0.02872606 0.31695795 0.65431595]
 [0.4807028  0.27408877 0.24520844]
 [0.27385497 0.3742985  0.35184655]]
probabilities: [[0.22161855 0.4094892  0.36889222]
 [0.13179478 0.67220324 0.19600196]
 [0.61180884 0.06526213 0.32292902]
 [0.26383254 0.63820577 0.09796167]
 [0.45236    0.28394827 0.26369172]]
probabilities: [[0. 0. 1.]
 [0. 1. 0.]
 [0. 0. 1.]
 [0. 0. 1.]
 [0. 0. 1.]]
probabilities: [[0.7339649  0.17098585 0.09504921]
 [0.21686356 0.5777744  0.20536205]
 [0.01678846 0.19503015 0.78818136]
 [0.12560523 0.8008096  0.07358518]
 [0.67595476 0.13263777 0.19140746]]
probabilities: [[0.33088294 0.5649322  0.10418487]
 [0.29889685 0.14666493 0.55443823]
 [0.32125798 0.65209216 0.02664986]
 [0.35310262 0.2745317  0.37236565]
 [0.42075154 0.29326415 0.2859843 ]]
probabilities: [[0.90446025 0.02675151 0.06878823]
 [0.26946884 0.685321   0.04521017]
 [0.414454   0.42229518 0.16325079]
 [0.29568073 0.3524949  0.35182437]
 [0.8135618  0.1358718  0.05056642]]
probabilities: [[0. 1. 0.]
 [0. 1. 0.]
 [0. 1. 0.]
 [0. 1. 0.]
 [0. 1. 0.]]
probabilities: [[0.4893517  0.39154488 0.11910343]
 [0.06089934 0.45644933 0.48265132]
 [0.6356454  0.32442358 0.03993104]
 [0.11972161 0.8178369  0.06244148]
 [0.74380225 0.12368295 0.13251477]]
probabilities: [[0.38906333 0.3551256  0.25581104]
 [0.6235428  0.22766067 0.14879654]
 [0.13641922 0.53784734 0.32573342]
 [0.16578364 0.6022564  0.23195995]
 [0.3719195  0.22140303 0.40667745]]
probabilities: [[0.47185963 0.05259468 0.47554567]
 [0.15928549 0.05355696 0.7871576 ]
 [0.17172274 0.33005545 0.4982218 ]
 [0.2810905  0.28900886 0.42990065]
 [0.04068329 0.6373573  0.3219594 ]]
probabilities: [[0. 0. 1.]
 [0. 1. 0.]
 [0. 0. 1.]
 [0. 0. 1.]
 [0. 0. 1.]]
probabilities: [[0.26230824 0.26594186 0.4717499 ]
 [0.33257297 0.33842424 0.3290028 ]
 [0.37152442 0.49233824 0.13613734]
 [0.5830137  0.3869055  0.03008079]
 [0.09106453 0.5825189  0.32641658]]
probabilities: [[0.06410004 0.92498213 0.01091783]
 [0.34394073 0.5640044  0.09205486]
 [0.10494114 0.15236837 0.7426905 ]
 [0.25878334 0.15003876 0.5911779 ]
 [0.16905914 0.32068175 0.5102591 ]]
probabilities: [[0.12186035 0.18771793 0.6904217 ]
 [0.79327494 0.15501912 0.05170592]
 [0.19492747 0.22296509 0.5821074 ]
 [0.47735503 0.37653324 0.14611174]
 [0.41511062 0.01441701 0.57047236]]
probabilities: [[0. 1. 0.]
 [0. 1. 0.]
 [0. 1. 0.]
 [0. 1. 0.]
 [0. 1. 0.]]
probabilities: [[0.00688527 0.5432692  0.44984552]
 [0.17661975 0.6205659  0.20281437]
 [0.6649175  0.22904362 0.10603882]
 [0.77103776 0.0902613  0.13870092]
 [0.89347637 0.04546964 0.06105397]]
probabilities: [[0.30464658 0.6710613  0.02429216]
 [0.8108005  0.18292812 0.00627137]
 [0.13112926 0.31059748 0.55827326]
 [0.37366802 0.02254567 0.60378635]
 [0.1999783  0.35287556 0.44714615]]
probabilities: [[0.48057547 0.02304854 0.49637598]
 [0.41370264 0.2594963  0.32680103]
 [0.46619856 0.40248054 0.1313209 ]
 [0.16062061 0.64981496 0.18956445]
 [0.1437295  0.69606125 0.16020924]]
probabilities: [[0. 1. 0.]
 [0. 1. 0.]
 [0. 1. 0.]
 [0. 1. 0.]
 [0. 1. 0.]]
probabilities: [[0.38108563 0.38859242 0.23032191]
 [0.26582468 0.5861925  0.1479828 ]
 [0.05538232 0.6015565  0.3430612 ]
 [0.18158527 0.06338644 0.7550283 ]
 [0.28995597 0.31361866 0.39642534]]
probabilities: [[0.63759166 0.24573904 0.11666932]
 [0.01749509 0.46592152 0.5165834 ]
 [0.49341562 0.37711564 0.12946871]
 [0.69332093 0.22012787 0.08655122]
 [0.22233321 0.76765454 0.01001225]]
probabilities: [[0.47559    0.37432522 0.15008481]
 [0.27615812 0.1450074  0.5788345 ]
 [0.18651262 0.53824544 0.27524194]
 [0.13946623 0.471009   0.38952482]
 [0.09067387 0.6082634  0.30106273]]
probabilities: [[1. 0. 0.]
 [1. 0. 0.]
 [1. 0. 0.]
 [1. 0. 0.]
 [1. 0. 0.]]
probabilities: [[0.5970135  0.10243251 0.30055404]
 [0.0776566  0.775341   0.1470024 ]
 [0.11751386 0.28002498 0.60246116]
 [0.25799197 0.69999295 0.04201507]
 [0.3923042  0.30644715 0.30124867]]
probabilities: [[0.05187193 0.568634   0.3794941 ]
 [0.17512275 0.07019307 0.75468415]
 [0.6526855  0.34319237 0.00412207]
 [0.05187254 0.24111168 0.70701575]
 [0.1094311  0.82426125 0.06630767]]
probabilities: [[0.5374433  0.10564949 0.35690725]
 [0.4708362  0.11502952 0.41413426]
 [0.07015204 0.2863156  0.6435324 ]
 [0.29515123 0.47939286 0.22545591]
 [0.4201733  0.3349217  0.24490502]]
probabilities: [[0. 1. 0.]
 [0. 1. 0.]
 [0. 1. 0.]
 [0. 1. 0.]
 [0. 1. 0.]]
probabilities: [[0.54220027 0.3658231  0.09197667]
 [0.12153672 0.06922146 0.80924183]
 [0.08309796 0.05121151 0.8656905 ]
 [0.0755756  0.7443419  0.18008251]
 [0.8799232  0.00811342 0.11196334]]
probabilities: [[0.60748833 0.10165465 0.29085705]
 [0.4069561  0.22697118 0.3660727 ]
 [0.29124072 0.09651217 0.6122471 ]
 [0.31619734 0.5395484  0.14425427]
 [0.18282741 0.44431642 0.37285617]]
probabilities: [[0.20850372 0.42711604 0.36438024]
 [0.2672217  0.18502833 0.54774994]
 [0.39789084 0.4834562  0.11865299]
 [0.03014517 0.21952464 0.7503302 ]
 [0.02117727 0.4521542  0.52666855]]
probabilities: [[0. 0. 1.]
 [0. 1. 0.]
 [0. 0. 1.]
 [0. 0. 1.]
 [0. 0. 1.]]
probabilities: [[0.12597491 0.54083884 0.33318627]
 [0.22617887 0.26701608 0.50680506]
 [0.57375044 0.31307584 0.1131737 ]
 [0.74178034 0.15047142 0.10774825]
 [0.18631044 0.292945   0.52074456]]
probabilities: [[0.35371962 0.3321077  0.31417266]
 [0.31128103 0.66785485 0.02086413]
 [0.7150504  0.28274018 0.00220944]
 [0.35240018 0.42297825 0.22462155]
 [0.25222066 0.5364524  0.21132694]]
probabilities: [[0.43811145 0.02261822 0.53927034]
 [0.40819266 0.53499645 0.05681088]
 [0.00172313 0.4149519  0.58332497]
 [0.26389915 0.02755254 0.7085483 ]
 [0.14731373 0.84968674 0.00299951]]
probabilities: [[0. 0. 1.]
 [0. 1. 0.]
 [0. 0. 1.]
 [0. 0. 1.]
 [0. 0. 1.]]
probabilities: [[0.26496562 0.1261987  0.6088357 ]
 [0.02391451 0.6951122  0.2809733 ]
 [0.09718642 0.11130381 0.79150975]
 [0.5021608  0.27539548 0.22244371]
 [0.00744268 0.63149184 0.3610655 ]]
probabilities: [[0.3154665  0.5535482  0.13098529]
 [0.6286728  0.2978698  0.07345743]
 [0.50097376 0.37345654 0.12556967]
 [0.23196082 0.2809664  0.4870728 ]
 [0.46189964 0.11555544 0.42254493]]
probabilities: [[0.67769325 0.20294563 0.1193611 ]
 [0.6886919  0.1989029  0.1124052 ]
 [0.24268985 0.6244976  0.13281259]
 [0.2360499  0.2114209  0.5525292 ]
 [0.39985436 0.1549176  0.44522804]]
probabilities: [[0. 0. 1.]
 [0. 1. 0.]
 [0. 1. 0.]
 [0. 0. 1.]
 [0. 0. 1.]]
probabilities: [[0.73426443 0.11136638 0.1543692 ]
 [0.53362745 0.25377166 0.21260084]
 [0.04116727 0.4114225  0.54741025]
 [0.5955332  0.27624494 0.1282219 ]
 [0.5053846  0.38693148 0.1076839 ]]
probabilities: [[0.27927673 0.12249092 0.5982324 ]
 [0.17927995 0.47673878 0.34398127]
 [0.3889919  0.33314532 0.27786276]
 [0.00911012 0.90495944 0.08593045]
 [0.06877515 0.33275154 0.5984733 ]]
probabilities: [[0.51071686 0.418851   0.07043215]
 [0.3118733  0.43605846 0.25206825]
 [0.4255773  0.38526964 0.18915303]
 [0.1912964  0.6263583  0.18234532]
 [0.85053146 0.13675535 0.01271317]]
probabilities: [[0. 0. 1.]
 [0. 1. 0.]
 [0. 0. 1.]
 [0. 0. 1.]
 [0. 0. 1.]]
probabilities: [[0.08737259 0.48089284 0.4317346 ]
 [0.33291695 0.50529516 0.1617879 ]
 [0.05762776 0.861177   0.08119521]
 [0.1739836  0.34443337 0.48158303]
 [0.29726285 0.5042654  0.19847168]]
probabilities: [[0.12415236 0.3668022  0.5090454 ]
 [0.00527012 0.89564365 0.0990862 ]
 [0.22978742 0.21099846 0.5592141 ]
 [0.09206919 0.6261498  0.28178105]
 [0.6599737  0.05341297 0.28661337]]
probabilities: [[0.36803576 0.49861887 0.13334535]
 [0.00282205 0.39826542 0.59891254]
 [0.18163703 0.10988491 0.70847803]
 [0.3589191  0.590564   0.05051685]
 [0.38596624 0.35458818 0.25944558]]
probabilities: [[1. 0. 0.]
 [1. 0. 0.]
 [1. 0. 0.]
 [1. 0. 0.]
 [1. 0. 0.]]
probabilities: [[0.50742394 0.02762234 0.46495375]
 [0.6576113  0.22941414 0.11297455]
 [0.17871247 0.10618509 0.71510243]
 [0.02231041 0.12971963 0.84796995]
 [0.06501693 0.38174465 0.55323845]]
probabilities: [[0.0355401  0.25482848 0.7096314 ]
 [0.49921644 0.03482299 0.4659606 ]
 [0.4189448  0.17676228 0.4042929 ]
 [0.03887415 0.94055164 0.02057419]
 [0.1819166  0.04282006 0.77526337]]
probabilities: [[0.32159814 0.60868835 0.06971349]
 [0.3803163  0.54221237 0.07747133]
 [0.1677351  0.45742753 0.37483737]
 [0.2905491  0.62003464 0.08941625]
 [0.12412701 0.15225078 0.7236222 ]]
probabilities: [[0. 0. 1.]
 [0. 1. 0.]
 [0. 1. 0.]
 [0. 0. 1.]
 [0. 0. 1.]]
probabilities: [[0.1144947  0.6194551  0.26605022]
 [0.3454324  0.26657343 0.38799417]
 [0.46715763 0.33258832 0.20025404]
 [0.52292967 0.10020639 0.37686393]
 [0.28221723 0.24970938 0.46807337]]
probabilities: [[0.36406907 0.40793562 0.22799529]
 [0.02199772 0.26783523 0.71016705]
 [0.2248123  0.04815288 0.7270348 ]
 [0.6049039  0.18939036 0.20570576]
 [0.56520414 0.00371305 0.43108281]]
probabilities: [[0.37823778 0.5068308  0.11493138]
 [0.3282898  0.4775385  0.19417171]
 [0.2731988  0.43362203 0.29317915]
 [0.12087634 0.7086505  0.1704731 ]
 [0.09938405 0.3153588  0.5852572 ]]
probabilities: [[0. 0. 1.]
 [0. 1. 0.]
 [0. 1. 0.]
 [0. 0. 1.]
 [0. 0. 1.]]
probabilities: [[0.02775526 0.6089528  0.36329195]
 [0.12058128 0.21783336 0.66158533]
 [0.20328861 0.44172367 0.3549877 ]
 [0.36184677 0.09146995 0.54668325]
 [0.32554576 0.18804862 0.4864056 ]]
probabilities: [[0.19858316 0.6598764  0.14154044]
 [0.04270976 0.4169369  0.54035336]
 [0.07971687 0.57880646 0.34147668]
 [0.1934627  0.26105624 0.5454811 ]
 [0.818657   0.1261276  0.05521545]]
probabilities: [[0.50857097 0.4125215  0.07890751]
 [0.6031764  0.13671306 0.2601105 ]
 [0.3917741  0.2747793  0.3334466 ]
 [0.5006443  0.4189944  0.08036126]
 [0.8434853  0.05148287 0.10503181]]
probabilities: [[0. 0. 1.]
 [0. 1. 0.]
 [0. 1. 0.]
 [0. 0. 1.]
 [0. 0. 1.]]
probabilities: [[0.38901424 0.34437296 0.2666128 ]
 [0.8379034  0.10140395 0.06069266]
 [0.10623164 0.5583568  0.33541152]
 [0.82073575 0.16799678 0.0112675 ]
 [0.25919262 0.3113177  0.42948967]]
probabilities: [[0.02857733 0.88507015 0.08635253]
 [0.09969843 0.5838143  0.31648725]
 [0.04286    0.21193825 0.74520177]
 [0.8917101  0.06176284 0.04652706]
 [0.20996183 0.6038662  0.18617196]]
probabilities: [[0.11866572 0.4544725  0.42686176]
 [0.5410402  0.2466701  0.2122897 ]
 [0.15096955 0.7042083  0.14482214]
 [0.33615583 0.1358879  0.52795625]
 [0.42120826 0.12568697 0.4531048 ]]
probabilities: [[0. 1. 0.]
 [0. 1. 0.]
 [0. 1. 0.]
 [0. 1. 0.]
 [0. 1. 0.]]
probabilities: [[0.26411292 0.46521264 0.2706744 ]
 [0.26170123 0.15394254 0.58435625]
 [0.39950383 0.55546844 0.04502773]
 [0.58008987 0.14803651 0.27187365]
 [0.47276738 0.18557881 0.3416538 ]]
probabilities: [[0.798319   0.16184245 0.03983856]
 [0.40883526 0.1364733  0.4546914 ]
 [0.14313395 0.17734228 0.67952377]
 [0.35594258 0.19233975 0.45171767]
 [0.81789976 0.1580346  0.02406564]]
probabilities: [[0.24159746 0.16871871 0.58968383]
 [0.27924186 0.60261506 0.11814306]
 [0.6580929  0.20263477 0.1392723 ]
 [0.7717363  0.16271092 0.06555275]
 [0.05560751 0.21519426 0.7291982 ]]
probabilities: [[0. 0. 1.]
 [0. 1. 0.]
 [0. 0. 1.]
 [0. 0. 1.]
 [0. 0. 1.]]
probabilities: [[0.49220082 0.17187388 0.33592528]
 [0.00866856 0.94434255 0.04698889]
 [0.8053439  0.11879276 0.07586331]
 [0.01117855 0.02251537 0.9663061 ]
 [0.16915269 0.06048542 0.7703619 ]]
probabilities: [[0.4601673  0.04587177 0.49396095]
 [0.37169686 0.36328918 0.26501396]
 [0.38309133 0.10848212 0.50842655]
 [0.3806256  0.380148   0.2392264 ]
 [0.56875604 0.13663916 0.29460478]]
probabilities: [[0.41309398 0.26602462 0.3208814 ]
 [0.49673072 0.14834493 0.35492435]
 [0.2618367  0.45388997 0.28427336]
 [0.3643518  0.10620614 0.5294421 ]
 [0.3271264  0.04102329 0.6318503 ]]
probabilities: [[0. 0. 1.]
 [0. 1. 0.]
 [0. 0. 1.]
 [0. 0. 1.]
 [0. 0. 1.]]
probabilities: [[0.02076735 0.39475027 0.5844824 ]
 [0.08016065 0.29431146 0.6255279 ]
 [0.06898007 0.16953525 0.7614847 ]
 [0.60351986 0.30295005 0.09353009]
 [0.06862054 0.42661944 0.50476   ]]
probabilities: [[0.40516996 0.07376457 0.5210655 ]
 [0.45356983 0.22624409 0.32018608]
 [0.21363316 0.645883   0.14048378]
 [0.04618024 0.64623934 0.3075804 ]
 [0.6988827  0.04162038 0.25949693]]
probabilities: [[0.13177294 0.5278567  0.34037036]
 [0.4792729  0.1323952  0.3883319 ]
 [0.19507949 0.510787   0.2941335 ]
 [0.24585408 0.4994462  0.2546997 ]
 [0.05680944 0.91511613 0.0280744 ]]
probabilities: [[0. 0. 1.]
 [0. 1. 0.]
 [0. 1. 0.]
 [0. 0. 1.]
 [0. 0. 1.]]
probabilities: [[0.60466135 0.12885036 0.26648828]
 [0.91602916 0.01816824 0.0658026 ]
 [0.0154593  0.60181725 0.38272348]
 [0.30782375 0.20895927 0.483217  ]
 [0.26070634 0.5260715  0.21322219]]
probabilities: [[0.53566587 0.15077724 0.31355688]
 [0.20156522 0.74447364 0.05396114]
 [0.0871841  0.1761508  0.73666507]
 [0.1927631  0.5256324  0.28160453]
 [0.38577995 0.40136844 0.2128516 ]]
probabilities: [[0.2247295  0.64739406 0.12787648]
 [0.6129765  0.06723548 0.31978804]
 [0.2551416  0.4745047  0.27035367]
 [0.3726821  0.51163316 0.11568474]
 [0.00299757 0.5197951  0.4772073 ]]
probabilities: [[0. 0. 1.]
 [0. 1. 0.]
 [0. 0. 1.]
 [0. 0. 1.]
 [0. 0. 1.]]
probabilities: [[0.18790275 0.11844153 0.6936557 ]
 [0.02053532 0.71203023 0.26743448]
 [0.13813594 0.7865726  0.07529148]
 [0.3374433  0.11958919 0.5429675 ]
 [0.29859805 0.01020015 0.6912018 ]]
probabilities: [[0.04575956 0.39924672 0.5549937 ]
 [0.3718321  0.25229672 0.37587118]
 [0.50086075 0.15973747 0.3394018 ]
 [0.16970047 0.8140817  0.01621777]
 [0.10464327 0.28207025 0.6132865 ]]
probabilities: [[0.7541657  0.09654385 0.14929046]
 [0.06665543 0.02594549 0.90739906]
 [0.07525805 0.26634073 0.65840125]
 [0.41710427 0.38947988 0.19341582]
 [0.70809793 0.23273821 0.05916384]]
probabilities: [[0. 0. 1.]
 [0. 1. 0.]
 [0. 1. 0.]
 [0. 0. 1.]
 [0. 0. 1.]]
probabilities: [[0.05492284 0.37752473 0.5675524 ]
 [0.8324347  0.15020625 0.01735904]
 [0.543753   0.19851509 0.25773188]
 [0.73191804 0.24784254 0.02023941]
 [0.29491127 0.13155141 0.5735373 ]]
probabilities: [[0.05962235 0.26527718 0.67510045]
 [0.63320625 0.20364448 0.16314928]
 [0.6599984  0.2907906  0.04921098]
 [0.8012884  0.12415309 0.07455847]
 [0.47186053 0.15514916 0.3729903 ]]
probabilities: [[0.35092923 0.12844    0.5206308 ]
 [0.08238187 0.6290384  0.28857973]
 [0.1472296  0.18356837 0.669202  ]
 [0.13417687 0.7846456  0.08117754]
 [0.6049849  0.03510437 0.35991076]]
probabilities: [[0. 0. 1.]
 [0. 1. 0.]
 [0. 0. 1.]
 [0. 0. 1.]
 [0. 0. 1.]]
probabilities: [[0.40369466 0.14529875 0.4510066 ]
 [0.00811557 0.1731675  0.81871694]
 [0.25865865 0.0794559  0.66188544]
 [0.10984024 0.18311436 0.7070454 ]
 [0.02894222 0.10527435 0.86578345]]
probabilities: [[7.6791072e-01 1.6240309e-01 6.9686189e-02]
 [7.8756201e-01 7.2677695e-04 2.1171118e-01]
 [2.5392479e-01 6.6360438e-01 8.2470797e-02]
 [3.4522420e-01 2.0298783e-01 4.5178795e-01]
 [5.0484312e-01 2.7166352e-01 2.2349332e-01]]
probabilities: [[0.29467618 0.45955685 0.24576695]
 [0.9399368  0.0261673  0.03389587]
 [0.02824612 0.23137681 0.74037707]
 [0.419064   0.56179196 0.01914408]
 [0.32003334 0.57109064 0.10887602]]
probabilities: [[1. 0. 0.]
 [1. 0. 0.]
 [1. 0. 0.]
 [1. 0. 0.]
 [1. 0. 0.]]
probabilities: [[0.10849566 0.35516733 0.536337  ]
 [0.10614812 0.7006754  0.19317648]
 [0.07231173 0.08749554 0.84019274]
 [0.45518276 0.00734152 0.5374757 ]
 [0.2921565  0.07089838 0.6369451 ]]
probabilities: [[0.0752916  0.18302667 0.74168175]
 [0.60684156 0.15341166 0.2397468 ]
 [0.5864604  0.25852656 0.15501298]
 [0.1429992  0.09189899 0.7651018 ]
 [0.30180392 0.11439639 0.58379966]]
probabilities: [[0.51526946 0.05062563 0.4341049 ]
 [0.30918387 0.03251196 0.65830415]
 [0.0251704  0.1813894  0.79344016]
 [0.10707619 0.6031048  0.28981897]
 [0.3959382  0.02810793 0.5759539 ]]
probabilities: [[0. 1. 0.]
 [0. 1. 0.]
 [0. 1. 0.]
 [0. 1. 0.]
 [0. 1. 0.]]
probabilities: [[0.6734756  0.06779942 0.25872496]
 [0.28821394 0.18209814 0.52968794]
 [0.53485036 0.4495437  0.01560593]
 [0.10663237 0.52912277 0.36424485]
 [0.33807945 0.18658459 0.47533596]]
probabilities: [[0.69075525 0.15945515 0.14978959]
 [0.25902364 0.14673801 0.59423834]
 [0.16460872 0.50730324 0.32808805]
 [0.48024154 0.43115568 0.08860277]
 [0.09656456 0.00452915 0.8989063 ]]
probabilities: [[0.46010122 0.2625979  0.2773009 ]
 [0.40376356 0.1565117  0.43972474]
 [0.04770422 0.6053522  0.3469436 ]
 [0.82996523 0.1419128  0.02812198]
 [0.09323599 0.3699798  0.53678423]]
probabilities: [[0. 0. 1.]
 [0. 1. 0.]
 [0. 1. 0.]
 [0. 0. 1.]
 [0. 0. 1.]]
probabilities: [[0.15734789 0.73366857 0.10898352]
 [0.4780079  0.2665348  0.25545725]
 [0.12567486 0.25639126 0.61793387]
 [0.05558569 0.03801563 0.9063987 ]
 [0.30376968 0.54086983 0.15536049]]
probabilities: [[0.06061798 0.5663652  0.3730168 ]
 [0.12378275 0.41224223 0.46397504]
 [0.57140404 0.04474391 0.38385203]
 [0.49887842 0.40562066 0.09550093]
 [0.22713386 0.28669837 0.4861678 ]]
probabilities: [[0.681345   0.04100992 0.27764508]
 [0.1574509  0.11958668 0.72296244]
 [0.8727378  0.11543379 0.0118284 ]
 [0.2580218  0.6848599  0.05711836]
 [0.9518061  0.02242647 0.02576737]]
probabilities: [[1. 0. 0.]
 [1. 0. 0.]
 [1. 0. 0.]
 [1. 0. 0.]
 [1. 0. 0.]]
probabilities: [[0.09715623 0.36289567 0.5399481 ]
 [0.060269   0.7011467  0.23858427]
 [0.18392605 0.17590669 0.6401673 ]
 [0.09428737 0.54562724 0.36008537]
 [0.79844254 0.19246899 0.00908847]]
probabilities: [[0.12820816 0.7222613  0.14953056]
 [0.6789891  0.24358262 0.07742829]
 [0.30742252 0.09476662 0.59781086]
 [0.4913293  0.4140311  0.09463958]
 [0.11440253 0.40107325 0.48452422]]
probabilities: [[0.07408979 0.12489322 0.801017  ]
 [0.41871974 0.0229513  0.558329  ]
 [0.3780019  0.23732716 0.38467094]
 [0.70036715 0.00201434 0.29761854]
 [0.09262189 0.6006925  0.30668563]]
probabilities: [[1. 0. 0.]
 [1. 0. 0.]
 [1. 0. 0.]
 [1. 0. 0.]
 [1. 0. 0.]]
probabilities: [[0.5206241  0.41896796 0.06040793]
 [0.20424107 0.07457659 0.72118235]
 [0.17725058 0.01190278 0.8108466 ]
 [0.21343581 0.58241045 0.20415373]
 [0.13649128 0.17748728 0.68602145]]
probabilities: [[0.09925045 0.66436535 0.2363842 ]
 [0.26547223 0.03851534 0.69601244]
 [0.04088095 0.53835875 0.42076033]
 [0.7624994  0.04189131 0.19560927]
 [0.07016182 0.91402143 0.01581674]]
probabilities: [[0.79474264 0.02149723 0.18376014]
 [0.43754253 0.16527414 0.39718333]
 [0.3159847  0.62914443 0.05487085]
 [0.35340276 0.3228274  0.32376984]
 [0.35361287 0.5826514  0.06373574]]
probabilities: [[0. 1. 0.]
 [0. 1. 0.]
 [0. 1. 0.]
 [0. 1. 0.]
 [0. 1. 0.]]
probabilities: [[0.34400538 0.5922908  0.06370381]
 [0.47008875 0.3030801  0.22683112]
 [0.06119127 0.21298276 0.72582597]
 [0.11468105 0.5363786  0.34894034]
 [0.0083302  0.31967902 0.6719908 ]]
probabilities: [[0.63150734 0.10503192 0.26346073]
 [0.8696342  0.04282453 0.08754124]
 [0.17568423 0.68773997 0.1365758 ]
 [0.01497609 0.28777915 0.69724476]
 [0.18164705 0.04730024 0.7710527 ]]
probabilities: [[0.03602661 0.0894539  0.87451947]
 [0.1586028  0.37747592 0.46392128]
 [0.40143228 0.55183434 0.04673338]
 [0.32674187 0.2816478  0.39161035]
 [0.17099851 0.4058776  0.4231239 ]]
probabilities: [[0. 1. 0.]
 [0. 1. 0.]
 [0. 1. 0.]
 [0. 1. 0.]
 [0. 1. 0.]]
probabilities: [[0.46624276 0.47510216 0.05865509]
 [0.1732527  0.1502744  0.6764729 ]
 [0.6733336  0.24195485 0.08471157]
 [0.4960899  0.20899114 0.29491898]
 [0.1028427  0.25463393 0.64252335]]
probabilities: [[0.4660527  0.08588142 0.44806588]
 [0.18192548 0.80432916 0.01374537]
 [0.24984081 0.05306043 0.69709873]
 [0.31238165 0.20504467 0.48257366]
 [0.7935413  0.1415271  0.06493161]]
probabilities: [[0.25956848 0.1991588  0.5412727 ]
 [0.275578   0.21596123 0.50846076]
 [0.5010092  0.117523   0.38146776]
 [0.25854215 0.65752655 0.08393126]
 [0.6408635  0.1736301  0.18550639]]
probabilities: [[0. 0. 1.]
 [0. 1. 0.]
 [0. 0. 1.]
 [0. 0. 1.]
 [0. 0. 1.]]
probabilities: [[0.59129226 0.25237417 0.15633357]
 [0.0423568  0.09778511 0.8598581 ]
 [0.80638695 0.05178574 0.1418273 ]
 [0.05860337 0.76771015 0.1736865 ]
 [0.4529495  0.38288224 0.16416827]]
probabilities: [[0.08230854 0.40975457 0.5079369 ]
 [0.0724581  0.08986839 0.83767354]
 [0.7585644  0.17070636 0.0707292 ]
 [0.7548367  0.08032919 0.16483411]
 [0.02622428 0.754142   0.21963371]]
probabilities: [[0.0057429  0.30224365 0.69201344]
 [0.8706644  0.05760008 0.07173548]
 [0.19684653 0.56853104 0.23462245]
 [0.33565587 0.19266646 0.47167766]
 [0.27586403 0.38811278 0.33602318]]
probabilities: [[1. 0. 0.]
 [1. 0. 0.]
 [1. 0. 0.]
 [1. 0. 0.]
 [1. 0. 0.]]
probabilities: [[0.7301686  0.04673906 0.22309235]
 [0.5058652  0.19956726 0.29456753]
 [0.34071732 0.46753538 0.1917473 ]
 [0.6775534  0.10168315 0.22076346]
 [0.00628251 0.08305097 0.9106665 ]]
probabilities: [[0.6306302  0.19415876 0.17521101]
 [0.13959366 0.63977    0.22063638]
 [0.6774774  0.1600596  0.16246298]
 [0.6385686  0.3059822  0.05544924]
 [0.06265791 0.75046283 0.18687926]]
probabilities: [[0.22546358 0.03914374 0.7353927 ]
 [0.4668799  0.29519272 0.23792738]
 [0.7627729  0.13552704 0.10170007]
 [0.24438028 0.37096417 0.38465554]
