probabilities: [[0. 1. 0.]
 [0. 1. 0.]
 [0. 1. 0.]
 [0. 1. 0.]
 [0. 1. 0.]]
probabilities: [[7.40186214e-01 3.19737494e-02 2.27840036e-01]
 [2.96254426e-01 3.43074501e-01 3.60671043e-01]
 [4.00605937e-03 7.07527280e-01 2.88466632e-01]
 [1.04961514e-01 6.34588152e-02 8.31579685e-01]
 [2.79162139e-01 2.64629780e-04 7.20573246e-01]]
probabilities: [[0.3235485  0.2812057  0.3952458 ]
 [0.00155845 0.4070398  0.59140176]
 [0.12495776 0.25404263 0.62099963]
 [0.13511106 0.22564861 0.6392403 ]
 [0.29239497 0.66439575 0.04320927]]
probabilities: [[0.23981096 0.21038456 0.54980445]
 [0.7489854  0.06637671 0.18463787]
 [0.6702477  0.08884903 0.2409033 ]
 [0.06186182 0.4043515  0.53378665]
 [0.30608764 0.5047753  0.18913709]]
probabilities: [[0.45295945 0.43508995 0.11195061]
 [0.2465024  0.24844554 0.50505203]
 [0.48526752 0.15323965 0.3614928 ]
 [0.6390811  0.18508531 0.17583358]
 [0.09354192 0.8017745  0.10468359]]
probabilities: [[0.57736665 0.306595   0.11603834]
 [0.09940253 0.65775394 0.24284352]
 [0.3456413  0.14250614 0.51185256]
 [0.42669904 0.33344382 0.23985714]
 [0.23705193 0.33659935 0.4263487 ]]
probabilities: [[0. 0. 1.]
 [0. 1. 0.]
 [0. 1. 0.]
 [0. 0. 1.]
 [0. 0. 1.]]
probabilities: [[0.07018492 0.4946619  0.4351532 ]
 [0.64689857 0.13736503 0.21573639]
 [0.18204725 0.8124206  0.00553215]
 [0.7298569  0.26332375 0.00681933]
 [0.04386046 0.55046475 0.40567482]]
probabilities: [[0.27738893 0.11090684 0.61170423]
 [0.1544924  0.06527349 0.7802341 ]
 [0.9751427  0.01011622 0.01474106]
 [0.41826752 0.3050337  0.27669877]
 [0.40515727 0.37833986 0.2165029 ]]
probabilities: [[0.14659593 0.5890103  0.26439375]
 [0.15152028 0.65611404 0.19236568]
 [0.5388934  0.19285415 0.26825243]
 [0.0156788  0.7674847  0.21683645]
 [0.48870546 0.48002264 0.03127191]]
probabilities: [[0.12579915 0.44491997 0.42928088]
 [0.46567076 0.25973186 0.27459738]
 [0.10243389 0.20147285 0.69609326]
 [0.71152234 0.28019246 0.00828522]
 [0.07139283 0.6967172  0.23188998]]
probabilities: [[0.66593856 0.04268364 0.29137778]
 [0.40834442 0.10382536 0.48783022]
 [0.6901183  0.24344    0.06644172]
 [0.2963275  0.14495628 0.55871624]
 [0.43350816 0.17615461 0.39033723]]
probabilities: [[1. 0. 0.]
 [1. 0. 0.]
 [1. 0. 0.]
 [1. 0. 0.]
 [1. 0. 0.]]
probabilities: [[0.01398926 0.23329908 0.75271165]
 [0.63109726 0.17918743 0.1897153 ]
 [0.51467603 0.01748458 0.46783936]
 [0.35283983 0.1628878  0.48427236]
 [0.13709919 0.2529874  0.6099134 ]]
probabilities: [[0.00453652 0.1135768  0.88188666]
 [0.63384646 0.20328951 0.16286401]
 [0.26733863 0.27028936 0.46237198]
 [0.636444   0.3321953  0.03136072]
 [0.48393363 0.21230483 0.3037615 ]]
probabilities: [[0.33876586 0.6339487  0.02728542]
 [0.4090556  0.26491046 0.32603398]
 [0.7010505  0.20319849 0.09575099]
 [0.06814093 0.51382536 0.4180337 ]
 [0.71815723 0.16033018 0.12151258]]
probabilities: [[0.04184864 0.9172433  0.04090803]
 [0.12467499 0.6447752  0.23054981]
 [0.39140636 0.4707682  0.13782544]
 [0.7540353  0.04918534 0.19677936]
 [0.5705343  0.39919418 0.03027155]]
probabilities: [[0.40093243 0.25840864 0.3406589 ]
 [0.26124242 0.05663861 0.68211895]
 [0.20431238 0.26618406 0.5295035 ]
 [0.0610741  0.89722764 0.04169827]
 [0.03313434 0.6949621  0.2719036 ]]
probabilities: [[1. 0. 0.]
 [1. 0. 0.]
 [1. 0. 0.]
 [1. 0. 0.]
 [1. 0. 0.]]
probabilities: [[0.17290854 0.11452435 0.7125671 ]
 [0.12123297 0.6009372  0.27782983]
 [0.23223707 0.582597   0.18516593]
 [0.27159452 0.62919194 0.09921352]
 [0.11413855 0.8226816  0.06317984]]
probabilities: [[0.45003745 0.1152312  0.43473136]
 [0.16260464 0.73316914 0.10422622]
 [0.10940018 0.03479622 0.8558036 ]
 [0.5157376  0.4637854  0.02047701]
 [0.1005796  0.40182927 0.49759114]]
probabilities: [[0.32018858 0.53182214 0.14798929]
 [0.06364339 0.04328104 0.8930756 ]
 [0.15827385 0.02819276 0.8135334 ]
 [0.22782096 0.7046166  0.06756242]
 [0.22049086 0.21285185 0.5666573 ]]
probabilities: [[0.08823356 0.6923159  0.2194506 ]
 [0.08309502 0.6030045  0.31390047]
 [0.8696177  0.12484641 0.00553592]
 [0.29972282 0.60940355 0.09087362]
 [0.21583605 0.05692071 0.72724324]]
probabilities: [[0.06993958 0.7361919  0.19386849]
 [0.08690519 0.5298048  0.38329   ]
 [0.6257169  0.0548312  0.31945187]
 [0.15982349 0.63093424 0.20924225]
 [0.11341228 0.58702123 0.2995665 ]]
probabilities: [[0. 0. 1.]
 [0. 1. 0.]
 [0. 1. 0.]
 [0. 0. 1.]
 [0. 0. 1.]]
probabilities: [[0.23545028 0.6806052  0.08394455]
 [0.62642443 0.07695633 0.29661924]
 [0.42404875 0.31978905 0.2561622 ]
 [0.388545   0.29895478 0.31250018]
 [0.13752066 0.2359519  0.6265274 ]]
probabilities: [[0.63840145 0.215587   0.14601155]
 [0.26876146 0.26616254 0.465076  ]
 [0.19697662 0.17541623 0.62760717]
 [0.3772965  0.14696352 0.47574   ]
 [0.33992904 0.5341869  0.12588409]]
probabilities: [[0.1764892  0.65510035 0.16841044]
 [0.28307936 0.53417253 0.18274812]
 [0.5331576  0.2162213  0.2506211 ]
 [0.69272083 0.0265364  0.28074273]
 [0.70117056 0.17228946 0.12654   ]]
probabilities: [[0.13828146 0.34362295 0.5180956 ]
 [0.48838717 0.3122134  0.19939944]
 [0.3400782  0.6149088  0.04501298]
 [0.06545135 0.933594   0.00095468]
 [0.08039767 0.05743399 0.8621684 ]]
probabilities: [[0.06755032 0.3972231  0.5352266 ]
 [0.7742559  0.02802965 0.19771446]
 [0.05483373 0.8723985  0.07276775]
 [0.38140965 0.28460896 0.3339814 ]
 [0.03883384 0.6043669  0.3567993 ]]
probabilities: [[1. 0. 0.]
 [1. 0. 0.]
 [1. 0. 0.]
 [1. 0. 0.]
 [1. 0. 0.]]
probabilities: [[0.18169054 0.34154645 0.476763  ]
 [0.59404045 0.37936834 0.02659119]
 [0.15652336 0.14393601 0.6995406 ]
 [0.6049513  0.25063133 0.14441735]
 [0.36417514 0.05354746 0.5822774 ]]
probabilities: [[0.04293693 0.10854095 0.8485221 ]
 [0.09530693 0.1946814  0.71001166]
 [0.5993312  0.21031816 0.19035065]
 [0.675158   0.09750109 0.22734086]
 [0.06925549 0.27655667 0.65418786]]
probabilities: [[0.4358949  0.45997268 0.10413241]
 [0.16531906 0.6350779  0.19960305]
 [0.1658846  0.20765506 0.6264604 ]
 [0.4193612  0.10030443 0.48033437]
 [0.33232993 0.01842664 0.6492434 ]]
probabilities: [[0.04383994 0.537302   0.41885805]
 [0.31814352 0.5762763  0.1055802 ]
 [0.40957606 0.43861422 0.15180974]
 [0.04226817 0.7283223  0.22940949]
 [0.5883443  0.08666627 0.32498947]]
probabilities: [[0.32729858 0.32240465 0.35029677]
 [0.06940016 0.5035043  0.4270956 ]
 [0.07724521 0.4929712  0.42978358]
 [0.48725364 0.05123197 0.46151438]
 [0.00756277 0.12703378 0.8654034 ]]
probabilities: [[0. 1. 0.]
 [0. 1. 0.]
 [0. 1. 0.]
 [0. 1. 0.]
 [0. 1. 0.]]
probabilities: [[0.1655109  0.45353585 0.38095325]
 [0.09634933 0.00349277 0.9001579 ]
 [0.4425915  0.40968016 0.14772834]
 [0.20495345 0.36714306 0.42790347]
 [0.3218046  0.19916053 0.47903484]]
probabilities: [[0.38030344 0.08880688 0.5308897 ]
 [0.1062595  0.05921123 0.8345293 ]
 [0.1272567  0.13419625 0.738547  ]
 [0.7083169  0.14406303 0.14762008]
 [0.52273875 0.30414712 0.17311412]]
probabilities: [[0.2511358  0.5203335  0.22853069]
 [0.12813099 0.27513734 0.59673166]
 [0.15405005 0.33301994 0.51293004]
 [0.30957523 0.07724105 0.61318374]
 [0.66795623 0.28286526 0.04917851]]
probabilities: [[0.11120217 0.40099052 0.48780733]
 [0.01890854 0.3339182  0.6471733 ]
 [0.4361513  0.36511204 0.19873668]
 [0.5177928  0.31787974 0.16432747]
 [0.22595437 0.7538332  0.02021247]]
probabilities: [[0.2826492  0.22444335 0.49290746]
 [0.04316668 0.47109595 0.48573738]
 [0.21376824 0.59804076 0.188191  ]
 [0.3554882  0.34197798 0.3025338 ]
 [0.52437305 0.15345725 0.32216966]]
probabilities: [[0. 0. 1.]
 [0. 1. 0.]
 [0. 1. 0.]
 [0. 0. 1.]
 [0. 0. 1.]]
probabilities: [[0.85210663 0.00574197 0.14215142]
 [0.37452334 0.00621066 0.61926603]
 [0.20461039 0.03131184 0.7640778 ]
 [0.8363143  0.11730777 0.04637792]
 [0.21493211 0.23957445 0.5454934 ]]
probabilities: [[0.59107465 0.29745603 0.11146931]
 [0.36922172 0.5048635  0.12591481]
 [0.02045606 0.80805844 0.17148551]
 [0.4349806  0.35288656 0.21213283]
 [0.20979017 0.25511926 0.53509057]]
probabilities: [[0.19799717 0.33002606 0.47197676]
 [0.16551925 0.5071039  0.3273768 ]
 [0.314392   0.46904975 0.21655825]
 [0.6377732  0.31688023 0.04534658]
 [0.37378728 0.01598556 0.61022717]]
probabilities: [[0.33512852 0.33152077 0.33335072]
 [0.39980435 0.513106   0.08708966]
 [0.5107961  0.33462453 0.15457936]
 [0.01389297 0.20226964 0.7838374 ]
 [0.5095745  0.15347181 0.3369537 ]]
probabilities: [[0.829052   0.00557161 0.16537644]
 [0.34723377 0.14751463 0.5052516 ]
 [0.7174743  0.13230257 0.15022317]
 [0.5568501  0.15081495 0.292335  ]
 [0.6139176  0.00797899 0.37810344]]
probabilities: [[0. 0. 1.]
 [0. 1. 0.]
 [0. 0. 1.]
 [0. 0. 1.]
 [0. 0. 1.]]
probabilities: [[0.14243004 0.6513935  0.20617646]
 [0.5903487  0.3431002  0.06655108]
 [0.14441878 0.7715     0.08408121]
 [0.44669327 0.39903897 0.15426774]
 [0.150724   0.60085016 0.24842586]]
probabilities: [[0.4704786  0.50370777 0.02581361]
 [0.0479427  0.88670594 0.06535139]
 [0.89322335 0.00950244 0.09727421]
 [0.00690346 0.78232527 0.21077129]
 [0.14738321 0.5902895  0.26232734]]
probabilities: [[0.08828911 0.04474027 0.8669706 ]
 [0.04021523 0.8171342  0.14265059]
 [0.21636121 0.40384075 0.37979805]
 [0.00778247 0.04515622 0.9470613 ]
 [0.5618384  0.26348916 0.17467245]]
probabilities: [[0.17851724 0.5738158  0.24766694]
 [0.720043   0.15440547 0.12555154]
 [0.38632607 0.52088314 0.09279076]
 [0.08181059 0.32024452 0.5979449 ]
 [0.60304177 0.23137714 0.16558108]]
probabilities: [[0.84784055 0.00906888 0.14309058]
 [0.33198503 0.24802779 0.4199872 ]
 [0.20197289 0.5608705  0.2371566 ]
 [0.47622764 0.17584525 0.34792712]
 [0.2462967  0.00448891 0.7492144 ]]
probabilities: [[0. 1. 0.]
 [0. 1. 0.]
 [0. 1. 0.]
 [0. 1. 0.]
 [0. 1. 0.]]
probabilities: [[0.7451575  0.02251554 0.23232697]
 [0.1851728  0.15623924 0.658588  ]
 [0.1984945  0.71218663 0.08931889]
 [0.2355453  0.05670647 0.70774823]
 [0.22103415 0.39247376 0.3864921 ]]
probabilities: [[0.2479051  0.01789716 0.73419774]
 [0.4280376  0.47399297 0.09796943]
 [0.00190951 0.6626833  0.33540717]
 [0.1077707  0.7091373  0.183092  ]
 [0.29970267 0.56844616 0.13185118]]
probabilities: [[0.57993835 0.21489267 0.20516899]
 [0.8622164  0.1351445  0.00263906]
 [0.01060165 0.11861872 0.87077963]
 [0.04346836 0.48657623 0.4699554 ]
 [0.11387438 0.7098342  0.17629139]]
probabilities: [[0.30942407 0.25481197 0.43576398]
 [0.33969256 0.39351523 0.2667922 ]
 [0.5059709  0.05498955 0.43903956]
 [0.5095885  0.31073672 0.17967477]
 [0.6031885  0.34040767 0.05640385]]
probabilities: [[0.02380148 0.30177358 0.67442495]
 [0.24457973 0.06144401 0.6939762 ]
 [0.29100898 0.19587058 0.5131205 ]
 [0.18949412 0.04081108 0.7696948 ]
 [0.74633396 0.05015149 0.20351458]]
probabilities: [[1. 0. 0.]
 [1. 0. 0.]
 [1. 0. 0.]
 [1. 0. 0.]
 [1. 0. 0.]]
probabilities: [[0.20657311 0.5141239  0.27930298]
 [0.4282242  0.41913846 0.15263732]
 [0.0367625  0.7820242  0.18121329]
 [0.01548781 0.62191576 0.36259645]
 [0.23116688 0.534556   0.23427714]]
probabilities: [[0.16284582 0.4237307  0.41342348]
 [0.5028855  0.36573273 0.13138177]
 [0.37647727 0.52681065 0.09671208]
 [0.9491503  0.03119235 0.01965735]
 [0.55001724 0.02654225 0.4234405 ]]
probabilities: [[0.0176201  0.8819185  0.10046144]
 [0.06398224 0.77074015 0.16527759]
 [0.16980635 0.08158886 0.7486048 ]
 [0.09230169 0.6078077  0.29989064]
 [0.00167225 0.22567117 0.77265656]]
probabilities: [[0.3423046  0.55538034 0.1023151 ]
 [0.89571285 0.09895903 0.00532811]
 [0.10854583 0.02778515 0.86366904]
 [0.2718062  0.48671508 0.24147871]
 [0.42271936 0.03512982 0.5421508 ]]
probabilities: [[0.65190995 0.26929086 0.07879922]
 [0.31060246 0.00243088 0.68696666]
 [0.34818706 0.33678612 0.31502682]
 [0.24082983 0.12053698 0.6386332 ]
 [0.26225632 0.64894444 0.08879921]]
probabilities: [[0. 0. 1.]
 [0. 1. 0.]
 [0. 1. 0.]
 [0. 0. 1.]
 [0. 0. 1.]]
probabilities: [[0.0256063  0.6133762  0.36101753]
 [0.9737973  0.01334463 0.01285804]
 [0.03652625 0.5418963  0.42157745]
 [0.1959957  0.10608609 0.69791824]
 [0.79049295 0.0460144  0.16349263]]
probabilities: [[0.05664727 0.08342884 0.8599239 ]
 [0.3121631  0.36118317 0.32665372]
 [0.09674024 0.5503737  0.35288605]
 [0.20214449 0.3526183  0.4452372 ]
 [0.20658314 0.5779071  0.2155098 ]]
probabilities: [[0.23617038 0.12122741 0.6426022 ]
 [0.5702205  0.27226943 0.15751009]
 [0.22098228 0.44703805 0.33197966]
 [0.7873793  0.15340813 0.05921252]
 [0.21089964 0.4990985  0.29000184]]
probabilities: [[0.12604429 0.8339171  0.04003862]
 [0.10026474 0.55149305 0.3482422 ]
 [0.23860145 0.5534304  0.20796816]
 [0.40968993 0.19982482 0.39048526]
 [0.01856919 0.6870078  0.294423  ]]
probabilities: [[0.9653126  0.00204864 0.03263877]
 [0.50919485 0.42258656 0.06821857]
 [0.42063934 0.2167993  0.36256137]
 [0.07948455 0.08177912 0.83873636]
 [0.5286851  0.23577222 0.23554271]]
probabilities: [[0. 0. 1.]
 [0. 1. 0.]
 [0. 0. 1.]
 [0. 0. 1.]
 [0. 0. 1.]]
probabilities: [[0.5614389  0.0299127  0.40864837]
 [0.07160316 0.8393865  0.0890103 ]
 [0.25076827 0.61294234 0.13628939]
 [0.20851324 0.24689634 0.5445904 ]
 [0.9396679  0.03531348 0.02501865]]
probabilities: [[0.22260052 0.44885728 0.3285422 ]
 [0.00642668 0.47605443 0.5175189 ]
 [0.28480923 0.5978234  0.11736737]
 [0.26786828 0.70161504 0.03051664]
 [0.16176005 0.5565951  0.28164488]]
probabilities: [[0.04031098 0.31834075 0.6413483 ]
 [0.31963408 0.53834563 0.14202027]
 [0.300816   0.6453315  0.05385254]
 [0.61105144 0.16893154 0.220017  ]
 [0.02610087 0.15321112 0.820688  ]]
probabilities: [[0.00447056 0.23905051 0.75647897]
 [0.1240497  0.5667677  0.3091826 ]
 [0.27394563 0.2806763  0.44537807]
 [0.647814   0.1030079  0.24917813]
 [0.7108511  0.2879872  0.00116176]]
probabilities: [[0.18224534 0.34882182 0.46893284]
 [0.4341297  0.2669975  0.29887283]
 [0.44127068 0.4388414  0.11988793]
 [0.1770594  0.0402559  0.7826847 ]
 [0.19597644 0.40593797 0.3980856 ]]
probabilities: [[0. 0. 1.]
 [0. 1. 0.]
 [0. 1. 0.]
 [0. 0. 1.]
 [0. 0. 1.]]
probabilities: [[2.53360476e-02 3.27385455e-01 6.47278488e-01]
 [5.27926721e-02 2.40876749e-02 9.23119664e-01]
 [8.37036431e-01 1.62452862e-01 5.10730199e-04]
 [7.49299228e-02 1.96436957e-01 7.28633106e-01]
 [7.80060112e-01 1.24781124e-01 9.51587856e-02]]
probabilities: [[0.2706934  0.12964211 0.5996645 ]
 [0.15332638 0.40309018 0.44358343]
 [0.25380576 0.5785375  0.16765672]
 [0.5838848  0.05415489 0.36196032]
 [0.16387725 0.13348636 0.7026364 ]]
probabilities: [[0.15444216 0.39358446 0.45197338]
 [0.2997656  0.6455476  0.05468679]
 [0.6339827  0.31471708 0.05130021]
 [0.5563329  0.43731198 0.00635513]
 [0.30189493 0.4268511  0.27125397]]
probabilities: [[0.00396403 0.82185185 0.17418416]
 [0.00257002 0.8276597  0.16977024]
 [0.26682648 0.5751873  0.1579862 ]
 [0.37752798 0.22356789 0.39890414]
 [0.8384735  0.12723377 0.03429273]]
probabilities: [[0.16666454 0.3885784  0.44475707]
 [0.24959823 0.6782545  0.07214729]
 [0.66771096 0.15412031 0.17816871]
 [0.09952465 0.21415335 0.686322  ]
 [0.0346853  0.55471015 0.41060457]]
probabilities: [[0. 1. 0.]
 [0. 1. 0.]
 [0. 1. 0.]
 [0. 1. 0.]
 [0. 1. 0.]]
probabilities: [[0.6345396  0.22644867 0.13901176]
 [0.00990077 0.43519253 0.55490667]
 [0.48291063 0.41545087 0.10163849]
 [0.09891146 0.83642495 0.0646636 ]
 [0.17915006 0.23339958 0.5874504 ]]
probabilities: [[0.5371202  0.31657797 0.1463018 ]
 [0.03431056 0.4616166  0.50407284]
 [0.18902732 0.00702586 0.8039468 ]
 [0.24899033 0.4405942  0.31041548]
 [0.02528298 0.4434043  0.5313127 ]]
probabilities: [[0.19447954 0.5394898  0.26603064]
 [0.21826084 0.6539767  0.12776245]
 [0.49060485 0.12988846 0.3795067 ]
 [0.22050753 0.12074475 0.65874773]
 [0.37406304 0.34221375 0.2837232 ]]
probabilities: [[0.21772969 0.12004796 0.6622224 ]
 [0.4179769  0.5762533  0.00576981]
 [0.63233125 0.27235857 0.09531019]
 [0.3091328  0.65113306 0.03973411]
 [0.00374998 0.6358938  0.3603562 ]]
probabilities: [[0.12583986 0.11318431 0.76097584]
 [0.31077167 0.4483213  0.240907  ]
 [0.6447131  0.11400567 0.24128121]
 [0.4612224  0.11222719 0.4265504 ]
 [0.08998352 0.00535392 0.90466255]]
probabilities: [[1. 0. 0.]
 [1. 0. 0.]
 [1. 0. 0.]
 [1. 0. 0.]
 [1. 0. 0.]]
probabilities: [[0.14891048 0.668314   0.18277556]
 [0.42438787 0.42838302 0.14722912]
 [0.1587131  0.09346841 0.74781847]
 [0.306875   0.06514043 0.6279846 ]
 [0.37731525 0.39918816 0.2234966 ]]
probabilities: [[0.17418009 0.50842005 0.31739986]
 [0.5784437  0.24846601 0.17309025]
 [0.13903658 0.40627113 0.4546923 ]
 [0.11965281 0.04492433 0.8354229 ]
 [0.31952235 0.11524738 0.56523025]]
probabilities: [[0.5832099  0.03258678 0.38420337]
 [0.58414143 0.36966527 0.0461933 ]
 [0.03008411 0.6876494  0.28226644]
 [0.43213034 0.39159605 0.17627363]
 [0.55134195 0.1900036  0.25865442]]
probabilities: [[0.7120473  0.24205683 0.04589589]
 [0.45859975 0.36037782 0.18102244]
 [0.4255433  0.19997643 0.37448028]
 [0.21619658 0.55870545 0.22509794]
 [0.39601713 0.37536183 0.22862102]]
probabilities: [[0.606791   0.35824534 0.03496366]
 [0.03750519 0.72495776 0.23753704]
 [0.20079264 0.6917604  0.10744695]
 [0.40023476 0.53259265 0.06717261]
 [0.08799148 0.38419244 0.52781606]]
probabilities: [[0. 0. 1.]
 [0. 1. 0.]
 [0. 0. 1.]
 [0. 0. 1.]
 [0. 0. 1.]]
probabilities: [[0.25840867 0.49534425 0.2462471 ]
 [0.6717815  0.08329147 0.24492708]
 [0.12839739 0.67096066 0.20064197]
 [0.3883254  0.21652873 0.3951459 ]
 [0.34521273 0.425578   0.22920929]]
probabilities: [[0.2670558  0.06272272 0.67022145]
 [0.39153612 0.27147993 0.33698395]
 [0.34330887 0.5395005  0.11719066]
 [0.69336736 0.19170944 0.11492317]
 [0.04677599 0.10301048 0.8502135 ]]
probabilities: [[0.4586738  0.33296946 0.20835675]
 [0.284413   0.47665927 0.23892772]
 [0.39399004 0.16750254 0.4385074 ]
 [0.27208403 0.6305879  0.09732807]
 [0.16091959 0.14858857 0.69049186]]
probabilities: [[0.24602364 0.01982198 0.7341544 ]
 [0.9548158  0.02098897 0.02419525]
 [0.5903957  0.15914297 0.2504613 ]
 [0.93155015 0.02580744 0.04264244]
 [0.48335776 0.4010265  0.11561577]]
probabilities: [[0.1349122  0.43609768 0.42899013]
 [0.6014022  0.1706447  0.2279531 ]
 [0.12936659 0.67193437 0.19869904]
 [0.47164974 0.10432754 0.4240227 ]
 [0.06177524 0.03335892 0.90486586]]
probabilities: [[1. 0. 0.]
 [1. 0. 0.]
 [1. 0. 0.]
 [1. 0. 0.]
 [1. 0. 0.]]
probabilities: [[0.4104389  0.19111885 0.39844227]
 [0.11326861 0.07981756 0.80691385]
 [0.1881098  0.8033063  0.00858389]
 [0.0544744  0.48943862 0.45608696]
 [0.11649603 0.331853   0.55165094]]
probabilities: [[0.05219804 0.633534   0.31426796]
 [0.35212767 0.560505   0.08736739]
 [0.45130995 0.43670848 0.11198156]
 [0.504359   0.34483412 0.15080687]
 [0.06596664 0.51595926 0.4180741 ]]
probabilities: [[0.11837201 0.83275384 0.04887415]
 [0.03390899 0.9404413  0.02564969]
 [0.60798824 0.12537405 0.26663774]
 [0.52452815 0.16025592 0.31521595]
 [0.41596404 0.11564426 0.4683917 ]]
probabilities: [[0.13518442 0.6497597  0.21505585]
 [0.14642067 0.20020172 0.6533776 ]
 [0.22344334 0.2530829  0.52347374]
 [0.82165146 0.09268952 0.08565903]
 [0.1423765  0.32890895 0.52871454]]
probabilities: [[0.20437415 0.6229773  0.17264856]
 [0.33170283 0.29451993 0.3737772 ]
 [0.31422493 0.2690553  0.41671976]
 [0.14853194 0.47560197 0.3758661 ]
 [0.6484274  0.17568167 0.17589091]]
probabilities: [[0. 0. 1.]
 [0. 1. 0.]
 [0. 1. 0.]
 [0. 0. 1.]
 [0. 0. 1.]]
probabilities: [[0.6565083  0.10453829 0.2389534 ]
 [0.00282603 0.6129863  0.38418764]
 [0.20998318 0.65795624 0.13206054]
 [0.13804567 0.37386388 0.48809046]
 [0.75204176 0.2156986  0.03225966]]
probabilities: [[0.17537926 0.5731745  0.25144625]
 [0.45771855 0.33073354 0.2115479 ]
 [0.52021056 0.23520273 0.24458672]
 [0.43756482 0.36890888 0.19352628]
 [0.22537726 0.16242088 0.61220187]]
probabilities: [[0.18380348 0.79737616 0.01882037]
 [0.25263253 0.40468463 0.34268284]
 [0.4587127  0.2830755  0.2582118 ]
 [0.02894367 0.8119171  0.15913919]
 [0.3406877  0.5017418  0.1575705 ]]
probabilities: [[0.40750483 0.2335507  0.35894448]
 [0.26157045 0.06031581 0.67811376]
 [0.9146926  0.07058373 0.01472368]
 [0.73034054 0.11977828 0.14988117]
 [0.55026597 0.24703558 0.20269844]]
probabilities: [[0.8023748  0.1712653  0.02635991]
 [0.07050027 0.58176434 0.34773538]
 [0.4403027  0.23860581 0.3210915 ]
 [0.50644743 0.04132033 0.45223224]
 [0.11091767 0.56840074 0.3206816 ]]
probabilities: [[0. 0. 1.]
 [0. 1. 0.]
 [0. 1. 0.]
 [0. 0. 1.]
 [0. 0. 1.]]
probabilities: [[0.44698212 0.49310198 0.05991589]
 [0.6386295  0.24326615 0.11810434]
 [0.6017213  0.00775021 0.39052847]
 [0.6109861  0.36444333 0.02457054]
 [0.07175387 0.24687035 0.6813758 ]]
probabilities: [[0.49067912 0.43451187 0.07480901]
 [0.24167825 0.1229671  0.63535464]
 [0.05474616 0.803457   0.14179684]
 [0.70436794 0.1266603  0.16897175]
 [0.19631647 0.6481151  0.15556842]]
probabilities: [[0.7040158  0.09155037 0.20443383]
 [0.55312675 0.2818001  0.16507313]
 [0.3860088  0.43032873 0.18366246]
 [0.207573   0.48411143 0.30831558]
 [0.20727411 0.6448912  0.14783469]]
probabilities: [[0.18854001 0.09498668 0.71647334]
 [0.4591579  0.45489034 0.08595175]
 [0.29769382 0.22013503 0.48217118]
 [0.30165434 0.019045   0.67930067]
 [0.20986556 0.65651447 0.13362   ]]
probabilities: [[0.12186002 0.747595   0.13054496]
 [0.41102773 0.23693605 0.3520362 ]
 [0.24100856 0.26655793 0.49243352]
 [0.19008628 0.6364393  0.17347439]
 [0.7797631  0.04093874 0.17929819]]
probabilities: [[0. 0. 1.]
 [0. 1. 0.]
 [0. 0. 1.]
 [0. 0. 1.]
 [0. 0. 1.]]
probabilities: [[0.71065253 0.0229055  0.26644197]
 [0.47480518 0.22146113 0.30373368]
 [0.20274042 0.5176742  0.27958536]
 [0.37964982 0.1985929  0.42175728]
 [0.26264277 0.3604524  0.37690482]]
probabilities: [[0.0988015  0.01853572 0.8826628 ]
 [0.62701696 0.09495421 0.27802885]
 [0.44641313 0.36063766 0.1929492 ]
 [0.22915813 0.5169762  0.25386572]
 [0.3301117  0.545112   0.12477624]]
probabilities: [[8.7399364e-02 6.7482322e-01 2.3777740e-01]
 [2.9393631e-01 3.6760864e-01 3.3845508e-01]
 [1.6633065e-01 4.3463168e-01 3.9903769e-01]
 [3.5180888e-01 4.6682131e-02 6.0150898e-01]
 [1.5160199e-01 7.6748867e-04 8.4763050e-01]]
probabilities: [[0.08217438 0.6549526  0.26287305]
 [0.09574357 0.29412135 0.6101351 ]
 [0.4508659  0.13257205 0.41656205]
 [0.4344091  0.24378084 0.32181004]
 [0.6069048  0.23607114 0.15702406]]
probabilities: [[0.8182271  0.03792657 0.14384633]
 [0.46245155 0.4223254  0.11522307]
 [0.04721333 0.07297046 0.87981623]
 [0.00505379 0.54028225 0.45466396]
 [0.7649462  0.17773649 0.05731731]]
probabilities: [[0. 1. 0.]
 [0. 1. 0.]
 [0. 1. 0.]
 [0. 1. 0.]
 [0. 1. 0.]]
probabilities: [[0.40427133 0.5413171  0.05441154]
 [0.01775024 0.0161461  0.9661037 ]
 [0.04611147 0.5613876  0.3925009 ]
 [0.08730118 0.35426295 0.55843586]
 [0.00306856 0.16629891 0.8306325 ]]
probabilities: [[0.22051758 0.18001613 0.59946626]
 [0.34474948 0.09041415 0.5648364 ]
 [0.5537228  0.43316692 0.01311029]
 [0.29566902 0.03991092 0.66442007]
 [0.34188813 0.02070188 0.63741   ]]
probabilities: [[0.72726685 0.10525806 0.16747507]
 [0.06708414 0.6938191  0.23909675]
 [0.57549584 0.15444633 0.27005783]
 [0.06866514 0.71324086 0.21809402]
 [0.78499013 0.00617624 0.20883363]]
probabilities: [[0.22360364 0.36144596 0.4149504 ]
 [0.04249759 0.4622409  0.49526152]
 [0.75117755 0.24544963 0.0033728 ]
 [0.62047195 0.23964168 0.1398864 ]
 [0.3284985  0.44536158 0.22613992]]
probabilities: [[0.21378216 0.06560101 0.7206168 ]
 [0.03994172 0.64767885 0.31237942]
 [0.32258505 0.28835607 0.3890589 ]
 [0.00118911 0.25114408 0.74766684]
 [0.06472351 0.33550674 0.5997698 ]]
probabilities: [[1. 0. 0.]
 [1. 0. 0.]
 [1. 0. 0.]
 [1. 0. 0.]
 [1. 0. 0.]]
probabilities: [[0.44805357 0.02204776 0.5298987 ]
 [0.3998965  0.33344302 0.26666045]
 [0.79758936 0.00692025 0.1954904 ]
 [0.6689231  0.2658516  0.06522532]
 [0.3197353  0.2502832  0.4299815 ]]
probabilities: [[0.546663   0.26096314 0.1923739 ]
 [0.0891408  0.7118763  0.19898295]
 [0.01367967 0.16605724 0.8202631 ]
 [0.16026103 0.65559554 0.1841434 ]
 [0.18538685 0.00587672 0.80873644]]
probabilities: [[0.19267175 0.61812776 0.1892005 ]
 [0.37663612 0.53420144 0.08916246]
 [0.04016852 0.5991727  0.3606588 ]
 [0.19806437 0.6453236  0.15661207]
 [0.01920944 0.39109653 0.589694  ]]
probabilities: [[0.15110527 0.08562771 0.76326704]
 [0.07188739 0.4634926  0.46462002]
 [0.51043266 0.00423512 0.48533225]
 [0.16516536 0.33820203 0.4966326 ]
 [0.0465304  0.26388612 0.6895835 ]]
probabilities: [[3.9252216e-01 5.3467524e-01 7.2802633e-02]
 [2.2621781e-01 7.4654138e-01 2.7240805e-02]
 [3.0805200e-01 6.8137911e-03 6.8513417e-01]
 [3.2602051e-01 6.3008308e-01 4.3896381e-02]
 [2.2292335e-05 5.8374447e-01 4.1623324e-01]]
probabilities: [[1. 0. 0.]
 [1. 0. 0.]
 [1. 0. 0.]
 [1. 0. 0.]
 [1. 0. 0.]]
probabilities: [[0.78647536 0.18718408 0.02634057]
 [0.3128541  0.02482582 0.6623201 ]
 [0.3793768  0.5397784  0.08084478]
 [0.04062725 0.53665394 0.42271882]
 [0.22080156 0.6700611  0.10913732]]
probabilities: [[0.0404232  0.09704793 0.86252886]
 [0.8703706  0.00257394 0.12705545]
 [0.14183669 0.43621868 0.42194465]
 [0.14214504 0.33375037 0.5241046 ]
 [0.4436063  0.35961887 0.19677486]]
probabilities: [[0.27752227 0.6332714  0.08920633]
 [0.02155994 0.56010437 0.41833568]
 [0.37571877 0.09610736 0.52817386]
 [0.20989823 0.7421927  0.0479091 ]
 [0.51765156 0.02782702 0.45452142]]
probabilities: [[0.01241932 0.73505974 0.25252095]
 [0.7657326  0.0070441  0.22722334]
 [0.8437065  0.10019578 0.05609771]
 [0.14092219 0.5669562  0.2921216 ]
 [0.07283279 0.06133308 0.8658341 ]]
probabilities: [[0.00197883 0.32161483 0.6764063 ]
 [0.30945385 0.5011962  0.18934996]
 [0.22442274 0.22380573 0.5517715 ]
 [0.55885965 0.36920774 0.07193259]
 [0.05033888 0.5264587  0.42320246]]
probabilities: [[0. 0. 1.]
 [0. 1. 0.]
 [0. 0. 1.]
 [0. 0. 1.]
 [0. 0. 1.]]
probabilities: [[0.47279668 0.3726894  0.15451393]
 [0.46877325 0.49420962 0.03701713]
 [0.25694302 0.44034353 0.30271345]
 [0.8919278  0.04876059 0.05931163]
 [0.47299916 0.3380611  0.18893974]]
probabilities: [[0.05213969 0.3327146  0.61514574]
 [0.6240713  0.32313606 0.05279263]
 [0.02636033 0.6385127  0.335127  ]
 [0.3305419  0.13028802 0.5391701 ]
 [0.2580058  0.03936404 0.70263016]]
probabilities: [[0.33970246 0.26605564 0.3942419 ]
 [0.11509033 0.29841855 0.5864911 ]
 [0.5963246  0.05589712 0.3477783 ]
 [0.62969536 0.21394849 0.15635614]
 [0.23128717 0.5176071  0.25110576]]
probabilities: [[0.37188926 0.43679902 0.19131172]
 [0.17744331 0.2874639  0.5350928 ]
 [0.1929401  0.4084514  0.3986085 ]
 [0.62243354 0.04703354 0.3305329 ]
 [0.0446     0.0849409  0.8704591 ]]
probabilities: [[0.00586146 0.1126425  0.881496  ]
 [0.3014317  0.6238322  0.0747361 ]
 [0.6873725  0.30360544 0.00902206]
 [0.8338937  0.15957569 0.00653061]
 [0.09544543 0.34158742 0.5629672 ]]
probabilities: [[0. 1. 0.]
 [0. 1. 0.]
 [0. 1. 0.]
 [0. 1. 0.]
 [0. 1. 0.]]
probabilities: [[0.1319713  0.26565102 0.6023777 ]
 [0.25755656 0.5523407  0.19010274]
 [0.27598214 0.30404127 0.41997662]
 [0.88857555 0.08622894 0.02519548]
 [0.02848758 0.813312   0.15820044]]
probabilities: [[0.31838465 0.35991967 0.3216957 ]
 [0.19551398 0.15061358 0.65387243]
 [0.30195937 0.08428372 0.6137569 ]
 [0.24946278 0.01864667 0.73189056]
 [0.5374134  0.2760178  0.18656877]]
probabilities: [[0.04260743 0.10525714 0.8521354 ]
 [0.55205685 0.2513302  0.19661294]
 [0.24281897 0.730801   0.02638003]
 [0.68425435 0.11869387 0.19705175]
 [0.10232726 0.21869117 0.6789816 ]]
probabilities: [[0.56398225 0.38719597 0.04882177]
 [0.02343515 0.56997716 0.40658766]
 [0.4632596  0.51228136 0.02445902]
 [0.8383979  0.02075438 0.1408477 ]
 [0.07439166 0.37317264 0.5524357 ]]
probabilities: [[0.13921404 0.17215216 0.6886338 ]
 [0.44131446 0.38483742 0.17384814]
 [0.65957355 0.19366698 0.14675945]
 [0.13568346 0.4061811  0.45813543]
 [0.14506924 0.8481016  0.00682917]]
probabilities: [[1. 0. 0.]
 [1. 0. 0.]
 [1. 0. 0.]
 [1. 0. 0.]
 [1. 0. 0.]]
probabilities: [[0.24654657 0.12630238 0.6271511 ]
 [0.4138707  0.26861972 0.3175096 ]
 [0.0934341  0.51219153 0.3943744 ]
 [0.51180315 0.06928524 0.41891158]
 [0.2832642  0.26292628 0.45380953]]
probabilities: [[0.41997316 0.20231412 0.37771273]
 [0.2909921  0.05794692 0.65106094]
 [0.49816588 0.40247676 0.09935735]
 [0.27728453 0.25959063 0.4631248 ]
 [0.38593158 0.42512786 0.18894055]]
probabilities: [[0.09549443 0.3454408  0.5590648 ]
 [0.17418669 0.60167694 0.22413634]
 [0.5610223  0.43360618 0.00537157]
 [0.15497527 0.672234   0.17279074]
 [0.25011855 0.02880595 0.7210755 ]]
probabilities: [[0.06535596 0.8032535  0.13139059]
 [0.4718769  0.43311405 0.09500905]
 [0.7792271  0.10465433 0.11611857]
 [0.5291188  0.03541918 0.43546203]
 [0.90038466 0.05360487 0.04601045]]
probabilities: [[0.17616321 0.3851635  0.4386733 ]
 [0.29257548 0.3281849  0.3792396 ]
 [0.5239929  0.07809909 0.397908  ]
 [0.08460777 0.7909676  0.12442465]
 [0.48228067 0.13511515 0.38260418]]
probabilities: [[0. 1. 0.]
 [0. 1. 0.]
 [0. 1. 0.]
 [0. 1. 0.]
 [0. 1. 0.]]
probabilities: [[0.45537582 0.20987026 0.3347539 ]
 [0.02445319 0.5317409  0.44380593]
 [0.23162948 0.73530847 0.03306207]
 [0.72339046 0.03230193 0.24430759]
 [0.5080584  0.2620644  0.22987719]]
probabilities: [[0.00980448 0.18198425 0.80821127]
 [0.44310227 0.10958222 0.44731554]
 [0.18234736 0.79126936 0.02638327]
 [0.34169433 0.00587803 0.6524277 ]
 [0.5657043  0.37908554 0.05521017]]
probabilities: [[0.04214517 0.5162361  0.4416187 ]
 [0.18938868 0.40405226 0.40655905]
 [0.00890322 0.14191188 0.8491849 ]
 [0.17425205 0.20155153 0.6241964 ]
 [0.10128203 0.7195622  0.17915581]]
probabilities: [[0.02664101 0.71997267 0.25338632]
 [0.24592388 0.45972443 0.2943517 ]
 [0.2963015  0.3386147  0.36508378]
 [0.10470632 0.01671949 0.8785742 ]
 [0.35164797 0.44620606 0.20214596]]
probabilities: [[0.1487108  0.5026249  0.34866425]
 [0.54583347 0.14669545 0.30747107]
 [0.3672987  0.48965243 0.1430489 ]
 [0.3573096  0.35186517 0.29082522]
 [0.24967016 0.46284294 0.2874869 ]]
probabilities: [[0. 0. 1.]
 [0. 1. 0.]
 [0. 0. 1.]
 [0. 0. 1.]
 [0. 0. 1.]]
probabilities: [[0.19676936 0.45033425 0.3528964 ]
 [0.76963466 0.18764125 0.04272407]
 [0.2723168  0.349744   0.3779392 ]
 [0.70658696 0.22462381 0.06878925]
 [0.28726023 0.14130712 0.57143265]]
probabilities: [[0.22656827 0.12790449 0.64552724]
 [0.3440377  0.45277265 0.20318964]
 [0.24060893 0.73847073 0.02092032]
 [0.2272688  0.19067056 0.58206064]
 [0.1254583  0.7924483  0.08209339]]
probabilities: [[0.37543225 0.5737258  0.05084191]
 [0.7328808  0.05257465 0.21454456]
 [0.3445284  0.16984715 0.48562446]
 [0.25655463 0.42000034 0.32344502]
 [0.24379627 0.62022364 0.13598008]]
probabilities: [[0.1458046  0.18687242 0.667323  ]
 [0.24659103 0.1558624  0.5975466 ]
 [0.13613324 0.6919004  0.17196642]
 [0.29655212 0.6748211  0.02862676]
 [0.4956165  0.48935628 0.01502721]]
probabilities: [[0.0558114  0.76973766 0.17445092]
 [0.12714066 0.5837067  0.28915265]
 [0.2844918  0.5481164  0.16739178]
 [0.14035152 0.28598598 0.5736625 ]
 [0.40661705 0.00515333 0.58822966]]
probabilities: [[0. 1. 0.]
 [0. 1. 0.]
 [0. 1. 0.]
 [0. 1. 0.]
 [0. 1. 0.]]
probabilities: [[0.0577974  0.16519818 0.7770044 ]
 [0.2913312  0.5595583  0.14911051]
 [0.39297807 0.5274962  0.07952569]
 [0.8555195  0.04547132 0.09900918]
 [0.3064763  0.6237544  0.0697693 ]]
probabilities: [[0.18517463 0.77974606 0.03507934]
 [0.3486972  0.08936264 0.5619402 ]
 [0.29231617 0.67892706 0.02875676]
 [0.36653557 0.30764464 0.32581976]
 [0.08209482 0.13956824 0.77833694]]
probabilities: [[0.11597239 0.75991267 0.12411495]
 [0.29316798 0.33962443 0.3672076 ]
 [0.04535357 0.25711095 0.69753546]
 [0.2492183  0.5834136  0.16736811]
 [0.1530058  0.8076824  0.03931179]]
probabilities: [[0.50724566 0.39307934 0.09967498]
 [0.3096852  0.1296251  0.5606897 ]
 [0.59174925 0.15691009 0.25134066]
 [0.5727706  0.15264286 0.27458656]
 [0.7059414  0.28812495 0.00593364]]
probabilities: [[0.2546411  0.18425316 0.5611058 ]
 [0.2990683  0.6378543  0.06307743]
 [0.3959997  0.5204826  0.08351772]
 [0.4094854  0.5174794  0.07303518]
 [0.03442912 0.650121   0.3154499 ]]
probabilities: [[0. 0. 1.]
 [0. 1. 0.]
 [0. 0. 1.]
 [0. 0. 1.]
 [0. 0. 1.]]
probabilities: [[0.07946999 0.38011217 0.54041785]
 [0.04660184 0.8002556  0.15314257]
 [0.34205422 0.03106269 0.6268831 ]
 [0.16894768 0.63360304 0.19744928]
 [0.7375063  0.12382432 0.13866939]]
probabilities: [[0.3471775  0.35404646 0.29877603]
 [0.38004866 0.2423629  0.37758845]
 [0.24456893 0.59389347 0.16153762]
 [0.36713728 0.32118952 0.31167322]
 [0.38527    0.5243213  0.0904087 ]]
probabilities: [[0.12886414 0.80892533 0.06221053]
 [0.14576909 0.84846187 0.00576906]
 [0.46197775 0.14277948 0.39524275]
 [0.09698252 0.64559287 0.25742462]
 [0.33265743 0.17242958 0.49491298]]
probabilities: [[0.5583311  0.19185904 0.24980989]
 [0.59547263 0.39949232 0.00503506]
 [0.3221191  0.39276478 0.28511614]
 [0.76227015 0.07261053 0.16511929]
 [0.564562   0.36810324 0.06733477]]
probabilities: [[5.93104064e-01 2.32155368e-01 1.74740538e-01]
 [5.17946959e-01 2.83702731e-01 1.98350310e-01]
 [1.11459605e-01 8.88203502e-01 3.36871133e-04]
 [2.86370446e-03 6.67551696e-01 3.29584599e-01]
 [4.08962041e-01 8.86890292e-02 5.02348959e-01]]
probabilities: [[0. 0. 1.]
 [0. 1. 0.]
 [0. 0. 1.]
 [0. 0. 1.]
 [0. 0. 1.]]
probabilities: [[0.63593847 0.04122004 0.3228415 ]
 [0.10537174 0.6748746  0.21975367]
 [0.43366578 0.2106679  0.35566634]
 [0.3029369  0.15928696 0.5377761 ]
 [0.47915867 0.32817757 0.19266377]]
probabilities: [[0.24876487 0.582038   0.16919713]
 [0.3096896  0.14488383 0.54542655]
 [0.03099208 0.42120063 0.5478073 ]
 [0.2755723  0.02781565 0.69661206]
 [0.16434069 0.5493391  0.2863202 ]]
probabilities: [[0.32355446 0.1979673  0.47847822]
 [0.3149524  0.34826356 0.33678403]
 [0.3275962  0.09860464 0.5737992 ]
 [0.06351927 0.4819508  0.45452994]
 [0.451795   0.15385625 0.39434874]]
probabilities: [[0.7240389  0.12040266 0.15555844]
 [0.08193767 0.43789545 0.48016688]
 [0.05597237 0.33845663 0.605571  ]
 [0.4320454  0.20981836 0.35813624]
 [0.0184998  0.57703525 0.40446496]]
probabilities: [[0.25633216 0.21322204 0.5304458 ]
 [0.5559512  0.1815687  0.2624801 ]
 [0.7987762  0.02293643 0.17828737]
 [0.1419968  0.32336813 0.53463507]
 [0.14579237 0.18408819 0.67011946]]
probabilities: [[0. 1. 0.]
 [0. 1. 0.]
 [0. 1. 0.]
 [0. 1. 0.]
 [0. 1. 0.]]
probabilities: [[0.44847655 0.3146501  0.23687336]
 [0.85296017 0.08390942 0.0631304 ]
 [0.02746245 0.5101376  0.4623999 ]
 [0.06727015 0.9275965  0.00513331]
 [0.19913971 0.4739056  0.3269547 ]]
probabilities: [[0.37141836 0.3017423  0.32683936]
 [0.6462425  0.18210307 0.17165442]
 [0.20671912 0.6491597  0.14412116]
 [0.48438984 0.40200102 0.11360914]
 [0.04804671 0.23747626 0.71447706]]
probabilities: [[0.21937187 0.7062756  0.07435254]
 [0.35116252 0.55364096 0.09519652]
 [0.55925924 0.17062618 0.27011457]
 [0.74990344 0.14834705 0.10174954]
 [0.1383504  0.7049709  0.15667868]]
probabilities: [[0.15701494 0.2041068  0.6388783 ]
 [0.70356244 0.2484814  0.04795614]
 [0.16229147 0.06651884 0.7711897 ]
 [0.3692793  0.4222821  0.2084386 ]
 [0.02415209 0.68234855 0.29349935]]
probabilities: [[0.40210918 0.2184755  0.37941533]
 [0.33973938 0.06228856 0.59797204]
 [0.79937714 0.02168876 0.17893408]
 [0.3813136  0.3282027  0.29048368]
 [0.09673996 0.6554795  0.24778055]]
probabilities: [[1. 0. 0.]
 [1. 0. 0.]
 [1. 0. 0.]
 [1. 0. 0.]
 [1. 0. 0.]]
probabilities: [[0.70832485 0.14597094 0.14570422]
 [0.15225415 0.83981156 0.00793428]
 [0.41605344 0.35051942 0.23342714]
 [0.6063049  0.11913057 0.27456453]
 [0.60178477 0.1432906  0.25492463]]
probabilities: [[0.75242096 0.1922535  0.05532552]
 [0.15194431 0.7503661  0.0976896 ]
 [0.09311767 0.39570603 0.5111763 ]
 [0.157421   0.29781497 0.54476404]
 [0.29253873 0.63836884 0.06909242]]
probabilities: [[0.05809229 0.32794136 0.61396635]
 [0.11594144 0.24172814 0.6423304 ]
 [0.2625428  0.39591345 0.34154373]
 [0.66135126 0.24289154 0.09575719]
 [0.19799931 0.5575869  0.24441381]]
probabilities: [[0.21712923 0.7537653  0.02910551]
 [0.51144004 0.07572263 0.41283733]
 [0.06475776 0.32233602 0.6129062 ]
 [0.5471291  0.30106655 0.15180434]
 [0.63649064 0.08089036 0.282619  ]]
probabilities: [[0.11695784 0.77127254 0.11176962]
 [0.5335206  0.02588676 0.44059268]
 [0.07937645 0.7050586  0.21556498]
 [0.10326245 0.8418003  0.05493725]
 [0.19794421 0.09856319 0.70349264]]
probabilities: [[0. 0. 1.]
 [0. 1. 0.]
 [0. 1. 0.]
 [0. 0. 1.]
 [0. 0. 1.]]
probabilities: [[0.18324812 0.29938242 0.51736945]
 [0.8155959  0.08373129 0.10067277]
 [0.36205167 0.5679007  0.07004762]
 [0.67783356 0.14450632 0.17766012]
 [0.48589343 0.48944467 0.02466191]]
probabilities: [[0.7259581  0.22436863 0.04967323]
 [0.359387   0.03069773 0.60991526]
 [0.39243764 0.18522991 0.42233244]
 [0.1318424  0.40259868 0.46555895]
 [0.08203286 0.14935721 0.76860994]]
probabilities: [[0.03990762 0.17157343 0.78851897]
 [0.14737941 0.7512528  0.1013678 ]
 [0.61880094 0.18640392 0.19479516]
 [0.6496863  0.03260658 0.31770718]
 [0.3560848  0.453612   0.19030319]]
probabilities: [[0.21388672 0.14353871 0.64257455]
 [0.08718353 0.20092988 0.7118866 ]
 [0.9501731  0.027493   0.02233394]
 [0.04361392 0.58143944 0.37494665]
 [0.06929421 0.33357614 0.59712964]]
probabilities: [[0.4460181  0.44653288 0.107449  ]
 [0.36110038 0.32277802 0.3161216 ]
 [0.13279636 0.36614627 0.5010574 ]
 [0.13088031 0.00476547 0.8643542 ]
 [0.5207349  0.2950747  0.18419039]]
probabilities: [[0. 0. 1.]
 [0. 1. 0.]
 [0. 1. 0.]
 [0. 0. 1.]
 [0. 0. 1.]]
probabilities: [[0.5773458  0.23017347 0.19248071]
 [0.1739533  0.57459134 0.25145534]
 [0.23646921 0.4315142  0.3320166 ]
 [0.10513517 0.00876245 0.8861024 ]
 [0.65762776 0.17126353 0.17110872]]
probabilities: [[0.08311314 0.40974945 0.5071374 ]
 [0.6946807  0.23653781 0.06878149]
 [0.04494787 0.7789008  0.1761513 ]
 [0.12026794 0.0869448  0.79278725]
 [0.0423627  0.8264694  0.13116786]]
probabilities: [[0.75724435 0.22182187 0.02093379]
 [0.07161295 0.697089   0.23129803]
 [0.6969781  0.28029078 0.02273109]
 [0.2579249  0.37663135 0.3654437 ]
 [0.6108843  0.15996243 0.22915328]]
probabilities: [[0.06462663 0.8958094  0.03956397]
 [0.14564636 0.08659929 0.7677543 ]
 [0.63671774 0.19933262 0.16394961]
 [0.03331864 0.62035424 0.34632716]
 [0.0742095  0.65847564 0.26731488]]
probabilities: [[0.10907684 0.00807795 0.8828452 ]
 [0.09906226 0.40836442 0.49257335]
 [0.67588264 0.2768417  0.04727569]
 [0.14541057 0.52929455 0.32529488]
 [0.00724997 0.8090672  0.18368283]]
probabilities: [[0. 0. 1.]
 [0. 1. 0.]
 [0. 1. 0.]
 [0. 0. 1.]
 [0. 0. 1.]]
probabilities: [[0.27097598 0.40010336 0.32892066]
 [0.38912445 0.21935052 0.39152503]
 [0.18626134 0.5906676  0.22307104]
 [0.69065696 0.28887412 0.02046891]
 [0.5923435  0.19904059 0.20861593]]
probabilities: [[0.11033194 0.7143909  0.17527719]
 [0.31018487 0.26125968 0.4285555 ]
 [0.0294422  0.62294346 0.34761435]
 [0.5266834  0.11108188 0.36223474]
 [0.15781184 0.11127554 0.7309126 ]]
probabilities: [[0.5911908  0.3079382  0.10087103]
 [0.08463638 0.6289548  0.28640878]
 [0.2119575  0.6198112  0.1682313 ]
 [0.52910066 0.12633295 0.3445664 ]
 [0.49678296 0.44972962 0.05348741]]
probabilities: [[0.4514704  0.5457919  0.00273764]
 [0.26492244 0.41139033 0.32368723]
 [0.16547386 0.5992672  0.23525894]
 [0.3488365  0.14817011 0.50299335]
 [0.78715926 0.05278846 0.1600523 ]]
probabilities: [[0.44008702 0.36245617 0.1974568 ]
 [0.83172727 0.02087008 0.14740263]
 [0.21988763 0.7242894  0.05582296]
 [0.28978726 0.39398053 0.31623223]
 [0.73247373 0.06523757 0.20228869]]
probabilities: [[0. 0. 1.]
 [0. 1. 0.]
 [0. 0. 1.]
 [0. 0. 1.]
 [0. 0. 1.]]
probabilities: [[0.1405673  0.61245954 0.24697316]
 [0.36267483 0.07008527 0.5672399 ]
 [0.6266814  0.09691484 0.27640378]
 [0.05099101 0.34814215 0.60086685]
 [0.46130356 0.03847484 0.5002216 ]]
probabilities: [[0.73466504 0.02467302 0.24066196]
 [0.20968468 0.08539952 0.7049158 ]
 [0.2950636  0.5275848  0.1773516 ]
 [0.36267078 0.43221518 0.20511402]
 [0.2393642  0.01134999 0.7492858 ]]
probabilities: [[0.85614234 0.11804707 0.02581062]
 [0.05513079 0.34768695 0.5971823 ]
 [0.12026849 0.66998136 0.20975018]
 [0.56136364 0.18639623 0.25224012]
