probabilities: [[1. 0. 0.]
 [1. 0. 0.]
 [1. 0. 0.]
 [1. 0. 0.]
 [1. 0. 0.]]
probabilities: [[0.00082018 0.66378117 0.33539864]
 [0.45518637 0.12072622 0.4240874 ]
 [0.7894091  0.12107322 0.08951768]
 [0.30558902 0.23601955 0.45839143]
 [0.25383562 0.00578771 0.74037665]]
probabilities: [[0.46545202 0.2640681  0.2704799 ]
 [0.06869555 0.6129792  0.31832528]
 [0.5668625  0.32657805 0.10655941]
 [0.4244821  0.44901264 0.12650527]
 [0.22344354 0.3664566  0.41009986]]
probabilities: [[0.49989575 0.23959573 0.26050854]
 [0.45252123 0.36151078 0.18596801]
 [0.38937423 0.4083464  0.20227937]
 [0.18198583 0.23248342 0.58553076]
 [0.75567585 0.15615554 0.08816862]]
probabilities: [[0. 0. 1.]
 [0. 1. 0.]
 [0. 1. 0.]
 [0. 0. 1.]
 [0. 0. 1.]]
probabilities: [[0.15729412 0.5978749  0.24483097]
 [0.12844516 0.5587885  0.31276637]
 [0.13613127 0.43956804 0.4243007 ]
 [0.95200515 0.03407682 0.01391802]
 [0.02027084 0.68708146 0.2926477 ]]
probabilities: [[0.3009849  0.34709197 0.3519231 ]
 [0.08609469 0.6637389  0.25016636]
 [0.36285302 0.00263704 0.6345099 ]
 [0.07517184 0.00645392 0.91837424]
 [0.76190907 0.07852037 0.15957056]]
probabilities: [[0.03103526 0.92087996 0.04808477]
 [0.5251279  0.39445338 0.08041876]
 [0.6796673  0.23352951 0.08680319]
 [0.29240113 0.58763504 0.11996385]
 [0.05864772 0.6215062  0.31984606]]
probabilities: [[0. 1. 0.]
 [0. 1. 0.]
 [0. 1. 0.]
 [0. 1. 0.]
 [0. 1. 0.]]
probabilities: [[0.38503197 0.2570304  0.35793766]
 [0.16305898 0.48444042 0.3525006 ]
 [0.3319061  0.33691755 0.33117634]
 [0.8344432  0.15828586 0.00727095]
 [0.10105882 0.2479372  0.651004  ]]
probabilities: [[0.08037403 0.8609899  0.05863602]
 [0.3380329  0.09499854 0.56696856]
 [0.03927652 0.18914925 0.77157426]
 [0.13881136 0.421487   0.43970165]
 [0.14124146 0.4667551  0.39200345]]
probabilities: [[0.12374845 0.5696971  0.30655447]
 [0.48231515 0.34846497 0.16921988]
 [0.47352317 0.29664972 0.2298271 ]
 [0.7852773  0.08366347 0.13105921]
 [0.06267522 0.43615517 0.50116956]]
probabilities: [[1. 0. 0.]
 [1. 0. 0.]
 [1. 0. 0.]
 [1. 0. 0.]
 [1. 0. 0.]]
probabilities: [[0.37161624 0.6068891  0.02149463]
 [0.33353567 0.40884125 0.25762308]
 [0.23350717 0.51087517 0.25561768]
 [0.5975211  0.23708682 0.16539207]
 [0.04115042 0.09831195 0.86053765]]
probabilities: [[0.763027   0.18563074 0.05134223]
 [0.19516835 0.62433845 0.18049318]
 [0.31006747 0.34497675 0.34495577]
 [0.2226844  0.6958251  0.08149051]
 [0.01780654 0.14661412 0.83557934]]
probabilities: [[0.13666922 0.41845083 0.44487998]
 [0.6819455  0.08900731 0.22904718]
 [0.62172186 0.28018913 0.098089  ]
 [0.29366666 0.42039704 0.2859363 ]
 [0.0462853  0.542237   0.4114777 ]]
probabilities: [[0. 0. 1.]
 [0. 1. 0.]
 [0. 1. 0.]
 [0. 0. 1.]
 [0. 0. 1.]]
probabilities: [[0.5985994  0.02893317 0.37246746]
 [0.21676499 0.7735623  0.00967272]
 [0.1314041  0.7874314  0.08116449]
 [0.6128334  0.3655619  0.02160471]
 [0.19909488 0.07971155 0.72119355]]
probabilities: [[0.39090684 0.2101987  0.39889446]
 [0.08945451 0.6650664  0.24547909]
 [0.28766695 0.2202941  0.49203897]
 [0.13275489 0.03063313 0.836612  ]
 [0.1343983  0.7483522  0.11724944]]
probabilities: [[0.320157   0.18496147 0.49488157]
 [0.49722287 0.21072118 0.29205593]
 [0.09924973 0.8729922  0.02775803]
 [0.58508384 0.253976   0.16094017]
 [0.25027207 0.06533901 0.68438894]]
probabilities: [[0. 0. 1.]
 [0. 1. 0.]
 [0. 1. 0.]
 [0. 0. 1.]
 [0. 0. 1.]]
probabilities: [[0.12638535 0.17196459 0.7016501 ]
 [0.29614392 0.11415483 0.58970124]
 [0.36191    0.41940707 0.21868296]
 [0.11670592 0.8220491  0.06124502]
 [0.20111199 0.7270113  0.07187667]]
probabilities: [[0.30920765 0.49958825 0.19120407]
 [0.45881006 0.37983638 0.16135354]
 [0.03203212 0.20997806 0.7579898 ]
 [0.8022689  0.16174412 0.03598694]
 [0.7190194  0.06425747 0.2167231 ]]
probabilities: [[0.0759723  0.30739307 0.6166346 ]
 [0.44953018 0.02309295 0.5273769 ]
 [0.07549696 0.64314735 0.28135565]
 [0.25041392 0.73100364 0.01858246]
 [0.62525153 0.01115639 0.36359206]]
probabilities: [[0. 0. 1.]
 [0. 1. 0.]
 [0. 0. 1.]
 [0. 0. 1.]
 [0. 0. 1.]]
probabilities: [[0.48002723 0.04963696 0.4703358 ]
 [0.5710296  0.2516726  0.17729782]
 [0.25639218 0.14203185 0.601576  ]
 [0.32975537 0.17344864 0.49679598]
 [0.40884316 0.16080824 0.4303486 ]]
probabilities: [[0.03722012 0.6603482  0.30243167]
 [0.34496346 0.01371155 0.641325  ]
 [0.02886577 0.76717    0.20396422]
 [0.30697307 0.08470921 0.60831773]
 [0.8424871  0.14474931 0.01276357]]
probabilities: [[0.4511185  0.179381   0.36950052]
 [0.26296988 0.24275178 0.49427834]
 [0.73590714 0.04865105 0.21544182]
 [0.4969568  0.45075858 0.05228463]
 [0.7457485  0.16406932 0.09018214]]
probabilities: [[0. 0. 1.]
 [0. 1. 0.]
 [0. 0. 1.]
 [0. 0. 1.]
 [0. 0. 1.]]
probabilities: [[0.05910864 0.14439614 0.7964952 ]
 [0.13921236 0.7678512  0.09293648]
 [0.55473447 0.26530334 0.17996219]
 [0.17357466 0.60865015 0.2177752 ]
 [0.02166944 0.31961587 0.6587147 ]]
probabilities: [[0.5408591  0.2150893  0.24405159]
 [0.21564426 0.13633929 0.64801645]
 [0.21818496 0.37413725 0.40767777]
 [0.15849869 0.674637   0.16686428]
 [0.5578823  0.3918212  0.05029647]]
probabilities: [[0.840072   0.13412882 0.02579921]
 [0.08262728 0.81028014 0.10709257]
 [0.09443555 0.52893263 0.37663183]
 [0.28231883 0.02975017 0.687931  ]
 [0.19693156 0.11023808 0.6928304 ]]
probabilities: [[1. 0. 0.]
 [1. 0. 0.]
 [1. 0. 0.]
 [1. 0. 0.]
 [1. 0. 0.]]
probabilities: [[0.75638556 0.00811787 0.23549654]
 [0.7205894  0.02062402 0.2587866 ]
 [0.16853367 0.35110578 0.48036057]
 [0.7654817  0.06627494 0.16824338]
 [0.55389047 0.03844684 0.4076627 ]]
probabilities: [[0.14774546 0.82997566 0.02227888]
 [0.5272424  0.08061006 0.39214754]
 [0.2897089  0.51741576 0.19287531]
 [0.0452892  0.7626674  0.19204336]
 [0.24421751 0.7529773  0.00280519]]
probabilities: [[0.8075437  0.12735781 0.06509848]
 [0.40331092 0.15280335 0.44388574]
 [0.11893523 0.1942001  0.6868647 ]
 [0.4211224  0.4947401  0.08413751]
 [0.51057315 0.21330212 0.27612472]]
probabilities: [[1. 0. 0.]
 [1. 0. 0.]
 [1. 0. 0.]
 [1. 0. 0.]
 [1. 0. 0.]]
probabilities: [[0.02546459 0.43508986 0.5394456 ]
 [0.28470883 0.61274856 0.10254261]
 [0.21604624 0.5858289  0.19812487]
 [0.3131178  0.54538816 0.14149404]
 [0.50721097 0.3157643  0.1770247 ]]
probabilities: [[0.48175383 0.06222569 0.45602047]
 [0.00256126 0.7135203  0.28391847]
 [0.3849992  0.16969498 0.44530582]
 [0.23715286 0.28374746 0.4790997 ]
 [0.2397012  0.36395854 0.39634025]]
probabilities: [[0.5027567  0.21510373 0.28213957]
 [0.08216412 0.09071673 0.8271192 ]
 [0.46742696 0.2968247  0.23574837]
 [0.15022513 0.02406834 0.82570654]
 [0.2729324  0.3025771  0.4244905 ]]
probabilities: [[1. 0. 0.]
 [1. 0. 0.]
 [1. 0. 0.]
 [1. 0. 0.]
 [1. 0. 0.]]
probabilities: [[0.4854805  0.1535057  0.3610138 ]
 [0.21987629 0.15732266 0.62280107]
 [0.05109911 0.8652705  0.08363039]
 [0.4274382  0.49533787 0.07722392]
 [0.19589226 0.17344052 0.6306672 ]]
probabilities: [[0.22782658 0.6685161  0.10365731]
 [0.20945492 0.46744403 0.32310104]
 [0.72072774 0.14939193 0.12988035]
 [0.39409423 0.59112513 0.01478063]
 [0.4137386  0.11738095 0.46888044]]
probabilities: [[0.6089731  0.1641991  0.22682782]
 [0.08779598 0.60524976 0.30695426]
 [0.8295389  0.06345052 0.10701062]
 [0.06551079 0.21130072 0.7231885 ]
 [0.21293023 0.25332263 0.53374714]]
probabilities: [[0. 0. 1.]
 [0. 1. 0.]
 [0. 1. 0.]
 [0. 0. 1.]
 [0. 0. 1.]]
probabilities: [[0.53427655 0.20060001 0.26512343]
 [0.5774855  0.34888825 0.07362626]
 [0.48865867 0.1676631  0.34367824]
 [0.4586752  0.49423304 0.04709176]
 [0.0914923  0.7954919  0.11301581]]
probabilities: [[0.3856514  0.39523736 0.21911123]
 [0.665172   0.08123102 0.25359702]
 [0.3802696  0.2412411  0.37848932]
 [0.23220235 0.07290315 0.6948945 ]
 [0.5304591  0.2778262  0.19171472]]
probabilities: [[0.12078362 0.22551057 0.65370584]
 [0.23827986 0.6614992  0.10022093]
 [0.48649907 0.18133093 0.33217   ]
 [0.2805189  0.11262809 0.606853  ]
 [0.4398008  0.21115452 0.34904468]]
probabilities: [[0. 1. 0.]
 [0. 1. 0.]
 [0. 1. 0.]
 [0. 1. 0.]
 [0. 1. 0.]]
probabilities: [[0.41546577 0.13613269 0.44840154]
 [0.1790234  0.29847637 0.5225002 ]
 [0.24459271 0.5385748  0.21683247]
 [0.2553813  0.00489224 0.7397265 ]
 [0.39816615 0.5673995  0.03443431]]
probabilities: [[0.18053262 0.5474563  0.27201104]
 [0.45622668 0.02235423 0.5214191 ]
 [0.22253208 0.57276577 0.20470218]
 [0.67323077 0.31618604 0.01058322]
 [0.6800387  0.07514613 0.24481517]]
probabilities: [[0.04650393 0.43419737 0.51929873]
 [0.27266353 0.68592286 0.04141361]
 [0.07160366 0.9191458  0.00925054]
 [0.11227018 0.20632456 0.68140525]
 [0.21688807 0.66330504 0.1198069 ]]
probabilities: [[1. 0. 0.]
 [1. 0. 0.]
 [1. 0. 0.]
 [1. 0. 0.]
 [1. 0. 0.]]
probabilities: [[0.43186522 0.5308331  0.03730162]
 [0.24212727 0.7481595  0.00971324]
 [0.21900086 0.644802   0.13619718]
 [0.08838245 0.06455895 0.8470586 ]
 [0.17258784 0.3992923  0.42811987]]
probabilities: [[0.00531607 0.76262164 0.23206228]
 [0.30256382 0.32383543 0.37360075]
 [0.17505921 0.17414469 0.6507961 ]
 [0.5441038  0.06893825 0.38695797]
 [0.10384259 0.41894516 0.47721225]]
probabilities: [[0.16891855 0.4011235  0.42995796]
 [0.5350775  0.22457196 0.24035051]
 [0.04840852 0.547255   0.40433654]
 [0.5857841  0.16106507 0.25315082]
 [0.07114236 0.47890383 0.44995382]]
probabilities: [[0. 0. 1.]
 [0. 1. 0.]
 [0. 0. 1.]
 [0. 0. 1.]
 [0. 0. 1.]]
probabilities: [[0.27786326 0.70326704 0.01886971]
 [0.21728042 0.3228729  0.45984668]
 [0.91142935 0.04449647 0.04407419]
 [0.01938243 0.11060105 0.8700165 ]
 [0.01746104 0.05362889 0.9289101 ]]
probabilities: [[0.10716669 0.5159999  0.37683338]
 [0.48364928 0.31571823 0.2006325 ]
 [0.8435336  0.01046311 0.14600332]
 [0.80684876 0.16983709 0.02331413]
 [0.62079465 0.10543103 0.2737743 ]]
probabilities: [[0.873589   0.11641466 0.00999634]
 [0.4057785  0.578137   0.01608454]
 [0.58596104 0.3176186  0.09642038]
 [0.14690582 0.00634434 0.84674984]
 [0.49716267 0.2765532  0.22628412]]
probabilities: [[1. 0. 0.]
 [1. 0. 0.]
 [1. 0. 0.]
 [1. 0. 0.]
 [1. 0. 0.]]
probabilities: [[0.16115743 0.75166154 0.08718106]
 [0.35068437 0.21021828 0.43909734]
 [0.70691055 0.15219292 0.14089651]
 [0.19096765 0.53082377 0.2782086 ]
 [0.3159352  0.5063645  0.17770025]]
probabilities: [[0.02525613 0.26741478 0.7073291 ]
 [0.3689935  0.5990223  0.0319842 ]
 [0.16677554 0.17840447 0.65482   ]
 [0.06801853 0.3555919  0.57638955]
 [0.12066839 0.8059442  0.07338744]]
probabilities: [[0.04822466 0.13378546 0.8179899 ]
 [0.2164822  0.4211481  0.36236972]
 [0.15174218 0.78491735 0.06334047]
 [0.16182443 0.1383939  0.69978166]
 [0.3624075  0.06813033 0.5694622 ]]
probabilities: [[0. 0. 1.]
 [0. 1. 0.]
 [0. 1. 0.]
 [0. 0. 1.]
 [0. 0. 1.]]
probabilities: [[0.4825839  0.02753601 0.48988008]
 [0.09962717 0.7515437  0.14882912]
 [0.06103098 0.259227   0.679742  ]
 [0.07848501 0.2767477  0.6447673 ]
 [0.63123363 0.0926116  0.27615476]]
probabilities: [[0.7503901  0.07388364 0.17572628]
 [0.17456448 0.02963594 0.7957996 ]
 [0.15306981 0.46000725 0.38692293]
 [0.07945957 0.3382785  0.5822619 ]
 [0.826194   0.16049992 0.01330606]]
probabilities: [[0.38838497 0.3662972  0.24531785]
 [0.23032683 0.41538858 0.35428458]
 [0.67117095 0.1867353  0.14209375]
 [0.1635114  0.5684748  0.26801378]
 [0.430259   0.32073745 0.24900353]]
probabilities: [[0. 1. 0.]
 [0. 1. 0.]
 [0. 1. 0.]
 [0. 1. 0.]
 [0. 1. 0.]]
probabilities: [[0.29056278 0.47042346 0.23901376]
 [0.5353304  0.37457636 0.09009327]
 [0.69234675 0.25842845 0.04922481]
 [0.16944338 0.25679326 0.5737634 ]
 [0.06841142 0.258385   0.6732036 ]]
probabilities: [[0.4321473  0.17929766 0.38855505]
 [0.09774549 0.46444523 0.43780926]
 [0.11049402 0.5443199  0.34518605]
 [0.38710546 0.06659089 0.54630363]
 [0.25364292 0.35909623 0.38726085]]
probabilities: [[0.01484485 0.3578175  0.62733763]
 [0.09104247 0.18018451 0.728773  ]
 [0.01438116 0.58425295 0.4013659 ]
 [0.017224   0.37253004 0.61024594]
 [0.32527637 0.42333508 0.25138858]]
probabilities: [[1. 0. 0.]
 [1. 0. 0.]
 [1. 0. 0.]
 [1. 0. 0.]
 [1. 0. 0.]]
probabilities: [[0.10160553 0.64862686 0.2497676 ]
 [0.07953152 0.28487495 0.63559353]
 [0.33619916 0.0958925  0.56790835]
 [0.5694342  0.3406074  0.0899584 ]
 [0.10381725 0.30552045 0.5906623 ]]
probabilities: [[0.5306776  0.03549286 0.43382952]
 [0.4695572  0.0577011  0.4727417 ]
 [0.16130112 0.47759324 0.36110562]
 [0.43857986 0.4516797  0.10974045]
 [0.56472325 0.16134511 0.2739316 ]]
probabilities: [[0.5077784  0.22347073 0.26875085]
 [0.38092023 0.17659992 0.44247985]
 [0.34637243 0.1831763  0.47045127]
 [0.3187835  0.25189057 0.42932594]
 [0.06656703 0.7527739  0.1806591 ]]
probabilities: [[0. 0. 1.]
 [0. 1. 0.]
 [0. 0. 1.]
 [0. 0. 1.]
 [0. 0. 1.]]
probabilities: [[0.38767228 0.60330564 0.00902211]
 [0.51413006 0.13410538 0.3517646 ]
 [0.27020472 0.04273465 0.6870606 ]
 [0.57320833 0.3239138  0.10287786]
 [0.0918722  0.70659256 0.20153524]]
probabilities: [[0.40281132 0.4403627  0.15682599]
 [0.5697477  0.22537172 0.20488058]
 [0.48932755 0.25777462 0.2528978 ]
 [0.601271   0.34510574 0.05362329]
 [0.6338152  0.09691248 0.2692723 ]]
probabilities: [[0.06806365 0.07979529 0.8521411 ]
 [0.47527045 0.15877911 0.36595044]
 [0.19771786 0.12427001 0.67801213]
 [0.07028402 0.900326   0.02938999]
 [0.7308595  0.04061395 0.22852655]]
probabilities: [[0. 0. 1.]
 [0. 1. 0.]
 [0. 1. 0.]
 [0. 0. 1.]
 [0. 0. 1.]]
probabilities: [[0.42442125 0.27771723 0.29786152]
 [0.616211   0.01868776 0.36510122]
 [0.26733747 0.10573829 0.6269242 ]
 [0.0733704  0.817473   0.10915661]
 [0.1265737  0.7792825  0.09414377]]
probabilities: [[0.2627422  0.09947067 0.63778716]
 [0.12223414 0.08966115 0.7881047 ]
 [0.04877451 0.23545723 0.7157683 ]
 [0.5345052  0.11092417 0.35457066]
 [0.05986707 0.02241386 0.91771907]]
probabilities: [[0.7761438  0.04622356 0.17763267]
 [0.47705024 0.10575333 0.41719642]
 [0.09107199 0.5930493  0.3158787 ]
 [0.40426344 0.16121346 0.43452308]
 [0.145018   0.5140826  0.3408994 ]]
probabilities: [[0. 0. 1.]
 [0. 1. 0.]
 [0. 1. 0.]
 [0. 0. 1.]
 [0. 0. 1.]]
probabilities: [[0.38106516 0.6095955  0.00933935]
 [0.80341965 0.1560491  0.04053127]
 [0.02263328 0.92480636 0.0525604 ]
 [0.30734056 0.5428543  0.1498051 ]
 [0.10048096 0.4195986  0.47992045]]
probabilities: [[0.08974565 0.12915738 0.781097  ]
 [0.21969524 0.16863215 0.61167264]
 [0.15920141 0.08508214 0.75571644]
 [0.34963462 0.55692965 0.09343572]
 [0.60523784 0.11800146 0.27676073]]
probabilities: [[0.5903605  0.01547246 0.39416704]
 [0.3874713  0.25562122 0.35690746]
 [0.4288083  0.23428622 0.33690548]
 [0.0472669  0.29832417 0.65440893]
 [0.03140216 0.5948745  0.37372333]]
probabilities: [[1. 0. 0.]
 [1. 0. 0.]
 [1. 0. 0.]
 [1. 0. 0.]
 [1. 0. 0.]]
probabilities: [[0.29577067 0.10862859 0.5956007 ]
 [0.16185708 0.13528022 0.7028627 ]
 [0.7556852  0.14814624 0.09616856]
 [0.08254831 0.41342616 0.5040255 ]
 [0.22724915 0.45465785 0.318093  ]]
probabilities: [[0.32900447 0.07156857 0.599427  ]
 [0.23540592 0.6374914  0.12710264]
 [0.45493323 0.43474743 0.11031933]
 [0.13577616 0.42338687 0.44083697]
 [0.29550233 0.16429657 0.5402011 ]]
probabilities: [[0.29254848 0.48617727 0.22127427]
 [0.03286024 0.6697036  0.29743618]
 [0.43158934 0.48580354 0.08260714]
 [0.64813447 0.2750031  0.07686245]
 [0.31838277 0.44038948 0.24122775]]
probabilities: [[1. 0. 0.]
 [1. 0. 0.]
 [1. 0. 0.]
 [1. 0. 0.]
 [1. 0. 0.]]
probabilities: [[0.6397446  0.09572468 0.26453072]
 [0.53456116 0.11374862 0.35169026]
 [0.27930132 0.3561661  0.3645326 ]
 [0.494012   0.1921925  0.3137955 ]
 [0.20986645 0.44834423 0.34178934]]
probabilities: [[0.36598423 0.46310732 0.17090844]
 [0.25925955 0.4111816  0.32955885]
 [0.17310339 0.2525225  0.5743741 ]
 [0.05239934 0.43150687 0.5160938 ]
 [0.22652316 0.07855008 0.69492674]]
probabilities: [[0.6813283  0.29747623 0.02119547]
 [0.590742   0.13124056 0.27801743]
 [0.04835188 0.1259026  0.8257455 ]
 [0.12265777 0.13026312 0.74707913]
 [0.2510555  0.04853743 0.7004071 ]]
probabilities: [[1. 0. 0.]
 [1. 0. 0.]
 [1. 0. 0.]
 [1. 0. 0.]
 [1. 0. 0.]]
probabilities: [[0.07856991 0.67913496 0.24229512]
 [0.7351015  0.17737356 0.08752491]
 [0.00417721 0.63445336 0.3613694 ]
 [0.55083895 0.42162547 0.02753561]
 [0.27997917 0.06815905 0.6518618 ]]
probabilities: [[0.0823154  0.7193075  0.19837712]
 [0.5917958  0.33716586 0.07103833]
 [0.25238353 0.1110938  0.6365227 ]
 [0.06259561 0.15296373 0.78444064]
 [0.31724307 0.5387761  0.14398083]]
probabilities: [[0.3702394  0.02197943 0.6077812 ]
 [0.1588772  0.18031555 0.66080725]
 [0.57273763 0.3343639  0.09289844]
 [0.14784716 0.26832896 0.58382386]
 [0.44063735 0.30560017 0.2537625 ]]
probabilities: [[0. 0. 1.]
 [0. 1. 0.]
 [0. 0. 1.]
 [0. 0. 1.]
 [0. 0. 1.]]
probabilities: [[0.04297597 0.45998678 0.49703723]
 [0.48351628 0.2660127  0.25047103]
 [0.54332525 0.45176482 0.00490991]
 [0.0755745  0.92008066 0.00434482]
 [0.31364053 0.13214982 0.55420965]]
probabilities: [[0.7300729  0.19101492 0.07891217]
 [0.73335737 0.21211243 0.0545302 ]
 [0.00735437 0.15120079 0.84144485]
 [0.01890685 0.8536908  0.12740232]
 [0.52686316 0.4065381  0.06659874]]
probabilities: [[0.3926287  0.21691504 0.39045626]
 [0.15243062 0.06174924 0.7858201 ]
 [0.19181035 0.4954184  0.31277123]
 [0.90398264 0.05065382 0.04536351]
 [0.31409046 0.24531072 0.44059882]]
probabilities: [[1. 0. 0.]
 [1. 0. 0.]
 [1. 0. 0.]
 [1. 0. 0.]
 [1. 0. 0.]]
probabilities: [[0.3524471  0.04982224 0.59773064]
 [0.17141749 0.591226   0.2373565 ]
 [0.15900038 0.7030177  0.13798192]
 [0.5343619  0.25601143 0.20962669]
 [0.5424554  0.38284308 0.07470155]]
probabilities: [[0.5106811  0.18963262 0.29968628]
 [0.22035447 0.43878877 0.34085676]
 [0.18620421 0.07812467 0.7356711 ]
 [0.20282419 0.2502753  0.5469005 ]
 [0.42064655 0.4882148  0.09113865]]
probabilities: [[0.23611686 0.28300136 0.48088178]
 [0.81947964 0.08339266 0.09712769]
 [0.13615629 0.4171721  0.4466716 ]
 [0.42785898 0.3956151  0.17652594]
 [0.350222   0.530242   0.11953596]]
probabilities: [[0. 0. 1.]
 [0. 1. 0.]
 [0. 0. 1.]
 [0. 0. 1.]
 [0. 0. 1.]]
probabilities: [[0.29195255 0.01798733 0.69006014]
 [0.5633856  0.01000164 0.42661276]
 [0.65730965 0.34010872 0.00258163]
 [0.00841565 0.06921998 0.92236435]
 [0.92757565 0.06073706 0.01168726]]
probabilities: [[5.3641397e-01 4.5114708e-01 1.2438958e-02]
 [5.8382767e-01 3.9842079e-04 4.1577393e-01]
 [5.9143406e-01 7.1994080e-03 4.0136653e-01]
 [2.6817152e-01 1.4285584e-01 5.8897263e-01]
 [6.3270003e-01 3.2550263e-01 4.1797325e-02]]
probabilities: [[0.17385416 0.3174586  0.50868726]
 [0.7462661  0.08561908 0.16811478]
 [0.44385934 0.01117896 0.5449617 ]
 [0.22266243 0.57286495 0.2044726 ]
 [0.16933315 0.39470026 0.43596658]]
probabilities: [[0. 0. 1.]
 [0. 1. 0.]
 [0. 1. 0.]
 [0. 0. 1.]
 [0. 0. 1.]]
probabilities: [[0.28937602 0.5618601  0.14876388]
 [0.47016674 0.41570428 0.11412898]
 [0.32098496 0.37052754 0.3084875 ]
 [0.11016755 0.10717753 0.78265494]
 [0.46007827 0.44258767 0.09733403]]
probabilities: [[0.11517538 0.7209632  0.16386144]
 [0.18794647 0.24735756 0.56469595]
 [0.34202346 0.3973992  0.26057735]
 [0.52848184 0.12679203 0.34472612]
 [0.14147377 0.15958823 0.698938  ]]
probabilities: [[0.70200074 0.18940791 0.10859132]
 [0.06552945 0.17617415 0.7582964 ]
 [0.04098255 0.7551315  0.20388597]
 [0.3693588  0.3223263  0.3083149 ]
 [0.59360117 0.26259053 0.14380829]]
probabilities: [[0. 1. 0.]
 [0. 1. 0.]
 [0. 1. 0.]
 [0. 1. 0.]
 [0. 1. 0.]]
probabilities: [[0.09950329 0.14305343 0.7574433 ]
 [0.38571218 0.5118185  0.10246928]
 [0.01708547 0.16067372 0.8222408 ]
 [0.04103061 0.76334655 0.19562286]
 [0.3216969  0.0701088  0.6081943 ]]
probabilities: [[0.52287775 0.16572672 0.31139553]
 [0.07885955 0.40855446 0.512586  ]
 [0.2575713  0.09013472 0.652294  ]
 [0.5946718  0.11159726 0.29373094]
 [0.08096033 0.82828283 0.09075684]]
probabilities: [[0.00423624 0.40275097 0.5930128 ]
 [0.22987698 0.76282775 0.00729525]
 [0.08938041 0.3679473  0.5426723 ]
 [0.51987696 0.15819572 0.32192734]
 [0.5992816  0.06995593 0.33076245]]
probabilities: [[1. 0. 0.]
 [1. 0. 0.]
 [1. 0. 0.]
 [1. 0. 0.]
 [1. 0. 0.]]
probabilities: [[0.4287619  0.01817188 0.5530662 ]
 [0.0867888  0.3749137  0.5382975 ]
 [0.16088393 0.33968553 0.49943054]
 [0.08350445 0.26409307 0.65240246]
 [0.19682658 0.6993673  0.10380615]]
probabilities: [[0.40893275 0.11206672 0.47900054]
 [0.26444992 0.57815784 0.15739222]
 [0.5429233  0.44902024 0.00805649]
 [0.32738015 0.4059678  0.26665205]
 [0.7214757  0.2602257  0.01829857]]
probabilities: [[0.10648064 0.1267223  0.76679707]
 [0.2837134  0.16622283 0.5500638 ]
 [0.25912926 0.53149825 0.2093725 ]
 [0.45258898 0.45768493 0.08972609]
 [0.15515834 0.5695855  0.27525616]]
probabilities: [[0. 0. 1.]
 [0. 1. 0.]
 [0. 0. 1.]
 [0. 0. 1.]
 [0. 0. 1.]]
probabilities: [[0.42743784 0.23796381 0.33459836]
 [0.06383993 0.6539583  0.28220174]
 [0.34198907 0.18166317 0.47634774]
 [0.20962897 0.52575344 0.26461756]
 [0.08918741 0.2777507  0.6330619 ]]
probabilities: [[0.7889612  0.02172276 0.1893161 ]
 [0.17166555 0.47324315 0.3550913 ]
 [0.23690349 0.2498603  0.5132362 ]
 [0.22506587 0.30805895 0.4668752 ]
 [0.55392593 0.23404299 0.21203108]]
probabilities: [[0.7004795  0.2910118  0.00850871]
 [0.46972704 0.4504943  0.07977868]
 [0.01200876 0.48996028 0.49803093]
 [0.14656058 0.06739876 0.78604066]
 [0.2784115  0.15834083 0.5632477 ]]
probabilities: [[0. 0. 1.]
 [0. 1. 0.]
 [0. 1. 0.]
 [0. 0. 1.]
 [0. 0. 1.]]
probabilities: [[0.57439166 0.25432053 0.1712878 ]
 [0.4639952  0.20983076 0.32617405]
 [0.9102054  0.02566015 0.06413441]
 [0.03343849 0.87682354 0.08973798]
 [0.3952348  0.2380349  0.36673027]]
probabilities: [[0.818859   0.17059584 0.0105452 ]
 [0.03755233 0.29658142 0.66586626]
 [0.31209585 0.505603   0.18230115]
 [0.22710328 0.03595017 0.7369465 ]
 [0.01669641 0.61899155 0.36431205]]
probabilities: [[0.12747449 0.10055116 0.7719743 ]
 [0.32806775 0.03684316 0.6350891 ]
 [0.61367863 0.34298298 0.04333839]
 [0.05093127 0.20500638 0.74406236]
 [0.92027044 0.07481026 0.00491932]]
probabilities: [[0. 1. 0.]
 [0. 1. 0.]
 [0. 1. 0.]
 [0. 1. 0.]
 [0. 1. 0.]]
probabilities: [[0.33804607 0.44844654 0.21350737]
 [0.37135455 0.40643024 0.22221518]
 [0.36008212 0.36218616 0.27773172]
 [0.2125456  0.41557437 0.37188002]
 [0.03843282 0.45975795 0.50180924]]
probabilities: [[0.24590893 0.232766   0.52132505]
 [0.5109596  0.45273575 0.03630463]
 [0.03113208 0.6513888  0.31747913]
 [0.33944368 0.16623844 0.49431786]
 [0.16225606 0.531991   0.30575296]]
probabilities: [[0.47040796 0.28985286 0.2397392 ]
 [0.4633909  0.08190945 0.45469967]
 [0.4521796  0.4584437  0.0893767 ]
 [0.5712678  0.19944803 0.22928421]
 [0.18033427 0.23400733 0.58565843]]
probabilities: [[0. 0. 1.]
 [0. 1. 0.]
 [0. 1. 0.]
 [0. 0. 1.]
 [0. 0. 1.]]
probabilities: [[0.13359137 0.32434857 0.5420601 ]
 [0.05077903 0.68982726 0.25939372]
 [0.279935   0.10776664 0.61229837]
 [0.55270135 0.03625661 0.41104203]
 [0.640348   0.04016496 0.31948704]]
probabilities: [[0.09362361 0.09789249 0.8084839 ]
 [0.10179579 0.8509612  0.04724301]
 [0.6711198  0.24336532 0.08551486]
 [0.10395249 0.66270435 0.23334315]
 [0.05491722 0.26507866 0.6800041 ]]
probabilities: [[0.57203525 0.257838   0.17012675]
 [0.22093342 0.15573052 0.6233361 ]
 [0.01440716 0.37085235 0.6147405 ]
 [0.53384864 0.39858925 0.0675621 ]
 [0.10751858 0.2654792  0.6270022 ]]
probabilities: [[0. 0. 1.]
 [0. 1. 0.]
 [0. 1. 0.]
 [0. 0. 1.]
 [0. 0. 1.]]
probabilities: [[0.11957993 0.63378227 0.2466378 ]
 [0.5364514  0.12473842 0.3388102 ]
 [0.17838332 0.63771653 0.18390013]
 [0.40240943 0.2273203  0.37027025]
 [0.04289622 0.39217076 0.56493306]]
probabilities: [[0.15316463 0.5316099  0.31522548]
 [0.01850273 0.8141726  0.16732465]
 [0.1493349  0.08450726 0.76615787]
 [0.00360152 0.4030013  0.5933972 ]
 [0.14615235 0.7964826  0.05736502]]
probabilities: [[0.18523265 0.16130121 0.6534661 ]
 [0.65662354 0.24462044 0.09875602]
 [0.08238652 0.72818357 0.18942988]
 [0.60571027 0.22397715 0.17031258]
 [0.13422664 0.38367885 0.48209453]]
probabilities: [[1. 0. 0.]
 [1. 0. 0.]
 [1. 0. 0.]
 [1. 0. 0.]
 [1. 0. 0.]]
probabilities: [[0.19224802 0.06975201 0.738     ]
 [0.4099131  0.5466648  0.04342215]
 [0.3289316  0.0280185  0.6430499 ]
 [0.08301727 0.49177206 0.42521065]
 [0.24434082 0.16547608 0.5901831 ]]
probabilities: [[0.5441098  0.16321757 0.2926726 ]
 [0.23105022 0.727764   0.04118576]
 [0.52907777 0.26392505 0.2069972 ]
 [0.12097815 0.44100857 0.4380133 ]
 [0.637717   0.14731295 0.21497004]]
probabilities: [[0.54714453 0.08101041 0.37184507]
 [0.23566301 0.4702979  0.2940391 ]
 [0.17333722 0.7378468  0.08881596]
 [0.51120234 0.05916511 0.42963254]
 [0.5879133  0.24324867 0.16883808]]
probabilities: [[1. 0. 0.]
 [1. 0. 0.]
 [1. 0. 0.]
 [1. 0. 0.]
 [1. 0. 0.]]
probabilities: [[0.14594679 0.06388558 0.7901676 ]
 [0.26220182 0.67769057 0.06010764]
 [0.06224312 0.5279886  0.40976828]
 [0.36252567 0.44519717 0.19227718]
 [0.27386355 0.44107044 0.285066  ]]
probabilities: [[0.46661085 0.3780888  0.15530036]
 [0.43226308 0.13389708 0.43383983]
 [0.05842842 0.48659468 0.45497692]
 [0.05239193 0.09118725 0.8564208 ]
 [0.0137203  0.7581493  0.2281304 ]]
probabilities: [[0.08247115 0.374216   0.54331285]
 [0.22513603 0.6609952  0.1138688 ]
 [0.08983703 0.6768334  0.23332958]
 [0.15262817 0.810663   0.03670887]
 [0.2963736  0.5761811  0.12744528]]
probabilities: [[1. 0. 0.]
 [1. 0. 0.]
 [1. 0. 0.]
 [1. 0. 0.]
 [1. 0. 0.]]
probabilities: [[0.38411453 0.23342474 0.3824607 ]
 [0.40217972 0.35745102 0.24036926]
 [0.3814433  0.40568352 0.21287318]
 [0.28758883 0.08700408 0.6254071 ]
 [0.22096111 0.67801315 0.10102576]]
probabilities: [[0.19394396 0.69522953 0.11082648]
 [0.5232407  0.31759304 0.15916626]
 [0.5663146  0.15754291 0.2761425 ]
 [0.27975738 0.03105997 0.68918264]
 [0.61990076 0.00696208 0.37313715]]
probabilities: [[0.10889067 0.7602497  0.13085966]
 [0.46640772 0.52419364 0.00939864]
 [0.34797642 0.42718136 0.22484224]
 [0.05827676 0.1590389  0.7826843 ]
 [0.4317199  0.31206283 0.2562173 ]]
probabilities: [[0. 0. 1.]
 [0. 1. 0.]
 [0. 1. 0.]
 [0. 0. 1.]
 [0. 0. 1.]]
probabilities: [[0.29394758 0.11106882 0.59498364]
 [0.32564226 0.23131442 0.44304332]
 [0.09657498 0.8544355  0.04898954]
 [0.67002183 0.06615317 0.263825  ]
 [0.70399976 0.24178086 0.05421939]]
probabilities: [[0.08185136 0.18488812 0.7332605 ]
 [0.3280403  0.4358121  0.23614761]
 [0.31693688 0.49927145 0.18379165]
 [0.01539172 0.9634472  0.02116104]
 [0.55663896 0.11993987 0.32342115]]
probabilities: [[0.04395573 0.5194937  0.4365506 ]
 [0.0980423  0.1949802  0.7069775 ]
 [0.06977385 0.05977764 0.8704485 ]
 [0.5258032  0.07769517 0.39650163]
 [0.11085456 0.29391888 0.5952266 ]]
probabilities: [[1. 0. 0.]
 [1. 0. 0.]
 [1. 0. 0.]
 [1. 0. 0.]
 [1. 0. 0.]]
probabilities: [[0.20541774 0.08539151 0.7091907 ]
 [0.3552328  0.22647011 0.41829708]
 [0.7800648  0.10034066 0.11959454]
 [0.10658604 0.5112242  0.38218972]
 [0.01480898 0.5442268  0.4409642 ]]
probabilities: [[0.60196066 0.10531857 0.29272076]
 [0.3539679  0.63571066 0.01032145]
 [0.4261417  0.13302588 0.4408324 ]
 [0.72530246 0.09943436 0.1752632 ]
 [0.2965382  0.43752733 0.26593444]]
probabilities: [[0.00460366 0.72154146 0.2738549 ]
 [0.4576377  0.15352868 0.3888336 ]
 [0.32279572 0.51445645 0.1627478 ]
 [0.36258912 0.49902216 0.13838871]
 [0.19864666 0.05483377 0.74651957]]
probabilities: [[0. 0. 1.]
 [0. 1. 0.]
 [0. 1. 0.]
 [0. 0. 1.]
 [0. 0. 1.]]
probabilities: [[0.0985108  0.67640424 0.22508496]
 [0.12028275 0.19705492 0.6826623 ]
 [0.30460298 0.10017653 0.5952205 ]
 [0.07495423 0.41215488 0.5128909 ]
 [0.5160783  0.13308772 0.35083398]]
probabilities: [[0.07633527 0.152521   0.77114373]
 [0.43596327 0.43860978 0.12542696]
 [0.04916114 0.32728145 0.6235574 ]
 [0.6920204  0.07219514 0.23578444]
 [0.39362055 0.6014569  0.00492258]]
probabilities: [[0.00662507 0.9482845  0.04509039]
 [0.84343684 0.15472393 0.00183922]
 [0.19004287 0.5614172  0.24853988]
 [0.27929458 0.02106008 0.69964534]
 [0.7508988  0.07291885 0.17618234]]
probabilities: [[0. 1. 0.]
 [0. 1. 0.]
 [0. 1. 0.]
 [0. 1. 0.]
 [0. 1. 0.]]
probabilities: [[0.00421671 0.94733024 0.04845302]
 [0.5429364  0.44750804 0.00955558]
 [0.27343875 0.03829636 0.6882649 ]
 [0.6960134  0.15279928 0.15118732]
 [0.56814086 0.06195467 0.3699045 ]]
probabilities: [[0.22957495 0.07646295 0.6939621 ]
 [0.74219525 0.14583324 0.1119715 ]
 [0.12351823 0.25605533 0.6204264 ]
 [0.32276374 0.3235055  0.35373077]
 [0.10737743 0.66805977 0.22456278]]
probabilities: [[0.25050372 0.43025404 0.31924224]
 [0.5541345  0.3959515  0.04991401]
 [0.5399488  0.27895847 0.1810927 ]
 [0.306122   0.20944221 0.4844358 ]
 [0.5439078  0.3732109  0.08288127]]
probabilities: [[0. 0. 1.]
 [0. 1. 0.]
 [0. 1. 0.]
 [0. 0. 1.]
 [0. 0. 1.]]
probabilities: [[0.09526899 0.8071623  0.09756876]
 [0.03740586 0.6814249  0.28116924]
 [0.34768486 0.38130704 0.2710081 ]
 [0.97569984 0.00360445 0.02069572]
 [0.3529031  0.12223403 0.5248629 ]]
probabilities: [[0.2302456  0.32943568 0.4403187 ]
 [0.18158087 0.11686185 0.7015573 ]
 [0.8201425  0.1760499  0.00380758]
 [0.30056    0.6527996  0.04664039]
 [0.19173735 0.41483295 0.3934297 ]]
probabilities: [[0.16225277 0.1258831  0.7118641 ]
 [0.6330117  0.13338628 0.233602  ]
 [0.39539236 0.016473   0.58813465]
 [0.57104784 0.35177898 0.07717314]
 [0.13020414 0.05171368 0.81808215]]
probabilities: [[0. 0. 1.]
 [0. 1. 0.]
 [0. 1. 0.]
 [0. 0. 1.]
 [0. 0. 1.]]
probabilities: [[0.6424598  0.35249263 0.00504756]
 [0.4813962  0.00311767 0.5154861 ]
 [0.21774985 0.34946263 0.43278754]
 [0.1649069  0.35606107 0.479032  ]
 [0.72941595 0.01790939 0.25267464]]
probabilities: [[0.24120921 0.7181546  0.04063617]
 [0.3216775  0.29587257 0.38244992]
 [0.01480254 0.7641468  0.22105068]
 [0.30132774 0.40639198 0.29228032]
 [0.61091906 0.06698953 0.32209143]]
probabilities: [[0.14544341 0.603438   0.25111857]
 [0.33856606 0.5565896  0.10484436]
 [0.14001718 0.7707224  0.08926041]
 [0.43084657 0.04188516 0.52726823]
 [0.3669691  0.2696521  0.3633788 ]]
probabilities: [[1. 0. 0.]
 [1. 0. 0.]
 [1. 0. 0.]
 [1. 0. 0.]
 [1. 0. 0.]]
probabilities: [[0.22051355 0.30658245 0.472904  ]
 [0.14038967 0.4487116  0.41089872]
 [0.48479977 0.4570132  0.05818701]
 [0.8079577  0.16371821 0.02832408]
 [0.28899357 0.32717872 0.3838277 ]]
probabilities: [[0.05060312 0.8038544  0.14554247]
 [0.61811334 0.33108243 0.05080419]
 [0.19419555 0.47070834 0.33509612]
 [0.5940425  0.1539719  0.2519856 ]
 [0.08289063 0.59871274 0.31839666]]
probabilities: [[4.0091309e-01 5.9908485e-01 2.0440632e-06]
 [7.0456952e-01 2.2806840e-01 6.7362070e-02]
 [4.6791530e-01 5.2383065e-01 8.2540689e-03]
 [7.6125193e-01 9.5675297e-02 1.4307277e-01]
 [2.9368407e-01 6.7731917e-01 2.8996769e-02]]
probabilities: [[0. 0. 1.]
 [0. 1. 0.]
 [0. 0. 1.]
 [0. 0. 1.]
 [0. 0. 1.]]
probabilities: [[0.18169224 0.23497055 0.5833372 ]
 [0.06410719 0.02683071 0.9090621 ]
 [0.70408165 0.29424706 0.00167126]
 [0.19856273 0.66398525 0.13745204]
 [0.21308184 0.37014493 0.4167732 ]]
probabilities: [[0.13910685 0.32077697 0.5401162 ]
 [0.6129322  0.22484452 0.16222331]
 [0.22219066 0.40394455 0.37386477]
 [0.45470145 0.3400964  0.20520212]
 [0.05037146 0.66705126 0.28257728]]
probabilities: [[0.63305205 0.29913595 0.06781197]
 [0.12328502 0.575598   0.30111694]
 [0.23743634 0.38721156 0.3753521 ]
 [0.29413423 0.04431258 0.6615532 ]
 [0.6660615  0.0598416  0.27409688]]
probabilities: [[1. 0. 0.]
 [1. 0. 0.]
 [1. 0. 0.]
 [1. 0. 0.]
 [1. 0. 0.]]
probabilities: [[0.34131262 0.18632978 0.4723576 ]
 [0.35933486 0.04598666 0.59467846]
 [0.28163823 0.38181302 0.33654872]
 [0.04927843 0.82625955 0.12446201]
 [0.5285874  0.08950253 0.38191006]]
probabilities: [[0.53610724 0.04167626 0.42221648]
 [0.46198532 0.26713747 0.2708772 ]
 [0.50570273 0.11259723 0.38170007]
 [0.02322963 0.6288304  0.34794   ]
 [0.02378434 0.7088645  0.26735115]]
probabilities: [[0.8182646  0.12686764 0.05486778]
 [0.05055095 0.93237066 0.01707838]
 [0.18508998 0.4451145  0.36979553]
 [0.10819495 0.21329792 0.67850715]
 [0.21179426 0.5192214  0.26898435]]
probabilities: [[0. 0. 1.]
 [0. 1. 0.]
 [0. 0. 1.]
 [0. 0. 1.]
 [0. 0. 1.]]
probabilities: [[0.3051285  0.23500822 0.45986325]
 [0.09912909 0.4106176  0.49025333]
 [0.09129646 0.2685088  0.6401948 ]
 [0.71364963 0.22770178 0.05864857]
 [0.30435497 0.32884836 0.36679664]]
probabilities: [[0.27629265 0.5640561  0.15965122]
 [0.24659798 0.16298132 0.5904207 ]
 [0.29570967 0.00298112 0.7013092 ]
 [0.16981663 0.52582026 0.30436313]
 [0.18999521 0.2842488  0.525756  ]]
probabilities: [[0.18747668 0.37893894 0.43358436]
 [0.02105403 0.6163273  0.36261868]
 [0.89661276 0.08077968 0.02260754]
 [0.7102228  0.10012578 0.18965144]
 [0.25816724 0.100385   0.6414478 ]]
probabilities: [[1. 0. 0.]
 [1. 0. 0.]
 [1. 0. 0.]
 [1. 0. 0.]
 [1. 0. 0.]]
probabilities: [[0.16964126 0.43619537 0.39416337]
 [0.7148063  0.12930457 0.15588914]
 [0.21844819 0.14429517 0.6372566 ]
 [0.09589192 0.31153858 0.5925695 ]
 [0.28370398 0.46064183 0.2556542 ]]
probabilities: [[0.31862527 0.3589815  0.32239324]
 [0.43783653 0.27536276 0.2868007 ]
 [0.18868525 0.38869408 0.42262065]
 [0.14185174 0.81036735 0.04778091]
 [0.06289315 0.28085533 0.6562515 ]]
probabilities: [[0.18483838 0.3809202  0.43424144]
 [0.12519802 0.4404746  0.43432736]
 [0.00448412 0.6086188  0.3868971 ]
 [0.0598543  0.32984987 0.61029583]
 [0.29713383 0.16027883 0.54258734]]
probabilities: [[1. 0. 0.]
 [1. 0. 0.]
 [1. 0. 0.]
 [1. 0. 0.]
 [1. 0. 0.]]
probabilities: [[0.9510355  0.02527059 0.02369391]
 [0.4493351  0.17962758 0.3710373 ]
 [0.23814747 0.6824303  0.07942221]
 [0.30060124 0.5030793  0.19631948]
 [0.7266108  0.11021298 0.16317622]]
probabilities: [[0.05621894 0.5393885  0.40439257]
 [0.50221485 0.15368818 0.344097  ]
 [0.08128133 0.4181553  0.5005634 ]
 [0.03798745 0.19487633 0.7671362 ]
 [0.08943152 0.90697896 0.0035895 ]]
probabilities: [[0.08549091 0.3196395  0.59486955]
 [0.6438343  0.17468116 0.18148458]
 [0.29017508 0.57638365 0.13344127]
 [0.08402599 0.6445751  0.2713989 ]
 [0.14007646 0.36476678 0.49515676]]
probabilities: [[1. 0. 0.]
 [1. 0. 0.]
 [1. 0. 0.]
 [1. 0. 0.]
 [1. 0. 0.]]
probabilities: [[0.10247428 0.30613637 0.59138936]
 [0.14447944 0.7333094  0.12221119]
 [0.56056863 0.07906775 0.36036363]
 [0.49982435 0.28626624 0.21390943]
 [0.47209358 0.24020115 0.28770527]]
probabilities: [[0.30358434 0.6154955  0.08092016]
 [0.2606144  0.11889328 0.62049234]
 [0.14213635 0.8247421  0.03312156]
 [0.05856513 0.7789543  0.16248053]
 [0.1220131  0.26279575 0.61519116]]
probabilities: [[0.3764204  0.49242994 0.13114965]
 [0.8396675  0.07872999 0.08160253]
 [0.5369099  0.33580592 0.12728423]
 [0.15246964 0.3712097  0.47632065]
 [0.0305076  0.9193595  0.05013292]]
probabilities: [[0. 1. 0.]
 [0. 1. 0.]
 [0. 1. 0.]
 [0. 1. 0.]
 [0. 1. 0.]]
probabilities: [[0.6165809  0.30400437 0.07941476]
 [0.5636149  0.32231316 0.11407191]
 [0.19570962 0.7700738  0.03421662]
 [0.5399009  0.14793347 0.31216562]
 [0.09151039 0.30918458 0.59930503]]
probabilities: [[0.19944784 0.6471861  0.15336604]
 [0.05377265 0.58137256 0.3648548 ]
 [0.21921192 0.3361294  0.44465867]
 [0.654018   0.27586702 0.07011501]
 [0.13589235 0.37815034 0.48595732]]
probabilities: [[0.6816119  0.25632185 0.06206623]
 [0.37793756 0.5210794  0.10098302]
 [0.2012164  0.53591275 0.26287088]
 [0.46947348 0.01447686 0.5160497 ]
 [0.02382524 0.724903   0.25127175]]
probabilities: [[0. 0. 1.]
 [0. 1. 0.]
 [0. 0. 1.]
 [0. 0. 1.]
 [0. 0. 1.]]
probabilities: [[0.21540587 0.7563504  0.02824373]
 [0.06999121 0.7451243  0.18488449]
 [0.34205705 0.00263726 0.6553057 ]
 [0.14348258 0.18439956 0.6721179 ]
 [0.1885993  0.61664593 0.19475475]]
probabilities: [[0.19961707 0.65281945 0.14756344]
 [0.15742205 0.74602294 0.09655502]
 [0.0240043  0.39861533 0.57738036]
 [0.19340938 0.4250313  0.3815593 ]
 [0.13178411 0.7270388  0.14117706]]
probabilities: [[0.574273   0.22736056 0.19836643]
 [0.33078623 0.6105994  0.05861438]
 [0.02846576 0.68267757 0.28885666]
 [0.3130818  0.6192491  0.06766912]
 [0.07723058 0.6091585  0.31361094]]
probabilities: [[0. 0. 1.]
 [0. 1. 0.]
 [0. 1. 0.]
 [0. 0. 1.]
 [0. 0. 1.]]
probabilities: [[0.1843389  0.48187482 0.33378628]
 [0.58867466 0.03479287 0.3765325 ]
 [0.2484215  0.08443757 0.6671409 ]
 [0.17428872 0.76357216 0.06213915]
 [0.13275015 0.1385567  0.7286931 ]]
probabilities: [[0.2554285  0.3558023  0.3887692 ]
 [0.7142527  0.00545025 0.28029704]
 [0.20452456 0.2994643  0.49601117]
 [0.5278946  0.08258978 0.38951558]
 [0.16984813 0.7014735  0.12867837]]
probabilities: [[0.6136882  0.12022909 0.26608273]
 [0.6974946  0.03584997 0.2666554 ]
 [0.22634627 0.6052977  0.16835605]
 [0.12998024 0.5518619  0.31815788]
 [0.6809314  0.2340311  0.08503751]]
probabilities: [[0. 1. 0.]
 [0. 1. 0.]
 [0. 1. 0.]
 [0. 1. 0.]
 [0. 1. 0.]]
probabilities: [[0.28643322 0.35340145 0.3601653 ]
 [0.42082334 0.1909565  0.38822016]
 [0.2774162  0.58376914 0.13881466]
 [0.06095022 0.23397626 0.70507354]
 [0.34664142 0.11617409 0.5371845 ]]
probabilities: [[0.664625   0.07097222 0.2644028 ]
 [0.6038699  0.29992113 0.09620899]
 [0.5936383  0.16424902 0.2421127 ]
 [0.4625746  0.4558929  0.08153252]
 [0.52948374 0.3124829  0.15803337]]
probabilities: [[0.9225275  0.06991553 0.007557  ]
 [0.08323924 0.8905203  0.02624051]
 [0.05764751 0.5544054  0.38794708]
 [0.52223724 0.41999176 0.057771  ]
 [0.19710839 0.34244534 0.46044627]]
probabilities: [[1. 0. 0.]
 [1. 0. 0.]
 [1. 0. 0.]
 [1. 0. 0.]
 [1. 0. 0.]]
probabilities: [[0.05500938 0.09376562 0.851225  ]
 [0.20180802 0.37206912 0.42612287]
 [0.31503677 0.5772106  0.10775261]
 [0.81427765 0.11318466 0.0725377 ]
 [0.3828737  0.48486137 0.13226494]]
probabilities: [[0.5970717  0.37255612 0.03037217]
 [0.61396116 0.3022409  0.0837979 ]
 [0.2993543  0.05199462 0.64865106]
 [0.099641   0.22488822 0.67547077]
 [0.0784253  0.09818798 0.8233867 ]]
probabilities: [[0.1731378  0.74376553 0.0830967 ]
 [0.729806   0.23098083 0.03921317]
 [0.14131798 0.6277773  0.23090476]
 [0.41804412 0.48833498 0.09362089]
 [0.15964828 0.51655334 0.32379836]]
probabilities: [[1. 0. 0.]
 [1. 0. 0.]
 [1. 0. 0.]
 [1. 0. 0.]
 [1. 0. 0.]]
probabilities: [[0.1728138  0.14869085 0.67849535]
 [0.54017454 0.09086297 0.36896247]
 [0.61708266 0.00419097 0.37872636]
 [0.21547906 0.7304251  0.05409583]
 [0.25290272 0.30442753 0.44266975]]
probabilities: [[0.9317741  0.03794514 0.03028076]
 [0.12769136 0.44297203 0.4293366 ]
 [0.1262126  0.553609   0.3201784 ]
 [0.8805413  0.0499606  0.06949806]
 [0.5433549  0.03018372 0.42646137]]
probabilities: [[0.0579421  0.5858655  0.35619244]
 [0.6525404  0.32796156 0.01949807]
 [0.66132873 0.20482132 0.13384996]
 [0.7167614  0.00298211 0.28025645]
 [0.5759641  0.319924   0.10411191]]
probabilities: [[0. 0. 1.]
 [0. 1. 0.]
 [0. 0. 1.]
 [0. 0. 1.]
 [0. 0. 1.]]
probabilities: [[0.4492662  0.03398662 0.5167472 ]
 [0.8277528  0.02146817 0.150779  ]
 [0.7872221  0.03534882 0.17742907]
 [0.19808097 0.2164209  0.58549815]
 [0.14589645 0.14339246 0.71071106]]
probabilities: [[0.2138663  0.17770487 0.60842884]
 [0.8802225  0.0422568  0.07752069]
 [0.03462011 0.19992886 0.765451  ]
 [0.24439617 0.00975217 0.74585164]
 [0.7572218  0.20437941 0.03839875]]
probabilities: [[0.2139365  0.11480298 0.67126054]
 [0.25412464 0.7009783  0.04489707]
 [0.26452962 0.21640858 0.5190618 ]
 [0.3365935  0.25222665 0.41117984]
 [0.02501334 0.58724    0.3877467 ]]
probabilities: [[1. 0. 0.]
 [1. 0. 0.]
 [1. 0. 0.]
 [1. 0. 0.]
 [1. 0. 0.]]
probabilities: [[0.34078196 0.49904454 0.1601735 ]
 [0.5480933  0.20142679 0.25047988]
 [0.45335248 0.25733027 0.28931725]
 [0.09769218 0.37194613 0.5303617 ]
 [0.22745694 0.3629242  0.40961888]]
probabilities: [[0.12864178 0.37221703 0.4991412 ]
 [0.07563359 0.6611536  0.2632128 ]
 [0.57414687 0.00245339 0.42339975]
 [0.2965622  0.06449224 0.6389456 ]
 [0.51858157 0.42674598 0.05467241]]
probabilities: [[0.65709484 0.07869302 0.26421213]
 [0.11491436 0.35250336 0.5325823 ]
 [0.2330506  0.57877856 0.18817085]
 [0.59364057 0.2083433  0.1980161 ]
 [0.44900796 0.21565382 0.3353382 ]]
probabilities: [[0. 1. 0.]
 [0. 1. 0.]
 [0. 1. 0.]
 [0. 1. 0.]
