probabilities: [[0. 1. 0.]
 [0. 1. 0.]
 [0. 1. 0.]
 [0. 1. 0.]
 [0. 1. 0.]]
probabilities: [[0.616003   0.22838789 0.15560912]
 [0.6938383  0.03533658 0.2708251 ]
 [0.01106676 0.58670396 0.4022293 ]
 [0.6449293  0.15071651 0.20435417]
 [0.5686132  0.3151414  0.11624543]]
probabilities: [[0.21534184 0.4753951  0.30926305]
 [0.4295544  0.5466907  0.02375491]
 [0.80413395 0.07803433 0.11783174]
 [0.00588158 0.4374403  0.5566781 ]
 [0.6195691  0.24491277 0.1355181 ]]
probabilities: [[0.18713252 0.7434425  0.06942498]
 [0.03569229 0.3149769  0.6493308 ]
 [0.00417091 0.72291744 0.2729116 ]
 [0.09432113 0.2631004  0.6425785 ]
 [0.03747112 0.3450898  0.6174391 ]]
probabilities: [[0. 0. 1.]
 [0. 1. 0.]
 [0. 0. 1.]
 [0. 0. 1.]
 [0. 0. 1.]]
probabilities: [[0.8726296  0.0468072  0.08056322]
 [0.13312587 0.35230255 0.5145716 ]
 [0.22885701 0.00933501 0.761808  ]
 [0.40866402 0.02795905 0.56337696]
 [0.39127836 0.02325667 0.58546495]]
probabilities: [[0.33110225 0.00506    0.6638378 ]
 [0.66062874 0.22518337 0.11418791]
 [0.06171424 0.14921898 0.7890668 ]
 [0.35344806 0.26934266 0.37720928]
 [0.33125952 0.6428597  0.02588076]]
probabilities: [[0.17509167 0.71356237 0.11134595]
 [0.14004955 0.45578447 0.40416598]
 [0.00276021 0.7890249  0.20821492]
 [0.06900222 0.10261749 0.8283803 ]
 [0.20092025 0.32216832 0.47691143]]
probabilities: [[0. 1. 0.]
 [0. 1. 0.]
 [0. 1. 0.]
 [0. 1. 0.]
 [0. 1. 0.]]
probabilities: [[0.7028377  0.22434068 0.07282164]
 [0.21228734 0.40165943 0.38605323]
 [0.10432798 0.6774337  0.21823831]
 [0.28081337 0.43132037 0.28786626]
 [0.0041036  0.74702084 0.24887554]]
probabilities: [[0.05355281 0.7178143  0.22863288]
 [0.0083138  0.09669554 0.8949907 ]
 [0.28625113 0.42490306 0.2888458 ]
 [0.5915864  0.38732842 0.02108514]
 [0.16436325 0.07491108 0.7607257 ]]
probabilities: [[0.41097537 0.3873693  0.20165531]
 [0.62451416 0.28175426 0.09373156]
 [0.5167098  0.4183663  0.06492388]
 [0.02051869 0.8905058  0.08897555]
 [0.30283105 0.58349395 0.11367501]]
probabilities: [[1. 0. 0.]
 [1. 0. 0.]
 [1. 0. 0.]
 [1. 0. 0.]
 [1. 0. 0.]]
probabilities: [[0.24023539 0.15013473 0.60962987]
 [0.1917886  0.44991976 0.35829163]
 [0.20300533 0.51898086 0.27801383]
 [0.341516   0.04635178 0.61213225]
 [0.31549585 0.58169883 0.1028053 ]]
probabilities: [[0.4475221  0.4739455  0.07853241]
 [0.15703268 0.1749221  0.6680452 ]
 [0.52003413 0.06762291 0.41234297]
 [0.54320186 0.17905049 0.27774763]
 [0.61698186 0.15678258 0.22623555]]
probabilities: [[0.50817955 0.05280322 0.43901724]
 [0.90936196 0.00715288 0.08348513]
 [0.62418896 0.19340487 0.18240619]
 [0.70249254 0.18851174 0.10899573]
 [0.44888854 0.25546739 0.29564407]]
probabilities: [[0. 0. 1.]
 [0. 1. 0.]
 [0. 1. 0.]
 [0. 0. 1.]
 [0. 0. 1.]]
probabilities: [[0.27069008 0.45266372 0.2766462 ]
 [0.38085404 0.13792257 0.4812234 ]
 [0.3891285  0.02800628 0.58286524]
 [0.40772936 0.12927425 0.4629964 ]
 [0.62254936 0.08181883 0.29563183]]
probabilities: [[0.82820684 0.0313894  0.14040378]
 [0.12852573 0.84507394 0.0264003 ]
 [0.297624   0.50082034 0.2015557 ]
 [0.42229012 0.251639   0.32607087]
 [0.67474794 0.16365512 0.16159697]]
probabilities: [[0.08741682 0.17435236 0.7382308 ]
 [0.26470375 0.50111127 0.23418501]
 [0.73388666 0.21332404 0.05278932]
 [0.7087837  0.12877117 0.16244513]
 [0.02061284 0.09899329 0.88039386]]
probabilities: [[1. 0. 0.]
 [1. 0. 0.]
 [1. 0. 0.]
 [1. 0. 0.]
 [1. 0. 0.]]
probabilities: [[0.47888628 0.49653822 0.02457549]
 [0.04958406 0.40506825 0.5453477 ]
 [0.01646868 0.00786707 0.97566426]
 [0.09516439 0.59404534 0.31079027]
 [0.05988619 0.8414269  0.0986869 ]]
probabilities: [[0.30513835 0.00559034 0.68927133]
 [0.04134472 0.53431803 0.42433724]
 [0.5609929  0.32590058 0.11310655]
 [0.28252652 0.4210452  0.2964283 ]
 [0.00936423 0.5670938  0.42354196]]
probabilities: [[0.03221522 0.53649825 0.43128654]
 [0.6587349  0.1260645  0.2152006 ]
 [0.49844462 0.03879554 0.46275985]
 [0.11172172 0.21803975 0.6702385 ]
 [0.19768003 0.14788523 0.65443474]]
probabilities: [[1. 0. 0.]
 [1. 0. 0.]
 [1. 0. 0.]
 [1. 0. 0.]
 [1. 0. 0.]]
probabilities: [[0.6100207  0.32244727 0.067532  ]
 [0.1429779  0.4870173  0.3700048 ]
 [0.18795885 0.11998869 0.6920525 ]
 [0.599548   0.18946014 0.21099186]
 [0.3144734  0.06392304 0.62160355]]
probabilities: [[0.16827784 0.06504006 0.7666821 ]
 [0.42539048 0.1622344  0.41237512]
 [0.53589547 0.45373315 0.01037137]
 [0.34792432 0.23880686 0.4132688 ]
 [0.7746905  0.09121524 0.13409427]]
probabilities: [[0.14045294 0.85672843 0.00281864]
 [0.8652187  0.00606672 0.12871458]
 [0.28043115 0.21332915 0.50623965]
 [0.31256813 0.36565718 0.3217747 ]
 [0.5078108  0.13104674 0.36114246]]
probabilities: [[0. 1. 0.]
 [0. 1. 0.]
 [0. 1. 0.]
 [0. 1. 0.]
 [0. 1. 0.]]
probabilities: [[0.49716362 0.3236671  0.17916927]
 [0.08746307 0.841468   0.07106895]
 [0.12899345 0.11033969 0.76066685]
 [0.52728933 0.22647792 0.24623275]
 [0.4076716  0.56223726 0.03009115]]
probabilities: [[0.6675595  0.01706774 0.31537274]
 [0.70571804 0.28134882 0.01293312]
 [0.03869963 0.833402   0.12789838]
 [0.83810306 0.04816343 0.11373352]
 [0.79600537 0.16906665 0.03492801]]
probabilities: [[0.38844094 0.48274827 0.12881081]
 [0.242935   0.5765984  0.18046658]
 [0.2679535  0.694698   0.03734851]
 [0.24055448 0.06928372 0.6901618 ]
 [0.5968726  0.04838295 0.3547444 ]]
probabilities: [[0. 0. 1.]
 [0. 1. 0.]
 [0. 0. 1.]
 [0. 0. 1.]
 [0. 0. 1.]]
probabilities: [[0.18532813 0.7826798  0.03199209]
 [0.24965811 0.42363626 0.3267056 ]
 [0.6781516  0.21285875 0.10898964]
 [0.84322333 0.06780747 0.08896918]
 [0.70301455 0.04217494 0.2548105 ]]
probabilities: [[0.03341362 0.69492775 0.27165863]
 [0.18933164 0.28317213 0.5274962 ]
 [0.36810085 0.34706193 0.28483722]
 [0.15275726 0.05299392 0.7942488 ]
 [0.40617552 0.4250978  0.1687267 ]]
probabilities: [[0.08907443 0.6921482  0.21877737]
 [0.1604415  0.01378128 0.82577723]
 [0.4064291  0.02697526 0.5665956 ]
 [0.7524005  0.1417299  0.10586961]
 [0.5962209  0.3875777  0.01620136]]
probabilities: [[0. 0. 1.]
 [0. 1. 0.]
 [0. 0. 1.]
 [0. 0. 1.]
 [0. 0. 1.]]
probabilities: [[0.8289396  0.01638879 0.15467162]
 [0.55486876 0.30066374 0.14446755]
 [0.05829716 0.44181028 0.49989256]
 [0.0907104  0.4726555  0.4366341 ]
 [0.72336674 0.04470454 0.23192872]]
probabilities: [[0.5470248  0.301209   0.15176621]
 [0.13264911 0.09950776 0.7678431 ]
 [0.58363336 0.23717445 0.17919219]
 [0.33634567 0.50086296 0.16279139]
 [0.7317984  0.08159084 0.18661077]]
probabilities: [[0.67339504 0.04119972 0.28540522]
 [0.14310692 0.11616518 0.7407279 ]
 [0.34789628 0.04357622 0.6085275 ]
 [0.08548405 0.8228112  0.09170478]
 [0.34474775 0.33357245 0.3216798 ]]
probabilities: [[0. 0. 1.]
 [0. 1. 0.]
 [0. 0. 1.]
 [0. 0. 1.]
 [0. 0. 1.]]
probabilities: [[0.8443604  0.04543229 0.11020727]
 [0.5129994  0.4054669  0.08153366]
 [0.4876711  0.00448014 0.50784874]
 [0.38683873 0.2397073  0.37345394]
 [0.03597597 0.6756552  0.28836882]]
probabilities: [[5.8707505e-02 2.2556122e-01 7.1573126e-01]
 [1.3733797e-01 7.6551270e-01 9.7149298e-02]
 [3.9266652e-01 6.0673994e-01 5.9353007e-04]
 [6.9830054e-03 9.1654736e-01 7.6469652e-02]
 [7.5625312e-01 1.1454933e-01 1.2919754e-01]]
probabilities: [[0.2273547  0.12177026 0.65087503]
 [0.7354467  0.04010824 0.22444504]
 [0.12525481 0.31984574 0.55489945]
 [0.57583076 0.162105   0.26206425]
 [0.37943694 0.46559066 0.15497242]]
probabilities: [[0. 0. 1.]
 [0. 1. 0.]
 [0. 0. 1.]
 [0. 0. 1.]
 [0. 0. 1.]]
probabilities: [[0.18895619 0.71292233 0.09812146]
 [0.5319254  0.18758038 0.28049427]
 [0.88280356 0.00096755 0.11622892]
 [0.23774008 0.38470033 0.3775596 ]
 [0.35727584 0.2745739  0.36815026]]
probabilities: [[0.00883527 0.24144363 0.7497211 ]
 [0.24366625 0.25073275 0.505601  ]
 [0.7290739  0.00120801 0.2697181 ]
 [0.87498146 0.04250618 0.08251238]
 [0.2516152  0.69670445 0.05168033]]
probabilities: [[0.24017522 0.0846883  0.6751365 ]
 [0.28412127 0.18924986 0.52662885]
 [0.09838615 0.34481925 0.5567946 ]
 [0.05627285 0.39856204 0.5451651 ]
 [0.14152433 0.12187887 0.7365968 ]]
probabilities: [[0. 0. 1.]
 [0. 1. 0.]
 [0. 0. 1.]
 [0. 0. 1.]
 [0. 0. 1.]]
probabilities: [[0.14211024 0.71468526 0.14320451]
 [0.605706   0.2186274  0.17566662]
 [0.51538736 0.23310988 0.25150278]
 [0.02430599 0.80726963 0.16842437]
 [0.00613961 0.59622496 0.39763543]]
probabilities: [[0.38258034 0.39655396 0.22086568]
 [0.5197064  0.0967673  0.3835263 ]
 [0.35728547 0.47110683 0.17160772]
 [0.04759224 0.25213948 0.70026827]
 [0.7605191  0.02222236 0.21725857]]
probabilities: [[0.02527411 0.55731785 0.41740805]
 [0.08066314 0.481728   0.43760887]
 [0.3537201  0.4932284  0.1530515 ]
 [0.46654767 0.03689513 0.4965572 ]
 [0.17264518 0.31376672 0.51358813]]
probabilities: [[0. 0. 1.]
 [0. 1. 0.]
 [0. 0. 1.]
 [0. 0. 1.]
 [0. 0. 1.]]
probabilities: [[0.69155425 0.13984215 0.1686036 ]
 [0.4558861  0.34182262 0.20229127]
 [0.34579808 0.37649414 0.2777078 ]
 [0.38215953 0.59614176 0.0216987 ]
 [0.01134444 0.7892962  0.19935934]]
probabilities: [[0.671429   0.06898224 0.25958878]
 [0.37182352 0.40628737 0.2218891 ]
 [0.67886955 0.13263662 0.18849382]
 [0.02979054 0.04508036 0.9251291 ]
 [0.39280242 0.05721561 0.54998195]]
probabilities: [[0.25511146 0.5647895  0.18009908]
 [0.82174516 0.01261409 0.16564076]
 [0.7379758  0.20609608 0.05592812]
 [0.29917982 0.29181185 0.40900832]
 [0.77112466 0.0905074  0.13836794]]
probabilities: [[0. 0. 1.]
 [0. 1. 0.]
 [0. 1. 0.]
 [0. 0. 1.]
 [0. 0. 1.]]
probabilities: [[0.00563107 0.46043155 0.5339374 ]
 [0.45574555 0.54157406 0.00268042]
 [0.14130437 0.15049762 0.708198  ]
 [0.44512203 0.42108563 0.13379234]
 [0.18062225 0.48365864 0.3357191 ]]
probabilities: [[0.04248127 0.22783315 0.7296856 ]
 [0.5277283  0.37299085 0.0992808 ]
 [0.45421398 0.08819406 0.45759198]
 [0.4991698  0.14149702 0.3593332 ]
 [0.12925898 0.5972509  0.27349016]]
probabilities: [[0.34693423 0.00663164 0.6464341 ]
 [0.33779597 0.6424588  0.01974524]
 [0.4140468  0.09118924 0.49476397]
 [0.11418841 0.78150654 0.10430504]
 [0.8983894  0.09088321 0.01072741]]
probabilities: [[0. 0. 1.]
 [0. 1. 0.]
 [0. 1. 0.]
 [0. 0. 1.]
 [0. 0. 1.]]
probabilities: [[0.08826178 0.8764515  0.03528672]
 [0.10784746 0.6286925  0.26346   ]
 [0.08124603 0.09329804 0.8254559 ]
 [0.49119732 0.04343318 0.4653695 ]
 [0.70020944 0.08578101 0.21400958]]
probabilities: [[0.05545102 0.13180315 0.8127458 ]
 [0.0556603  0.41890705 0.52543265]
 [0.14418572 0.82730705 0.02850721]
 [0.18527949 0.6862074  0.12851311]
 [0.85354847 0.01380934 0.13264221]]
probabilities: [[0.312893   0.06802047 0.6190865 ]
 [0.1001505  0.19244356 0.7074059 ]
 [0.2920215  0.14409953 0.56387895]
 [0.6994648  0.20830552 0.09222965]
 [0.43923262 0.23579583 0.32497156]]
probabilities: [[0. 0. 1.]
 [0. 1. 0.]
 [0. 0. 1.]
 [0. 0. 1.]
 [0. 0. 1.]]
probabilities: [[0.7485958  0.05991361 0.19149062]
 [0.14871983 0.7658242  0.08545598]
 [0.03629066 0.53834736 0.425362  ]
 [0.48223653 0.4396193  0.07814416]
 [0.04261213 0.8291447  0.12824316]]
probabilities: [[0.58370537 0.40968567 0.00660893]
 [0.31735978 0.6407782  0.04186205]
 [0.16077545 0.43549377 0.40373078]
 [0.19932133 0.74595225 0.05472641]
 [0.36073357 0.47986606 0.15940036]]
probabilities: [[0.13543999 0.47620183 0.38835818]
 [0.1611518  0.32436705 0.5144812 ]
 [0.11184879 0.51724774 0.37090346]
 [0.3587903  0.3086236  0.33258608]
 [0.14190859 0.5041273  0.3539641 ]]
probabilities: [[0. 1. 0.]
 [0. 1. 0.]
 [0. 1. 0.]
 [0. 1. 0.]
 [0. 1. 0.]]
probabilities: [[0.08648756 0.2378243  0.67568815]
 [0.138827   0.7387923  0.12238069]
 [0.0019103  0.6716404  0.32644928]
 [0.19692387 0.4271764  0.37589976]
 [0.93020356 0.00481226 0.06498419]]
probabilities: [[0.7813435  0.16021043 0.05844607]
 [0.63200605 0.3042226  0.06377136]
 [0.0908104  0.83466303 0.07452655]
 [0.47949755 0.39890796 0.12159448]
 [0.6509893  0.13218415 0.21682657]]
probabilities: [[0.71219313 0.15335253 0.13445432]
 [0.53969634 0.11688043 0.34342322]
 [0.3523764  0.2071734  0.44045022]
 [0.7835704  0.05893864 0.15749095]
 [0.56995153 0.38759625 0.04245222]]
probabilities: [[0. 0. 1.]
 [0. 1. 0.]
 [0. 0. 1.]
 [0. 0. 1.]
 [0. 0. 1.]]
probabilities: [[0.09403796 0.38931915 0.51664287]
 [0.5158304  0.00126037 0.48290923]
 [0.07761735 0.8264439  0.09593876]
 [0.23891644 0.4563877  0.30469584]
 [0.2670076  0.5364043  0.19658807]]
probabilities: [[0.10568054 0.4528323  0.44148713]
 [0.2883033  0.65195644 0.0597403 ]
 [0.08775029 0.8639444  0.04830531]
 [0.5001653  0.36375713 0.13607757]
 [0.24455115 0.3459508  0.40949804]]
probabilities: [[3.30061376e-01 5.48877656e-01 1.21060960e-01]
 [2.56386369e-01 1.01217479e-01 6.42396152e-01]
 [2.05386728e-01 7.94192314e-01 4.20982629e-04]
 [1.01465404e-01 4.78991300e-01 4.19543296e-01]
 [2.54454315e-01 6.92228258e-01 5.33173904e-02]]
probabilities: [[0. 0. 1.]
 [0. 1. 0.]
 [0. 0. 1.]
 [0. 0. 1.]
 [0. 0. 1.]]
probabilities: [[0.70772606 0.289286   0.00298798]
 [0.05997985 0.6297891  0.31023106]
 [0.27280575 0.3891402  0.33805406]
 [0.7892192  0.13649195 0.07428887]
 [0.43838626 0.37708437 0.18452933]]
probabilities: [[0.55795985 0.09513273 0.34690744]
 [0.955836   0.00767079 0.03649319]
 [0.46991336 0.31442872 0.21565792]
 [0.03603349 0.9023827  0.06158383]
 [0.14745611 0.45409554 0.39844835]]
probabilities: [[0.8476142  0.08015841 0.07222738]
 [0.17163335 0.6566162  0.17175044]
 [0.54337484 0.19851826 0.2581069 ]
 [0.01737593 0.41980654 0.5628175 ]
 [0.15991561 0.21206604 0.6280184 ]]
probabilities: [[0. 0. 1.]
 [0. 1. 0.]
 [0. 0. 1.]
 [0. 0. 1.]
 [0. 0. 1.]]
probabilities: [[0.9183067  0.07970856 0.00198476]
 [0.37188244 0.37605566 0.2520619 ]
 [0.4183252  0.5496323  0.0320425 ]
 [0.03415636 0.1951094  0.77073425]
 [0.14931007 0.3758235  0.47486642]]
probabilities: [[0.00460478 0.20986138 0.78553385]
 [0.38329786 0.02086295 0.5958392 ]
 [0.325516   0.17887856 0.49560547]
 [0.01916214 0.01376899 0.96706885]
 [0.2769767  0.03951854 0.68350476]]
probabilities: [[0.05801569 0.83895785 0.10302645]
 [0.5230916  0.06107214 0.41583624]
 [0.25240847 0.34615716 0.40143436]
 [0.06991386 0.10692853 0.8231576 ]
 [0.08888056 0.03111315 0.8800063 ]]
probabilities: [[0. 0. 1.]
 [0. 1. 0.]
 [0. 0. 1.]
 [0. 0. 1.]
 [0. 0. 1.]]
probabilities: [[0.09453377 0.71371055 0.19175568]
 [0.03672633 0.5658697  0.397404  ]
 [0.1737111  0.5441332  0.28215572]
 [0.35219532 0.00142878 0.6463759 ]
 [0.4293596  0.28810704 0.28253335]]
probabilities: [[0.07743751 0.19831015 0.72425234]
 [0.349456   0.26342127 0.38712272]
 [0.12352826 0.5119441  0.36452764]
 [0.23801464 0.3030526  0.45893276]
 [0.25101173 0.2675637  0.48142457]]
probabilities: [[0.6217048  0.3636849  0.01461028]
 [0.28478536 0.26262626 0.45258838]
 [0.0606607  0.06948522 0.8698541 ]
 [0.15101105 0.1932316  0.65575737]
 [0.07614576 0.10478457 0.8190697 ]]
probabilities: [[0. 1. 0.]
 [0. 1. 0.]
 [0. 1. 0.]
 [0. 1. 0.]
 [0. 1. 0.]]
probabilities: [[0.0918378  0.32719254 0.58096963]
 [0.61789894 0.1662089  0.21589215]
 [0.4389213  0.05796853 0.5031102 ]
 [0.02949704 0.9395116  0.03099135]
 [0.4657316  0.16518599 0.36908242]]
probabilities: [[0.30188298 0.15371117 0.5444058 ]
 [0.18171337 0.42340767 0.39487895]
 [0.4619184  0.4950038  0.0430778 ]
 [0.3665708  0.06715307 0.56627613]
 [0.8058998  0.02256214 0.17153805]]
probabilities: [[0.20431027 0.04021642 0.7554733 ]
 [0.00587493 0.88751304 0.10661202]
 [0.6189327  0.2605629  0.12050436]
 [0.67310905 0.27664015 0.0502508 ]
 [0.29395095 0.37665612 0.32939294]]
probabilities: [[0. 0. 1.]
 [0. 1. 0.]
 [0. 0. 1.]
 [0. 0. 1.]
 [0. 0. 1.]]
probabilities: [[0.19182739 0.46482876 0.34334385]
 [0.06682275 0.2603608  0.67281646]
 [0.25440648 0.00752883 0.73806465]
 [0.41759148 0.13236594 0.45004258]
 [0.23292002 0.15001701 0.617063  ]]
probabilities: [[0.20420337 0.3565146  0.43928203]
 [0.13764219 0.67888004 0.18347777]
 [0.18461598 0.08516701 0.730217  ]
 [0.88824695 0.09151011 0.02024294]
 [0.02178913 0.20774148 0.77046937]]
probabilities: [[0.787127   0.18058518 0.03228782]
 [0.25226817 0.50955933 0.23817249]
 [0.6007315  0.23969172 0.1595768 ]
 [0.19502962 0.7376428  0.06732757]
 [0.4558147  0.10809296 0.43609235]]
probabilities: [[0. 0. 1.]
 [0. 1. 0.]
 [0. 0. 1.]
 [0. 0. 1.]
 [0. 0. 1.]]
probabilities: [[0.45968664 0.05644968 0.48386368]
 [0.06585729 0.7149146  0.2192281 ]
 [0.04682186 0.17998226 0.77319586]
 [0.95236903 0.01209665 0.03553431]
 [0.1751617  0.3394494  0.48538888]]
probabilities: [[6.4221048e-01 2.4322810e-02 3.3346674e-01]
 [2.2054097e-01 8.2287792e-05 7.7937675e-01]
 [9.6167505e-02 7.3247522e-01 1.7135727e-01]
 [8.5085355e-02 8.1390858e-01 1.0100609e-01]
 [2.0521508e-01 3.7759596e-01 4.1718897e-01]]
probabilities: [[0.81856614 0.13301897 0.0484149 ]
 [0.5681752  0.0934903  0.3383345 ]
 [0.09612345 0.84944046 0.05443611]
 [0.36282113 0.36889255 0.26828632]
 [0.42189595 0.02503688 0.55306715]]
probabilities: [[1. 0. 0.]
 [1. 0. 0.]
 [1. 0. 0.]
 [1. 0. 0.]
 [1. 0. 0.]]
probabilities: [[0.19396435 0.4701665  0.33586916]
 [0.36137342 0.09241485 0.5462117 ]
 [0.692104   0.15760434 0.15029167]
 [0.69245386 0.14015889 0.16738726]
 [0.68270844 0.2140898  0.10320173]]
probabilities: [[0.21865551 0.13789834 0.64344615]
 [0.0256664  0.81255627 0.16177735]
 [0.06807859 0.7161367  0.21578468]
 [0.52717036 0.1721207  0.30070892]
 [0.02371313 0.8676902  0.10859668]]
probabilities: [[0.48985818 0.22834085 0.28180096]
 [0.05050315 0.74267644 0.20682041]
 [0.14908448 0.8261767  0.02473882]
 [0.1554695  0.58968383 0.25484663]
 [0.3479758  0.19601145 0.45601276]]
probabilities: [[0. 0. 1.]
 [0. 1. 0.]
 [0. 1. 0.]
 [0. 0. 1.]
 [0. 0. 1.]]
probabilities: [[0.12363169 0.86357576 0.01279258]
 [0.47070724 0.4659556  0.06333717]
 [0.01889908 0.443598   0.5375029 ]
 [0.24779947 0.51592314 0.23627739]
 [0.11907744 0.16367678 0.71724576]]
probabilities: [[0.08041173 0.8440845  0.07550378]
 [0.8655543  0.02437311 0.11007261]
 [0.3600862  0.5539815  0.08593234]
 [0.2310834  0.56421167 0.20470497]
 [0.02018642 0.9220059  0.05780769]]
probabilities: [[0.90911376 0.01530872 0.07557753]
 [0.09000468 0.19688612 0.7131092 ]
 [0.16222559 0.00821399 0.8295604 ]
 [0.4623245  0.08981948 0.447856  ]
 [0.13887003 0.69176745 0.16936255]]
probabilities: [[0. 0. 1.]
 [0. 1. 0.]
 [0. 1. 0.]
 [0. 0. 1.]
 [0. 0. 1.]]
probabilities: [[0.41184962 0.13032974 0.45782062]
 [0.2886085  0.15600944 0.5553821 ]
 [0.41876057 0.06356549 0.51767397]
 [0.55205804 0.089975   0.35796696]
 [0.4975283  0.45741552 0.04505617]]
probabilities: [[0.52111804 0.44984365 0.02903829]
 [0.34156236 0.5237672  0.13467045]
 [0.01266264 0.0793227  0.90801466]
 [0.11236594 0.49255434 0.39507973]
 [0.00191244 0.17265342 0.82543415]]
probabilities: [[0.30090803 0.6748842  0.02420779]
 [0.00632242 0.38040826 0.6132693 ]
 [0.27283558 0.2861595  0.44100493]
 [0.08517533 0.32282874 0.59199595]
 [0.19090272 0.6542978  0.15479943]]
probabilities: [[1. 0. 0.]
 [1. 0. 0.]
 [1. 0. 0.]
 [1. 0. 0.]
 [1. 0. 0.]]
probabilities: [[0.4253772  0.34787685 0.22674595]
 [0.04235996 0.05638862 0.90125144]
 [0.5339524  0.20885694 0.25719067]
 [0.6168146  0.13946572 0.2437197 ]
 [0.5260229  0.21696018 0.2570169 ]]
probabilities: [[0.13294366 0.66695297 0.20010339]
 [0.2474904  0.72645533 0.02605426]
 [0.03263255 0.0686745  0.89869297]
 [0.20402537 0.76606005 0.0299146 ]
 [0.5001406  0.28453508 0.2153243 ]]
probabilities: [[0.24529521 0.1148028  0.639902  ]
 [0.10999343 0.17444427 0.7155623 ]
 [0.07001698 0.31541333 0.6145697 ]
 [0.8228764  0.11454774 0.06257588]
 [0.3902963  0.39188567 0.21781802]]
probabilities: [[0. 1. 0.]
 [0. 1. 0.]
 [0. 1. 0.]
 [0. 1. 0.]
 [0. 1. 0.]]
probabilities: [[0.02777743 0.8259713  0.14625128]
 [0.17835043 0.32433665 0.49731293]
 [0.34603846 0.6101726  0.04378892]
 [0.06637524 0.87008804 0.06353672]
 [0.24001297 0.52766436 0.23232263]]
probabilities: [[0.3368993  0.3158668  0.3472339 ]
 [0.26875964 0.18777241 0.54346794]
 [0.31109178 0.6854084  0.0034998 ]
 [0.61911416 0.07011262 0.31077322]
 [0.34103003 0.5934175  0.06555245]]
probabilities: [[0.5140574  0.22843772 0.25750488]
 [0.299243   0.09722826 0.60352874]
 [0.03503256 0.8983388  0.06662863]
 [0.6525578  0.1090565  0.2383857 ]
 [0.7400523  0.20131658 0.05863115]]
probabilities: [[1. 0. 0.]
 [1. 0. 0.]
 [1. 0. 0.]
 [1. 0. 0.]
 [1. 0. 0.]]
probabilities: [[0.23765792 0.01073311 0.75160897]
 [0.02086593 0.49373323 0.48540086]
 [0.00744962 0.86130035 0.13125005]
 [0.05129382 0.08466898 0.8640372 ]
 [0.04434495 0.3045898  0.65106523]]
probabilities: [[0.78598195 0.13961205 0.07440597]
 [0.08691161 0.6392263  0.2738621 ]
 [0.01248947 0.92447245 0.06303807]
 [0.19276197 0.1845136  0.6227244 ]
 [0.36159658 0.24901107 0.38939232]]
probabilities: [[0.48758987 0.33672434 0.17568581]
 [0.27753714 0.02601274 0.6964501 ]
 [0.24522033 0.307757   0.44702268]
 [0.20523122 0.06450946 0.7302593 ]
 [0.699465   0.02921839 0.27131665]]
probabilities: [[0. 0. 1.]
 [0. 1. 0.]
 [0. 0. 1.]
 [0. 0. 1.]
 [0. 0. 1.]]
probabilities: [[0.2320078  0.13838714 0.62960505]
 [0.11903293 0.16007648 0.7208906 ]
 [0.35275337 0.540097   0.10714965]
 [0.19251516 0.19838534 0.6090995 ]
 [0.13509753 0.535469   0.32943347]]
probabilities: [[0.5543428  0.05237437 0.3932828 ]
 [0.6631803  0.33128327 0.00553645]
 [0.193543   0.54330355 0.2631534 ]
 [0.20055477 0.24432991 0.55511534]
 [0.8803546  0.0720963  0.04754911]]
probabilities: [[0.5390448  0.404714   0.05624123]
 [0.30596334 0.10760248 0.5864342 ]
 [0.42945856 0.5362328  0.03430862]
 [0.8492997  0.14290509 0.00779515]
 [0.31828165 0.1733708  0.5083476 ]]
probabilities: [[0. 0. 1.]
 [0. 1. 0.]
 [0. 0. 1.]
 [0. 0. 1.]
 [0. 0. 1.]]
probabilities: [[0.4671094  0.48335037 0.04954023]
 [0.03165105 0.18267961 0.7856693 ]
 [0.32093304 0.02341444 0.6556525 ]
 [0.331681   0.11674392 0.55157506]
 [0.42759252 0.50716716 0.06524032]]
probabilities: [[0.27143627 0.22187662 0.5066871 ]
 [0.10857307 0.28123787 0.6101891 ]
 [0.91694844 0.05956791 0.02348364]
 [0.20103405 0.78655404 0.01241192]
 [0.36853924 0.5045494  0.12691134]]
probabilities: [[0.3090863  0.29739782 0.39351588]
 [0.02417937 0.5992912  0.3765294 ]
 [0.47564745 0.448306   0.07604656]
 [0.2467022  0.69793403 0.0553638 ]
 [0.20923781 0.1509555  0.6398067 ]]
probabilities: [[0. 0. 1.]
 [0. 1. 0.]
 [0. 0. 1.]
 [0. 0. 1.]
 [0. 0. 1.]]
probabilities: [[0.25119284 0.5801785  0.16862865]
 [0.02084205 0.8486314  0.13052656]
 [0.5505126  0.24999039 0.19949697]
 [0.33137426 0.4057986  0.26282713]
 [0.5053319  0.13159731 0.36307082]]
probabilities: [[0.32625246 0.061848   0.61189955]
 [0.36832178 0.07092514 0.5607531 ]
 [0.2056374  0.79287493 0.00148768]
 [0.36037785 0.12011285 0.5195093 ]
 [0.7791854  0.02984238 0.1909722 ]]
probabilities: [[0.25148553 0.6258921  0.12262239]
 [0.44003424 0.14690901 0.41305673]
 [0.85322285 0.08725101 0.05952614]
 [0.15613994 0.32650182 0.51735824]
 [0.21015403 0.6072336  0.18261239]]
probabilities: [[1. 0. 0.]
 [1. 0. 0.]
 [1. 0. 0.]
 [1. 0. 0.]
 [1. 0. 0.]]
probabilities: [[0.8640385  0.04196418 0.09399731]
 [0.16835459 0.81485814 0.01678726]
 [0.03832993 0.23682459 0.72484547]
 [0.97149235 0.00144105 0.02706662]
 [0.07107365 0.569512   0.3594143 ]]
probabilities: [[0.16530518 0.7583603  0.07633446]
 [0.64094836 0.17453901 0.18451265]
 [0.13549045 0.7494418  0.11506777]
 [0.15213807 0.37233242 0.47552952]
 [0.15321513 0.23043066 0.6163542 ]]
probabilities: [[0.34931558 0.23032604 0.4203584 ]
 [0.5346174  0.27191207 0.19347054]
 [0.5179429  0.28766426 0.19439283]
 [0.30700108 0.3263656  0.36663333]
 [0.28130493 0.5070521  0.21164294]]
probabilities: [[0. 0. 1.]
 [0. 1. 0.]
 [0. 0. 1.]
 [0. 0. 1.]
 [0. 0. 1.]]
probabilities: [[0.79477084 0.03395861 0.17127055]
 [0.36613882 0.55347323 0.08038795]
 [0.5090555  0.16227616 0.32866833]
 [0.4704207  0.29638523 0.23319408]
 [0.65697384 0.29179472 0.05123143]]
probabilities: [[0.03206542 0.7302878  0.23764677]
 [0.15952489 0.60319555 0.23727956]
 [0.16328824 0.40284017 0.4338716 ]
 [0.44690725 0.35774627 0.19534646]
 [0.20946759 0.23460619 0.5559262 ]]
probabilities: [[0.44012344 0.11457529 0.44530126]
 [0.08631361 0.30669478 0.60699165]
 [0.30674565 0.5362077  0.15704666]
 [0.03065351 0.40026048 0.569086  ]
 [0.60154635 0.26515344 0.13330023]]
probabilities: [[0. 1. 0.]
 [0. 1. 0.]
 [0. 1. 0.]
 [0. 1. 0.]
 [0. 1. 0.]]
probabilities: [[0.04481496 0.65029085 0.30489418]
 [0.70733905 0.10450363 0.18815732]
 [0.27846262 0.6975178  0.02401959]
 [0.40135482 0.25909308 0.3395521 ]
 [0.49231493 0.36121288 0.14647219]]
probabilities: [[0.13444602 0.15868987 0.7068641 ]
 [0.6043907  0.09876885 0.2968405 ]
 [0.51471525 0.06595223 0.4193325 ]
 [0.36007732 0.2773776  0.36254507]
 [0.00760871 0.9275389  0.06485241]]
probabilities: [[0.87095916 0.04966875 0.07937206]
 [0.44185    0.31975114 0.23839886]
 [0.0330412  0.24493688 0.72202194]
 [0.54889077 0.02520451 0.4259047 ]
 [0.21071969 0.43166742 0.3576129 ]]
probabilities: [[1. 0. 0.]
 [1. 0. 0.]
 [1. 0. 0.]
 [1. 0. 0.]
 [1. 0. 0.]]
probabilities: [[0.12520766 0.5685092  0.30628312]
 [0.1092933  0.7509903  0.13971642]
 [0.76139456 0.00101329 0.23759215]
 [0.27384472 0.02571403 0.70044124]
 [0.4449819  0.27791345 0.27710462]]
probabilities: [[0.89238316 0.04379379 0.06382305]
 [0.2558196  0.5088544  0.23532604]
 [0.2725811  0.11991171 0.6075072 ]
 [0.31347567 0.29338542 0.39313895]
 [0.7283567  0.14611316 0.12553015]]
probabilities: [[0.01847407 0.6462058  0.33532012]
 [0.19378184 0.6952257  0.11099245]
 [0.5052459  0.32228604 0.17246802]
 [0.06145838 0.41576615 0.5227755 ]
 [0.28455368 0.27555683 0.4398895 ]]
probabilities: [[1. 0. 0.]
 [1. 0. 0.]
 [1. 0. 0.]
 [1. 0. 0.]
 [1. 0. 0.]]
probabilities: [[0.6122068  0.05860738 0.3291858 ]
 [0.14574327 0.30086586 0.55339086]
 [0.06678014 0.540709   0.39251083]
 [0.2867616  0.44697374 0.26626462]
 [0.42840382 0.5467752  0.02482093]]
probabilities: [[0.34627932 0.11372256 0.5399981 ]
 [0.57472426 0.31730506 0.10797071]
 [0.02389696 0.10920291 0.86690015]
 [0.09039157 0.3586718  0.55093664]
 [0.09620877 0.6301313  0.2736599 ]]
probabilities: [[0.26873457 0.5349445  0.19632097]
 [0.02758863 0.46433643 0.50807494]
 [0.15198414 0.04206273 0.80595315]
 [0.49298844 0.1382672  0.36874437]
 [0.00649928 0.15488513 0.8386156 ]]
probabilities: [[0. 1. 0.]
 [0. 1. 0.]
 [0. 1. 0.]
 [0. 1. 0.]
 [0. 1. 0.]]
probabilities: [[0.60543984 0.24680436 0.14775583]
 [0.5742465  0.09716073 0.32859275]
 [0.23451671 0.18853773 0.57694554]
 [0.22202781 0.55029005 0.22768216]
 [0.66465485 0.18933594 0.14600919]]
probabilities: [[0.3276417  0.41648364 0.25587466]
 [0.10887273 0.07435367 0.8167736 ]
 [0.03671381 0.5727466  0.3905396 ]
 [0.16399604 0.25126374 0.5847402 ]
 [0.00458842 0.58518755 0.41022402]]
probabilities: [[0.8001618  0.05793027 0.14190792]
 [0.23164427 0.0838066  0.6845491 ]
 [0.76349616 0.0121091  0.22439474]
 [0.9585275  0.02906847 0.01240401]
 [0.5833209  0.21289873 0.20378037]]
probabilities: [[0. 0. 1.]
 [0. 1. 0.]
 [0. 0. 1.]
 [0. 0. 1.]
 [0. 0. 1.]]
probabilities: [[0.42751315 0.02633298 0.5461539 ]
 [0.6970424  0.27719867 0.02575893]
 [0.15783651 0.45010236 0.39206114]
 [0.08495579 0.53239477 0.38264942]
 [0.05821131 0.647295   0.29449368]]
probabilities: [[0.5887206  0.29497412 0.11630525]
 [0.6636993  0.22027071 0.11602999]
 [0.89899325 0.03034062 0.0706661 ]
 [0.06983725 0.70629025 0.22387251]
 [0.5738022  0.19787546 0.22832236]]
probabilities: [[0.53815025 0.07351198 0.38833776]
 [0.10272328 0.40418416 0.49309257]
 [0.03287284 0.66817415 0.298953  ]
 [0.28894    0.56048536 0.15057465]
 [0.5205635  0.17322597 0.30621052]]
probabilities: [[0. 0. 1.]
 [0. 1. 0.]
 [0. 1. 0.]
 [0. 0. 1.]
 [0. 0. 1.]]
probabilities: [[0.4018378  0.2967911  0.3013711 ]
 [0.7566663  0.10710865 0.13622501]
 [0.21330777 0.06294423 0.72374797]
 [0.12608694 0.5043581  0.36955494]
 [0.47151193 0.16313496 0.36535308]]
probabilities: [[0.722492   0.03895685 0.2385512 ]
 [0.03036902 0.5818717  0.3877593 ]
 [0.19455169 0.67397046 0.13147788]
 [0.3641022  0.19789016 0.43800765]
 [0.7104083  0.2269808  0.06261095]]
probabilities: [[0.51793    0.28181472 0.2002553 ]
 [0.6654927  0.14846952 0.18603775]
 [0.24874169 0.49565914 0.25559917]
 [0.32483816 0.23389909 0.44126275]
 [0.08717214 0.5771656  0.33566225]]
probabilities: [[0. 0. 1.]
 [0. 1. 0.]
 [0. 0. 1.]
 [0. 0. 1.]
 [0. 0. 1.]]
probabilities: [[0.2548085  0.2883446  0.45684692]
 [0.11538388 0.6495825  0.23503363]
 [0.2891727  0.30213857 0.40868872]
 [0.77228403 0.06307248 0.16464351]
 [0.1747186  0.4459075  0.3793739 ]]
probabilities: [[0.27784988 0.5640224  0.15812767]
 [0.05693237 0.35878986 0.58427775]
 [0.18741184 0.7510029  0.06158527]
 [0.56447643 0.24842802 0.18709555]
 [0.5002268  0.20121652 0.2985567 ]]
probabilities: [[0.0630991  0.36057505 0.57632583]
 [0.16724107 0.62493885 0.20782007]
 [0.05173824 0.48187733 0.46638444]
 [0.22536646 0.60172015 0.1729134 ]
 [0.4124704  0.56522995 0.02229967]]
probabilities: [[0. 0. 1.]
 [0. 1. 0.]
 [0. 0. 1.]
 [0. 0. 1.]
 [0. 0. 1.]]
probabilities: [[0.37761426 0.5547167  0.06766899]
 [0.06770385 0.19456437 0.73773175]
 [0.2005133  0.5595959  0.23989083]
 [0.73656684 0.23991019 0.02352296]
 [0.26469293 0.26033348 0.4749736 ]]
probabilities: [[0.58471274 0.3219326  0.09335466]
 [0.07883772 0.06377029 0.857392  ]
 [0.39138436 0.50826025 0.10035541]
 [0.35226464 0.22058201 0.42715335]
 [0.13997076 0.7889032  0.07112604]]
probabilities: [[0.29182297 0.55553293 0.15264411]
 [0.6494221  0.16077192 0.18980597]
 [0.46677908 0.01227046 0.52095044]
 [0.3444933  0.16891645 0.48659027]
 [0.7119183  0.11556327 0.17251842]]
probabilities: [[1. 0. 0.]
 [1. 0. 0.]
 [1. 0. 0.]
 [1. 0. 0.]
 [1. 0. 0.]]
probabilities: [[0.34363383 0.3268464  0.32951978]
 [0.02787585 0.8568821  0.11524204]
 [0.35201034 0.05110902 0.5968807 ]
 [0.42064846 0.20504928 0.37430227]
 [0.45198345 0.22976601 0.31825054]]
probabilities: [[0.47599965 0.24916194 0.27483842]
 [0.21578321 0.08863778 0.695579  ]
 [0.33113405 0.35179827 0.31706768]
 [0.06314094 0.68709743 0.24976163]
 [0.65324646 0.06530275 0.28145078]]
probabilities: [[0.5599856  0.36922953 0.0707849 ]
 [0.06159854 0.8039708  0.13443063]
 [0.5149345  0.2563302  0.22873533]
 [0.17463608 0.47006786 0.35529605]
 [0.00618255 0.7342239  0.25959358]]
probabilities: [[0. 1. 0.]
 [0. 1. 0.]
 [0. 1. 0.]
 [0. 1. 0.]
 [0. 1. 0.]]
probabilities: [[0.13286655 0.758582   0.10855148]
 [0.40495208 0.01334071 0.5817072 ]
 [0.07086974 0.4415722  0.48755807]
 [0.3429632  0.53108543 0.12595136]
 [0.1901196  0.73041177 0.07946865]]
probabilities: [[0.8167084  0.09346645 0.08982515]
 [0.19232182 0.47603646 0.3316417 ]
 [0.38416007 0.07941739 0.53642255]
 [0.23843317 0.03715326 0.7244136 ]
 [0.08324078 0.11441953 0.8023397 ]]
probabilities: [[0.20292772 0.31913757 0.4779347 ]
 [0.35015762 0.04747869 0.6023637 ]
 [0.18080465 0.2272644  0.5919309 ]
 [0.15886265 0.15711163 0.6840257 ]
 [0.13638917 0.17954408 0.6840668 ]]
probabilities: [[0. 0. 1.]
 [0. 1. 0.]
 [0. 0. 1.]
 [0. 0. 1.]
 [0. 0. 1.]]
probabilities: [[0.07689172 0.41880047 0.5043078 ]
 [0.7206622  0.10292401 0.17641379]
 [0.14716053 0.8382666  0.01457288]
 [0.59265053 0.39794046 0.00940903]
 [0.60421365 0.3870334  0.00875293]]
probabilities: [[0.49927878 0.20063303 0.3000882 ]
 [0.05822818 0.92244744 0.0193244 ]
 [0.5064097  0.3584134  0.1351769 ]
 [0.0052414  0.9234196  0.071339  ]
 [0.3495865  0.308776   0.34163755]]
probabilities: [[0.0920282  0.3789302  0.5290416 ]
 [0.75497407 0.20559087 0.03943505]
 [0.48563212 0.40778637 0.10658152]
 [0.54244953 0.421617   0.03593351]
 [0.14189719 0.2665313  0.5915715 ]]
probabilities: [[1. 0. 0.]
 [1. 0. 0.]
 [1. 0. 0.]
 [1. 0. 0.]
 [1. 0. 0.]]
probabilities: [[0.22039522 0.4346223  0.34498248]
 [0.28842407 0.6605125  0.05106342]
 [0.8028076  0.07311415 0.12407824]
 [0.2800688  0.6095801  0.11035109]
 [0.07072135 0.51286215 0.41641653]]
probabilities: [[0.02017924 0.62422836 0.3555924 ]
 [0.73110354 0.08616928 0.18272719]
 [0.40244392 0.15654561 0.44101045]
 [0.34883153 0.35833362 0.29283485]
 [0.14125915 0.4905751  0.36816573]]
probabilities: [[0.78847545 0.12921946 0.08230507]
 [0.35685834 0.10164851 0.5414932 ]
 [0.7123971  0.17581435 0.11178859]
 [0.12121501 0.42579207 0.45299292]
 [0.5180411  0.42306098 0.05889794]]
probabilities: [[0. 1. 0.]
 [0. 1. 0.]
 [0. 1. 0.]
 [0. 1. 0.]
 [0. 1. 0.]]
probabilities: [[0.21691379 0.12263491 0.6604513 ]
 [0.07332899 0.24528849 0.68138254]
 [0.12183602 0.8040233  0.07414063]
 [0.22244588 0.33590254 0.44165158]
 [0.25464296 0.18083233 0.5645247 ]]
probabilities: [[0.28074247 0.50622153 0.213036  ]
 [0.08249765 0.8498487  0.06765366]
 [0.6972319  0.00668665 0.29608145]
 [0.5559729  0.24737497 0.19665213]
 [0.38885373 0.291152   0.31999424]]
probabilities: [[0.38867322 0.05022583 0.56110096]
 [0.24446568 0.20047241 0.55506194]
 [0.07577369 0.00983963 0.9143867 ]
 [0.41226542 0.44084653 0.14688802]
 [0.79664356 0.0773849  0.12597153]]
probabilities: [[1. 0. 0.]
 [1. 0. 0.]
 [1. 0. 0.]
 [1. 0. 0.]
 [1. 0. 0.]]
probabilities: [[0.22914621 0.19585305 0.5750007 ]
 [0.08943572 0.251989   0.6585753 ]
 [0.21348487 0.45440614 0.332109  ]
 [0.58550173 0.02017903 0.39431924]
 [0.09439402 0.32904935 0.5765566 ]]
probabilities: [[0.08994801 0.8061059  0.10394611]
 [0.13466008 0.7721036  0.09323631]
 [0.03785513 0.5779907  0.38415414]
 [0.35229123 0.46995237 0.17775637]
 [0.06175949 0.59063596 0.34760454]]
probabilities: [[0.56065035 0.15454848 0.2848012 ]
 [0.67348164 0.13465448 0.19186386]
 [0.53068674 0.37970397 0.0896093 ]
 [0.11143082 0.38678196 0.50178725]
 [0.02440966 0.08327849 0.8923119 ]]
probabilities: [[0. 0. 1.]
 [0. 1. 0.]
 [0. 1. 0.]
 [0. 0. 1.]
 [0. 0. 1.]]
probabilities: [[0.40524814 0.47117054 0.12358132]
 [0.1634519  0.10795485 0.72859323]
 [0.60558987 0.3624734  0.03193673]
 [0.15004708 0.66476184 0.18519107]
 [0.01059729 0.46323577 0.5261669 ]]
probabilities: [[0.36404982 0.09788434 0.53806585]
 [0.24893786 0.29157996 0.45948216]
 [0.17882474 0.7123696  0.10880566]
 [0.8109897  0.09410453 0.09490578]
 [0.03442087 0.6077333  0.3578458 ]]
probabilities: [[0.4106306  0.04454972 0.54481965]
 [0.62788725 0.31779703 0.05431569]
 [0.04958987 0.06838001 0.8820301 ]
 [0.27959836 0.6632842  0.05711744]
 [0.24318825 0.04725017 0.7095616 ]]
probabilities: [[1. 0. 0.]
 [1. 0. 0.]
 [1. 0. 0.]
 [1. 0. 0.]
 [1. 0. 0.]]
probabilities: [[0.17343356 0.45121935 0.3753471 ]
 [0.24909505 0.04872167 0.7021833 ]
 [0.34875366 0.3182711  0.33297527]
 [0.21346955 0.47898215 0.30754828]
 [0.61133796 0.05666942 0.33199263]]
probabilities: [[0.12817997 0.5905355  0.28128448]
 [0.01371033 0.44717807 0.5391116 ]
 [0.17157128 0.6344761  0.19395259]
 [0.17021775 0.19349435 0.63628787]
 [0.6239992  0.1894026  0.18659821]]
probabilities: [[0.54761887 0.07702047 0.37536067]
 [0.80925155 0.07614531 0.11460314]
 [0.17293155 0.456637   0.37043145]
 [0.14217077 0.15330657 0.70452267]
 [0.0701296  0.5303682  0.39950222]]
probabilities: [[0. 1. 0.]
 [0. 1. 0.]
 [0. 1. 0.]
 [0. 1. 0.]
 [0. 1. 0.]]
probabilities: [[0.20671102 0.05768519 0.7356038 ]
 [0.05613668 0.26448512 0.6793782 ]
 [0.10571254 0.75470996 0.13957752]
 [0.2767441  0.05986775 0.66338813]
 [0.47862366 0.12334868 0.39802766]]
probabilities: [[0.77111936 0.15515032 0.07373033]
 [0.00515735 0.75013727 0.24470536]
 [0.01522183 0.7766096  0.20816855]
 [0.03261461 0.9236557  0.04372969]
 [0.6730335  0.19444737 0.13251917]]
probabilities: [[0.16494855 0.14484137 0.6902101 ]
 [0.3888432  0.00111459 0.6100422 ]
 [0.27756414 0.09142628 0.6310096 ]
 [0.8578034  0.01590227 0.1262943 ]
 [0.2725882  0.6118456  0.11556617]]
probabilities: [[0. 1. 0.]
 [0. 1. 0.]
 [0. 1. 0.]
 [0. 1. 0.]
 [0. 1. 0.]]
probabilities: [[0.11816371 0.7951865  0.08664978]
 [0.68221265 0.11804528 0.19974203]
 [0.17935845 0.8022543  0.01838722]
 [0.09837961 0.40954474 0.49207565]
 [0.15782148 0.03131795 0.8108606 ]]
probabilities: [[0.08940279 0.8016629  0.1089343 ]
 [0.34280086 0.4517858  0.20541333]
 [0.02578787 0.57616544 0.3980467 ]
 [0.35350594 0.05347019 0.59302384]
 [0.3837335  0.27788404 0.33838242]]
probabilities: [[0.2787482  0.39014286 0.33110893]
 [0.23826556 0.29426092 0.4674735 ]
 [0.07485281 0.13028727 0.7948599 ]
 [0.0708487  0.1892237  0.7399276 ]
 [0.18138033 0.01305478 0.8055649 ]]
probabilities: [[0. 1. 0.]
 [0. 1. 0.]
 [0. 1. 0.]
 [0. 1. 0.]
 [0. 1. 0.]]
probabilities: [[0.06125169 0.5882624  0.35048595]
 [0.50757754 0.21399368 0.27842882]
 [0.2944766  0.46181768 0.24370572]
 [0.05701956 0.30312026 0.6398602 ]
 [0.03946239 0.85740227 0.10313537]]
probabilities: [[0.1737196  0.0881571  0.7381233 ]
 [0.03935542 0.39828828 0.5623563 ]
 [0.40351027 0.13173783 0.4647519 ]
 [0.43397373 0.00326626 0.56276   ]
 [0.7420575  0.039632   0.21831049]]
probabilities: [[0.03318886 0.8622915  0.10451962]
 [0.1332761  0.30458617 0.5621377 ]
 [0.9037771  0.08525393 0.01096897]
 [0.33896077 0.12589392 0.5351453 ]
 [0.18772714 0.27830192 0.53397095]]
probabilities: [[0. 0. 1.]
 [0. 1. 0.]
 [0. 1. 0.]
 [0. 0. 1.]
 [0. 0. 1.]]
probabilities: [[0.59544873 0.30667982 0.09787143]
 [0.1220037  0.71795887 0.16003744]
 [0.29510808 0.13395764 0.5709343 ]
 [0.5410888  0.2874204  0.1714908 ]
 [0.14149643 0.15474585 0.7037577 ]]
probabilities: [[0.2474571  0.65331006 0.09923285]
 [0.04010625 0.09982711 0.86006665]
 [0.08910579 0.7136429  0.1972513 ]
 [0.52815145 0.11791697 0.35393155]
 [0.6311287  0.19668704 0.1721842 ]]
probabilities: [[0.04133238 0.2955447  0.6631229 ]
 [0.02462735 0.49222618 0.48314646]
 [0.28509116 0.65267944 0.0622294 ]
 [0.3012026  0.56612724 0.1326702 ]
 [0.31826726 0.33733365 0.34439906]]
probabilities: [[0. 1. 0.]
 [0. 1. 0.]
 [0. 1. 0.]
 [0. 1. 0.]
 [0. 1. 0.]]
probabilities: [[0.6398067  0.24616298 0.11403032]
 [0.01737891 0.41395196 0.56866914]
 [0.24378467 0.5930652  0.16315016]
 [0.17501514 0.2342506  0.59073424]
 [0.49712265 0.32635707 0.17652029]]
probabilities: [[0.2554048  0.5843239  0.16027133]
 [0.30896813 0.29105252 0.39997938]
 [0.1067144  0.7021069  0.19117872]
 [0.5004085  0.3843755  0.11521601]
 [0.17483883 0.36940005 0.45576113]]
probabilities: [[0.2158071  0.7183842  0.06580868]
 [0.23708832 0.357469   0.40544268]
 [0.87891924 0.03702125 0.08405948]
 [0.09593607 0.8448237  0.05924019]
 [0.4219758  0.5312052  0.04681906]]
probabilities: [[0. 1. 0.]
 [0. 1. 0.]
 [0. 1. 0.]
 [0. 1. 0.]
 [0. 1. 0.]]
probabilities: [[0.12622075 0.5677905  0.30598873]
 [0.69227815 0.15392399 0.15379786]
 [0.31783435 0.6143033  0.06786237]
 [0.36978054 0.38411504 0.24610443]
 [0.39649925 0.14652093 0.4569798 ]]
probabilities: [[0.07638927 0.86990565 0.0537051 ]
 [0.39520484 0.5238306  0.08096455]
 [0.7528985  0.01568522 0.23141626]
 [0.8547138  0.0881369  0.05714933]
 [0.89312166 0.05545636 0.05142198]]
probabilities: [[0.059789   0.74447006 0.19574094]
 [0.6202981  0.07585385 0.3038481 ]
 [0.047998   0.3499708  0.60203123]
 [0.2821043  0.54255545 0.1753402 ]
 [0.08429167 0.9073763  0.00833205]]
probabilities: [[0. 0. 1.]
 [0. 1. 0.]
 [0. 0. 1.]
 [0. 0. 1.]
 [0. 0. 1.]]
probabilities: [[0.84318507 0.11613593 0.04067899]
 [0.2416077  0.4041824  0.3542099 ]
 [0.39640135 0.59093654 0.01266213]
 [0.1597815  0.7609839  0.07923463]
 [0.15276457 0.40061674 0.4466187 ]]
probabilities: [[0.07932353 0.40281722 0.5178593 ]
 [0.00967573 0.63051623 0.359808  ]
 [0.53696424 0.22463892 0.23839681]
 [0.30024725 0.43086916 0.2688836 ]
 [0.70195997 0.24050567 0.05753437]]
probabilities: [[0.17117155 0.05338366 0.7754448 ]
 [0.28635705 0.6651765  0.04846643]
 [0.42109716 0.0890972  0.48980564]
 [0.31106484 0.68444765 0.0044875 ]
 [0.30177838 0.60655254 0.09166908]]
probabilities: [[0. 0. 1.]
 [0. 1. 0.]
 [0. 0. 1.]
 [0. 0. 1.]
 [0. 0. 1.]]
probabilities: [[0.3634049  0.06467541 0.5719197 ]
 [0.01303396 0.8342795  0.15268658]
 [0.2164936  0.64079016 0.14271624]
 [0.82099646 0.03352584 0.14547768]
 [0.7457703  0.15867311 0.09555659]]
probabilities: [[0.50651675 0.47563124 0.01785202]
 [0.02623944 0.7788012  0.19495933]
 [0.27646378 0.4069355  0.3166007 ]
 [0.5651742  0.39647081 0.03835496]
 [0.40558296 0.45839545 0.13602158]]
probabilities: [[0.38954896 0.19059587 0.41985518]
 [0.7512041  0.17767817 0.07111777]
 [0.70108545 0.04902304 0.24989149]
 [0.18366581 0.6028761  0.21345806]
 [0.42073178 0.26077566 0.31849256]]
