probabilities: [[0. 1. 0.]
 [0. 1. 0.]
 [0. 1. 0.]
 [0. 1. 0.]
 [0. 1. 0.]]
probabilities: [[0.39268395 0.11042447 0.49689156]
 [0.79963976 0.04749778 0.15286247]
 [0.3114205  0.22159593 0.46698356]
 [0.25715366 0.66873026 0.07411608]
 [0.25304404 0.4639541  0.28300187]]
probabilities: [[0.18808849 0.65970427 0.15220723]
 [0.33722296 0.07610218 0.58667487]
 [0.06813093 0.27663043 0.6552386 ]
 [0.66404825 0.07401768 0.26193407]
 [0.25004432 0.04022043 0.7097353 ]]
probabilities: [[0.09871907 0.25296196 0.64831895]
 [0.25151283 0.12397866 0.6245085 ]
 [0.9029502  0.06969637 0.02735337]
 [0.17244205 0.1566079  0.67095006]
 [0.6144607  0.36983365 0.01570566]]
probabilities: [[0.17276406 0.51103896 0.31619698]
 [0.26932865 0.16210754 0.5685638 ]
 [0.10601147 0.19857931 0.69540924]
 [0.2771247  0.429753   0.2931223 ]
 [0.02630634 0.62714535 0.34654832]]
probabilities: [[0.23257847 0.43376875 0.3336528 ]
 [0.6996519  0.21341415 0.08693399]
 [0.04248747 0.03944363 0.9180689 ]
 [0.37190014 0.57225627 0.05584358]
 [0.45025966 0.24686156 0.30287877]]
probabilities: [[0. 0. 1.]
 [0. 1. 0.]
 [0. 0. 1.]
 [0. 0. 1.]
 [0. 0. 1.]]
probabilities: [[0.49231404 0.12929356 0.3783924 ]
 [0.06269237 0.8368124  0.10049523]
 [0.03301344 0.22241154 0.744575  ]
 [0.17059486 0.57160604 0.25779912]
 [0.1327759  0.67849123 0.18873288]]
probabilities: [[0.20909758 0.6461124  0.14479004]
 [0.34292534 0.18524715 0.4718275 ]
 [0.18400782 0.7314668  0.08452535]
 [0.1987427  0.02472839 0.7765289 ]
 [0.13278538 0.5190929  0.34812167]]
probabilities: [[0.5002269  0.34145805 0.15831505]
 [0.0931728  0.15462302 0.7522042 ]
 [0.29247573 0.14208789 0.56543636]
 [0.1360081  0.5567486  0.3072433 ]
 [0.63440216 0.02765695 0.3379409 ]]
probabilities: [[0.47098142 0.4733453  0.05567327]
 [0.6697319  0.1877334  0.14253467]
 [0.3367293  0.40116134 0.26210937]
 [0.36051425 0.6226342  0.01685158]
 [0.1888744  0.24679676 0.56432885]]
probabilities: [[0.08580603 0.68965167 0.2245423 ]
 [0.552532   0.42790067 0.01956731]
 [0.7800681  0.02976603 0.19016585]
 [0.01323843 0.20866854 0.77809304]
 [0.4575769  0.36857516 0.17384793]]
probabilities: [[1. 0. 0.]
 [1. 0. 0.]
 [1. 0. 0.]
 [1. 0. 0.]
 [1. 0. 0.]]
probabilities: [[0.561302   0.01743318 0.42126486]
 [0.45275918 0.3519281  0.19531272]
 [0.45572677 0.4239244  0.12034886]
 [0.17346172 0.17014353 0.6563948 ]
 [0.18678558 0.6643671  0.14884731]]
probabilities: [[0.19848421 0.04908945 0.7524263 ]
 [0.09833097 0.16719955 0.7344695 ]
 [0.06934531 0.3881035  0.5425512 ]
 [0.00199123 0.5006008  0.49740794]
 [0.6598241  0.24934836 0.09082754]]
probabilities: [[0.11133685 0.63659775 0.25206542]
 [0.19594036 0.28833196 0.5157277 ]
 [0.9470355  0.04331569 0.00964882]
 [0.74640924 0.146919   0.10667177]
 [0.43872163 0.45911056 0.10216781]]
probabilities: [[0.07943013 0.7569057  0.16366419]
 [0.44881293 0.41198945 0.13919763]
 [0.4496341  0.03522948 0.5151364 ]
 [0.3968809  0.09174724 0.5113719 ]
 [0.3339307  0.6346755  0.0313938 ]]
probabilities: [[0.43120092 0.05290641 0.5158927 ]
 [0.00598735 0.01216732 0.9818453 ]
 [0.5357232  0.42386043 0.04041639]
 [0.82868165 0.07830994 0.09300843]
 [0.1831085  0.04442604 0.77246547]]
probabilities: [[0. 0. 1.]
 [0. 1. 0.]
 [0. 0. 1.]
 [0. 0. 1.]
 [0. 0. 1.]]
probabilities: [[0.5569022  0.19274145 0.25035632]
 [0.22121562 0.760546   0.01823836]
 [0.21185318 0.44609523 0.3420516 ]
 [0.2260166  0.51142764 0.26255578]
 [0.05973236 0.38120338 0.55906427]]
probabilities: [[0.25261936 0.6117614  0.13561927]
 [0.01284123 0.22821292 0.7589458 ]
 [0.21157037 0.44848198 0.33994764]
 [0.90374136 0.03827581 0.05798282]
 [0.58648634 0.3820361  0.03147758]]
probabilities: [[0.3746181  0.3089367  0.3164452 ]
 [0.08908004 0.2964235  0.61449647]
 [0.24085234 0.5648834  0.19426428]
 [0.6926404  0.13483657 0.17252302]
 [0.51355034 0.38701504 0.09943464]]
probabilities: [[0.17456974 0.6644901  0.16094014]
 [0.09085967 0.6305396  0.27860075]
 [0.21075636 0.78104085 0.00820277]
 [0.11419175 0.12852028 0.757288  ]
 [0.47027797 0.11307085 0.4166512 ]]
probabilities: [[0.03223446 0.21530062 0.7524649 ]
 [0.61936843 0.1634158  0.21721575]
 [0.44255552 0.44631547 0.11112902]
 [0.3504382  0.16200258 0.48755923]
 [0.21388726 0.34206814 0.44404462]]
probabilities: [[1. 0. 0.]
 [1. 0. 0.]
 [1. 0. 0.]
 [1. 0. 0.]
 [1. 0. 0.]]
probabilities: [[0.41057134 0.37273383 0.21669482]
 [0.14055756 0.39242652 0.46701592]
 [0.17056467 0.6708585  0.15857685]
 [0.32304364 0.58288926 0.09406711]
 [0.12110028 0.34850094 0.5303988 ]]
probabilities: [[0.00753627 0.15083995 0.8416238 ]
 [0.16774736 0.23323351 0.5990191 ]
 [0.38792786 0.12732929 0.48474285]
 [0.05962655 0.8587847  0.08158878]
 [0.13187414 0.20055161 0.6675742 ]]
probabilities: [[0.32607397 0.43190697 0.24201906]
 [0.58316725 0.12264641 0.29418635]
 [0.62358415 0.06501131 0.31140456]
 [0.7285615  0.06857473 0.20286375]
 [0.0194705  0.0184661  0.9620634 ]]
probabilities: [[0.07492253 0.37753004 0.54754746]
 [0.79522485 0.07138274 0.13339244]
 [0.11980445 0.7320577  0.14813787]
 [0.10192846 0.1783882  0.71968335]
 [0.24019174 0.43928817 0.3205201 ]]
probabilities: [[0.43319625 0.3913824  0.17542136]
 [0.34093523 0.06250292 0.59656185]
 [0.29372448 0.5982141  0.10806143]
 [0.41619435 0.12394577 0.45985988]
 [0.06236897 0.7117098  0.22592126]]
probabilities: [[0. 0. 1.]
 [0. 1. 0.]
 [0. 0. 1.]
 [0. 0. 1.]
 [0. 0. 1.]]
probabilities: [[0.1717079  0.2513664  0.5769257 ]
 [0.0679096  0.7184778  0.21361262]
 [0.2876279  0.4164124  0.29595968]
 [0.36558765 0.11914323 0.5152691 ]
 [0.1178029  0.24302015 0.63917696]]
probabilities: [[0.53139883 0.02554128 0.4430599 ]
 [0.0830618  0.22034155 0.6965966 ]
 [0.72153556 0.20634308 0.07212133]
 [0.65693134 0.0254849  0.31758374]
 [0.7873863  0.016814   0.19579972]]
probabilities: [[0.19760412 0.24962229 0.5527736 ]
 [0.19847423 0.12228247 0.6792433 ]
 [0.56174093 0.05047625 0.3877828 ]
 [0.3972818  0.23643406 0.36628416]
 [0.07930212 0.80514663 0.11555126]]
probabilities: [[0.63185734 0.24237747 0.12576519]
 [0.17476436 0.51059437 0.3146413 ]
 [0.64261025 0.25489968 0.10249007]
 [0.78133285 0.11171372 0.10695341]
 [0.48179168 0.49564207 0.02256624]]
probabilities: [[0.15375437 0.7230801  0.12316552]
 [0.34226823 0.645511   0.01222079]
 [0.16838636 0.24476671 0.58684695]
 [0.22451568 0.03263686 0.74284744]
 [0.3041184  0.37589136 0.31999025]]
probabilities: [[0. 0. 1.]
 [0. 1. 0.]
 [0. 0. 1.]
 [0. 0. 1.]
 [0. 0. 1.]]
probabilities: [[0.14290188 0.734947   0.12215108]
 [0.59118015 0.11555365 0.2932662 ]
 [0.23404244 0.45019358 0.31576398]
 [0.11959388 0.47222033 0.40818578]
 [0.37899408 0.47159553 0.14941038]]
probabilities: [[0.20951395 0.43157285 0.3589132 ]
 [0.16447586 0.35764164 0.4778825 ]
 [0.27926847 0.08034998 0.6403815 ]
 [0.36725038 0.41112056 0.22162904]
 [0.17381531 0.8043164  0.02186831]]
probabilities: [[0.44108397 0.29527092 0.2636451 ]
 [0.10974368 0.7185993  0.17165698]
 [0.3759145  0.44423574 0.17984971]
 [0.2855303  0.14339493 0.5710748 ]
 [0.6750092  0.25513074 0.06986004]]
probabilities: [[0.7900324  0.14004634 0.0699213 ]
 [0.1038243  0.6811253  0.21505041]
 [0.17898272 0.07135728 0.74966   ]
 [0.6398368  0.16884345 0.19131976]
 [0.56666976 0.02214249 0.41118777]]
probabilities: [[0.73164403 0.0104055  0.25795045]
 [0.0739288  0.09472171 0.8313495 ]
 [0.24202335 0.56770146 0.1902752 ]
 [0.07313579 0.49585968 0.43100452]
 [0.3232035  0.2718726  0.40492386]]
probabilities: [[1. 0. 0.]
 [1. 0. 0.]
 [1. 0. 0.]
 [1. 0. 0.]
 [1. 0. 0.]]
probabilities: [[0.08464502 0.21298032 0.70237464]
 [0.55634683 0.30823258 0.1354206 ]
 [0.39233938 0.08577391 0.5218867 ]
 [0.6003672  0.05684207 0.34279075]
 [0.56607527 0.18032534 0.2535994 ]]
probabilities: [[1.5749750e-01 8.4202576e-01 4.7677010e-04]
 [4.1670075e-01 4.4405380e-01 1.3924544e-01]
 [2.2810398e-01 1.6403015e-01 6.0786587e-01]
 [2.4876533e-02 8.2662338e-01 1.4850011e-01]
 [7.5317973e-01 2.2909825e-01 1.7722039e-02]]
probabilities: [[0.48336262 0.03633572 0.48030165]
 [0.62916297 0.31111035 0.05972672]
 [0.72022426 0.18843675 0.09133901]
 [0.5241424  0.22959498 0.24626261]
 [0.47733822 0.41199914 0.11066265]]
probabilities: [[0.60421103 0.08530412 0.31048483]
 [0.1660615  0.15161137 0.68232715]
 [0.03068825 0.5588426  0.4104691 ]
 [0.5008029  0.4830283  0.01616883]
 [0.78034025 0.05762756 0.1620322 ]]
probabilities: [[0.18289189 0.45585197 0.36125612]
 [0.33474094 0.19338661 0.47187245]
 [0.56764394 0.36408144 0.06827459]
 [0.4254075  0.44549417 0.12909834]
 [0.45593056 0.41640934 0.12766008]]
probabilities: [[0. 0. 1.]
 [0. 1. 0.]
 [0. 0. 1.]
 [0. 0. 1.]
 [0. 0. 1.]]
probabilities: [[0.0279021  0.94213873 0.02995915]
 [0.82303935 0.05559573 0.12136493]
 [0.05473499 0.05783489 0.88743013]
 [0.43355644 0.2234138  0.3430298 ]
 [0.4664436  0.22881328 0.30474314]]
probabilities: [[0.09133661 0.38121173 0.52745163]
 [0.2102144  0.24492861 0.54485697]
 [0.21602403 0.50466627 0.27930972]
 [0.28711802 0.02028669 0.6925953 ]
 [0.0175118  0.38040575 0.60208243]]
probabilities: [[0.3439397  0.06424635 0.591814  ]
 [0.23506387 0.21441507 0.5505211 ]
 [0.6326361  0.3528345  0.01452943]
 [0.2386569  0.33740664 0.42393646]
 [0.40754998 0.17766333 0.4147867 ]]
probabilities: [[0.67510533 0.01499758 0.30989712]
 [0.58901155 0.11222498 0.29876348]
 [0.02497587 0.7834886  0.19153555]
 [0.7428745  0.01871909 0.23840639]
 [0.1878984  0.72179884 0.0903028 ]]
probabilities: [[0.19223788 0.7828522  0.02490995]
 [0.51123124 0.11341967 0.3753491 ]
 [0.38458824 0.19555326 0.41985852]
 [0.39460373 0.39767045 0.20772584]
 [0.18739824 0.10571694 0.7068848 ]]
probabilities: [[0. 0. 1.]
 [0. 1. 0.]
 [0. 1. 0.]
 [0. 0. 1.]
 [0. 0. 1.]]
probabilities: [[0.21962945 0.00314361 0.7772269 ]
 [0.74056333 0.23122013 0.02821652]
 [0.0881966  0.60013974 0.3116637 ]
 [0.2803271  0.05576434 0.66390854]
 [0.36495966 0.28919506 0.34584528]]
probabilities: [[0.7646683  0.23060387 0.00472787]
 [0.00739353 0.5205031  0.47210333]
 [0.7151481  0.15063326 0.13421868]
 [0.6870584  0.09788518 0.21505642]
 [0.09942471 0.4104529  0.49012238]]
probabilities: [[0.13580905 0.20217358 0.66201735]
 [0.19752425 0.30263504 0.4998407 ]
 [0.31717283 0.6589282  0.02389897]
 [0.6966181  0.09840757 0.20497435]
 [0.17120391 0.7838072  0.04498887]]
probabilities: [[0.4929278  0.08653358 0.42053866]
 [0.43529162 0.12476794 0.43994045]
 [0.6430466  0.14008321 0.21687014]
 [0.30921805 0.5522906  0.13849135]
 [0.29585597 0.07321828 0.6309258 ]]
probabilities: [[0.19721372 0.74231935 0.06046696]
 [0.20856239 0.39844778 0.3929898 ]
 [0.53223306 0.31430262 0.15346432]
 [0.19869177 0.12144975 0.6798585 ]
 [0.24627663 0.19330128 0.56042206]]
probabilities: [[0. 1. 0.]
 [0. 1. 0.]
 [0. 1. 0.]
 [0. 1. 0.]
 [0. 1. 0.]]
probabilities: [[0.4687961  0.44223055 0.08897335]
 [0.03746913 0.5454529  0.41707796]
 [0.5185589  0.19166696 0.28977415]
 [0.29318884 0.44625872 0.26055244]
 [0.45758113 0.43816242 0.10425645]]
probabilities: [[0.04125009 0.9448436  0.01390635]
 [0.6452144  0.09883346 0.25595215]
 [0.25743487 0.29054925 0.45201588]
 [0.508299   0.01255419 0.47914678]
 [0.25950044 0.31123105 0.4292685 ]]
probabilities: [[0.81505585 0.06212308 0.12282105]
 [0.40641305 0.40771672 0.18587022]
 [0.3380309  0.01990318 0.64206594]
 [0.08675469 0.82614255 0.08710278]
 [0.36626223 0.16968708 0.46405068]]
probabilities: [[0.9351725  0.0159974  0.04883012]
 [0.19109091 0.5873492  0.22155994]
 [0.02476851 0.95108366 0.02414786]
 [0.11822391 0.06924134 0.81253475]
 [0.5569273  0.0401437  0.40292898]]
probabilities: [[0.6946989  0.0908293  0.21447176]
 [0.5010665  0.01197273 0.48696077]
 [0.88971037 0.01136575 0.09892388]
 [0.5156996  0.3829989  0.1013015 ]
 [0.3249778  0.09231019 0.58271205]]
probabilities: [[0. 0. 1.]
 [0. 1. 0.]
 [0. 1. 0.]
 [0. 0. 1.]
 [0. 0. 1.]]
probabilities: [[0.20603125 0.10918704 0.68478173]
 [0.07809224 0.9053977  0.01651003]
 [0.17647098 0.5042616  0.3192674 ]
 [0.08040278 0.77370536 0.14589185]
 [0.14170112 0.21964955 0.63864934]]
probabilities: [[0.2252726  0.66992086 0.10480651]
 [0.5328501  0.24325754 0.22389238]
 [0.36664066 0.13001648 0.50334287]
 [0.03803314 0.41524932 0.5467175 ]
 [0.0294818  0.57945526 0.39106295]]
probabilities: [[1.7199475e-01 1.8630184e-01 6.4170343e-01]
 [1.4531711e-01 4.6274891e-01 3.9193398e-01]
 [1.1029751e-01 2.1708794e-01 6.7261457e-01]
 [5.4407722e-01 3.1953532e-04 4.5560324e-01]
 [7.9601222e-01 3.8328633e-02 1.6565913e-01]]
probabilities: [[0.3712998  0.2910317  0.3376685 ]
 [0.42906463 0.17693615 0.39399922]
 [0.7106107  0.02802458 0.26136476]
 [0.13168676 0.1891708  0.6791424 ]
 [0.19408272 0.3682588  0.43765846]]
probabilities: [[0.7708464  0.01973902 0.20941453]
 [0.703619   0.01864837 0.27773264]
 [0.714575   0.17437503 0.11104996]
 [0.01379582 0.04810591 0.93809825]
 [0.27317855 0.03770431 0.68911713]]
probabilities: [[0. 1. 0.]
 [0. 1. 0.]
 [0. 1. 0.]
 [0. 1. 0.]
 [0. 1. 0.]]
probabilities: [[0.182607   0.57932913 0.23806389]
 [0.02353274 0.8274132  0.14905407]
 [0.09124514 0.77690387 0.13185097]
 [0.5354366  0.3613918  0.1031716 ]
 [0.6873631  0.173721   0.13891593]]
probabilities: [[0.02460376 0.32983837 0.6455579 ]
 [0.02799747 0.26181492 0.7101876 ]
 [0.25959787 0.5427006  0.19770157]
 [0.35199058 0.40986803 0.23814137]
 [0.6092976  0.2172979  0.17340454]]
probabilities: [[0.24027862 0.55089104 0.20883033]
 [0.6343881  0.21101303 0.15459885]
 [0.22676118 0.30192685 0.471312  ]
 [0.0103223  0.26526257 0.7244151 ]
 [0.65366554 0.23999232 0.10634213]]
probabilities: [[0.6314814  0.07225186 0.29626673]
 [0.29446822 0.4190901  0.28644168]
 [0.5448202  0.20677243 0.24840741]
 [0.03151607 0.4284268  0.5400571 ]
 [0.74228644 0.12024777 0.1374658 ]]
probabilities: [[0.2379441  0.65065396 0.11140192]
 [0.7452204  0.09140436 0.1633752 ]
 [0.35975412 0.06562299 0.5746229 ]
 [0.19244327 0.6600123  0.14754446]
 [0.20008565 0.5150118  0.28490254]]
probabilities: [[1. 0. 0.]
 [1. 0. 0.]
 [1. 0. 0.]
 [1. 0. 0.]
 [1. 0. 0.]]
probabilities: [[0.14957957 0.36362484 0.4867956 ]
 [0.3336264  0.24426675 0.42210686]
 [0.45042038 0.26121235 0.2883673 ]
 [0.27086064 0.3842007  0.34493867]
 [0.15937352 0.39018273 0.45044374]]
probabilities: [[0.10206231 0.7115781  0.18635964]
 [0.7531334  0.09481806 0.15204851]
 [0.52540433 0.15887848 0.31571722]
 [0.0665262  0.05401869 0.8794551 ]
 [0.90541154 0.03037331 0.06421515]]
probabilities: [[0.51408887 0.18294345 0.30296767]
 [0.03668946 0.40929982 0.5540107 ]
 [0.04796598 0.13990687 0.8121272 ]
 [0.42503992 0.14725459 0.4277055 ]
 [0.0491421  0.4347704  0.5160875 ]]
probabilities: [[0.24280652 0.7171464  0.04004707]
 [0.2991963  0.6258102  0.07499348]
 [0.10808919 0.16988152 0.72202927]
 [0.2186454  0.0420437  0.7393109 ]
 [0.23270658 0.18686172 0.5804317 ]]
probabilities: [[0.70683396 0.27796906 0.01519694]
 [0.40365544 0.02563264 0.5707119 ]
 [0.41652045 0.33525208 0.24822749]
 [0.46355522 0.4512214  0.08522337]
 [0.5339842  0.24202126 0.22399454]]
probabilities: [[0. 0. 1.]
 [0. 1. 0.]
 [0. 0. 1.]
 [0. 0. 1.]
 [0. 0. 1.]]
probabilities: [[0.26649013 0.36991116 0.3635987 ]
 [0.13677998 0.30707836 0.5561417 ]
 [0.08582924 0.02089421 0.8932766 ]
 [0.27000204 0.28166294 0.44833502]
 [0.07644437 0.80487967 0.11867596]]
probabilities: [[0.2568978  0.21873757 0.5243646 ]
 [0.217226   0.69962776 0.08314625]
 [0.31391662 0.2952787  0.3908047 ]
 [0.09818327 0.47300163 0.42881513]
 [0.04173084 0.75073737 0.20753182]]
probabilities: [[0.17542861 0.30610752 0.51846385]
 [0.5395426  0.44987833 0.01057906]
 [0.83577394 0.02202478 0.14220129]
 [0.7327266  0.16324967 0.10402373]
 [0.53044283 0.22490242 0.24465473]]
probabilities: [[0.5725009  0.33127528 0.09622385]
 [0.40523627 0.18262388 0.41213983]
 [0.2372849  0.30609557 0.45661953]
 [0.38593724 0.2114703  0.40259245]
 [0.37341058 0.10254619 0.52404326]]
probabilities: [[0.63877296 0.1849628  0.17626423]
 [0.6474936  0.19452213 0.15798429]
 [0.5268938  0.3201331  0.15297315]
 [0.25688896 0.608692   0.13441908]
 [0.3477146  0.367203   0.2850824 ]]
probabilities: [[1. 0. 0.]
 [1. 0. 0.]
 [1. 0. 0.]
 [1. 0. 0.]
 [1. 0. 0.]]
probabilities: [[0.47022206 0.04224986 0.4875281 ]
 [0.5248351  0.20822027 0.26694462]
 [0.7147315  0.13655138 0.14871714]
 [0.91704166 0.05152778 0.03143058]
 [0.45948014 0.0935168  0.44700307]]
probabilities: [[0.04725585 0.93798876 0.01475541]
 [0.2820014  0.36686933 0.35112926]
 [0.09487382 0.30004543 0.6050807 ]
 [0.153479   0.7173716  0.12914945]
 [0.03835183 0.37850156 0.5831466 ]]
probabilities: [[0.91215575 0.07841504 0.00942918]
 [0.88635916 0.00101888 0.11262194]
 [0.395332   0.16371727 0.44095072]
 [0.01351385 0.7478009  0.23868524]
 [0.534187   0.2095271  0.25628588]]
probabilities: [[0.34700876 0.37833756 0.27465367]
 [0.07149261 0.58573025 0.34277713]
 [0.16114496 0.19858679 0.64026827]
 [0.06580378 0.74051213 0.19368406]
 [0.13196367 0.05483716 0.81319916]]
probabilities: [[0.5558111  0.3705025  0.07368638]
 [0.21713036 0.59173    0.19113964]
 [0.15000191 0.0632589  0.7867392 ]
 [0.04329345 0.8243953  0.13231124]
 [0.294717   0.3302002  0.3750828 ]]
probabilities: [[0. 0. 1.]
 [0. 1. 0.]
 [0. 0. 1.]
 [0. 0. 1.]
 [0. 0. 1.]]
probabilities: [[0.43982238 0.08813509 0.47204253]
 [0.62583965 0.12837632 0.24578403]
 [0.37433207 0.5755702  0.05009769]
 [0.06205526 0.7830874  0.15485738]
 [0.7684438  0.2135998  0.01795635]]
probabilities: [[0.01518229 0.392498   0.5923197 ]
 [0.26171002 0.4239698  0.3143202 ]
 [0.21504201 0.40531138 0.37964663]
 [0.1519301  0.75071275 0.09735713]
 [0.02617536 0.6308689  0.34295574]]
probabilities: [[0.11383728 0.6238423  0.26232043]
 [0.25217685 0.4232991  0.32452404]
 [0.515595   0.4185619  0.06584308]
 [0.5959037  0.1033264  0.3007699 ]
 [0.17072538 0.37438214 0.4548925 ]]
probabilities: [[0.04814228 0.09604963 0.8558081 ]
 [0.33779886 0.06288917 0.59931195]
 [0.03847361 0.77103734 0.19048904]
 [0.10517454 0.11804517 0.7767803 ]
 [0.27913398 0.4510269  0.26983914]]
probabilities: [[0.5222032  0.45334095 0.02445587]
 [0.03487077 0.9505951  0.01453417]
 [0.19140612 0.766317   0.04227689]
 [0.22322161 0.7377677  0.03901072]
 [0.30943432 0.29217833 0.39838734]]
probabilities: [[0. 0. 1.]
 [0. 1. 0.]
 [0. 0. 1.]
 [0. 0. 1.]
 [0. 0. 1.]]
probabilities: [[0.23080358 0.4265126  0.3426838 ]
 [0.6827189  0.20700455 0.11027657]
 [0.26521558 0.7102249  0.02455952]
 [0.09075339 0.35852697 0.5507196 ]
 [0.18333186 0.7124829  0.10418521]]
probabilities: [[0.54177845 0.20511095 0.2531106 ]
 [0.2679039  0.07630944 0.6557867 ]
 [0.28397977 0.0768117  0.6392085 ]
 [0.11363918 0.09208607 0.79427475]
 [0.09064087 0.6793092  0.23004994]]
probabilities: [[0.52800494 0.30570352 0.1662915 ]
 [0.3297081  0.5930083  0.07728362]
 [0.10943555 0.09787906 0.7926854 ]
 [0.79999626 0.11233069 0.08767307]
 [0.55173546 0.2670088  0.18125571]]
probabilities: [[0.03379218 0.33482885 0.63137895]
 [0.4105653  0.39633882 0.1930959 ]
 [0.5429253  0.36559784 0.09147684]
 [0.04138151 0.31342173 0.64519674]
 [0.5330896  0.44679007 0.02012035]]
probabilities: [[4.4453049e-01 1.1845095e-01 4.3701854e-01]
 [6.6209096e-01 1.6279478e-01 1.7511423e-01]
 [1.0745696e-01 4.0675059e-01 4.8579246e-01]
 [5.2157199e-01 2.6113851e-04 4.7816688e-01]
 [3.0599755e-01 2.2283699e-01 4.7116548e-01]]
probabilities: [[0. 1. 0.]
 [0. 1. 0.]
 [0. 1. 0.]
 [0. 1. 0.]
 [0. 1. 0.]]
probabilities: [[0.6566524  0.22722012 0.11612752]
 [0.5676389  0.2944765  0.1378846 ]
 [0.55517614 0.2768817  0.16794215]
 [0.02694179 0.737785   0.23527324]
 [0.09688168 0.07446856 0.82864976]]
probabilities: [[0.8381106  0.0723225  0.08956684]
 [0.19342466 0.341121   0.46545434]
 [0.30324686 0.45207614 0.244677  ]
 [0.7527773  0.00914324 0.2380795 ]
 [0.65038013 0.12247572 0.22714415]]
probabilities: [[8.0222726e-01 4.9741346e-02 1.4803138e-01]
 [1.0799128e-01 6.0879318e-03 8.8592076e-01]
 [4.9266449e-01 3.8849151e-01 1.1884402e-01]
 [7.2070813e-01 2.7898249e-01 3.0934441e-04]
 [3.1135094e-01 4.8627503e-02 6.4002156e-01]]
probabilities: [[0.8766022  0.01240974 0.1109881 ]
 [0.07757975 0.2282158  0.69420445]
 [0.13655524 0.6274457  0.23599905]
 [0.6114345  0.02729921 0.36126626]
 [0.66673696 0.06655316 0.2667099 ]]
probabilities: [[0.42061716 0.39973068 0.17965215]
 [0.32378665 0.5952735  0.08093982]
 [0.2932402  0.5889733  0.1177865 ]
 [0.54993236 0.37122273 0.0788449 ]
 [0.79260683 0.16628586 0.04110729]]
probabilities: [[0. 0. 1.]
 [0. 1. 0.]
 [0. 1. 0.]
 [0. 0. 1.]
 [0. 0. 1.]]
probabilities: [[0.09640595 0.50691193 0.39668214]
 [0.18901724 0.30049193 0.51049083]
 [0.1729014  0.24587847 0.5812201 ]
 [0.38256142 0.18764098 0.4297976 ]
 [0.3536875  0.36021534 0.28609717]]
probabilities: [[0.17890169 0.33233508 0.4887632 ]
 [0.05263436 0.11831271 0.8290529 ]
 [0.20987234 0.20817754 0.5819501 ]
 [0.00205639 0.21752231 0.7804213 ]
 [0.2762191  0.7128153  0.01096558]]
probabilities: [[0.5770621  0.18741076 0.23552714]
 [0.5769893  0.05449842 0.3685123 ]
 [0.20480601 0.03254946 0.7626445 ]
 [0.9497061  0.04238625 0.00790766]
 [0.61088353 0.2058225  0.18329398]]
probabilities: [[0.6614222  0.18424506 0.15433276]
 [0.23439308 0.17961125 0.5859957 ]
 [0.04594433 0.0918521  0.8622036 ]
 [0.23934214 0.2679392  0.49271864]
 [0.49243173 0.5027615  0.00480677]]
probabilities: [[0.13204451 0.40717787 0.46077764]
 [0.8265145  0.06249649 0.11098905]
 [0.28260538 0.48899812 0.2283965 ]
 [0.10938494 0.34444216 0.5461729 ]
 [0.43038884 0.26560253 0.30400863]]
probabilities: [[0. 0. 1.]
 [0. 1. 0.]
 [0. 0. 1.]
 [0. 0. 1.]
 [0. 0. 1.]]
probabilities: [[0.32897165 0.02203336 0.648995  ]
 [0.53481096 0.2787364  0.1864526 ]
 [0.23643494 0.75080234 0.01276274]
 [0.3727505  0.0649953  0.5622542 ]
 [0.04254118 0.36756223 0.5898966 ]]
probabilities: [[2.08434775e-01 3.34403813e-02 7.58124828e-01]
 [1.25921682e-01 5.40077745e-05 8.74024332e-01]
 [7.30677843e-01 1.47903129e-01 1.21419065e-01]
 [3.79631132e-01 4.65327859e-01 1.55040994e-01]
 [3.74138951e-01 4.03532296e-01 2.22328767e-01]]
probabilities: [[0.05874544 0.2726463  0.66860825]
 [0.01382103 0.861182   0.12499702]
 [0.70332265 0.24081333 0.05586405]
 [0.47599855 0.26945114 0.2545503 ]
 [0.69168717 0.02013411 0.2881787 ]]
probabilities: [[0.26768747 0.36578867 0.36652386]
 [0.17465796 0.8234422  0.00189979]
 [0.10792415 0.21766777 0.6744081 ]
 [0.3706125  0.27850267 0.35088482]
 [0.23150754 0.37331146 0.395181  ]]
probabilities: [[5.34061909e-01 3.54719311e-01 1.11218765e-01]
 [2.46893182e-01 6.65235817e-01 8.78710076e-02]
 [3.60052496e-01 5.01095653e-01 1.38851836e-01]
 [3.62180509e-02 6.46074638e-02 8.99174511e-01]
 [6.17288232e-01 3.82047057e-01 6.64728985e-04]]
probabilities: [[1. 0. 0.]
 [1. 0. 0.]
 [1. 0. 0.]
 [1. 0. 0.]
 [1. 0. 0.]]
probabilities: [[0.720087   0.02509711 0.2548159 ]
 [0.29416582 0.07025986 0.63557434]
 [0.38642302 0.47803694 0.13554005]
 [0.22882544 0.16943486 0.6017397 ]
 [0.23070951 0.63560337 0.13368715]]
probabilities: [[0.5384314  0.13280421 0.3287644 ]
 [0.43245336 0.43376887 0.13377777]
 [0.14699121 0.31782925 0.53517956]
 [0.7933391  0.03482478 0.17183615]
 [0.03660503 0.09062985 0.8727651 ]]
probabilities: [[0.02857497 0.57027596 0.40114906]
 [0.18091092 0.17661303 0.642476  ]
 [0.72834235 0.10537276 0.16628486]
 [0.66136354 0.31187633 0.02676013]
 [0.19177592 0.04730222 0.76092184]]
probabilities: [[0.33807552 0.2550455  0.406879  ]
 [0.6398477  0.21923202 0.14092027]
 [0.00883813 0.0045247  0.9866372 ]
 [0.7465661  0.09259414 0.16083972]
 [0.12360458 0.7649927  0.1114027 ]]
probabilities: [[0.8324934  0.13344137 0.03406521]
 [0.6166994  0.25031745 0.13298315]
 [0.13481182 0.32416904 0.54101914]
 [0.3363319  0.08166832 0.5819998 ]
 [0.14591698 0.47300732 0.38107568]]
probabilities: [[0. 0. 1.]
 [0. 1. 0.]
 [0. 1. 0.]
 [0. 0. 1.]
 [0. 0. 1.]]
probabilities: [[0.47615808 0.48289207 0.04094988]
 [0.19363467 0.6030795  0.20328581]
 [0.36776128 0.6220042  0.01023452]
 [0.7755914  0.07486265 0.14954598]
 [0.29423144 0.21026209 0.49550647]]
probabilities: [[7.2399154e-04 9.5783234e-01 4.1443672e-02]
 [8.8857335e-01 5.2005939e-02 5.9420682e-02]
 [2.2215869e-01 8.5258171e-02 6.9258314e-01]
 [6.0128993e-01 8.9180902e-02 3.0952919e-01]
 [5.2405554e-01 1.8804529e-01 2.8789914e-01]]
probabilities: [[0.24200751 0.20765178 0.5503407 ]
 [0.38102436 0.29938075 0.3195949 ]
 [0.22125517 0.08340136 0.6953435 ]
 [0.06813979 0.80473614 0.12712404]
 [0.10937762 0.74853283 0.14208956]]
probabilities: [[0.48186442 0.44467172 0.07346385]
 [0.90189075 0.04534686 0.05276236]
 [0.14498873 0.33046097 0.5245503 ]
 [0.21941158 0.09552213 0.6850663 ]
 [0.49991548 0.1266753  0.37340924]]
probabilities: [[0.22240146 0.38154936 0.39604917]
 [0.38522762 0.55309695 0.06167544]
 [0.2558415  0.29411256 0.45004594]
 [0.19793393 0.4980992  0.30396685]
 [0.71300006 0.19330968 0.09369024]]
probabilities: [[0. 1. 0.]
 [0. 1. 0.]
 [0. 1. 0.]
 [0. 1. 0.]
 [0. 1. 0.]]
probabilities: [[0.44896576 0.5088477  0.04218655]
 [0.4383907  0.09455287 0.46705642]
 [0.57924896 0.3660103  0.05474071]
 [0.71698505 0.01204844 0.27096653]
 [0.00651379 0.61186737 0.38161886]]
probabilities: [[0.01297183 0.68055725 0.3064709 ]
 [0.08312766 0.71937126 0.19750106]
 [0.6965668  0.22713837 0.07629484]
 [0.29436892 0.6535601  0.05207097]
 [0.15121683 0.3940097  0.45477346]]
probabilities: [[0.2996622  0.0659048  0.63443303]
 [0.32234317 0.29669374 0.3809631 ]
 [0.8787141  0.06235185 0.0589341 ]
 [0.45919892 0.0038657  0.5369354 ]
 [0.05385366 0.6231914  0.32295492]]
probabilities: [[0.18467283 0.44430447 0.3710227 ]
 [0.6162654  0.32504362 0.05869098]
 [0.71568    0.24721994 0.03710007]
 [0.0226946  0.7991907  0.1781147 ]
 [0.24305867 0.6868463  0.07009502]]
probabilities: [[0.3885603  0.19508682 0.41635287]
 [0.02679201 0.2842549  0.6889531 ]
 [0.20043316 0.2947123  0.5048545 ]
 [0.2218319  0.5320033  0.24616484]
 [0.07411119 0.29126856 0.63462025]]
probabilities: [[0. 0. 1.]
 [0. 1. 0.]
 [0. 0. 1.]
 [0. 0. 1.]
 [0. 0. 1.]]
probabilities: [[0.38815716 0.5419865  0.06985635]
 [0.5282329  0.07271245 0.39905468]
 [0.25067493 0.6494437  0.09988138]
 [0.07667236 0.32997328 0.59335434]
 [0.11833045 0.23200168 0.64966786]]
probabilities: [[0.01528686 0.5887768  0.3959363 ]
 [0.6244497  0.23342763 0.1421227 ]
 [0.39806482 0.2555427  0.34639248]
 [0.3476586  0.20431414 0.44802725]
 [0.20376495 0.4099545  0.38628057]]
probabilities: [[0.4371492  0.23220047 0.3306503 ]
 [0.17357254 0.16616458 0.6602629 ]
 [0.53712094 0.17066544 0.29221362]
 [0.1266446  0.06210622 0.8112492 ]
 [0.49266845 0.23955588 0.26777565]]
probabilities: [[0.36258513 0.14288022 0.49453464]
 [0.7283684  0.19243357 0.07919801]
 [0.02023942 0.2456208  0.7341398 ]
 [0.5610091  0.30558753 0.13340335]
 [0.22921838 0.06468678 0.70609486]]
probabilities: [[0.04596245 0.79400337 0.16003421]
 [0.21484436 0.39839992 0.38675573]
 [0.37955093 0.23817916 0.38226992]
 [0.28214    0.19100639 0.5268536 ]
 [0.44012713 0.2608665  0.29900637]]
probabilities: [[1. 0. 0.]
 [1. 0. 0.]
 [1. 0. 0.]
 [1. 0. 0.]
 [1. 0. 0.]]
probabilities: [[0.7226214  0.0048124  0.2725662 ]
 [0.07193042 0.8172157  0.11085391]
 [0.21178855 0.10938878 0.6788227 ]
 [0.513257   0.41383007 0.07291287]
 [0.10231575 0.01442848 0.8832558 ]]
probabilities: [[0.24954402 0.32203934 0.42841664]
 [0.4602151  0.37344328 0.16634163]
 [0.30752584 0.42918634 0.26328778]
 [0.13697506 0.32895413 0.5340708 ]
 [0.16725725 0.6739119  0.15883085]]
probabilities: [[0.08385409 0.4930631  0.4230828 ]
 [0.26264694 0.6992166  0.03813649]
 [0.28827715 0.4513087  0.26041415]
 [0.8170318  0.12030293 0.0626653 ]
 [0.4008014  0.1900106  0.409188  ]]
probabilities: [[0.03663703 0.31120443 0.65215856]
 [0.12711385 0.8447214  0.02816476]
 [0.1397522  0.69435215 0.16589564]
 [0.1333239  0.37013093 0.4965452 ]
 [0.3571633  0.00308034 0.6397564 ]]
probabilities: [[0.20937991 0.6249986  0.16562147]
 [0.3556219  0.45777604 0.18660204]
 [0.36875418 0.44951743 0.18172838]
 [0.11134607 0.11613387 0.77252007]
 [0.61408174 0.2752668  0.11065148]]
probabilities: [[1. 0. 0.]
 [1. 0. 0.]
 [1. 0. 0.]
 [1. 0. 0.]
 [1. 0. 0.]]
probabilities: [[0.85638624 0.01740104 0.12621269]
 [0.10048465 0.26740727 0.6321081 ]
 [0.14220612 0.68115616 0.17663775]
 [0.1086337  0.2016794  0.6896869 ]
 [0.5170322  0.11440096 0.3685668 ]]
probabilities: [[0.30554122 0.3757123  0.31874648]
 [0.12870042 0.34121463 0.53008497]
 [0.23384605 0.7604863  0.00566765]
 [0.38937888 0.35705724 0.25356388]
 [0.1671652  0.743684   0.08915079]]
probabilities: [[0.01153452 0.36293432 0.6255312 ]
 [0.00463223 0.16722876 0.828139  ]
 [0.7489144  0.20164058 0.049445  ]
 [0.79107517 0.18800387 0.02092097]
 [0.14347453 0.25882232 0.5977031 ]]
probabilities: [[0.14025155 0.07347951 0.78626895]
 [0.06316661 0.03799445 0.89883894]
 [0.35597596 0.53661186 0.10741218]
 [0.11596014 0.24701989 0.63702   ]
 [0.34375316 0.43700427 0.21924257]]
probabilities: [[0.10254901 0.3211249  0.5763261 ]
 [0.31771374 0.05250385 0.62978244]
 [0.62624097 0.36911574 0.00464331]
 [0.0540385  0.6838594  0.2621021 ]
 [0.27472457 0.25245762 0.4728178 ]]
probabilities: [[0. 0. 1.]
 [0. 1. 0.]
 [0. 1. 0.]
 [0. 0. 1.]
 [0. 0. 1.]]
probabilities: [[0.29491338 0.11234605 0.5927406 ]
 [0.05168971 0.6270068  0.3213035 ]
 [0.3626255  0.34847876 0.28889573]
 [0.84692234 0.1021793  0.05089836]
 [0.07388838 0.10105582 0.8250558 ]]
probabilities: [[0.5616594  0.4253662  0.01297442]
 [0.1264176  0.5398834  0.33369902]
 [0.15339842 0.5359927  0.3106089 ]
 [0.46068016 0.4987179  0.04060195]
 [0.36409518 0.6269651  0.00893969]]
probabilities: [[0.2897702  0.13601129 0.5742185 ]
 [0.37153545 0.10690102 0.52156353]
 [0.26783243 0.58911365 0.14305395]
 [0.5284036  0.24738292 0.22421353]
 [0.42258584 0.559042   0.01837218]]
probabilities: [[0.40586662 0.3206597  0.2734737 ]
 [0.06195214 0.6072717  0.3307762 ]
 [0.21713898 0.1862384  0.59662265]
 [0.8376908  0.03222135 0.13008785]
 [0.6825172  0.17469311 0.14278974]]
probabilities: [[0.6334998  0.06173338 0.30476683]
 [0.618069   0.23652029 0.14541073]
 [0.00517869 0.13991892 0.8549024 ]
 [0.48788083 0.00676159 0.50535756]
 [0.02926052 0.90622663 0.06451282]]
probabilities: [[1. 0. 0.]
 [1. 0. 0.]
 [1. 0. 0.]
 [1. 0. 0.]
 [1. 0. 0.]]
probabilities: [[0.11970796 0.5116261  0.36866593]
 [0.6726662  0.05878029 0.26855353]
 [0.50898397 0.4837534  0.0072626 ]
 [0.7669993  0.18946776 0.04353291]
 [0.5475305  0.32759893 0.12487061]]
probabilities: [[0.23600216 0.7595745  0.00442338]
 [0.2001916  0.32735142 0.472457  ]
 [0.13322915 0.09262098 0.7741499 ]
 [0.2294311  0.37564576 0.39492315]
 [0.43406188 0.4947277  0.07121043]]
probabilities: [[0.29982418 0.1268291  0.57334673]
 [0.37710088 0.51079524 0.11210386]
 [0.4901363  0.31101823 0.19884548]
 [0.28901845 0.6368468  0.07413477]
 [0.5468826  0.07410131 0.37901604]]
probabilities: [[0.68835443 0.14404418 0.1676014 ]
 [0.43540135 0.456384   0.10821465]
 [0.0078787  0.63581514 0.35630617]
 [0.29291233 0.24457891 0.46250877]
 [0.35586897 0.61467737 0.02945366]]
probabilities: [[0.18709098 0.2476784  0.5652306 ]
 [0.00569808 0.20219977 0.79210216]
 [0.4998169  0.03109684 0.46908626]
 [0.07665828 0.37901327 0.54432845]
 [0.07986106 0.1331382  0.7870007 ]]
probabilities: [[0. 0. 1.]
 [0. 1. 0.]
 [0. 0. 1.]
 [0. 0. 1.]
 [0. 0. 1.]]
probabilities: [[0.05333944 0.74395484 0.20270573]
 [0.50492513 0.21143752 0.28363732]
 [0.47167978 0.08307765 0.44524258]
 [0.3284378  0.07735677 0.59420544]
 [0.3364747  0.28254196 0.38098335]]
probabilities: [[0.1865692  0.6920879  0.12134293]
 [0.1402067  0.8093591  0.05043422]
 [0.13689187 0.46432397 0.39878413]
 [0.11834039 0.14617811 0.7354815 ]
 [0.6839621  0.28631333 0.02972454]]
probabilities: [[0.3008227  0.5101467  0.18903059]
 [0.1765905  0.7078732  0.11553629]
 [0.0278155  0.9345612  0.03762329]
 [0.68631506 0.18570772 0.1279772 ]
 [0.48735422 0.43486995 0.07777581]]
probabilities: [[0.13940816 0.13042858 0.7301633 ]
 [0.11361185 0.46530533 0.42108282]
 [0.62508434 0.20929952 0.16561614]
 [0.31168118 0.03208441 0.65623444]
 [0.3272765  0.26592168 0.40680182]]
probabilities: [[0.5890212  0.27200252 0.13897625]
 [0.82076436 0.1407758  0.03845982]
 [0.7984199  0.0841319  0.11744823]
 [0.19760577 0.27778685 0.52460736]
 [0.32574376 0.03979228 0.63446397]]
probabilities: [[0. 1. 0.]
 [0. 1. 0.]
 [0. 1. 0.]
 [0. 1. 0.]
 [0. 1. 0.]]
probabilities: [[0.6374147  0.32177123 0.04081406]
 [0.54686755 0.2796876  0.1734448 ]
 [0.8100862  0.07974909 0.11016475]
 [0.25197414 0.43728563 0.31074023]
 [0.23903365 0.30334413 0.45762223]]
probabilities: [[0.317722   0.19135518 0.49092284]
 [0.5194211  0.00644036 0.47413856]
 [0.42116338 0.34824055 0.23059607]
 [0.05942073 0.29692715 0.64365214]
 [0.5841224  0.19869877 0.2171788 ]]
probabilities: [[0.4240732  0.21036407 0.36556274]
 [0.00430998 0.44317278 0.55251724]
 [0.26353317 0.4690609  0.26740593]
 [0.00807864 0.8955294  0.09639194]
 [0.26154643 0.2449991  0.4934545 ]]
probabilities: [[0.05925129 0.7738131  0.16693556]
 [0.7580658  0.11553267 0.1264015 ]
 [0.5265889  0.09723134 0.37617975]
 [0.6537518  0.30440575 0.04184248]
 [0.01606335 0.38121915 0.6027175 ]]
probabilities: [[0.23725215 0.707249   0.05549888]
 [0.18254262 0.66806555 0.1493918 ]
 [0.20395449 0.356418   0.4396275 ]
 [0.43682426 0.53160954 0.03156623]
 [0.48282194 0.39989594 0.11728213]]
probabilities: [[0. 0. 1.]
 [0. 1. 0.]
 [0. 0. 1.]
 [0. 0. 1.]
 [0. 0. 1.]]
probabilities: [[0.4235724  0.16416225 0.41226536]
 [0.10395139 0.23563132 0.66041726]
 [0.19078891 0.34861585 0.46059525]
 [0.31572902 0.29843736 0.38583362]
 [0.07820056 0.13241906 0.7893804 ]]
probabilities: [[0.01333476 0.2701438  0.71652144]
 [0.18196914 0.46681923 0.35121164]
 [0.32839975 0.4690757  0.20252456]
 [0.5112863  0.07902009 0.4096936 ]
 [0.36192444 0.21111657 0.426959  ]]
probabilities: [[0.09044995 0.44431016 0.46523988]
 [0.8298457  0.11786854 0.05228573]
 [0.42788708 0.24587017 0.32624274]
 [0.6606279  0.19208297 0.14728914]
 [0.36167797 0.18964703 0.44867498]]
probabilities: [[0.57226205 0.37393573 0.05380223]
 [0.11035793 0.6049106  0.28473145]
 [0.6545259  0.17568956 0.16978456]
 [0.7157542  0.02146347 0.2627823 ]
 [0.41440368 0.10675916 0.47883716]]
probabilities: [[0.544929   0.04302938 0.4120416 ]
 [0.8345162  0.10951701 0.05596679]
 [0.7832837  0.15915021 0.05756605]
 [0.16669221 0.03925319 0.7940546 ]
 [0.7570134  0.0838944  0.1590922 ]]
probabilities: [[0. 0. 1.]
 [0. 1. 0.]
 [0. 0. 1.]
 [0. 0. 1.]
 [0. 0. 1.]]
probabilities: [[0.51640487 0.03002973 0.4535654 ]
 [0.1993709  0.31886    0.48176908]
 [0.1990182  0.31021133 0.49077046]
 [0.3209702  0.64190954 0.03712025]
 [0.47484502 0.03592112 0.48923388]]
probabilities: [[0.08413505 0.07158726 0.8442777 ]
 [0.49205264 0.1517466  0.35620075]
 [0.11376304 0.35997418 0.52626276]
 [0.10867536 0.5869686  0.30435604]
 [0.01012278 0.7977322  0.19214506]]
probabilities: [[0.21191014 0.03862321 0.74946666]
 [0.15351708 0.31968197 0.52680093]
 [0.09663177 0.08783705 0.8155312 ]
 [0.03625792 0.2369227  0.7268194 ]
 [0.22883427 0.5187974  0.25236833]]
probabilities: [[0.783855   0.05160467 0.16454029]
 [0.17073657 0.11998057 0.7092829 ]
 [0.25807273 0.2772417  0.46468553]
 [0.09787868 0.43526736 0.46685395]
 [0.38088843 0.34406906 0.2750425 ]]
probabilities: [[0.24364196 0.66972226 0.08663578]
 [0.25525782 0.42394713 0.32079506]
 [0.35867816 0.52616733 0.11515447]
 [0.369399   0.49976522 0.13083574]
 [0.23304176 0.02991568 0.73704255]]
probabilities: [[0. 1. 0.]
 [0. 1. 0.]
 [0. 1. 0.]
 [0. 1. 0.]
 [0. 1. 0.]]
probabilities: [[0.16350855 0.46935418 0.36713728]
 [0.75427234 0.12373953 0.12198813]
 [0.28872064 0.05803847 0.6532409 ]
 [0.6625529  0.28359538 0.05385171]
 [0.63595027 0.36002472 0.00402503]]
probabilities: [[0.40192232 0.43579203 0.16228564]
 [0.2804651  0.69948655 0.02004837]
 [0.20314738 0.6589116  0.137941  ]
 [0.05218561 0.4638663  0.4839481 ]
 [0.3016377  0.637483   0.06087929]]
probabilities: [[0.6565542  0.2944185  0.04902725]
 [0.8122926  0.03553229 0.15217514]
 [0.4674326  0.16324355 0.36932385]
 [0.6557042  0.07432714 0.26996863]
 [0.27984375 0.588258   0.13189822]]
probabilities: [[0.39602438 0.5345773  0.06939832]
 [0.03501206 0.9039057  0.06108225]
 [0.4876781  0.33688042 0.17544146]
 [0.2513783  0.61927325 0.12934847]
 [0.22685713 0.5675757  0.20556721]]
probabilities: [[0.33087263 0.57297754 0.09614981]
 [0.22406843 0.30999625 0.46593532]
 [0.35430178 0.38207144 0.26362678]
 [0.881617   0.10134059 0.01704241]
 [0.8162077  0.15891156 0.02488072]]
probabilities: [[0. 0. 1.]
 [0. 1. 0.]
 [0. 1. 0.]
 [0. 0. 1.]
 [0. 0. 1.]]
probabilities: [[0.479146   0.05584808 0.4650059 ]
 [0.3304158  0.10076959 0.56881464]
 [0.27865866 0.2476321  0.47370926]
 [0.5505232  0.17068101 0.27879575]
 [0.03107979 0.48924902 0.4796712 ]]
probabilities: [[0.7579217  0.15410683 0.08797147]
 [0.2845715  0.63368    0.08174851]
 [0.9584462  0.03352594 0.00802782]
 [0.06025978 0.33462688 0.6051133 ]
 [0.79430014 0.09996941 0.10573043]]
probabilities: [[0.03384112 0.67842627 0.28773263]
 [0.42292953 0.4625014  0.11456909]
 [0.79616094 0.01845573 0.18538335]
 [0.20261252 0.38571084 0.41167665]
 [0.6346212  0.13102482 0.23435399]]
probabilities: [[0.3881228  0.31546894 0.29640827]
 [0.7521586  0.10830741 0.13953403]
 [0.18043345 0.2711038  0.54846275]
 [0.41259646 0.11532097 0.47208256]
 [0.11929282 0.2694373  0.6112699 ]]
probabilities: [[0.15352945 0.7381332  0.10833735]
 [0.12352318 0.5427904  0.33368638]
 [0.40201485 0.10308401 0.49490115]
 [0.16747984 0.35237655 0.48014364]
 [0.7767653  0.03188798 0.19134675]]
probabilities: [[0. 1. 0.]
 [0. 1. 0.]
 [0. 1. 0.]
 [0. 1. 0.]
 [0. 1. 0.]]
probabilities: [[0.09469785 0.8145273  0.0907749 ]
 [0.35186183 0.18806997 0.4600682 ]
 [0.18825339 0.6439756  0.167771  ]
 [0.61587965 0.3346911  0.04942925]
 [0.16784361 0.63803333 0.19412307]]
probabilities: [[0.17716214 0.63039374 0.19244409]
 [0.69766307 0.13586248 0.16647443]
 [0.62419426 0.1872563  0.18854944]
 [0.10235571 0.47338888 0.42425543]
 [0.21507339 0.06677211 0.7181545 ]]
probabilities: [[0.00994409 0.5780644  0.4119915 ]
 [0.6723759  0.1860677  0.14155635]
 [0.24693334 0.57121897 0.18184769]
 [0.17397644 0.47904673 0.34697685]
 [0.4109641  0.5456601  0.04337582]]
probabilities: [[0.3679959  0.5821516  0.04985252]
 [0.3810065  0.259242   0.3597515 ]
 [0.4167367  0.15584749 0.42741582]
 [0.3302551  0.3927774  0.2769675 ]
 [0.06781826 0.13876274 0.793419  ]]
probabilities: [[0.14642766 0.08216485 0.7714075 ]
 [0.44265592 0.36220893 0.19513515]
 [0.6646697  0.10433082 0.23099951]
 [0.09207258 0.24244003 0.6654874 ]
 [0.47969505 0.02741181 0.49289313]]
probabilities: [[0. 1. 0.]
 [0. 1. 0.]
 [0. 1. 0.]
 [0. 1. 0.]
 [0. 1. 0.]]
probabilities: [[0.37484485 0.08718833 0.53796685]
 [0.76098156 0.16408104 0.07493738]
 [0.05964474 0.60048246 0.3398728 ]
 [0.13771082 0.11118161 0.7511076 ]
 [0.3984245  0.5131856  0.08838987]]
probabilities: [[0.214299   0.11130286 0.6743981 ]
 [0.31976148 0.52984804 0.15039048]
 [0.14589942 0.1877286  0.666372  ]
 [0.3586057  0.27355373 0.36784056]
 [0.0075384  0.6910973  0.3013643 ]]
probabilities: [[0.03335422 0.76211274 0.20453306]
 [0.16364704 0.5248754  0.31147757]
 [0.591678   0.16852108 0.2398009 ]
 [0.5205504  0.38902667 0.09042297]
 [0.14585534 0.34227186 0.5118728 ]]
probabilities: [[0.4220755  0.35757318 0.22035132]
 [0.6752412  0.31288508 0.01187375]
 [0.81707025 0.13542804 0.04750169]
 [0.00086617 0.25937328 0.7397606 ]
 [0.01895234 0.86549056 0.1155571 ]]
probabilities: [[0.21710052 0.54129523 0.24160425]
 [0.18839458 0.42329115 0.38831428]
 [0.24409194 0.51829773 0.23761034]
 [0.7373186  0.02280617 0.23987523]
 [0.48986655 0.00529903 0.5048344 ]]
probabilities: [[0. 0. 1.]
 [0. 1. 0.]
 [0. 1. 0.]
 [0. 0. 1.]
 [0. 0. 1.]]
probabilities: [[0.4154926  0.23940119 0.3451062 ]
 [0.14880233 0.582695   0.26850268]
 [0.47007298 0.1557126  0.37421444]
 [0.125705   0.6401846  0.23411039]
 [0.35376123 0.2725491  0.37368968]]
probabilities: [[0.27216414 0.01589993 0.71193594]
 [0.28786445 0.26327765 0.4488579 ]
 [0.05837489 0.2031914  0.7384337 ]
 [0.10741158 0.02261067 0.8699778 ]
 [0.26002288 0.6845941  0.05538303]]
probabilities: [[0.06742782 0.11088993 0.8216822 ]
 [0.5703131  0.3496653  0.08002156]
