probabilities: [[0. 0. 1.]
 [0. 1. 0.]
 [0. 0. 1.]
 [0. 0. 1.]
 [0. 0. 1.]]
probabilities: [[0.187276   0.77953976 0.03318421]
 [0.31782204 0.4271671  0.25501087]
 [0.28050324 0.4546759  0.2648208 ]
 [0.01673429 0.8316953  0.15157038]
 [0.51116556 0.17869674 0.31013772]]
probabilities: [[0.43278795 0.05640756 0.5108045 ]
 [0.17648679 0.5350526  0.2884606 ]
 [0.4891348  0.18976894 0.32109627]
 [0.03859808 0.9547156  0.00668629]
 [0.56320643 0.09194917 0.3448444 ]]
probabilities: [[0.7681013  0.02663512 0.20526358]
 [0.4985764  0.43722278 0.06420084]
 [0.431429   0.44591305 0.12265794]
 [0.15319291 0.40486965 0.44193742]
 [0.04270766 0.78211224 0.17518012]]
probabilities: [[0. 0. 1.]
 [0. 1. 0.]
 [0. 0. 1.]
 [0. 0. 1.]
 [0. 0. 1.]]
probabilities: [[0.00419034 0.3924591  0.6033506 ]
 [0.2151146  0.49450406 0.29038134]
 [0.6129952  0.273456   0.11354882]
 [0.37081996 0.22102131 0.40815875]
 [0.6970843  0.0469286  0.2559871 ]]
probabilities: [[0.22158724 0.2372517  0.54116106]
 [0.07007854 0.01985536 0.9100661 ]
 [0.57377094 0.28516495 0.14106414]
 [0.20461795 0.6100861  0.18529595]
 [0.07460868 0.87533164 0.0500597 ]]
probabilities: [[0.19568859 0.48362428 0.32068714]
 [0.08504135 0.7943043  0.12065432]
 [0.270705   0.22665672 0.5026383 ]
 [0.06966016 0.0826108  0.847729  ]
 [0.17816822 0.4890655  0.3327663 ]]
probabilities: [[0. 0. 1.]
 [0. 1. 0.]
 [0. 1. 0.]
 [0. 0. 1.]
 [0. 0. 1.]]
probabilities: [[0.04024111 0.70783603 0.25192282]
 [0.18596165 0.6230958  0.19094257]
 [0.47114122 0.4870577  0.0418011 ]
 [0.8047259  0.16818388 0.02709022]
 [0.7053453  0.23935919 0.05529552]]
probabilities: [[0.44530922 0.07718382 0.47750697]
 [0.21135332 0.00685608 0.7817906 ]
 [0.15183336 0.49347016 0.35469648]
 [0.22873178 0.36388838 0.40737984]
 [0.07846729 0.4478832  0.4736495 ]]
probabilities: [[0.75303113 0.13577434 0.11119449]
 [0.68852913 0.28409472 0.02737617]
 [0.28669143 0.4077468  0.30556178]
 [0.05840456 0.04122242 0.90037304]
 [0.13088454 0.21871346 0.650402  ]]
probabilities: [[0. 0. 1.]
 [0. 1. 0.]
 [0. 0. 1.]
 [0. 0. 1.]
 [0. 0. 1.]]
probabilities: [[0.05209858 0.32346508 0.6244363 ]
 [0.42554593 0.35670367 0.21775039]
 [0.01189646 0.19710082 0.7910027 ]
 [0.19000897 0.4932658  0.31672522]
 [0.86661226 0.0758647  0.05752303]]
probabilities: [[0.2996642  0.0431187  0.6572171 ]
 [0.00293281 0.47045955 0.52660763]
 [0.15992467 0.17565109 0.66442424]
 [0.5171482  0.47881052 0.00404131]
 [0.22743881 0.6785373  0.09402388]]
probabilities: [[0.04013527 0.32604    0.63382477]
 [0.3123862  0.18862575 0.49898803]
 [0.300769   0.42902315 0.27020785]
 [0.5049803  0.23944165 0.25557804]
 [0.50792885 0.3795696  0.11250154]]
probabilities: [[0. 0. 1.]
 [0. 1. 0.]
 [0. 0. 1.]
 [0. 0. 1.]
 [0. 0. 1.]]
probabilities: [[0.9098977  0.02114969 0.06895261]
 [0.4531856  0.27137145 0.27544296]
 [0.561377   0.06493729 0.37368572]
 [0.03824382 0.30003604 0.6617201 ]
 [0.11690386 0.7641603  0.11893588]]
probabilities: [[0.33336884 0.4260213  0.24060987]
 [0.24237229 0.04093347 0.71669424]
 [0.08358975 0.28641957 0.6299907 ]
 [0.05196523 0.9251824  0.02285237]
 [0.703474   0.07649754 0.22002846]]
probabilities: [[0.15878303 0.7971158  0.04410117]
 [0.13864346 0.6848308  0.17652577]
 [0.01190581 0.16221495 0.8258792 ]
 [0.17597996 0.4669552  0.35706484]
 [0.08563679 0.15531912 0.75904405]]
probabilities: [[0. 0. 1.]
 [0. 1. 0.]
 [0. 1. 0.]
 [0. 0. 1.]
 [0. 0. 1.]]
probabilities: [[0.36448616 0.44529414 0.1902197 ]
 [0.04763807 0.16741858 0.78494334]
 [0.15714177 0.11576169 0.72709656]
 [0.06272024 0.38046452 0.5568152 ]
 [0.24592349 0.36011434 0.39396217]]
probabilities: [[0.7301076  0.17411439 0.09577802]
 [0.0058931  0.82992274 0.16418414]
 [0.24853379 0.62205404 0.12941217]
 [0.04772237 0.40532893 0.5469487 ]
 [0.17911173 0.15375052 0.66713774]]
probabilities: [[0.15662523 0.35665223 0.48672253]
 [0.0260858  0.03851937 0.9353948 ]
 [0.26696748 0.4548506  0.2781819 ]
 [0.5479701  0.08476938 0.36726052]
 [0.18192568 0.5422788  0.27579546]]
probabilities: [[0. 1. 0.]
 [0. 1. 0.]
 [0. 1. 0.]
 [0. 1. 0.]
 [0. 1. 0.]]
probabilities: [[0.19174449 0.7090336  0.09922192]
 [0.09549218 0.7535033  0.1510045 ]
 [0.3235615  0.09750304 0.57893544]
 [0.14192507 0.30084702 0.5572279 ]
 [0.19031157 0.7450465  0.06464196]]
probabilities: [[0.34163466 0.20486107 0.45350426]
 [0.58156973 0.00242691 0.41600335]
 [0.446218   0.30893236 0.24484964]
 [0.25642988 0.2800106  0.46355954]
 [0.08543475 0.06835248 0.84621274]]
probabilities: [[0.3925462  0.565058   0.0423958 ]
 [0.21974401 0.7449163  0.0353397 ]
 [0.45998323 0.31793416 0.22208261]
 [0.01220805 0.3397672  0.64802474]
 [0.3111348  0.07467365 0.61419153]]
probabilities: [[1. 0. 0.]
 [1. 0. 0.]
 [1. 0. 0.]
 [1. 0. 0.]
 [1. 0. 0.]]
probabilities: [[0.12563278 0.1808727  0.6934945 ]
 [0.6165846  0.23993139 0.14348403]
 [0.7377295  0.06954671 0.19272377]
 [0.09471034 0.03459757 0.8706921 ]
 [0.3834866  0.35944256 0.25707084]]
probabilities: [[0.4562576  0.5083553  0.03538704]
 [0.48509002 0.22682886 0.2880811 ]
 [0.51154643 0.38645023 0.10200333]
 [0.26752678 0.32634026 0.406133  ]
 [0.18678047 0.5035418  0.30967772]]
probabilities: [[0.33469492 0.10611307 0.559192  ]
 [0.22817174 0.05685203 0.71497625]
 [0.20533973 0.59627604 0.1983842 ]
 [0.7595297  0.23199391 0.00847638]
 [0.42403686 0.43704146 0.1389217 ]]
probabilities: [[0. 0. 1.]
 [0. 1. 0.]
 [0. 0. 1.]
 [0. 0. 1.]
 [0. 0. 1.]]
probabilities: [[0.2585676  0.70857894 0.03285348]
 [0.502052   0.10089563 0.39705235]
 [0.05420736 0.35172284 0.5940698 ]
 [0.17742163 0.12338376 0.6991946 ]
 [0.05578649 0.08068714 0.8635264 ]]
probabilities: [[0.43002233 0.5192489  0.05072876]
 [0.18963635 0.53187215 0.2784915 ]
 [0.27838418 0.20039824 0.5212176 ]
 [0.2188792  0.5962962  0.18482462]
 [0.47527698 0.03336293 0.4913601 ]]
probabilities: [[0.7725725  0.15786278 0.06956472]
 [0.55444646 0.4316441  0.01390943]
 [0.33965486 0.06390844 0.5964367 ]
 [0.38889024 0.58190006 0.02920969]
 [0.57415575 0.27058887 0.15525539]]
probabilities: [[0. 1. 0.]
 [0. 1. 0.]
 [0. 1. 0.]
 [0. 1. 0.]
 [0. 1. 0.]]
probabilities: [[0.7264477  0.05535253 0.21819979]
 [0.13962781 0.43132657 0.42904562]
 [0.23621558 0.34889352 0.4148909 ]
 [0.42936397 0.4567847  0.11385136]
 [0.05333474 0.1575959  0.78906935]]
probabilities: [[0.66053045 0.26004615 0.07942342]
 [0.6552582  0.02295181 0.32178998]
 [0.11142672 0.45383057 0.43474272]
 [0.86881095 0.04179701 0.08939207]
 [0.0247772  0.18905501 0.7861678 ]]
probabilities: [[3.9912182e-01 5.9601665e-01 4.8615178e-03]
 [4.5883741e-02 5.1408919e-05 9.5406485e-01]
 [7.3845670e-02 4.6625885e-01 4.5989549e-01]
 [4.8369190e-01 3.9002928e-01 1.2627880e-01]
 [3.7029901e-01 1.8718532e-01 4.4251567e-01]]
probabilities: [[0. 0. 1.]
 [0. 1. 0.]
 [0. 0. 1.]
 [0. 0. 1.]
 [0. 0. 1.]]
probabilities: [[0.45250577 0.02792647 0.5195678 ]
 [0.56095284 0.3661016  0.0729456 ]
 [0.71915174 0.20884253 0.07200573]
 [0.21687585 0.7089946  0.07412953]
 [0.5906053  0.30716848 0.10222619]]
probabilities: [[0.02853535 0.05851439 0.9129503 ]
 [0.48802528 0.18781768 0.32415706]
 [0.760485   0.19464152 0.04487348]
 [0.42416382 0.38890457 0.18693161]
 [0.04525297 0.94414806 0.01059897]]
probabilities: [[0.18742539 0.63142097 0.18115364]
 [0.42203617 0.0759334  0.50203043]
 [0.6686406  0.30820557 0.0231538 ]
 [0.01825535 0.20497595 0.7767687 ]
 [0.04010497 0.6455619  0.31433314]]
probabilities: [[1. 0. 0.]
 [1. 0. 0.]
 [1. 0. 0.]
 [1. 0. 0.]
 [1. 0. 0.]]
probabilities: [[0.2529786  0.37765548 0.3693659 ]
 [0.01778439 0.7175092  0.26470637]
 [0.5157485  0.06360323 0.42064828]
 [0.47556263 0.03469545 0.4897419 ]
 [0.602947   0.05314145 0.34391156]]
probabilities: [[0.02365496 0.73378664 0.24255839]
 [0.00535771 0.7832352  0.21140711]
 [0.46315813 0.17180288 0.365039  ]
 [0.24789445 0.0720301  0.68007547]
 [0.6358372  0.34334198 0.02082082]]
probabilities: [[0.7010549  0.17977364 0.11917146]
 [0.2761207  0.47435746 0.24952184]
 [0.8264222  0.13770193 0.03587588]
 [0.06724141 0.7392423  0.19351627]
 [0.8398321  0.03272495 0.12744293]]
probabilities: [[1. 0. 0.]
 [1. 0. 0.]
 [1. 0. 0.]
 [1. 0. 0.]
 [1. 0. 0.]]
probabilities: [[0.08031157 0.08084198 0.83884645]
 [0.14170226 0.04530602 0.81299174]
 [0.5050394  0.26888973 0.22607085]
 [0.5356869  0.4576329  0.00668018]
 [0.0798476  0.61283493 0.3073175 ]]
probabilities: [[0.45681703 0.35945892 0.18372405]
 [0.2768279  0.37746355 0.34570855]
 [0.12854601 0.40541214 0.46604186]
 [0.2611659  0.1678902  0.5709439 ]
 [0.07365631 0.00718879 0.9191549 ]]
probabilities: [[0.04123463 0.23327665 0.7254887 ]
 [0.85121256 0.0623324  0.08645506]
 [0.5058927  0.12829894 0.36580834]
 [0.13831133 0.2558262  0.6058625 ]
 [0.37001166 0.08399988 0.5459885 ]]
probabilities: [[0. 0. 1.]
 [0. 1. 0.]
 [0. 0. 1.]
 [0. 0. 1.]
 [0. 0. 1.]]
probabilities: [[0.24059086 0.25200087 0.5074083 ]
 [0.23024026 0.44047776 0.32928196]
 [0.11795446 0.5404487  0.34159684]
 [0.28596386 0.66658384 0.0474523 ]
 [0.18818064 0.12596907 0.6858503 ]]
probabilities: [[0.7643035  0.22497095 0.01072552]
 [0.10404121 0.05323382 0.842725  ]
 [0.29962718 0.37969086 0.32068196]
 [0.24718036 0.24366102 0.5091586 ]
 [0.43859652 0.32403424 0.23736922]]
probabilities: [[0.14714728 0.12581791 0.7270348 ]
 [0.32357734 0.09486247 0.5815602 ]
 [0.25469872 0.1287501  0.61655116]
 [0.03045744 0.19190675 0.7776358 ]
 [0.48139533 0.12760022 0.39100444]]
probabilities: [[0. 0. 1.]
 [0. 1. 0.]
 [0. 0. 1.]
 [0. 0. 1.]
 [0. 0. 1.]]
probabilities: [[0.56298107 0.25686157 0.18015733]
 [0.03449378 0.4449847  0.5205215 ]
 [0.05452862 0.7617388  0.18373261]
 [0.00965764 0.5625235  0.4278189 ]
 [0.03082878 0.7651483  0.20402296]]
probabilities: [[0.26216552 0.7008096  0.03702486]
 [0.2442918  0.5273302  0.22837797]
 [0.2125489  0.22447304 0.5629781 ]
 [0.43149397 0.15933658 0.40916944]
 [0.18094122 0.26484752 0.55421126]]
probabilities: [[7.8021520e-01 1.3688932e-03 2.1841593e-01]
 [6.8280667e-01 3.1670627e-01 4.8706264e-04]
 [2.9605720e-02 6.2881321e-01 3.4158108e-01]
 [2.2128792e-01 1.1499255e-01 6.6371953e-01]
 [3.0656299e-01 1.7040038e-02 6.7639697e-01]]
probabilities: [[0. 0. 1.]
 [0. 1. 0.]
 [0. 1. 0.]
 [0. 0. 1.]
 [0. 0. 1.]]
probabilities: [[0.71107024 0.19135329 0.09757649]
 [0.49054328 0.48929498 0.02016174]
 [0.6050205  0.27174622 0.12323324]
 [0.1021015  0.28864855 0.60924995]
 [0.09577261 0.5444445  0.35978287]]
probabilities: [[0.40772063 0.55421615 0.03806321]
 [0.33762488 0.41414765 0.24822748]
 [0.39591238 0.40196046 0.20212717]
 [0.15769821 0.672676   0.16962579]
 [0.39113444 0.38537863 0.22348695]]
probabilities: [[0.04411507 0.12797704 0.82790786]
 [0.17322393 0.52177507 0.305001  ]
 [0.20462663 0.00963766 0.7857357 ]
 [0.4777156  0.3262475  0.19603686]
 [0.10726008 0.8226688  0.07007112]]
probabilities: [[1. 0. 0.]
 [1. 0. 0.]
 [1. 0. 0.]
 [1. 0. 0.]
 [1. 0. 0.]]
probabilities: [[0.35681894 0.43513313 0.20804793]
 [0.10687294 0.7781915  0.11493555]
 [0.03662568 0.77938306 0.18399122]
 [0.58930784 0.00487711 0.40581506]
 [0.71738064 0.20286623 0.07975313]]
probabilities: [[0.21086231 0.14793493 0.64120275]
 [0.7273408  0.17187604 0.10078312]
 [0.10867147 0.5770478  0.3142807 ]
 [0.40573117 0.50316805 0.09110077]
 [0.7156462  0.06737087 0.2169829 ]]
probabilities: [[0.5676412  0.04757807 0.38478073]
 [0.64553726 0.20237751 0.15208524]
 [0.03896684 0.7325386  0.22849457]
 [0.36613837 0.12797466 0.505887  ]
 [0.3969941  0.21555969 0.3874462 ]]
probabilities: [[1. 0. 0.]
 [1. 0. 0.]
 [1. 0. 0.]
 [1. 0. 0.]
 [1. 0. 0.]]
probabilities: [[0.2949788  0.3706579  0.3343633 ]
 [0.8691372  0.02059721 0.11026554]
 [0.29073045 0.5103893  0.19888023]
 [0.5248417  0.3773324  0.09782588]
 [0.00604765 0.96831566 0.02563666]]
probabilities: [[0.3440344  0.30059764 0.35536793]
 [0.08035843 0.7526739  0.16696766]
 [0.10751127 0.33119947 0.56128925]
 [0.41825745 0.5522662  0.02947639]
 [0.15446587 0.71694165 0.12859249]]
probabilities: [[0.4327067  0.23765303 0.32964027]
 [0.25602707 0.11334973 0.6306232 ]
 [0.6638216  0.11204269 0.22413571]
 [0.6852672  0.13790184 0.17683093]
 [0.5546733  0.01923489 0.4260918 ]]
probabilities: [[1. 0. 0.]
 [1. 0. 0.]
 [1. 0. 0.]
 [1. 0. 0.]
 [1. 0. 0.]]
probabilities: [[0.27022076 0.03379912 0.69598013]
 [0.05374    0.41025293 0.5360071 ]
 [0.02650482 0.58037907 0.39311612]
 [0.69157875 0.13204935 0.17637189]
 [0.33589333 0.26811856 0.39598808]]
probabilities: [[0.39843512 0.5600722  0.04149269]
 [0.3391557  0.45729417 0.20355013]
 [0.6338101  0.33301616 0.03317373]
 [0.16859278 0.74821806 0.08318916]
 [0.028786   0.18678759 0.7844264 ]]
probabilities: [[0.89846957 0.01409186 0.08743855]
 [0.28868362 0.6812631  0.03005329]
 [0.1530188  0.75327647 0.09370473]
 [0.16588962 0.27208877 0.5620216 ]
 [0.34425232 0.616506   0.03924173]]
probabilities: [[0. 1. 0.]
 [0. 1. 0.]
 [0. 1. 0.]
 [0. 1. 0.]
 [0. 1. 0.]]
probabilities: [[0.642337   0.18614933 0.17151366]
 [0.32422447 0.3484735  0.327302  ]
 [0.12494063 0.7375849  0.13747449]
 [0.02663201 0.76534295 0.20802502]
 [0.3433545  0.24908835 0.40755716]]
probabilities: [[0.33286887 0.2999151  0.36721602]
 [0.01924693 0.6283078  0.35244524]
 [0.5209406  0.01040253 0.46865684]
 [0.29133347 0.02895857 0.67970794]
 [0.08379855 0.508136   0.4080655 ]]
probabilities: [[0.20872618 0.07411066 0.71716315]
 [0.34991848 0.03696799 0.6131135 ]
 [0.18079232 0.4176519  0.40155578]
 [0.8537331  0.07582205 0.07044484]
 [0.2122565  0.07676527 0.7109782 ]]
probabilities: [[0. 0. 1.]
 [0. 1. 0.]
 [0. 1. 0.]
 [0. 0. 1.]
 [0. 0. 1.]]
probabilities: [[2.6744753e-01 7.1056324e-01 2.1989215e-02]
 [7.7008188e-01 1.5425137e-01 7.5666785e-02]
 [7.4332345e-01 1.9367576e-01 6.3000821e-02]
 [6.8296456e-01 2.0264068e-01 1.1439477e-01]
 [2.1485698e-04 1.3207528e-01 8.6770988e-01]]
probabilities: [[0.47967118 0.4586584  0.0616704 ]
 [0.67072344 0.20337747 0.12589908]
 [0.1303572  0.5445368  0.32510597]
 [0.05984383 0.62506866 0.3150875 ]
 [0.3654958  0.19642101 0.43808317]]
probabilities: [[0.05554008 0.5899954  0.3544645 ]
 [0.48633558 0.29936814 0.2142963 ]
 [0.03045656 0.15666933 0.81287414]
 [0.47898564 0.21387975 0.3071346 ]
 [0.44200027 0.09499149 0.46300822]]
probabilities: [[0. 0. 1.]
 [0. 1. 0.]
 [0. 1. 0.]
 [0. 0. 1.]
 [0. 0. 1.]]
probabilities: [[0.59156287 0.20087133 0.20756578]
 [0.96183276 0.01843219 0.01973503]
 [0.8828911  0.00141494 0.11569393]
 [0.10699681 0.8705384  0.02246476]
 [0.01953012 0.75913864 0.22133124]]
probabilities: [[0.37663326 0.13131215 0.49205458]
 [0.17962888 0.14904737 0.6713238 ]
 [0.2937424  0.11696405 0.58929354]
 [0.7979391  0.14540194 0.05665893]
 [0.541432   0.25362834 0.2049396 ]]
probabilities: [[0.36859867 0.19343294 0.4379684 ]
 [0.848354   0.00325102 0.14839503]
 [0.4637753  0.07890707 0.45731762]
 [0.8912967  0.07224213 0.03646117]
 [0.16247296 0.02915538 0.80837166]]
probabilities: [[1. 0. 0.]
 [1. 0. 0.]
 [1. 0. 0.]
 [1. 0. 0.]
 [1. 0. 0.]]
probabilities: [[0.63497293 0.20321776 0.1618093 ]
 [0.34285468 0.2459259  0.41121942]
 [0.8261857  0.04772986 0.12608445]
 [0.26522753 0.1283306  0.60644186]
 [0.0478617  0.94024694 0.01189139]]
probabilities: [[0.2681322  0.37203008 0.3598377 ]
 [0.26315472 0.42917553 0.30766973]
 [0.7080027  0.01309744 0.27889985]
 [0.45910433 0.51525223 0.02564346]
 [0.74308646 0.14877917 0.10813441]]
probabilities: [[0.2841494  0.5342359  0.18161471]
 [0.08894987 0.64453584 0.2665143 ]
 [0.56963384 0.4109389  0.01942728]
 [0.3928676  0.503567   0.10356542]
 [0.6139791  0.32519948 0.06082141]]
probabilities: [[0. 0. 1.]
 [0. 1. 0.]
 [0. 0. 1.]
 [0. 0. 1.]
 [0. 0. 1.]]
probabilities: [[0.28568095 0.6825234  0.03179562]
 [0.3049845  0.5902135  0.104802  ]
 [0.1197174  0.47411582 0.4061668 ]
 [0.64392346 0.04769789 0.30837864]
 [0.4500786  0.4073534  0.14256799]]
probabilities: [[0.0512566  0.5117406  0.43700278]
 [0.14431728 0.30697945 0.54870325]
 [0.2982691  0.64018035 0.06155057]
 [0.14567025 0.27851632 0.5758134 ]
 [0.12297575 0.24371709 0.63330716]]
probabilities: [[0.15184021 0.4066971  0.44146273]
 [0.386383   0.5760753  0.03754169]
 [0.4232048  0.24460289 0.3321923 ]
 [0.51958233 0.44899845 0.03141919]
 [0.23571189 0.00728839 0.75699973]]
probabilities: [[0. 0. 1.]
 [0. 1. 0.]
 [0. 0. 1.]
 [0. 0. 1.]
 [0. 0. 1.]]
probabilities: [[0.4389297  0.30748853 0.25358176]
 [0.02614492 0.5010498  0.47280526]
 [0.6976989  0.26549387 0.03680721]
 [0.02987348 0.6199652  0.3501613 ]
 [0.2536332  0.36112782 0.385239  ]]
probabilities: [[0.04438456 0.4369577  0.51865774]
 [0.17230816 0.69707227 0.13061957]
 [0.3587762  0.41096523 0.23025855]
 [0.6301344  0.00102088 0.36884475]
 [0.32493934 0.5705903  0.10447036]]
probabilities: [[0.46534762 0.11991329 0.4147391 ]
 [0.77267855 0.08444144 0.14288001]
 [0.25690046 0.47931245 0.26378706]
 [0.08092207 0.29628167 0.62279624]
 [0.36709583 0.2693564  0.3635478 ]]
probabilities: [[0. 0. 1.]
 [0. 1. 0.]
 [0. 1. 0.]
 [0. 0. 1.]
 [0. 0. 1.]]
probabilities: [[0.7684104  0.09067436 0.14091523]
 [0.11301388 0.01288836 0.87409776]
 [0.22255546 0.36269918 0.41474536]
 [0.14748232 0.2709422  0.58157545]
 [0.19215794 0.21972    0.58812207]]
probabilities: [[0.3809183  0.60668296 0.01239876]
 [0.7210526  0.04041153 0.2385359 ]
 [0.4887212  0.14716703 0.36411178]
 [0.74744874 0.02959032 0.22296092]
 [0.34184024 0.43634143 0.22181833]]
probabilities: [[0.07879698 0.33154592 0.5896571 ]
 [0.3496299  0.61667275 0.03369732]
 [0.3756486  0.17713825 0.44721314]
 [0.13814877 0.43358558 0.42826566]
 [0.03073166 0.5513289  0.41793942]]
probabilities: [[0. 0. 1.]
 [0. 1. 0.]
 [0. 0. 1.]
 [0. 0. 1.]
 [0. 0. 1.]]
probabilities: [[0.43979338 0.48186782 0.07833882]
 [0.00322784 0.54463285 0.45213935]
 [0.3349922  0.64077336 0.02423443]
 [0.06913053 0.05782069 0.8730488 ]
 [0.3738197  0.5290488  0.09713149]]
probabilities: [[0.14176188 0.1935922  0.6646459 ]
 [0.46113172 0.43064597 0.10822231]
 [0.16600828 0.5589371  0.27505466]
 [0.144796   0.35726774 0.49793625]
 [0.46340305 0.1034364  0.43316054]]
probabilities: [[0.1009502  0.75191617 0.14713362]
 [0.36159968 0.5975134  0.04088695]
 [0.22685489 0.18506154 0.58808357]
 [0.7836847  0.11967081 0.09664451]
 [0.6559232  0.31874585 0.02533093]]
probabilities: [[0. 0. 1.]
 [0. 1. 0.]
 [0. 0. 1.]
 [0. 0. 1.]
 [0. 0. 1.]]
probabilities: [[0.68786144 0.08595086 0.22618769]
 [0.3896046  0.278008   0.3323874 ]
 [0.3914411  0.04569793 0.56286097]
 [0.18267167 0.76577127 0.05155707]
 [0.2518037  0.13484475 0.6133516 ]]
probabilities: [[0.3099857  0.17228359 0.5177307 ]
 [0.4963056  0.2549154  0.248779  ]
 [0.11824853 0.8788867  0.00286477]
 [0.19330433 0.40080187 0.40589377]
 [0.4618135  0.09378902 0.44439748]]
probabilities: [[0.68835825 0.01478483 0.29685694]
 [0.5847949  0.04219748 0.37300766]
 [0.01661674 0.27540588 0.7079774 ]
 [0.4640916  0.3826875  0.15322089]
 [0.19985141 0.6535517  0.14659688]]
probabilities: [[0. 1. 0.]
 [0. 1. 0.]
 [0. 1. 0.]
 [0. 1. 0.]
 [0. 1. 0.]]
probabilities: [[0.1449456  0.50746095 0.34759346]
 [0.26546395 0.07773151 0.65680456]
 [0.41808307 0.11653919 0.46537775]
 [0.49693087 0.16881044 0.33425868]
 [0.6524642  0.13094863 0.21658717]]
probabilities: [[0.2354926  0.47849274 0.28601465]
 [0.6834842  0.00520547 0.31131035]
 [0.5327247  0.28313345 0.18414184]
 [0.39444643 0.3778518  0.22770174]
 [0.8849699  0.03566918 0.07936092]]
probabilities: [[0.42855346 0.1457239  0.42572263]
 [0.6341451  0.09698027 0.26887465]
 [0.18716681 0.15903951 0.6537937 ]
 [0.00583347 0.05923444 0.9349321 ]
 [0.09968859 0.24042185 0.6598896 ]]
probabilities: [[0. 0. 1.]
 [0. 1. 0.]
 [0. 0. 1.]
 [0. 0. 1.]
 [0. 0. 1.]]
probabilities: [[0.53799814 0.24489628 0.21710557]
 [0.04173552 0.617723   0.34054148]
 [0.5916653  0.02329787 0.38503677]
 [0.06288206 0.66371596 0.27340198]
 [0.6128403  0.17966884 0.20749089]]
probabilities: [[0.37737006 0.02874609 0.5938839 ]
 [0.34747577 0.21739942 0.43512478]
 [0.02429031 0.75870275 0.21700695]
 [0.1767084  0.03777113 0.7855205 ]
 [0.23211989 0.12760082 0.6402793 ]]
probabilities: [[0.73755145 0.12796238 0.13448614]
 [0.1278869  0.45091838 0.42119473]
 [0.03715008 0.365594   0.59725595]
 [0.04157084 0.18448329 0.77394587]
 [0.14031321 0.04981353 0.8098733 ]]
probabilities: [[0. 1. 0.]
 [0. 1. 0.]
 [0. 1. 0.]
 [0. 1. 0.]
 [0. 1. 0.]]
probabilities: [[0.40918693 0.5628138  0.02799928]
 [0.12046493 0.00204715 0.8774879 ]
 [0.18085474 0.28396273 0.53518254]
 [0.92874247 0.04287935 0.02837821]
 [0.02445563 0.1857272  0.78981715]]
probabilities: [[0.47269645 0.37028268 0.15702084]
 [0.20223269 0.6342878  0.16347954]
 [0.12091998 0.35038623 0.5286938 ]
 [0.09367318 0.67920715 0.2271197 ]
 [0.15993914 0.43623272 0.40382814]]
probabilities: [[0.11477125 0.02954728 0.8556815 ]
 [0.1537454  0.01102864 0.83522594]
 [0.41886875 0.47744885 0.10368239]
 [0.45959273 0.47520617 0.0652011 ]
 [0.00743726 0.45533562 0.5372271 ]]
probabilities: [[1. 0. 0.]
 [1. 0. 0.]
 [1. 0. 0.]
 [1. 0. 0.]
 [1. 0. 0.]]
probabilities: [[0.8361771  0.11571017 0.04811273]
 [0.6699525  0.30569023 0.02435726]
 [0.13775258 0.2828017  0.5794457 ]
 [0.06910223 0.35459825 0.5762995 ]
 [0.14307348 0.7758836  0.08104288]]
probabilities: [[0.52899206 0.11081697 0.36019096]
 [0.37772968 0.14988546 0.47238484]
 [0.39855275 0.01422119 0.5872261 ]
 [0.32804698 0.17070013 0.5012529 ]
 [0.05205934 0.43348402 0.5144566 ]]
probabilities: [[0.47108862 0.03824724 0.49066415]
 [0.10123781 0.29832745 0.6004347 ]
 [0.71360916 0.21056308 0.07582774]
 [0.39586908 0.41018367 0.19394727]
 [0.17013775 0.24718122 0.58268106]]
probabilities: [[0. 1. 0.]
 [0. 1. 0.]
 [0. 1. 0.]
 [0. 1. 0.]
 [0. 1. 0.]]
probabilities: [[0.10965098 0.5855255  0.30482352]
 [0.13535656 0.6208109  0.24383251]
 [0.6957772  0.2131532  0.0910696 ]
 [0.05076611 0.5414141  0.4078198 ]
 [0.53483576 0.05103263 0.4141316 ]]
probabilities: [[0.2619111  0.6250286  0.11306029]
 [0.24810845 0.10349472 0.64839685]
 [0.6027984  0.31672925 0.08047235]
 [0.26356077 0.24408166 0.49235755]
 [0.68205684 0.22775927 0.09018387]]
probabilities: [[0.30837947 0.5234818  0.16813874]
 [0.04220426 0.01719632 0.94059944]
 [0.73443484 0.07100487 0.1945603 ]
 [0.1104888  0.73841226 0.15109895]
 [0.32142422 0.12556435 0.5530114 ]]
probabilities: [[1. 0. 0.]
 [1. 0. 0.]
 [1. 0. 0.]
 [1. 0. 0.]
 [1. 0. 0.]]
probabilities: [[0.333611   0.59209603 0.07429295]
 [0.8072711  0.15556234 0.03716655]
 [0.46402365 0.45351297 0.08246338]
 [0.21915206 0.24072821 0.5401197 ]
 [0.30338594 0.1964709  0.5001432 ]]
probabilities: [[0.86498994 0.07146589 0.06354418]
 [0.05781623 0.27039793 0.67178583]
 [0.4334117  0.31627324 0.25031507]
 [0.35300577 0.20420194 0.4427923 ]
 [0.43549278 0.14898592 0.4155213 ]]
probabilities: [[0.12782419 0.30280763 0.5693682 ]
 [0.10599401 0.10325887 0.7907471 ]
 [0.16468972 0.36127385 0.47403643]
 [0.25465298 0.6772888  0.06805823]
 [0.31499755 0.502149   0.18285343]]
probabilities: [[0. 0. 1.]
 [0. 1. 0.]
 [0. 1. 0.]
 [0. 0. 1.]
 [0. 0. 1.]]
probabilities: [[0.04170401 0.27921337 0.67908263]
 [0.1676081  0.2619279  0.570464  ]
 [0.01914206 0.740061   0.24079695]
 [0.17543557 0.3926748  0.43188962]
 [0.5113101  0.06064835 0.42804158]]
probabilities: [[0.46486783 0.05519615 0.479936  ]
 [0.19440182 0.42825034 0.37734786]
 [0.8653362  0.08103041 0.05363343]
 [0.00817768 0.5900857  0.40173665]
 [0.42759588 0.24958332 0.3228208 ]]
probabilities: [[0.05712955 0.22288893 0.71998155]
 [0.13889788 0.58115643 0.2799457 ]
 [0.43339032 0.35514045 0.21146922]
 [0.4576434  0.19412774 0.34822887]
 [0.45295897 0.10644967 0.44059134]]
probabilities: [[0. 0. 1.]
 [0. 1. 0.]
 [0. 1. 0.]
 [0. 0. 1.]
 [0. 0. 1.]]
probabilities: [[0.11939726 0.26524898 0.61535376]
 [0.14518118 0.1293347  0.72548413]
 [0.5233694  0.28031725 0.19631337]
 [0.6900484  0.22976507 0.08018652]
 [0.16160977 0.21385552 0.6245347 ]]
probabilities: [[0.47263893 0.23614822 0.29121286]
 [0.05258629 0.9205231  0.0268906 ]
 [0.46404064 0.47329518 0.06266417]
 [0.07336991 0.38807303 0.53855705]
 [0.33026698 0.09049977 0.5792332 ]]
probabilities: [[0.55381    0.14033912 0.30585086]
 [0.3091824  0.45548338 0.23533423]
 [0.08964534 0.874594   0.0357607 ]
 [0.20640273 0.52875406 0.26484323]
 [0.02187189 0.60266083 0.37546727]]
probabilities: [[0. 0. 1.]
 [0. 1. 0.]
 [0. 0. 1.]
 [0. 0. 1.]
 [0. 0. 1.]]
probabilities: [[0.2881853  0.35007522 0.3617395 ]
 [0.04839547 0.45874253 0.492862  ]
 [0.4761145  0.4134788  0.1104067 ]
 [0.30813563 0.54239976 0.14946459]
 [0.16653435 0.80853647 0.0249292 ]]
probabilities: [[0.63668734 0.09836516 0.26494753]
 [0.23996371 0.44489282 0.31514347]
 [0.26965365 0.05732798 0.6730184 ]
 [0.5275356  0.37711534 0.09534905]
 [0.40868086 0.4375668  0.15375237]]
probabilities: [[0.00736559 0.8146498  0.17798461]
 [0.6547533  0.17518157 0.17006513]
 [0.46166885 0.1133818  0.42494935]
 [0.02973572 0.776781   0.19348323]
 [0.28084037 0.283529   0.43563062]]
probabilities: [[0. 1. 0.]
 [0. 1. 0.]
 [0. 1. 0.]
 [0. 1. 0.]
 [0. 1. 0.]]
probabilities: [[0.336662   0.31556526 0.34777272]
 [0.5680017  0.31776026 0.11423807]
 [0.27935818 0.21091671 0.5097251 ]
 [0.22674322 0.58250254 0.19075422]
 [0.12351478 0.14627627 0.73020893]]
probabilities: [[0.06476533 0.11477872 0.82045597]
 [0.88013035 0.0503397  0.06952997]
 [0.24308759 0.18824089 0.5686715 ]
 [0.55299366 0.3761798  0.07082653]
 [0.41579765 0.17607564 0.4081267 ]]
probabilities: [[0.8851069  0.08920153 0.02569153]
 [0.42931932 0.4243126  0.14636812]
 [0.00593728 0.57790226 0.41616046]
 [0.01577383 0.35482556 0.6294006 ]
 [0.44730726 0.3841816  0.16851115]]
probabilities: [[0. 1. 0.]
 [0. 1. 0.]
 [0. 1. 0.]
 [0. 1. 0.]
 [0. 1. 0.]]
probabilities: [[0.43700954 0.1125117  0.45047876]
 [0.05009154 0.39298943 0.55691904]
 [0.37650937 0.12820238 0.49528825]
 [0.19562264 0.45972398 0.3446534 ]
 [0.15805022 0.6583819  0.1835679 ]]
probabilities: [[0.06492587 0.20934723 0.7257269 ]
 [0.4104562  0.48037502 0.10916875]
 [0.04620448 0.80511934 0.14867616]
 [0.49749166 0.27404937 0.22845896]
 [0.7433163  0.10144706 0.15523663]]
probabilities: [[0.00760594 0.23673624 0.75565785]
 [0.2319265  0.48670948 0.28136402]
 [0.05333858 0.5635791  0.38308233]
 [0.50941825 0.47330526 0.01727648]
 [0.19556522 0.31920892 0.48522586]]
probabilities: [[0. 0. 1.]
 [0. 1. 0.]
 [0. 1. 0.]
 [0. 0. 1.]
 [0. 0. 1.]]
probabilities: [[0.290445   0.5117945  0.19776046]
 [0.2151277  0.4012929  0.3835794 ]
 [0.75929844 0.0322507  0.20845088]
 [0.63941383 0.06340109 0.2971851 ]
 [0.3671828  0.24794723 0.38486996]]
probabilities: [[0.04133259 0.91267097 0.04599642]
 [0.3015131  0.4269484  0.2715385 ]
 [0.02795461 0.4192742  0.5527712 ]
 [0.24375096 0.2240737  0.53217536]
 [0.64529383 0.34820753 0.00649868]]
probabilities: [[0.03499104 0.4265388  0.53847015]
 [0.07750827 0.60325056 0.31924117]
 [0.39841038 0.59913766 0.00245198]
 [0.06171618 0.7215246  0.2167592 ]
 [0.53671724 0.21752469 0.24575807]]
probabilities: [[0. 0. 1.]
 [0. 1. 0.]
 [0. 1. 0.]
 [0. 0. 1.]
 [0. 0. 1.]]
probabilities: [[0.28463897 0.63833684 0.07702421]
 [0.47563112 0.47058383 0.05378504]
 [0.9466749  0.02434308 0.02898203]
 [0.5947058  0.07750724 0.32778695]
 [0.1447771  0.33051786 0.52470505]]
probabilities: [[0.46927205 0.4006005  0.13012746]
 [0.08084459 0.5824041  0.3367513 ]
 [0.30122954 0.5653588  0.13341166]
 [0.22216679 0.32236987 0.45546332]
 [0.6135644  0.19160779 0.19482784]]
probabilities: [[0.3691216  0.12479552 0.5060829 ]
 [0.20375527 0.6344736  0.16177107]
 [0.03178408 0.08346933 0.8847466 ]
 [0.8694378  0.04990314 0.08065907]
 [0.39696735 0.08766598 0.5153667 ]]
probabilities: [[0. 1. 0.]
 [0. 1. 0.]
 [0. 1. 0.]
 [0. 1. 0.]
 [0. 1. 0.]]
probabilities: [[0.25814888 0.40630886 0.33554226]
 [0.4320027  0.48757786 0.08041947]
 [0.44526893 0.5529537  0.00177733]
 [0.37917817 0.23958375 0.3812381 ]
 [0.1922447  0.22075808 0.5869972 ]]
probabilities: [[0.35657442 0.06605405 0.57737154]
 [0.09742894 0.6472713  0.2552998 ]
 [0.03326446 0.30950788 0.65722764]
 [0.3335679  0.31018123 0.35625088]
 [0.6248887  0.17568578 0.19942552]]
probabilities: [[0.08256867 0.2076191  0.7098122 ]
 [0.72432417 0.25971976 0.01595609]
 [0.13651706 0.7948194  0.06866355]
 [0.5936983  0.11731055 0.28899112]
 [0.4876474  0.01915672 0.49319586]]
probabilities: [[0. 0. 1.]
 [0. 1. 0.]
 [0. 0. 1.]
 [0. 0. 1.]
 [0. 0. 1.]]
probabilities: [[0.42333755 0.01876191 0.55790055]
 [0.07472979 0.05439147 0.87087876]
 [0.20087859 0.04214796 0.75697345]
 [0.18684845 0.04333327 0.7698183 ]
 [0.06243851 0.52515167 0.4124098 ]]
probabilities: [[0.43060425 0.5198871  0.04950862]
 [0.37818646 0.49359143 0.1282221 ]
 [0.35080168 0.5925884  0.05660991]
 [0.11254612 0.31770274 0.56975114]
 [0.0059884  0.922294   0.0717176 ]]
probabilities: [[0.06106332 0.732534   0.20640269]
 [0.07184412 0.77458847 0.15356743]
 [0.02801609 0.3910746  0.5809093 ]
 [0.37651336 0.07428947 0.5491972 ]
 [0.4649445  0.20201084 0.33304465]]
probabilities: [[1. 0. 0.]
 [1. 0. 0.]
 [1. 0. 0.]
 [1. 0. 0.]
 [1. 0. 0.]]
probabilities: [[0.5183097  0.20231004 0.27938026]
 [0.00941636 0.69316995 0.29741368]
 [0.6532183  0.3232571  0.02352458]
 [0.00154172 0.21772277 0.7807355 ]
 [0.09348331 0.3231363  0.5833804 ]]
probabilities: [[0.09757374 0.79811174 0.10431452]
 [0.13295458 0.601042   0.26600346]
 [0.04240843 0.71844226 0.23914932]
 [0.26155365 0.5916744  0.146772  ]
 [0.37891757 0.54334885 0.07773358]]
probabilities: [[0.14475259 0.40479875 0.45044866]
 [0.18541214 0.5663521  0.24823576]
 [0.37939653 0.5424089  0.07819455]
 [0.4688071  0.303401   0.2277919 ]
 [0.5312359  0.4572944  0.01146974]]
probabilities: [[0. 0. 1.]
 [0. 1. 0.]
 [0. 1. 0.]
 [0. 0. 1.]
 [0. 0. 1.]]
probabilities: [[0.37663153 0.55205894 0.07130953]
 [0.4935076  0.17797455 0.32851785]
 [0.8235803  0.14415662 0.03226304]
 [0.48732305 0.28072524 0.2319517 ]
 [0.0329331  0.8966575  0.07040936]]
probabilities: [[0.01324516 0.04783146 0.93892336]
 [0.7489099  0.12538116 0.12570894]
 [0.30574986 0.4422478  0.2520023 ]
 [0.7432903  0.21358001 0.04312969]
 [0.26925758 0.49314466 0.23759775]]
probabilities: [[0.705933   0.21151458 0.08255246]
 [0.26841167 0.31652927 0.4150591 ]
 [0.12536754 0.29568246 0.57895   ]
 [0.49495593 0.45208085 0.05296322]
 [0.28735122 0.2770734  0.43557537]]
probabilities: [[0. 0. 1.]
 [0. 1. 0.]
 [0. 1. 0.]
 [0. 0. 1.]
 [0. 0. 1.]]
probabilities: [[0.49206293 0.41434708 0.09359001]
 [0.25777406 0.36898082 0.37324512]
 [0.48824337 0.44946313 0.0622935 ]
 [0.02825507 0.32597494 0.64577   ]
 [0.5719772  0.29768863 0.13033415]]
probabilities: [[0.6156799  0.04275557 0.3415645 ]
 [0.3606273  0.569821   0.06955168]
 [0.5663854  0.06654508 0.36706954]
 [0.62520766 0.17234716 0.20244516]
 [0.40748066 0.31810454 0.2744148 ]]
probabilities: [[0.6729288  0.17864658 0.14842464]
 [0.10694247 0.45655885 0.43649867]
 [0.6668706  0.18298136 0.15014806]
 [0.8078002  0.11245184 0.079748  ]
 [0.10822131 0.3788295  0.51294917]]
probabilities: [[0. 0. 1.]
 [0. 1. 0.]
 [0. 0. 1.]
 [0. 0. 1.]
 [0. 0. 1.]]
probabilities: [[0.2528107  0.392029   0.35516033]
 [0.2094481  0.51927423 0.27127764]
 [0.4505371  0.3410638  0.20839912]
 [0.09437696 0.3150832  0.5905398 ]
 [0.31747243 0.06314195 0.6193856 ]]
probabilities: [[0.1725399  0.68770707 0.13975301]
 [0.10058691 0.5454353  0.35397777]
 [0.50768644 0.24630931 0.24600424]
 [0.71392953 0.1359792  0.15009125]
 [0.16462392 0.80748326 0.02789281]]
probabilities: [[0.5430949  0.31630322 0.1406019 ]
 [0.4179915  0.11572131 0.4662872 ]
 [0.15456226 0.6246006  0.22083713]
 [0.8521017  0.12161177 0.02628651]
 [0.42474782 0.3195308  0.25572136]]
probabilities: [[0. 1. 0.]
 [0. 1. 0.]
 [0. 1. 0.]
 [0. 1. 0.]
 [0. 1. 0.]]
probabilities: [[0.7981784  0.19655098 0.00527061]
 [0.13095811 0.19053817 0.67850375]
 [0.15723182 0.3993784  0.4433898 ]
 [0.09470052 0.21822105 0.6870784 ]
 [0.8303554  0.04579182 0.12385277]]
probabilities: [[0.35879079 0.45708925 0.18411997]
 [0.6705159  0.26940703 0.06007705]
 [0.90684855 0.03170031 0.06145116]
 [0.43671516 0.04172064 0.5215642 ]
 [0.02507927 0.1703726  0.80454814]]
probabilities: [[0.762804   0.09070066 0.14649536]
 [0.8286852  0.12611838 0.04519642]
 [0.22060752 0.03684602 0.74254644]
 [0.16232625 0.63793886 0.1997349 ]
 [0.21053517 0.71123576 0.07822905]]
probabilities: [[0. 0. 1.]
 [0. 1. 0.]
 [0. 0. 1.]
 [0. 0. 1.]
 [0. 0. 1.]]
probabilities: [[0.20810714 0.36220405 0.42968878]
 [0.3018997  0.14922999 0.5488703 ]
 [0.41634282 0.08646668 0.49719048]
 [0.39629665 0.06695741 0.53674597]
 [0.69329184 0.14904651 0.15766165]]
probabilities: [[0.34611517 0.39687818 0.25700665]
 [0.14629921 0.06885696 0.7848438 ]
 [0.36252958 0.15262781 0.48484263]
 [0.35982385 0.6062773  0.03389883]
 [0.4264637  0.53767735 0.03585898]]
probabilities: [[0.5518882  0.42231444 0.02579734]
 [0.02040254 0.51452947 0.46506798]
 [0.1805933  0.54740256 0.27200413]
 [0.32519776 0.01533357 0.65946865]
 [0.04273943 0.89338714 0.0638734 ]]
probabilities: [[0. 0. 1.]
 [0. 1. 0.]
 [0. 0. 1.]
 [0. 0. 1.]
 [0. 0. 1.]]
probabilities: [[0.15048355 0.8285532  0.02096324]
 [0.38138545 0.11915946 0.4994551 ]
 [0.07064057 0.7317545  0.19760492]
 [0.5319705  0.00129477 0.46673474]
 [0.10695323 0.5308369  0.36220986]]
probabilities: [[0.03666287 0.7885679  0.17476922]
 [0.42013052 0.17551203 0.40435743]
 [0.4258284  0.2528011  0.32137048]
 [0.1367425  0.04699979 0.8162577 ]
 [0.08522831 0.63177246 0.28299922]]
probabilities: [[0.07394022 0.39163914 0.53442067]
 [0.16212347 0.22165875 0.6162178 ]
 [0.04037374 0.3305228  0.6291034 ]
 [0.55817986 0.10049872 0.3413214 ]
 [0.1983939  0.33696407 0.46464202]]
probabilities: [[1. 0. 0.]
 [1. 0. 0.]
 [1. 0. 0.]
 [1. 0. 0.]
 [1. 0. 0.]]
probabilities: [[0.35905936 0.36245546 0.27848515]
 [0.12859984 0.48583576 0.38556442]
 [0.37905496 0.32918438 0.29176068]
 [0.29117733 0.00293357 0.7058891 ]
 [0.43048674 0.1875089  0.38200438]]
probabilities: [[0.03222616 0.18553214 0.7822417 ]
 [0.6839526  0.01898551 0.2970619 ]
 [0.66672975 0.00181716 0.33145308]
 [0.4985029  0.31726533 0.18423174]
 [0.29466486 0.21000712 0.49532804]]
probabilities: [[0.07612609 0.8146172  0.10925671]
 [0.20740652 0.26592827 0.5266652 ]
 [0.2536073  0.51110554 0.23528717]
 [0.19316143 0.32191578 0.4849228 ]
 [0.23209539 0.5881965  0.17970808]]
probabilities: [[0. 1. 0.]
 [0. 1. 0.]
 [0. 1. 0.]
 [0. 1. 0.]
 [0. 1. 0.]]
probabilities: [[0.2881686  0.28527698 0.4265544 ]
 [0.24155594 0.613767   0.144677  ]
 [0.93277526 0.05169814 0.01552661]
 [0.23434383 0.09301262 0.67264354]
 [0.00300002 0.50509614 0.49190384]]
probabilities: [[6.6853529e-01 1.9433643e-01 1.3712828e-01]
 [6.6352826e-01 6.4562730e-02 2.7190903e-01]
 [2.9530048e-01 5.7007628e-04 7.0412946e-01]
 [5.2397019e-01 1.4968234e-01 3.2634744e-01]
 [1.8380858e-01 5.6024134e-01 2.5595006e-01]]
probabilities: [[0.00657761 0.9674053  0.02601705]
 [0.7343987  0.21277143 0.05282985]
 [0.37914813 0.13873501 0.48211688]
 [0.7370574  0.17693031 0.08601233]
 [0.10994025 0.06747823 0.8225815 ]]
probabilities: [[1. 0. 0.]
 [1. 0. 0.]
 [1. 0. 0.]
 [1. 0. 0.]
 [1. 0. 0.]]
probabilities: [[0.11033556 0.38736627 0.5022982 ]
 [0.07465179 0.28436965 0.6409786 ]
 [0.73656595 0.06189257 0.20154147]
 [0.39911526 0.12640966 0.47447506]
 [0.02901216 0.08768184 0.883306  ]]
probabilities: [[0.33277708 0.243175   0.42404792]
 [0.00222816 0.28655517 0.7112166 ]
 [0.5234419  0.1160196  0.3605385 ]
 [0.5594039  0.35981557 0.08078052]
 [0.18819399 0.80236787 0.00943816]]
probabilities: [[2.37295151e-01 1.70552656e-01 5.92152178e-01]
 [1.61409393e-01 4.70063448e-01 3.68527144e-01]
 [2.08577380e-01 6.37063310e-02 7.27716267e-01]
 [8.56474459e-01 2.17443872e-02 1.21781185e-01]
 [7.84845033e-04 4.71013993e-01 5.28201163e-01]]
probabilities: [[1. 0. 0.]
 [1. 0. 0.]
 [1. 0. 0.]
 [1. 0. 0.]
 [1. 0. 0.]]
probabilities: [[0.18236509 0.7231232  0.0945117 ]
 [0.27751407 0.36503848 0.35744745]
 [0.40555045 0.54715157 0.04729797]
 [0.67860776 0.03539241 0.28599983]
 [0.06982277 0.27046344 0.6597138 ]]
probabilities: [[0.04663169 0.21204638 0.7413219 ]
 [0.25675848 0.372666   0.37057552]
 [0.12249204 0.4498546  0.42765337]
 [0.270522   0.28580827 0.4436697 ]
 [0.8853783  0.08541605 0.02920565]]
probabilities: [[0.13101728 0.01742147 0.85156125]
 [0.557912   0.28247765 0.15961035]
 [0.04533401 0.6796959  0.27497008]
 [0.5877859  0.32353395 0.08868011]
 [0.03283058 0.55690116 0.41026825]]
probabilities: [[1. 0. 0.]
 [1. 0. 0.]
 [1. 0. 0.]
 [1. 0. 0.]
 [1. 0. 0.]]
probabilities: [[0.12247691 0.25743467 0.62008846]
 [0.7293857  0.16507831 0.10553603]
 [0.05164608 0.45187563 0.49647832]
 [0.27800286 0.4130164  0.3089807 ]
 [0.5001013  0.10792479 0.39197388]]
probabilities: [[0.04638131 0.8952233  0.05839537]
 [0.7284847  0.14637056 0.12514473]
 [0.12000795 0.63214606 0.247846  ]
 [0.38717285 0.52169865 0.09112848]
 [0.12124744 0.5175212  0.36123133]]
probabilities: [[0.1994658  0.07292869 0.7276055 ]
 [0.11126235 0.26102844 0.6277092 ]
 [0.02921517 0.23920818 0.7315766 ]
 [0.1666928  0.27881026 0.55449694]
 [0.04843838 0.14511116 0.8064505 ]]
probabilities: [[0. 0. 1.]
 [0. 1. 0.]
 [0. 0. 1.]
 [0. 0. 1.]
 [0. 0. 1.]]
probabilities: [[0.5492281  0.39007598 0.06069595]
 [0.3284357  0.37587377 0.29569054]
 [0.5097888  0.25268486 0.2375263 ]
 [0.2102133  0.07215717 0.7176295 ]
 [0.32557666 0.04209967 0.6323237 ]]
probabilities: [[0.19207348 0.09058979 0.7173367 ]
 [0.28685084 0.19912764 0.5140215 ]
 [0.44132507 0.1425798  0.41609514]
 [0.02462408 0.8110793  0.16429661]
 [0.22061254 0.03521971 0.74416775]]
probabilities: [[0.56531715 0.3960326  0.03865025]
 [0.06804056 0.33352426 0.59843516]
 [0.37461904 0.17927419 0.44610676]
 [0.30467674 0.1695601  0.52576315]
 [0.45584327 0.43070287 0.11345388]]
probabilities: [[0. 0. 1.]
 [0. 1. 0.]
 [0. 1. 0.]
 [0. 0. 1.]
 [0. 0. 1.]]
probabilities: [[0.23815921 0.24883412 0.5130067 ]
 [0.4883382  0.45812353 0.05353826]
 [0.47566178 0.0636801  0.4606581 ]
 [0.1918737  0.06220088 0.7459254 ]
 [0.04752522 0.85452145 0.0979533 ]]
probabilities: [[0.6166372  0.07851735 0.30484548]
 [0.42903322 0.21537709 0.3555897 ]
 [0.09266909 0.7618258  0.1455051 ]
 [0.36980045 0.283169   0.34703055]
 [0.25981045 0.14348397 0.5967056 ]]
probabilities: [[0.40638396 0.18769543 0.4059206 ]
 [0.67311054 0.2839059  0.04298354]
 [0.01040067 0.3240324  0.6655669 ]
 [0.07933448 0.60033697 0.32032856]
 [0.02798692 0.20507559 0.7669375 ]]
probabilities: [[0. 0. 1.]
 [0. 1. 0.]
 [0. 1. 0.]
 [0. 0. 1.]
 [0. 0. 1.]]
probabilities: [[0.7059648  0.2805188  0.0135164 ]
 [0.10331462 0.5349608  0.36172462]
 [0.16526215 0.15057942 0.68415844]
 [0.43367586 0.53895706 0.02736709]
 [0.06046841 0.14507814 0.79445344]]
probabilities: [[0.5151764  0.05561737 0.42920625]
 [0.46104708 0.4690379  0.06991504]
 [0.05772053 0.32341662 0.6188628 ]
 [0.7613326  0.23090087 0.00776659]
 [0.00566561 0.7222232  0.27211115]]
probabilities: [[0.22762705 0.42150238 0.35087058]
 [0.38271978 0.13544036 0.48183987]
 [0.10133554 0.6127162  0.28594828]
 [0.9083902  0.00537874 0.08623105]
 [0.20998949 0.32109493 0.46891558]]
probabilities: [[0. 0. 1.]
 [0. 1. 0.]
 [0. 0. 1.]
 [0. 0. 1.]
 [0. 0. 1.]]
probabilities: [[0.5182068  0.22803622 0.25375703]
 [0.69948006 0.07319223 0.22732773]
 [0.05636179 0.9075987  0.03603955]
 [0.95588624 0.04163704 0.00247673]
 [0.34707883 0.6473655  0.00555567]]
probabilities: [[0.02957334 0.25837368 0.712053  ]
 [0.6583607  0.0574184  0.28422084]
 [0.08537972 0.48194894 0.43267134]
 [0.07533997 0.10068436 0.8239757 ]
 [0.21155564 0.12805992 0.6603844 ]]
probabilities: [[0.20614128 0.4237941  0.37006465]
 [0.35964713 0.07818229 0.56217057]
 [0.39926434 0.5802439  0.02049179]
 [0.30451298 0.49649382 0.1989932 ]
 [0.13157997 0.78510326 0.08331674]]
probabilities: [[1. 0. 0.]
 [1. 0. 0.]
 [1. 0. 0.]
 [1. 0. 0.]
 [1. 0. 0.]]
probabilities: [[0.1223206  0.11249109 0.76518834]
 [0.3672778  0.07987583 0.5528464 ]
 [0.29261705 0.44890702 0.25847593]
 [0.3475003  0.47387207 0.17862765]
 [0.49742392 0.11098288 0.39159322]]
probabilities: [[0.11041961 0.73244053 0.15713988]
 [0.30338246 0.26090738 0.43571013]
 [0.6840592  0.31421465 0.00172616]
 [0.14038645 0.5734997  0.2861139 ]
 [0.1908617  0.26518446 0.54395384]]
probabilities: [[0.76097584 0.21707402 0.02195016]
 [0.5827677  0.06932706 0.3479052 ]
