probabilities: [[1. 0. 0.]
 [1. 0. 0.]
 [1. 0. 0.]
 [1. 0. 0.]
 [1. 0. 0.]]
probabilities: [[0.11764622 0.50591964 0.37643415]
 [0.42450473 0.35177588 0.22371939]
 [0.02797528 0.3394464  0.6325783 ]
 [0.2835262  0.06623479 0.650239  ]
 [0.33079734 0.31745943 0.35174322]]
probabilities: [[0.19894902 0.60683066 0.19422033]
 [0.16351348 0.1640056  0.6724809 ]
 [0.6192354  0.32935688 0.05140774]
 [0.70072436 0.2055885  0.09368716]
 [0.3290234  0.5895199  0.08145666]]
probabilities: [[0.7073316  0.25617245 0.03649592]
 [0.44823092 0.4815887  0.0701804 ]
 [0.15883435 0.39709026 0.44407538]
 [0.0763199  0.1429437  0.7807364 ]
 [0.33111644 0.1519141  0.51696944]]
probabilities: [[0.49654377 0.12019388 0.38326237]
 [0.20385057 0.1603008  0.63584864]
 [0.34164062 0.2768854  0.381474  ]
 [0.503555   0.45432496 0.04212001]
 [0.05389426 0.34986547 0.5962403 ]]
probabilities: [[0.5346025  0.24666193 0.21873556]
 [0.4718791  0.208812   0.31930888]
 [0.14403993 0.7675451  0.08841499]
 [0.17958231 0.3869413  0.4334764 ]
 [0.3666071  0.10214905 0.53124386]]
probabilities: [[0. 0. 1.]
 [0. 1. 0.]
 [0. 0. 1.]
 [0. 0. 1.]
 [0. 0. 1.]]
probabilities: [[0.24372104 0.6992069  0.05707206]
 [0.45876303 0.15979372 0.38144323]
 [0.1385494  0.18996361 0.671487  ]
 [0.03876719 0.7059175  0.25531533]
 [0.5548222  0.2193059  0.2258719 ]]
probabilities: [[0.26992694 0.6180801  0.11199297]
 [0.118468   0.5775058  0.3040262 ]
 [0.5215632  0.07727028 0.40116653]
 [0.09177985 0.86218405 0.04603612]
 [0.41894966 0.5302601  0.05079023]]
probabilities: [[0.5742753  0.35250732 0.07321735]
 [0.04419936 0.1914608  0.76433986]
 [0.18520606 0.7926434  0.0221505 ]
 [0.40722665 0.02465496 0.5681184 ]
 [0.58281577 0.05152017 0.36566406]]
probabilities: [[0.36703646 0.38628018 0.24668336]
 [0.17699565 0.42166275 0.40134162]
 [0.6607997  0.13656585 0.20263444]
 [0.36944926 0.18891193 0.4416388 ]
 [0.15849707 0.50046295 0.34104002]]
probabilities: [[0.72374547 0.1571355  0.11911903]
 [0.13360396 0.03951103 0.826885  ]
 [0.37191576 0.60104567 0.02703854]
 [0.83713794 0.12949334 0.03336875]
 [0.28139213 0.26112047 0.45748743]]
probabilities: [[0. 0. 1.]
 [0. 1. 0.]
 [0. 0. 1.]
 [0. 0. 1.]
 [0. 0. 1.]]
probabilities: [[0.70590675 0.24043395 0.05365932]
 [0.42019027 0.5457951  0.03401465]
 [0.3559347  0.13145454 0.5126108 ]
 [0.31933936 0.18804197 0.49261868]
 [0.1690016  0.651805   0.1791934 ]]
probabilities: [[0.09455748 0.34180358 0.5636389 ]
 [0.07825036 0.80066246 0.12108716]
 [0.6560287  0.24163775 0.10233359]
 [0.24015972 0.24835736 0.51148295]
 [0.54260826 0.02497838 0.43241334]]
probabilities: [[0.2024549  0.6801872  0.11735787]
 [0.28756768 0.08579198 0.6266403 ]
 [0.7181245  0.15194055 0.12993494]
 [0.03938086 0.5812815  0.37933767]
 [0.01905656 0.29070196 0.69024146]]
probabilities: [[0.9289425  0.01399044 0.05706703]
 [0.4917188  0.10788041 0.4004008 ]
 [0.3916178  0.10773577 0.5006464 ]
 [0.17655043 0.24261285 0.5808367 ]
 [0.15447526 0.73855686 0.10696791]]
probabilities: [[0.03761801 0.24299401 0.719388  ]
 [0.4301687  0.4735441  0.09628723]
 [0.21739328 0.43599004 0.3466167 ]
 [0.8874622  0.05835833 0.05417946]
 [0.6867042  0.28817713 0.02511865]]
probabilities: [[1. 0. 0.]
 [1. 0. 0.]
 [1. 0. 0.]
 [1. 0. 0.]
 [1. 0. 0.]]
probabilities: [[0.4885073  0.10369834 0.40779436]
 [0.06313361 0.5205321  0.41633433]
 [0.39628035 0.1776857  0.42603394]
 [0.14694431 0.21465345 0.6384022 ]
 [0.07300589 0.2759501  0.651044  ]]
probabilities: [[0.7047093  0.11635347 0.17893723]
 [0.13989775 0.02169546 0.8384068 ]
 [0.43031648 0.5423111  0.02737243]
 [0.3795152  0.4302409  0.19024388]
 [0.10100518 0.2528294  0.64616543]]
probabilities: [[4.3736893e-01 3.2906112e-01 2.3356995e-01]
 [8.9095247e-01 6.3060209e-02 4.5987330e-02]
 [2.3081778e-01 5.6585412e-02 7.1259683e-01]
 [5.4940462e-01 7.1021001e-04 4.4988519e-01]
 [3.1178674e-01 2.5815314e-01 4.3006012e-01]]
probabilities: [[0.46903247 0.26838124 0.2625863 ]
 [0.45504406 0.263274   0.28168193]
 [0.18274724 0.12685744 0.6903953 ]
 [0.04796517 0.24026583 0.711769  ]
 [0.35332552 0.26224336 0.3844311 ]]
probabilities: [[0.4204893  0.11234332 0.46716735]
 [0.75816804 0.08888198 0.15294996]
 [0.49731222 0.05230306 0.4503847 ]
 [0.0394287  0.21306042 0.74751085]
 [0.17227547 0.06352571 0.76419884]]
probabilities: [[0. 0. 1.]
 [0. 1. 0.]
 [0. 1. 0.]
 [0. 0. 1.]
 [0. 0. 1.]]
probabilities: [[0.5383797  0.04000543 0.42161483]
 [0.23703258 0.5160432  0.24692422]
 [0.47349176 0.46866122 0.05784702]
 [0.46346956 0.43598607 0.10054435]
 [0.18356612 0.5992963  0.21713759]]
probabilities: [[0.19731036 0.08098792 0.72170174]
 [0.52376336 0.43677577 0.03946088]
 [0.13761324 0.5822936  0.2800931 ]
 [0.1446825  0.3984573  0.4568602 ]
 [0.04773441 0.3437888  0.6084768 ]]
probabilities: [[0.10962752 0.84009176 0.05028071]
 [0.32070267 0.09487829 0.5844191 ]
 [0.70357513 0.2933895  0.00303537]
 [0.06292307 0.8983303  0.03874665]
 [0.35199377 0.02736348 0.6206428 ]]
probabilities: [[0.2641072  0.55898404 0.17690873]
 [0.6537981  0.06965268 0.27654922]
 [0.28468773 0.16073155 0.55458075]
 [0.52255344 0.36364245 0.11380409]
 [0.07684922 0.8806826  0.0424682 ]]
probabilities: [[0.2224078  0.23042691 0.5471653 ]
 [0.51888996 0.46137965 0.01973038]
 [0.14230382 0.18981507 0.66788113]
 [0.57521605 0.10260835 0.32217562]
 [0.18466651 0.62378687 0.19154663]]
probabilities: [[0. 1. 0.]
 [0. 1. 0.]
 [0. 1. 0.]
 [0. 1. 0.]
 [0. 1. 0.]]
probabilities: [[0.68986523 0.00811278 0.302022  ]
 [0.25310576 0.6057275  0.14116678]
 [0.07708651 0.52041274 0.40250078]
 [0.08911472 0.6955792  0.2153061 ]
 [0.41098428 0.31199977 0.27701592]]
probabilities: [[0.6115202  0.34541327 0.04306656]
 [0.19634275 0.08399239 0.7196649 ]
 [0.12842542 0.7479987  0.12357587]
 [0.03697917 0.9224728  0.04054803]
 [0.38743684 0.5236935  0.08886968]]
probabilities: [[0.3361179  0.24597433 0.41790777]
 [0.6303092  0.36497813 0.00471265]
 [0.2749655  0.3997717  0.3252628 ]
 [0.30241057 0.688679   0.00891045]
 [0.4902322  0.19381231 0.3159555 ]]
probabilities: [[0.13905448 0.38448188 0.47646365]
 [0.18538812 0.03126712 0.78334475]
 [0.28276718 0.6464476  0.07078524]
 [0.05115381 0.05531171 0.8935345 ]
 [0.4586106  0.43995956 0.10142983]]
probabilities: [[0.07519285 0.7211852  0.20362197]
 [0.05001218 0.678238   0.27174982]
 [0.87507194 0.11636318 0.00856487]
 [0.48166195 0.3985231  0.11981498]
 [0.20464881 0.29036286 0.5049883 ]]
probabilities: [[0. 0. 1.]
 [0. 1. 0.]
 [0. 0. 1.]
 [0. 0. 1.]
 [0. 0. 1.]]
probabilities: [[0.02445047 0.707063   0.2684865 ]
 [0.21172523 0.7276506  0.06062417]
 [0.08689406 0.29281148 0.62029445]
 [0.40922877 0.01339725 0.577374  ]
 [0.25556222 0.6230711  0.1213667 ]]
probabilities: [[0.2789864  0.04171942 0.67929417]
 [0.08472691 0.02106188 0.8942112 ]
 [0.6374744  0.32265028 0.03987528]
 [0.447005   0.19904734 0.35394764]
 [0.76978725 0.22738585 0.00282688]]
probabilities: [[0.00349633 0.738261   0.2582427 ]
 [0.5576575  0.43009305 0.01224945]
 [0.35251078 0.5625278  0.08496146]
 [0.19236007 0.33565387 0.47198606]
 [0.706822   0.2055455  0.08763252]]
probabilities: [[0.6137324  0.35911304 0.02715456]
 [0.5386266  0.38188502 0.07948837]
 [0.02086142 0.29399785 0.6851407 ]
 [0.21424009 0.41866216 0.36709774]
 [0.24329494 0.44556054 0.3111445 ]]
probabilities: [[0.26937574 0.11451907 0.6161052 ]
 [0.59063786 0.08273159 0.32663056]
 [0.26947898 0.2394919  0.4910291 ]
 [0.13060032 0.22779346 0.6416062 ]
 [0.88141364 0.07064179 0.04794458]]
probabilities: [[0. 0. 1.]
 [0. 1. 0.]
 [0. 1. 0.]
 [0. 0. 1.]
 [0. 0. 1.]]
probabilities: [[0.69761914 0.15919346 0.1431874 ]
 [0.65923595 0.15368505 0.187079  ]
 [0.27602068 0.56357336 0.16040596]
 [0.27781972 0.42844853 0.29373175]
 [0.40304282 0.3236209  0.2733363 ]]
probabilities: [[0.08108416 0.5649929  0.3539229 ]
 [0.08635192 0.34835404 0.565294  ]
 [0.05610475 0.6996797  0.2442156 ]
 [0.03701602 0.88572496 0.077259  ]
 [0.18985428 0.52557606 0.28456965]]
probabilities: [[0.22400084 0.28522727 0.4907719 ]
 [0.500366   0.46030113 0.03933294]
 [0.7533103  0.07029386 0.17639579]
 [0.2064716  0.76613694 0.02739144]
 [0.40466475 0.09772414 0.4976111 ]]
probabilities: [[0.37962693 0.5328187  0.08755442]
 [0.26635772 0.54992676 0.18371552]
 [0.42173287 0.3061925  0.27207464]
 [0.8127376  0.11367034 0.07359208]
 [0.32579476 0.25899675 0.4152085 ]]
probabilities: [[0.75158054 0.23792441 0.01049505]
 [0.28974003 0.22191606 0.48834392]
 [0.79788077 0.19931664 0.00280257]
 [0.6939526  0.15478405 0.15126331]
 [0.27836224 0.40668708 0.31495064]]
probabilities: [[0. 0. 1.]
 [0. 1. 0.]
 [0. 1. 0.]
 [0. 0. 1.]
 [0. 0. 1.]]
probabilities: [[0.84413797 0.01529048 0.14057153]
 [0.64040357 0.08049295 0.27910346]
 [0.07734865 0.3066359  0.6160155 ]
 [0.00947155 0.13675591 0.8537725 ]
 [0.35994393 0.29401764 0.34603846]]
probabilities: [[0.2597332  0.0166336  0.72363317]
 [0.26245168 0.6951949  0.04235341]
 [0.22296593 0.4257304  0.35130367]
 [0.08009752 0.10119925 0.81870323]
 [0.7324204  0.12003277 0.14754687]]
probabilities: [[0.85905033 0.00427404 0.1366756 ]
 [0.59442294 0.38346002 0.02211705]
 [0.462293   0.33823866 0.19946836]
 [0.43059358 0.15636104 0.41304535]
 [0.10300636 0.4196668  0.47732684]]
probabilities: [[0.5836637  0.24856946 0.16776682]
 [0.50227004 0.1684488  0.32928112]
 [0.33159944 0.15429495 0.5141056 ]
 [0.5954084  0.21554443 0.18904716]
 [0.64570457 0.07862095 0.2756745 ]]
probabilities: [[0.25751242 0.5696716  0.172816  ]
 [0.8047497  0.01216361 0.18308668]
 [0.60083926 0.14391397 0.25524676]
 [0.24357447 0.73337555 0.02304996]
 [0.43770024 0.18921487 0.3730849 ]]
probabilities: [[0. 0. 1.]
 [0. 1. 0.]
 [0. 1. 0.]
 [0. 0. 1.]
 [0. 0. 1.]]
probabilities: [[0.04062609 0.69454396 0.26482993]
 [0.88796073 0.00111603 0.11092326]
 [0.06754693 0.79668987 0.13576321]
 [0.6307393  0.0738907  0.29537   ]
 [0.4862841  0.06746128 0.4462546 ]]
probabilities: [[0.43507728 0.03091524 0.5340075 ]
 [0.16978472 0.578384   0.25183132]
 [0.7504302  0.02911078 0.22045898]
 [0.46408114 0.41485342 0.12106544]
 [0.3599224  0.05401753 0.58606005]]
probabilities: [[0.33550233 0.46041164 0.20408602]
 [0.4410245  0.06299007 0.49598542]
 [0.00547453 0.68237364 0.3121518 ]
 [0.43089604 0.00760297 0.56150097]
 [0.17680955 0.4852806  0.33790985]]
probabilities: [[0.69169724 0.25221094 0.0560918 ]
 [0.24637838 0.3159494  0.43767223]
 [0.08170551 0.89175975 0.02653473]
 [0.0101157  0.780175   0.20970933]
 [0.09118549 0.5279708  0.38084376]]
probabilities: [[0.6506302  0.15797865 0.19139118]
 [0.5178777  0.47075152 0.01137077]
 [0.7885161  0.16826317 0.04322073]
 [0.3570981  0.4261381  0.21676378]
 [0.20695046 0.65327096 0.13977861]]
probabilities: [[0. 1. 0.]
 [0. 1. 0.]
 [0. 1. 0.]
 [0. 1. 0.]
 [0. 1. 0.]]
probabilities: [[0.60835505 0.20481652 0.18682845]
 [0.02948873 0.80182666 0.16868465]
 [0.81954753 0.07072219 0.1097303 ]
 [0.25890744 0.2761075  0.46498504]
 [0.36028576 0.00272148 0.63699275]]
probabilities: [[0.10976347 0.3846887  0.5055478 ]
 [0.689149   0.07615849 0.23469248]
 [0.18277618 0.63316816 0.18405567]
 [0.00210731 0.5310997  0.46679303]
 [0.18260467 0.43958557 0.3778098 ]]
probabilities: [[0.00384085 0.11451137 0.88164777]
 [0.14355285 0.46596575 0.39048138]
 [0.2828308  0.20009889 0.5170703 ]
 [0.87302744 0.02166362 0.10530891]
 [0.30691722 0.13980456 0.5532782 ]]
probabilities: [[0.14417377 0.80118346 0.05464279]
 [0.3159684  0.11658368 0.56744796]
 [0.16985217 0.8254935  0.00465435]
 [0.19187938 0.26735207 0.54076856]
 [0.8793329  0.10387945 0.01678767]]
probabilities: [[0.40450805 0.4652403  0.13025165]
 [0.1793998  0.30665866 0.5139415 ]
 [0.6777491  0.06782062 0.25443032]
 [0.7588361  0.08379232 0.15737161]
 [0.07962862 0.5741927  0.34617868]]
probabilities: [[0. 1. 0.]
 [0. 1. 0.]
 [0. 1. 0.]
 [0. 1. 0.]
 [0. 1. 0.]]
probabilities: [[0.8012836  0.01818886 0.18052755]
 [0.17699277 0.649441   0.17356622]
 [0.6137984  0.24891677 0.13728487]
 [0.29018754 0.7026191  0.00719335]
 [0.15539613 0.5090836  0.33552024]]
probabilities: [[0.0880954  0.74912995 0.16277465]
 [0.36237705 0.33479604 0.3028269 ]
 [0.24941245 0.17273387 0.5778537 ]
 [0.63106793 0.11346085 0.25547123]
 [0.67149276 0.17745693 0.15105031]]
probabilities: [[0.5258116  0.26570457 0.20848383]
 [0.02907117 0.3907155  0.5802133 ]
 [0.53605527 0.03530784 0.42863688]
 [0.25240177 0.5643141  0.1832841 ]
 [0.09424211 0.2637569  0.642001  ]]
probabilities: [[0.37206313 0.28304026 0.34489658]
 [0.1598536  0.23181073 0.6083357 ]
 [0.36683232 0.20368896 0.4294787 ]
 [0.36122808 0.19536817 0.44340375]
 [0.581683   0.40828952 0.01002747]]
probabilities: [[0.19982506 0.18158914 0.6185858 ]
 [0.11539743 0.812833   0.07176957]
 [0.19591284 0.69714445 0.10694273]
 [0.640178   0.09613879 0.2636832 ]
 [0.42356032 0.21509361 0.36134607]]
probabilities: [[0. 1. 0.]
 [0. 1. 0.]
 [0. 1. 0.]
 [0. 1. 0.]
 [0. 1. 0.]]
probabilities: [[0.59303665 0.09522924 0.31173414]
 [0.12427804 0.82918674 0.04653521]
 [0.20965683 0.28822252 0.5021207 ]
 [0.25171378 0.66527814 0.0830081 ]
 [0.4196491  0.25120103 0.32914987]]
probabilities: [[0.01313009 0.15800609 0.8288638 ]
 [0.48678693 0.1261433  0.3870698 ]
 [0.13881265 0.39716995 0.4640174 ]
 [0.2990151  0.6236246  0.07736025]
 [0.17676383 0.03148451 0.7917517 ]]
probabilities: [[0.31152758 0.0223482  0.6661242 ]
 [0.19098027 0.6070525  0.20196724]
 [0.2921253  0.2657007  0.442174  ]
 [0.28993112 0.10901227 0.60105664]
 [0.12324383 0.52678955 0.34996662]]
probabilities: [[0.00886002 0.00369919 0.9874408 ]
 [0.17890373 0.79009455 0.03100173]
 [0.75058335 0.07037792 0.17903872]
 [0.40808764 0.5201717  0.07174065]
 [0.04228136 0.8185306  0.13918805]]
probabilities: [[0.21501717 0.38384664 0.4011362 ]
 [0.1935368  0.48141825 0.32504493]
 [0.2690286  0.43842953 0.29254186]
 [0.04811347 0.22789194 0.7239946 ]
 [0.01167499 0.64659226 0.34173277]]
probabilities: [[1. 0. 0.]
 [1. 0. 0.]
 [1. 0. 0.]
 [1. 0. 0.]
 [1. 0. 0.]]
probabilities: [[0.5719409  0.19524942 0.2328097 ]
 [0.40623572 0.03713669 0.5566276 ]
 [0.5232168  0.02420956 0.4525737 ]
 [0.14995925 0.4988725  0.35116827]
 [0.73427683 0.2613982  0.00432499]]
probabilities: [[0.07683361 0.33287886 0.59028757]
 [0.5130554  0.17406236 0.31288224]
 [0.0751945  0.9100851  0.01472045]
 [0.06221122 0.841671   0.09611778]
 [0.36422598 0.31859696 0.31717706]]
probabilities: [[0.59507114 0.3428362  0.06209266]
 [0.511335   0.07901257 0.4096524 ]
 [0.3098195  0.2390859  0.45109463]
 [0.10827269 0.19428043 0.6974469 ]
 [0.04016653 0.40300557 0.5568279 ]]
probabilities: [[0.01031613 0.93313515 0.05654873]
 [0.44567817 0.07006589 0.48425594]
 [0.41879815 0.07276285 0.508439  ]
 [0.598778   0.26691562 0.13430639]
 [0.31476256 0.18461956 0.50061786]]
probabilities: [[0.2842186  0.17097318 0.5448082 ]
 [0.15755635 0.7402948  0.10214881]
 [0.4311209  0.35910505 0.20977405]
 [0.5876363  0.2990895  0.11327424]
 [0.78623205 0.01176997 0.20199801]]
probabilities: [[0. 0. 1.]
 [0. 1. 0.]
 [0. 1. 0.]
 [0. 0. 1.]
 [0. 0. 1.]]
probabilities: [[0.57640004 0.41078055 0.01281937]
 [0.4487848  0.4959492  0.05526599]
 [0.5399246  0.14823411 0.31184128]
 [0.06404752 0.78484535 0.15110715]
 [0.17097567 0.27803898 0.55098534]]
probabilities: [[0.07920235 0.11843247 0.8023652 ]
 [0.15351552 0.20285474 0.6436297 ]
 [0.22086258 0.07075348 0.7083839 ]
 [0.39004162 0.3688101  0.24114828]
 [0.3908019  0.05573058 0.5534675 ]]
probabilities: [[0.31190613 0.5150692  0.17302467]
 [0.6450266  0.05346641 0.301507  ]
 [0.14538254 0.50595486 0.3486626 ]
 [0.337204   0.13806517 0.52473086]
 [0.7633239  0.12755907 0.10911705]]
probabilities: [[0.63410604 0.04003342 0.32586053]
 [0.00450741 0.6369304  0.3585622 ]
 [0.19274545 0.4021612  0.40509334]
 [0.30892828 0.36079296 0.33027875]
 [0.24400525 0.02607656 0.7299182 ]]
probabilities: [[0.5070722  0.2128777  0.2800501 ]
 [0.32839832 0.6171509  0.05445075]
 [0.31910202 0.64841324 0.03248475]
 [0.78853834 0.10210018 0.10936149]
 [0.33720228 0.47350243 0.1892953 ]]
probabilities: [[0. 1. 0.]
 [0. 1. 0.]
 [0. 1. 0.]
 [0. 1. 0.]
 [0. 1. 0.]]
probabilities: [[0.08290489 0.34794196 0.56915313]
 [0.36150342 0.32302967 0.3154669 ]
 [0.18251657 0.7510653  0.0664181 ]
 [0.0531203  0.38786906 0.5590106 ]
 [0.8102276  0.02572801 0.16404444]]
probabilities: [[0.05993164 0.04228681 0.89778155]
 [0.01836896 0.35361356 0.6280175 ]
 [0.08982019 0.18147136 0.72870845]
 [0.18039604 0.71418333 0.10542066]
 [0.13191563 0.1252695  0.7428149 ]]
probabilities: [[0.12788026 0.38849828 0.48362148]
 [0.03360388 0.77699226 0.18940386]
 [0.42201805 0.20872489 0.36925706]
 [0.11754245 0.160664   0.72179353]
 [0.34659106 0.0470772  0.60633177]]
probabilities: [[0.17269804 0.18989292 0.63740903]
 [0.31317607 0.07500584 0.6118181 ]
 [0.35610062 0.1039261  0.53997326]
 [0.07711166 0.55990547 0.36298284]
 [0.03697252 0.30177632 0.6612512 ]]
probabilities: [[0.1754694  0.17328028 0.6512503 ]
 [0.29220042 0.6456172  0.0621824 ]
 [0.27901617 0.4265609  0.29442292]
 [0.5308198  0.00118693 0.4679933 ]
 [0.16040787 0.04314349 0.79644865]]
probabilities: [[0. 1. 0.]
 [0. 1. 0.]
 [0. 1. 0.]
 [0. 1. 0.]
 [0. 1. 0.]]
probabilities: [[0.07367095 0.6354961  0.29083294]
 [0.5944479  0.1491427  0.25640938]
 [0.24988134 0.09084169 0.65927696]
 [0.36638    0.28709617 0.34652382]
 [0.1290381  0.6984244  0.17253752]]
probabilities: [[0.87883526 0.11532735 0.00583737]
 [0.6142893  0.17220476 0.21350595]
 [0.18891427 0.52823204 0.2828537 ]
 [0.15617387 0.80891675 0.03490938]
 [0.7496572  0.16234133 0.08800144]]
probabilities: [[0.19816522 0.7601002  0.04173459]
 [0.07234901 0.04331442 0.8843366 ]
 [0.24631545 0.11935564 0.6343289 ]
 [0.22009656 0.05264774 0.7272557 ]
 [0.43830946 0.4850022  0.07668833]]
probabilities: [[0.81857693 0.17966807 0.00175502]
 [0.10943536 0.11103068 0.779534  ]
 [0.33952877 0.61820036 0.04227088]
 [0.09291699 0.90239537 0.00468767]
 [0.4486414  0.5472457  0.00411293]]
probabilities: [[0.3774903  0.30815843 0.31435126]
 [0.26450372 0.7180255  0.01747079]
 [0.1500301  0.7164257  0.13354416]
 [0.08487806 0.00902201 0.9060999 ]
 [0.36058402 0.3244341  0.31498188]]
probabilities: [[0. 1. 0.]
 [0. 1. 0.]
 [0. 1. 0.]
 [0. 1. 0.]
 [0. 1. 0.]]
probabilities: [[0.08395704 0.32378563 0.5922573 ]
 [0.8479465  0.09335732 0.05869615]
 [0.70827353 0.02177743 0.26994908]
 [0.48461533 0.49803007 0.01735462]
 [0.3087649  0.43654102 0.25469407]]
probabilities: [[0.24961618 0.38569608 0.36468774]
 [0.5648502  0.13744195 0.29770786]
 [0.54736024 0.39212316 0.06051662]
 [0.55993843 0.2865386  0.15352297]
 [0.22359064 0.6056204  0.17078899]]
probabilities: [[0.6811218  0.2101194  0.10875876]
 [0.7705079  0.11088195 0.11861019]
 [0.3536158  0.5654647  0.08091955]
 [0.4136037  0.43730852 0.14908779]
 [0.15030305 0.037303   0.81239396]]
probabilities: [[0.32091925 0.51479536 0.16428538]
 [0.16915838 0.4945602  0.33628142]
 [0.25599837 0.45862114 0.28538048]
 [0.48157004 0.07665246 0.4417775 ]
 [0.1502356  0.8365537  0.01321068]]
probabilities: [[0.08568591 0.45621604 0.45809805]
 [0.36139438 0.05006686 0.58853877]
 [0.5984643  0.13454925 0.26698646]
 [0.07789887 0.6202124  0.30188876]
 [0.4798252  0.1271758  0.392999  ]]
probabilities: [[0. 0. 1.]
 [0. 1. 0.]
 [0. 0. 1.]
 [0. 0. 1.]
 [0. 0. 1.]]
probabilities: [[0.01975943 0.4682802  0.5119604 ]
 [0.08223113 0.87797993 0.03978891]
 [0.6518605  0.12201793 0.2261216 ]
 [0.42705312 0.5081236  0.06482329]
 [0.30162245 0.08750585 0.61087173]]
probabilities: [[0.04611501 0.9226384  0.03124655]
 [0.7854216  0.03749769 0.17708068]
 [0.23152846 0.37653282 0.39193872]
 [0.2310541  0.64742106 0.12152481]
 [0.8295052  0.0617798  0.10871497]]
probabilities: [[0.5327892  0.10926543 0.35794538]
 [0.59900576 0.31104872 0.08994553]
 [0.38158083 0.41732898 0.20109017]
 [0.23828375 0.6726751  0.0890412 ]
 [0.23161858 0.6064579  0.16192354]]
probabilities: [[0.53026664 0.11157    0.3581634 ]
 [0.20116167 0.71388966 0.08494869]
 [0.11044967 0.32793933 0.561611  ]
 [0.07433282 0.48446563 0.44120157]
 [0.4368614  0.13616289 0.42697573]]
probabilities: [[0.05837249 0.21797822 0.72364926]
 [0.49684373 0.3939372  0.10921909]
 [0.7465509  0.12308761 0.13036147]
 [0.3506311  0.6418496  0.00751936]
 [0.6555804  0.26178628 0.08263329]]
probabilities: [[0. 0. 1.]
 [0. 1. 0.]
 [0. 1. 0.]
 [0. 0. 1.]
 [0. 0. 1.]]
probabilities: [[0.51412636 0.10645089 0.37942272]
 [0.47281623 0.06912548 0.4580583 ]
 [0.4193665  0.04025206 0.54038143]
 [0.2725645  0.07954393 0.6478916 ]
 [0.44211966 0.5519211  0.0059592 ]]
probabilities: [[0.23593327 0.61761606 0.14645067]
 [0.21160793 0.26387498 0.52451706]
 [0.3498318  0.44669113 0.20347708]
 [0.44107503 0.38924167 0.16968328]
 [0.34528354 0.44785404 0.2068624 ]]
probabilities: [[0.41112804 0.49964127 0.08923069]
 [0.6728886  0.08923677 0.23787466]
 [0.21766746 0.02710753 0.755225  ]
 [0.18884894 0.64587486 0.1652762 ]
 [0.15785624 0.4443925  0.39775124]]
probabilities: [[0.58611214 0.15450662 0.25938126]
 [0.09503592 0.5972612  0.3077029 ]
 [0.03257417 0.03783038 0.9295955 ]
 [0.47759324 0.28307953 0.23932722]
 [0.2487355  0.23251939 0.5187451 ]]
probabilities: [[0.09567355 0.311552   0.59277445]
 [0.20613767 0.7188142  0.07504815]
 [0.35479695 0.12453642 0.52066666]
 [0.57932    0.19268303 0.22799695]
 [0.07524665 0.00909133 0.91566205]]
probabilities: [[1. 0. 0.]
 [1. 0. 0.]
 [1. 0. 0.]
 [1. 0. 0.]
 [1. 0. 0.]]
probabilities: [[0.24595174 0.49388924 0.26015902]
 [0.32446176 0.6621655  0.01337272]
 [0.1214819  0.22632574 0.65219235]
 [0.54393345 0.0310361  0.42503047]
 [0.09772009 0.32802838 0.57425153]]
probabilities: [[0.06937068 0.11249427 0.818135  ]
 [0.20846212 0.25017497 0.54136294]
 [0.2001629  0.3529426  0.4468945 ]
 [0.4769136  0.11180672 0.41127968]
 [0.11394042 0.09900298 0.7870566 ]]
probabilities: [[0.10772961 0.28447488 0.60779554]
 [0.02377558 0.18798843 0.78823596]
 [0.1355978  0.7935197  0.07088254]
 [0.76694965 0.20940848 0.02364189]
 [0.46942052 0.03782408 0.49275538]]
probabilities: [[0.60015655 0.01777384 0.38206962]
 [0.4075931  0.08119757 0.5112093 ]
 [0.6097589  0.2963705  0.09387062]
 [0.02882523 0.37153777 0.59963703]
 [0.78512776 0.04429203 0.1705802 ]]
probabilities: [[0.44514778 0.38882503 0.1660272 ]
 [0.5596639  0.25999132 0.18034482]
 [0.1278752  0.1233062  0.74881864]
 [0.48692092 0.01074833 0.5023307 ]
 [0.34051841 0.45241624 0.20706534]]
probabilities: [[0. 1. 0.]
 [0. 1. 0.]
 [0. 1. 0.]
 [0. 1. 0.]
 [0. 1. 0.]]
probabilities: [[0.32824707 0.34377646 0.32797647]
 [0.27858374 0.49321744 0.22819883]
 [0.5826059  0.35876256 0.05863156]
 [0.11891259 0.02403386 0.8570536 ]
 [0.19948201 0.2951103  0.5054077 ]]
probabilities: [[8.20389271e-01 1.06863700e-01 7.27470592e-02]
 [7.10937835e-04 9.27341282e-01 7.19477758e-02]
 [2.41208181e-01 1.62732556e-01 5.96059263e-01]
 [9.41099674e-02 7.98808336e-01 1.07081674e-01]
 [5.71404815e-01 2.42023826e-01 1.86571330e-01]]
probabilities: [[0.30312583 0.6761764  0.02069774]
 [0.07127098 0.294285   0.634444  ]
 [0.3593877  0.3408454  0.29976687]
 [0.71593404 0.04002781 0.24403815]
 [0.31119505 0.11775336 0.5710516 ]]
probabilities: [[0.53948915 0.42709476 0.03341609]
 [0.0108342  0.88990825 0.09925754]
 [0.46315977 0.33076987 0.20607036]
 [0.00300271 0.6033579  0.3936394 ]
 [0.25395644 0.46330422 0.28273937]]
probabilities: [[0.41594827 0.3167568  0.2672949 ]
 [0.21707912 0.286603   0.4963179 ]
 [0.5810523  0.13110258 0.2878451 ]
 [0.44780412 0.32829857 0.22389732]
 [0.22115901 0.21070388 0.5681371 ]]
probabilities: [[0. 0. 1.]
 [0. 1. 0.]
 [0. 0. 1.]
 [0. 0. 1.]
 [0. 0. 1.]]
probabilities: [[0.27994004 0.25429422 0.46576574]
 [0.29004696 0.6070104  0.10294261]
 [0.38219884 0.11751954 0.50028163]
 [0.52864426 0.36842918 0.10292657]
 [0.09008015 0.01754049 0.89237934]]
probabilities: [[0.6699516  0.30812722 0.02192118]
 [0.3490067  0.5881234  0.06286994]
 [0.38431323 0.11622956 0.4994572 ]
 [0.65308815 0.2630484  0.08386341]
 [0.1572885  0.83558184 0.00712965]]
probabilities: [[0.10378269 0.10796851 0.7882488 ]
 [0.02320003 0.90954393 0.06725602]
 [0.24462692 0.570386   0.18498711]
 [0.13608249 0.12874441 0.7351731 ]
 [0.00121715 0.51729083 0.48149204]]
probabilities: [[0.69191235 0.09456097 0.21352668]
 [0.813182   0.15714996 0.02966802]
 [0.08480839 0.08774744 0.8274442 ]
 [0.08726585 0.8123724  0.10036176]
 [0.10350385 0.7744348  0.12206133]]
probabilities: [[0.1802016  0.08851556 0.73128283]
 [0.32011083 0.47610074 0.20378844]
 [0.23298337 0.22936447 0.53765213]
 [0.08397485 0.46367633 0.4523488 ]
 [0.22276612 0.50933355 0.26790032]]
probabilities: [[0. 0. 1.]
 [0. 1. 0.]
 [0. 1. 0.]
 [0. 0. 1.]
 [0. 0. 1.]]
probabilities: [[0.14522769 0.5383219  0.31645042]
 [0.07353678 0.69426256 0.23220064]
 [0.45812204 0.20533432 0.33654362]
 [0.4256311  0.02961391 0.544755  ]
 [0.1983742  0.5311529  0.2704729 ]]
probabilities: [[0.4499384  0.00569534 0.5443663 ]
 [0.5201403  0.31823337 0.16162632]
 [0.40442315 0.02777313 0.56780374]
 [0.36418754 0.18881851 0.44699395]
 [0.33668315 0.43475994 0.22855687]]
probabilities: [[0.11664297 0.39174438 0.49161264]
 [0.5014678  0.19664757 0.30188462]
 [0.6187883  0.11053739 0.27067435]
 [0.13322319 0.04621804 0.8205588 ]
 [0.03748636 0.4020843  0.56042933]]
probabilities: [[0.05955952 0.79540884 0.14503163]
 [0.56350017 0.328968   0.10753183]
 [0.08234932 0.21513917 0.7025115 ]
 [0.72733366 0.23768143 0.03498491]
 [0.6026661  0.29274282 0.10459114]]
probabilities: [[7.5202376e-02 4.7611555e-01 4.4868204e-01]
 [1.3146763e-01 5.6042392e-02 8.1248999e-01]
 [1.9511466e-01 5.9276038e-01 2.1212494e-01]
 [3.6808699e-01 6.8204611e-04 6.3123095e-01]
 [5.4973434e-03 9.8254487e-02 8.9624816e-01]]
probabilities: [[0. 0. 1.]
 [0. 1. 0.]
 [0. 1. 0.]
 [0. 0. 1.]
 [0. 0. 1.]]
probabilities: [[0.14922346 0.61603755 0.23473898]
 [0.72728217 0.10425402 0.16846383]
 [0.40159327 0.03264693 0.56575984]
 [0.42176908 0.43479455 0.14343637]
 [0.1807978  0.11670305 0.70249915]]
probabilities: [[0.53426677 0.3920152  0.07371802]
 [0.03843747 0.73411816 0.22744435]
 [0.10368919 0.37202427 0.52428657]
 [0.28576088 0.03857462 0.6756645 ]
 [0.28832135 0.47061524 0.24106342]]
probabilities: [[6.52292788e-01 1.44535631e-01 2.03171566e-01]
 [2.27704734e-01 2.30400473e-01 5.41894794e-01]
 [5.18086553e-03 9.06101346e-01 8.87177885e-02]
 [5.27837455e-01 2.13705644e-01 2.58456916e-01]
 [8.89895439e-01 1.09472536e-01 6.32036186e-04]]
probabilities: [[0.17559698 0.5648276  0.2595754 ]
 [0.48465562 0.23677659 0.2785678 ]
 [0.29267484 0.66428035 0.04304479]
 [0.59211963 0.35220173 0.05567862]
 [0.02996781 0.22261058 0.7474216 ]]
probabilities: [[0.13691516 0.73804265 0.12504217]
 [0.795164   0.13814232 0.06669372]
 [0.1710143  0.26696217 0.5620235 ]
 [0.0138241  0.3643481  0.6218278 ]
 [0.4444614  0.21700266 0.33853593]]
probabilities: [[0. 0. 1.]
 [0. 1. 0.]
 [0. 0. 1.]
 [0. 0. 1.]
 [0. 0. 1.]]
probabilities: [[0.24832723 0.4287105  0.32296228]
 [0.6753784  0.09502252 0.22959907]
 [0.40084556 0.5254742  0.07368026]
 [0.39623043 0.4256455  0.17812407]
 [0.05116674 0.2826233  0.66621   ]]
probabilities: [[0.33463472 0.37966192 0.28570336]
 [0.2344982  0.1270061  0.6384957 ]
 [0.26631817 0.47758776 0.25609407]
 [0.12094191 0.05084669 0.82821137]
 [0.02783719 0.5334532  0.4387096 ]]
probabilities: [[0.0787206  0.5381773  0.38310212]
 [0.41094717 0.38403776 0.20501505]
 [0.311092   0.2300777  0.45883033]
 [0.17254145 0.7553329  0.07212565]
 [0.09247308 0.65254915 0.25497776]]
probabilities: [[0.7471086  0.00380472 0.2490867 ]
 [0.11996219 0.19828364 0.6817542 ]
 [0.16903391 0.54367983 0.28728625]
 [0.03294232 0.27520168 0.691856  ]
 [0.27850348 0.2103188  0.5111777 ]]
probabilities: [[0.42717054 0.2012202  0.37160924]
 [0.39819026 0.15965532 0.4421544 ]
 [0.22138143 0.77768904 0.00092952]
 [0.7480632  0.02765602 0.2242808 ]
 [0.01996567 0.7744164  0.20561795]]
probabilities: [[0. 0. 1.]
 [0. 1. 0.]
 [0. 1. 0.]
 [0. 0. 1.]
 [0. 0. 1.]]
probabilities: [[0.1472404  0.02731586 0.82544374]
 [0.5623978  0.09007646 0.34752578]
 [0.13677396 0.78655183 0.07667418]
 [0.60102904 0.15428469 0.24468628]
 [0.30351046 0.68308085 0.01340865]]
probabilities: [[0.14725968 0.7031533  0.14958699]
 [0.06964285 0.29374778 0.6366094 ]
 [0.29449382 0.3322194  0.37328678]
 [0.0393987  0.6031936  0.35740775]
 [0.11043824 0.51375747 0.3758043 ]]
probabilities: [[0.16259293 0.4898743  0.34753278]
 [0.17682542 0.3006468  0.52252775]
 [0.8611711  0.04358631 0.09524255]
 [0.05514881 0.63244224 0.31240892]
 [0.28882998 0.5920655  0.11910447]]
probabilities: [[0.39619762 0.12152072 0.48228168]
 [0.37463325 0.49874267 0.12662409]
 [0.5928252  0.29387966 0.11329519]
 [0.05506131 0.23309381 0.71184486]
 [0.11481068 0.35441715 0.53077215]]
probabilities: [[0.05989525 0.43761536 0.5024894 ]
 [0.03478892 0.38199115 0.58321995]
 [0.11393691 0.48718214 0.39888096]
 [0.4129036  0.08716194 0.49993446]
 [0.6084632  0.3464618  0.04507501]]
probabilities: [[1. 0. 0.]
 [1. 0. 0.]
 [1. 0. 0.]
 [1. 0. 0.]
 [1. 0. 0.]]
probabilities: [[0.5295944  0.0612189  0.40918672]
 [0.8514563  0.04748226 0.10106143]
 [0.54352045 0.00429206 0.45218748]
 [0.1707883  0.5299409  0.2992708 ]
 [0.2730975  0.35598588 0.37091663]]
probabilities: [[2.3708628e-01 5.8328027e-01 1.7963347e-01]
 [1.1405359e-04 6.1849773e-01 3.8138819e-01]
 [5.3289062e-01 2.1858777e-01 2.4852160e-01]
 [2.9518953e-01 4.0144277e-01 3.0336767e-01]
 [4.6163887e-01 4.6904990e-01 6.9311239e-02]]
probabilities: [[0.33038843 0.56732476 0.10228682]
 [0.35816744 0.31859136 0.32324117]
 [0.53013885 0.33574918 0.13411197]
 [0.5583427  0.00793972 0.43371755]
 [0.37431836 0.53954184 0.08613981]]
probabilities: [[0.09816869 0.4906835  0.4111478 ]
 [0.56505865 0.14093462 0.29400674]
 [0.06077517 0.14614925 0.79307556]
 [0.89721304 0.03030037 0.07248658]
 [0.5207658  0.3183419  0.16089232]]
probabilities: [[0.06417158 0.8143464  0.12148207]
 [0.15562604 0.5308375  0.31353647]
 [0.6177542  0.22744904 0.15479673]
 [0.61889416 0.03856381 0.342542  ]
 [0.6741654  0.14973362 0.17610098]]
probabilities: [[0. 0. 1.]
 [0. 1. 0.]
 [0. 1. 0.]
 [0. 0. 1.]
 [0. 0. 1.]]
probabilities: [[0.38357815 0.1600469  0.45637494]
 [0.3249421  0.66332716 0.01173076]
 [0.23137225 0.22902612 0.5396016 ]
 [0.7981402  0.16423188 0.0376279 ]
 [0.0037053  0.8247894  0.17150532]]
probabilities: [[0.17726085 0.76619405 0.05654511]
 [0.11211526 0.18642528 0.70145947]
 [0.01921142 0.37389874 0.60688984]
 [0.08111585 0.6791302  0.23975398]
 [0.3005552  0.4408259  0.25861886]]
probabilities: [[0.02123027 0.5005297  0.47824004]
 [0.8572975  0.10889208 0.03381041]
 [0.17323303 0.5291973  0.2975697 ]
 [0.04272345 0.83875644 0.1185201 ]
 [0.20114852 0.6019203  0.1969312 ]]
probabilities: [[0.311502   0.3652901  0.32320789]
 [0.61334    0.22924154 0.15741844]
 [0.2963071  0.583231   0.12046196]
 [0.16763157 0.67340577 0.15896265]
 [0.5152793  0.42652053 0.05820021]]
probabilities: [[0.30531102 0.67191184 0.02277711]
 [0.49740192 0.31350037 0.18909772]
 [0.24849342 0.39849672 0.35300985]
 [0.1303494  0.5351058  0.33454478]
 [0.45356366 0.39327076 0.15316558]]
probabilities: [[0. 0. 1.]
 [0. 1. 0.]
 [0. 1. 0.]
 [0. 0. 1.]
 [0. 0. 1.]]
probabilities: [[0.5989181  0.20982265 0.1912593 ]
 [0.17899726 0.736459   0.08454372]
 [0.21650006 0.4504941  0.33300585]
 [0.11470563 0.26140082 0.62389356]
 [0.3146278  0.20446348 0.48090875]]
probabilities: [[0.5365464  0.3233668  0.14008681]
 [0.25022253 0.35335022 0.39642724]
 [0.59159946 0.19604342 0.2123571 ]
 [0.39034623 0.07027693 0.53937685]
 [0.5131759  0.10859115 0.37823296]]
probabilities: [[0.53304887 0.06692515 0.400026  ]
 [0.45110142 0.01104643 0.53785217]
 [0.02923978 0.16434404 0.80641615]
 [0.0596633  0.5274237  0.41291302]
 [0.52707875 0.06904764 0.4038736 ]]
probabilities: [[0.47899908 0.18062872 0.34037217]
 [0.20043164 0.40462533 0.39494303]
 [0.34690434 0.4706777  0.18241796]
 [0.63474286 0.23470074 0.1305564 ]
 [0.10534914 0.55642945 0.33822143]]
probabilities: [[0.03552105 0.3808821  0.5835968 ]
 [0.8621167  0.02504874 0.11283457]
 [0.35822245 0.6268176  0.01495994]
 [0.5805419  0.14209908 0.277359  ]
 [0.05621053 0.0565971  0.88719237]]
probabilities: [[0. 0. 1.]
 [0. 1. 0.]
 [0. 0. 1.]
 [0. 0. 1.]
 [0. 0. 1.]]
probabilities: [[0.48719084 0.18750796 0.3253012 ]
 [0.75471455 0.2071007  0.03818478]
 [0.43812385 0.18893585 0.3729403 ]
 [0.18545865 0.01022693 0.80431443]
 [0.0875321  0.16961363 0.74285424]]
probabilities: [[0.40306053 0.50017256 0.09676689]
 [0.17244038 0.16094756 0.6666121 ]
 [0.00979465 0.09290817 0.8972972 ]
 [0.08626363 0.8612676  0.05246871]
 [0.33379918 0.5145527  0.1516481 ]]
probabilities: [[0.07483722 0.919292   0.0058708 ]
 [0.7052797  0.08163935 0.21308094]
 [0.11423963 0.8031628  0.08259757]
 [0.529848   0.29585546 0.17429657]
 [0.28436452 0.24675858 0.4688769 ]]
probabilities: [[0.33950225 0.62069756 0.03980024]
 [0.23890218 0.72130257 0.03979523]
 [0.4987311  0.3181167  0.1831522 ]
 [0.69841474 0.27351812 0.02806714]
 [0.82080436 0.04418141 0.13501422]]
probabilities: [[0.28150725 0.50782096 0.21067177]
 [0.46323803 0.29031736 0.24644463]
 [0.3394801  0.29048398 0.37003592]
 [0.30027553 0.22606114 0.4736633 ]
 [0.09457867 0.6802658  0.22515556]]
probabilities: [[1. 0. 0.]
 [1. 0. 0.]
 [1. 0. 0.]
 [1. 0. 0.]
 [1. 0. 0.]]
probabilities: [[7.3626894e-03 9.9178457e-01 8.5276650e-04]
 [1.8137699e-01 6.6817898e-01 1.5044402e-01]
 [4.4583580e-01 2.4167439e-01 3.1248981e-01]
 [6.7027889e-02 4.0947258e-01 5.2349955e-01]
 [3.8247249e-01 6.2519886e-02 5.5500764e-01]]
probabilities: [[9.6805745e-01 6.7371968e-04 3.1268839e-02]
 [3.5450312e-01 2.1052170e-01 4.3497521e-01]
 [1.5623480e-01 1.9118167e-01 6.5258354e-01]
 [6.3619733e-01 2.8038514e-01 8.3417557e-02]
 [6.1299753e-01 1.4695911e-01 2.4004336e-01]]
probabilities: [[0.27962178 0.11196329 0.60841495]
 [0.18313198 0.4666793  0.35018873]
 [0.4357507  0.39943653 0.16481277]
 [0.0113858  0.24172407 0.7468901 ]
 [0.7097952  0.14180467 0.14840014]]
probabilities: [[0.29269442 0.01424873 0.6930568 ]
 [0.23544176 0.4613808  0.30317742]
 [0.40308714 0.4122889  0.18462397]
 [0.4433447  0.1875826  0.36907268]
 [0.0289329  0.44737107 0.523696  ]]
probabilities: [[5.50595880e-01 4.30442058e-02 4.06359941e-01]
 [3.30155820e-01 8.86295289e-02 5.81214666e-01]
 [1.11021705e-01 1.32975996e-01 7.56002307e-01]
 [6.92964435e-01 1.11298583e-01 1.95737004e-01]
 [4.58395243e-01 3.89535824e-04 5.41215181e-01]]
probabilities: [[0. 1. 0.]
 [0. 1. 0.]
 [0. 1. 0.]
 [0. 1. 0.]
 [0. 1. 0.]]
probabilities: [[0.10475676 0.24649662 0.6487466 ]
 [0.03867254 0.8495953  0.11173213]
 [0.6355815  0.29044628 0.07397224]
 [0.03009582 0.10042485 0.86947936]
 [0.64095825 0.33811685 0.02092491]]
probabilities: [[0.6384674  0.03187627 0.32965633]
 [0.11946237 0.82147485 0.05906275]
 [0.8549279  0.01702934 0.12804277]
 [0.46657693 0.2106616  0.32276145]
 [0.06082813 0.18672964 0.75244224]]
probabilities: [[0.51274866 0.11284919 0.37440214]
 [0.14349923 0.60774386 0.24875692]
 [0.59185904 0.13372147 0.27441946]
 [0.47502434 0.30982122 0.21515444]
 [0.32505542 0.1437519  0.53119266]]
probabilities: [[0.32805607 0.0219702  0.64997375]
 [0.4474826  0.18998374 0.3625337 ]
 [0.9618279  0.01389531 0.02427681]
 [0.05570031 0.21028511 0.7340146 ]
 [0.5106444  0.22619551 0.2631601 ]]
probabilities: [[0.0510401  0.35521218 0.59374774]
 [0.0036967  0.7468431  0.2494602 ]
 [0.5280737  0.46229285 0.00963341]
 [0.4147767  0.02090015 0.5643231 ]
 [0.35790595 0.2928443  0.34924975]]
probabilities: [[0. 0. 1.]
 [0. 1. 0.]
 [0. 1. 0.]
 [0. 0. 1.]
 [0. 0. 1.]]
probabilities: [[0.7201535  0.18321452 0.09663197]
 [0.09268253 0.7917121  0.11560536]
 [0.2860949  0.18399666 0.5299084 ]
 [0.58248204 0.3570814  0.06043655]
 [0.2970283  0.0770477  0.625924  ]]
probabilities: [[0.28518263 0.36079326 0.35402408]
 [0.08144079 0.8671223  0.05143691]
 [0.02406865 0.602675   0.37325636]
 [0.13067392 0.4613915  0.40793458]
 [0.3488971  0.09743116 0.5536717 ]]
probabilities: [[0.65361047 0.01050695 0.33588254]
 [0.26441672 0.727764   0.00781927]
 [0.13091326 0.6607524  0.20833431]
 [0.10694451 0.15545447 0.73760104]
 [0.39993116 0.10284554 0.49722332]]
probabilities: [[0.5861461  0.31610972 0.09774416]
 [0.03882131 0.15790886 0.8032698 ]
 [0.48474368 0.09746397 0.41779235]
 [0.42780408 0.4196839  0.15251201]
 [0.84759164 0.06974132 0.08266708]]
probabilities: [[1.8894485e-01 3.3479057e-05 8.1102169e-01]
 [2.7439848e-01 3.4047747e-01 3.8512409e-01]
 [2.1648324e-01 4.9492171e-01 2.8859505e-01]
 [3.9711216e-01 4.1668227e-01 1.8620557e-01]
 [3.1529123e-01 6.5464169e-01 3.0067069e-02]]
probabilities: [[1. 0. 0.]
 [1. 0. 0.]
 [1. 0. 0.]
 [1. 0. 0.]
 [1. 0. 0.]]
probabilities: [[0.3538947  0.45687473 0.18923055]
 [0.23501515 0.3427345  0.42225036]
 [0.1274108  0.1759667  0.6966225 ]
 [0.29940805 0.11232037 0.58827156]
 [0.06280965 0.23701626 0.7001741 ]]
probabilities: [[0.5723019  0.2671127  0.16058536]
 [0.5103032  0.3541416  0.13555518]
 [0.24303915 0.13511646 0.6218444 ]
 [0.42051652 0.3590359  0.22044758]
 [0.10034215 0.5192641  0.38039374]]
probabilities: [[0.18315448 0.22894646 0.587899  ]
 [0.2454365  0.4867404  0.2678231 ]
 [0.02588381 0.8608097  0.11330652]
 [0.411322   0.15748915 0.43118885]
 [0.29863098 0.42807737 0.27329165]]
probabilities: [[0.03877394 0.62648535 0.33474073]
 [0.27561972 0.13350551 0.5908748 ]
 [0.345561   0.0870937  0.5673453 ]
 [0.0192601  0.8437296  0.13701028]
 [0.33080715 0.41358098 0.25561187]]
probabilities: [[0.34642085 0.16122423 0.49235493]
 [0.38620424 0.27135578 0.34243995]
 [0.85164654 0.14493473 0.00341871]
 [0.00119508 0.95566356 0.04314137]
 [0.5673445  0.05553397 0.37712154]]
probabilities: [[0. 1. 0.]
 [0. 1. 0.]
 [0. 1. 0.]
 [0. 1. 0.]
 [0. 1. 0.]]
probabilities: [[0.20647407 0.7829428  0.01058318]
 [0.21934775 0.5685452  0.21210702]
 [0.210873   0.12824222 0.6608848 ]
 [0.49737075 0.34714386 0.15548538]
 [0.0458287  0.52994955 0.42422175]]
probabilities: [[0.5433333  0.30840898 0.14825773]
 [0.14023083 0.37605685 0.48371232]
 [0.1537403  0.6515043  0.19475539]
 [0.02293967 0.9502889  0.02677145]
 [0.03077239 0.3737206  0.595507  ]]
probabilities: [[0.17964941 0.02813006 0.79222053]
 [0.18953376 0.01688603 0.79358023]
 [0.15253219 0.21059525 0.6368726 ]
 [0.12410653 0.17062627 0.7052672 ]
 [0.73021185 0.14485931 0.1249288 ]]
probabilities: [[0.50449765 0.31130216 0.18420023]
 [0.4710697  0.50698715 0.02194314]
 [0.6148442  0.25434017 0.13081565]
 [0.23508242 0.539134   0.22578353]
 [0.14466816 0.52068347 0.3346484 ]]
probabilities: [[0.45858452 0.23679395 0.30462152]
 [0.06253748 0.47408637 0.46337616]
 [0.12077005 0.12991701 0.74931294]
 [0.63658756 0.17739503 0.18601741]
 [0.71948254 0.23019964 0.05031781]]
probabilities: [[1. 0. 0.]
 [1. 0. 0.]
 [1. 0. 0.]
 [1. 0. 0.]
 [1. 0. 0.]]
probabilities: [[0.74068147 0.01646173 0.24285683]
 [0.07322653 0.35945395 0.5673195 ]
 [0.2434335  0.22224557 0.53432095]
 [0.46988067 0.07711191 0.45300743]
 [0.13611579 0.36889884 0.49498537]]
probabilities: [[0.00550881 0.53072256 0.4637686 ]
 [0.5165468  0.2260099  0.2574433 ]
 [0.7186707  0.21375984 0.06756943]
 [0.07098095 0.00431906 0.92469996]
 [0.08385316 0.45947802 0.45666882]]
probabilities: [[0.13143353 0.50886786 0.35969862]
 [0.68846285 0.07765678 0.23388039]
 [0.15444003 0.6899223  0.15563771]
 [0.12701853 0.51720595 0.3557755 ]
 [0.85035783 0.07077633 0.07886581]]
probabilities: [[0.5202015  0.11495541 0.36484307]
 [0.27451268 0.57001096 0.15547636]
 [0.14598918 0.01292758 0.8410832 ]
 [0.4704436  0.03098753 0.4985689 ]
 [0.30369264 0.5718369  0.12447048]]
probabilities: [[0.26556483 0.6743202  0.06011497]
 [0.34818354 0.03159374 0.6202227 ]
 [0.36526898 0.6169487  0.0177823 ]
 [0.25307116 0.48501843 0.2619104 ]
 [0.25573438 0.56433576 0.17992985]]
probabilities: [[0. 0. 1.]
 [0. 1. 0.]
 [0. 1. 0.]
 [0. 0. 1.]
 [0. 0. 1.]]
probabilities: [[0.04934991 0.51001906 0.440631  ]
 [0.7310762  0.08827363 0.18065019]
 [0.6385847  0.05703656 0.30437878]
 [0.68357426 0.10581549 0.21061027]
 [0.10617819 0.8888272  0.00499463]]
probabilities: [[0.47925594 0.3008362  0.21990784]
 [0.16023533 0.30361632 0.53614837]
 [0.05892706 0.7687752  0.17229769]
 [0.741139   0.15451768 0.10434335]
 [0.08828222 0.52365637 0.38806143]]
