probabilities: [[0. 0. 1.]
 [0. 1. 0.]
 [0. 1. 0.]
 [0. 0. 1.]
 [0. 0. 1.]]
probabilities: [[0.13585737 0.8376621  0.02648053]
 [0.13589925 0.6853551  0.17874564]
 [0.7400568  0.06638876 0.19355443]
 [0.38598338 0.02299203 0.5910246 ]
 [0.5821968  0.3979377  0.01986556]]
probabilities: [[0.3780692  0.12548317 0.49644762]
 [0.8964313  0.07798924 0.02557942]
 [0.81790614 0.022546   0.1595479 ]
 [0.3916251  0.5921729  0.01620199]
 [0.19953749 0.7605737  0.03988883]]
probabilities: [[0.06382926 0.86260265 0.07356811]
 [0.08887693 0.7845733  0.12654978]
 [0.19239599 0.52710575 0.2804983 ]
 [0.17235102 0.5142519  0.3133971 ]
 [0.31909534 0.31774136 0.3631633 ]]
probabilities: [[0. 0. 1.]
 [0. 1. 0.]
 [0. 0. 1.]
 [0. 0. 1.]
 [0. 0. 1.]]
probabilities: [[0.06679171 0.7690723  0.164136  ]
 [0.02449399 0.45217052 0.5233355 ]
 [0.5924123  0.14853589 0.2590518 ]
 [0.6830698  0.3050636  0.01186653]
 [0.01452703 0.63240635 0.35306662]]
probabilities: [[0.54296297 0.077499   0.37953806]
 [0.18088505 0.6389695  0.18014544]
 [0.07006647 0.68376684 0.24616669]
 [0.3829934  0.37593013 0.24107647]
 [0.7016792  0.18951005 0.10881073]]
probabilities: [[0.51761264 0.27579752 0.20658985]
 [0.12037782 0.39699307 0.4826291 ]
 [0.28192016 0.37898582 0.33909404]
 [0.365532   0.40535697 0.22911103]
 [0.4112558  0.5149372  0.07380695]]
probabilities: [[0. 0. 1.]
 [0. 1. 0.]
 [0. 0. 1.]
 [0. 0. 1.]
 [0. 0. 1.]]
probabilities: [[0.33843243 0.02117882 0.6403887 ]
 [0.40577075 0.14876027 0.445469  ]
 [0.25249442 0.37267268 0.37483287]
 [0.35407525 0.19911149 0.44681326]
 [0.6227231  0.25528413 0.12199274]]
probabilities: [[0.7507634  0.13116415 0.11807244]
 [0.5949986  0.29033166 0.11466973]
 [0.68555146 0.22540563 0.08904292]
 [0.44485348 0.03213733 0.5230092 ]
 [0.85511833 0.01995493 0.12492675]]
probabilities: [[0.02124857 0.71303284 0.2657186 ]
 [0.16772242 0.3266716  0.505606  ]
 [0.31292418 0.358011   0.32906482]
 [0.5995073  0.14473808 0.25575465]
 [0.64796585 0.20074785 0.15128632]]
probabilities: [[1. 0. 0.]
 [1. 0. 0.]
 [1. 0. 0.]
 [1. 0. 0.]
 [1. 0. 0.]]
probabilities: [[0.3285588  0.2554842  0.41595697]
 [0.6076159  0.21619923 0.17618491]
 [0.60275006 0.17561065 0.22163928]
 [0.20894115 0.699203   0.09185585]
 [0.1013057  0.16601507 0.73267925]]
probabilities: [[0.22487025 0.73096293 0.0441668 ]
 [0.73486346 0.10308088 0.16205564]
 [0.04816287 0.21186294 0.7399742 ]
 [0.35835138 0.43559003 0.20605858]
 [0.10292894 0.7994787  0.09759236]]
probabilities: [[0.33287695 0.35037643 0.31674665]
 [0.14105159 0.3736733  0.48527512]
 [0.5981457  0.10725346 0.29460078]
 [0.32784045 0.6072516  0.06490795]
 [0.13659725 0.74653333 0.11686942]]
probabilities: [[0. 1. 0.]
 [0. 1. 0.]
 [0. 1. 0.]
 [0. 1. 0.]
 [0. 1. 0.]]
probabilities: [[0.15566942 0.80449456 0.03983603]
 [0.15715434 0.6184064  0.22443925]
 [0.53196025 0.01999926 0.4480405 ]
 [0.42645648 0.23380782 0.3397357 ]
 [0.04172286 0.33729193 0.6209852 ]]
probabilities: [[0.4302708  0.38043034 0.18929885]
 [0.28891665 0.1972867  0.5137966 ]
 [0.31078783 0.06717208 0.6220401 ]
 [0.17851734 0.38317573 0.43830693]
 [0.44023532 0.01937823 0.54038644]]
probabilities: [[0.46255565 0.28834516 0.2490992 ]
 [0.08862385 0.42067003 0.49070612]
 [0.5970599  0.13417655 0.26876354]
 [0.16126491 0.2481214  0.5906137 ]
 [0.24195266 0.00793092 0.7501164 ]]
probabilities: [[0. 1. 0.]
 [0. 1. 0.]
 [0. 1. 0.]
 [0. 1. 0.]
 [0. 1. 0.]]
probabilities: [[0.062451   0.1581721  0.77937686]
 [0.24783596 0.39429936 0.35786468]
 [0.14908104 0.47774675 0.3731722 ]
 [0.4747117  0.40795177 0.11733655]
 [0.69835824 0.18940414 0.1122376 ]]
probabilities: [[0.56889755 0.24976535 0.18133709]
 [0.18550062 0.7170934  0.09740598]
 [0.24251984 0.19028836 0.5671918 ]
 [0.1414028  0.05967025 0.79892695]
 [0.03631788 0.37703103 0.5866511 ]]
probabilities: [[0.612592   0.13891906 0.24848893]
 [0.02218533 0.52499074 0.4528239 ]
 [0.29963988 0.58359325 0.11676687]
 [0.01787027 0.7713381  0.21079165]
 [0.7868314  0.08282321 0.1303454 ]]
probabilities: [[0. 1. 0.]
 [0. 1. 0.]
 [0. 1. 0.]
 [0. 1. 0.]
 [0. 1. 0.]]
probabilities: [[0.0922142  0.14253357 0.76525223]
 [0.36195597 0.5340762  0.10396782]
 [0.4382455  0.26820305 0.29355142]
 [0.05546185 0.3032748  0.6412633 ]
 [0.12399247 0.82236576 0.05364176]]
probabilities: [[0.36176205 0.10612752 0.53211045]
 [0.53619283 0.31505364 0.14875352]
 [0.5887325  0.28732854 0.12393899]
 [0.1957596  0.44495797 0.35928243]
 [0.16767776 0.17821234 0.6541099 ]]
probabilities: [[0.49890032 0.3633881  0.13771158]
 [0.19997174 0.653512   0.14651625]
 [0.2786779  0.4439585  0.27736357]
 [0.528316   0.31408304 0.15760091]
 [0.5315756  0.42972636 0.03869802]]
probabilities: [[0. 1. 0.]
 [0. 1. 0.]
 [0. 1. 0.]
 [0. 1. 0.]
 [0. 1. 0.]]
probabilities: [[0.26365098 0.71102595 0.02532305]
 [0.09930982 0.8008959  0.09979423]
 [0.04537855 0.62261474 0.3320067 ]
 [0.24282914 0.50920975 0.24796113]
 [0.14127432 0.43869308 0.4200326 ]]
probabilities: [[0.12955073 0.39048365 0.47996563]
 [0.18761094 0.24997474 0.5624143 ]
 [0.23570187 0.37965274 0.38464537]
 [0.05599747 0.11010621 0.83389634]
 [0.826117   0.17150241 0.0023806 ]]
probabilities: [[0.01933144 0.76546246 0.21520609]
 [0.5812987  0.19307685 0.22562444]
 [0.06667236 0.36357877 0.5697489 ]
 [0.2864767  0.22475237 0.48877093]
 [0.35813192 0.5220518  0.11981628]]
probabilities: [[1. 0. 0.]
 [1. 0. 0.]
 [1. 0. 0.]
 [1. 0. 0.]
 [1. 0. 0.]]
probabilities: [[0.09082915 0.2190831  0.69008774]
 [0.04697728 0.42760506 0.5254176 ]
 [0.2539741  0.32342148 0.4226044 ]
 [0.08173832 0.07321721 0.8450445 ]
 [0.2881059  0.66086197 0.05103211]]
probabilities: [[0.1771784  0.3422947  0.48052692]
 [0.6051642  0.26640174 0.12843408]
 [0.24660349 0.520244   0.2331525 ]
 [0.35059333 0.00187817 0.64752847]
 [0.03044234 0.36582997 0.6037277 ]]
probabilities: [[0.6787328  0.09513191 0.22613528]
 [0.46205774 0.0818853  0.45605695]
 [0.01394277 0.9389331  0.04712418]
 [0.25308442 0.3133085  0.43360707]
 [0.13724346 0.39190558 0.47085094]]
probabilities: [[1. 0. 0.]
 [1. 0. 0.]
 [1. 0. 0.]
 [1. 0. 0.]
 [1. 0. 0.]]
probabilities: [[0.21727799 0.52406085 0.25866118]
 [0.76134366 0.00543416 0.2332222 ]
 [0.7816408  0.20420648 0.01415268]
 [0.20648968 0.77693    0.01658037]
 [0.11840096 0.58937746 0.29222158]]
probabilities: [[0.08751387 0.8855668  0.02691935]
 [0.2703281  0.6234502  0.10622169]
 [0.17879318 0.30881384 0.512393  ]
 [0.2189821  0.47353336 0.30748454]
 [0.03437793 0.80070996 0.1649121 ]]
probabilities: [[0.34397364 0.571079   0.08494733]
 [0.18319952 0.17911248 0.637688  ]
 [0.32793468 0.15633562 0.51572967]
 [0.01304314 0.873356   0.11360087]
 [0.07388797 0.61948997 0.30662203]]
probabilities: [[1. 0. 0.]
 [1. 0. 0.]
 [1. 0. 0.]
 [1. 0. 0.]
 [1. 0. 0.]]
probabilities: [[0.21437228 0.623236   0.16239169]
 [0.01211444 0.1285433  0.8593423 ]
 [0.6114914  0.25043815 0.1380705 ]
 [0.35759878 0.31072542 0.3316758 ]
 [0.3318751  0.30806378 0.36006114]]
probabilities: [[0.26921552 0.56082135 0.1699631 ]
 [0.216796   0.3329912  0.4502128 ]
 [0.64694923 0.30556005 0.04749068]
 [0.7919412  0.17143878 0.03662   ]
 [0.6287543  0.1270328  0.2442129 ]]
probabilities: [[0.27779877 0.325621   0.39658025]
 [0.5032533  0.06184088 0.43490586]
 [0.5808636  0.15032107 0.2688153 ]
 [0.8492807  0.1492725  0.00144677]
 [0.51988983 0.18728042 0.29282975]]
probabilities: [[1. 0. 0.]
 [1. 0. 0.]
 [1. 0. 0.]
 [1. 0. 0.]
 [1. 0. 0.]]
probabilities: [[0.85747063 0.03925569 0.10327369]
 [0.01343023 0.11617489 0.8703949 ]
 [0.15556945 0.24814615 0.5962844 ]
 [0.18572524 0.3226754  0.49159938]
 [0.5060409  0.2437433  0.2502158 ]]
probabilities: [[0.08531753 0.64092785 0.27375463]
 [0.30173048 0.25405046 0.44421905]
 [0.01673913 0.48189065 0.50137025]
 [0.4322682  0.23159765 0.33613417]
 [0.18027046 0.2969666  0.52276295]]
probabilities: [[0.34309906 0.39883614 0.2580648 ]
 [0.43526527 0.04144282 0.52329195]
 [0.25257358 0.72158086 0.02584556]
 [0.08074997 0.09692504 0.822325  ]
 [0.20665672 0.45834154 0.33500174]]
probabilities: [[1. 0. 0.]
 [1. 0. 0.]
 [1. 0. 0.]
 [1. 0. 0.]
 [1. 0. 0.]]
probabilities: [[0.40578067 0.01778459 0.57643473]
 [0.06647017 0.5913008  0.34222904]
 [0.73755646 0.230733   0.03171055]
 [0.35680452 0.6397782  0.0034173 ]
 [0.20401633 0.32984424 0.46613944]]
probabilities: [[0.683485   0.16464394 0.15187106]
 [0.84781647 0.09349636 0.05868717]
 [0.76237035 0.1440361  0.09359355]
 [0.16596834 0.5561201  0.27791157]
 [0.20964393 0.17434648 0.6160096 ]]
probabilities: [[0.2880611  0.08606781 0.62587106]
 [0.42087644 0.49300063 0.08612292]
 [0.42341605 0.25777403 0.31880993]
 [0.3787565  0.46069995 0.16054358]
 [0.21391496 0.43679592 0.34928912]]
probabilities: [[1. 0. 0.]
 [1. 0. 0.]
 [1. 0. 0.]
 [1. 0. 0.]
 [1. 0. 0.]]
probabilities: [[0.030404   0.53435475 0.43524122]
 [0.13887674 0.05799951 0.8031238 ]
 [0.51242083 0.443157   0.04442221]
 [0.61290586 0.24243519 0.14465894]
 [0.28958362 0.49814004 0.21227634]]
probabilities: [[0.18679324 0.60047954 0.2127272 ]
 [0.08502991 0.00234789 0.9126222 ]
 [0.15741275 0.03231273 0.8102745 ]
 [0.16072887 0.5081126  0.33115852]
 [0.1047172  0.17008603 0.7251968 ]]
probabilities: [[0.14092636 0.6699509  0.18912274]
 [0.03660124 0.5540406  0.4093581 ]
 [0.01920058 0.686873   0.29392642]
 [0.44423774 0.38432622 0.17143606]
 [0.01779672 0.87429625 0.10790705]]
probabilities: [[0. 1. 0.]
 [0. 1. 0.]
 [0. 1. 0.]
 [0. 1. 0.]
 [0. 1. 0.]]
probabilities: [[0.02770631 0.60801464 0.36427903]
 [0.21642727 0.30180174 0.48177102]
 [0.89546376 0.07247436 0.03206185]
 [0.59726274 0.33855882 0.06417844]
 [0.48996273 0.2914249  0.21861236]]
probabilities: [[0.22197554 0.49727198 0.28075248]
 [0.14969656 0.69453967 0.15576379]
 [0.5955248  0.19189334 0.21258187]
 [0.06139864 0.16713864 0.77146274]
 [0.7924324  0.17610466 0.03146291]]
probabilities: [[0.10590555 0.4633681  0.43072635]
 [0.19679338 0.23538743 0.5678192 ]
 [0.5645653  0.3359131  0.09952159]
 [0.44871446 0.3583485  0.19293706]
 [0.3515759  0.09370249 0.5547216 ]]
probabilities: [[0. 1. 0.]
 [0. 1. 0.]
 [0. 1. 0.]
 [0. 1. 0.]
 [0. 1. 0.]]
probabilities: [[0.23968653 0.29106107 0.46925238]
 [0.10751512 0.15958817 0.7328967 ]
 [0.44060624 0.43262076 0.12677298]
 [0.12813342 0.08193987 0.7899267 ]
 [0.14881784 0.02565923 0.82552296]]
probabilities: [[0.15542822 0.55504304 0.2895287 ]
 [0.01033346 0.5315195  0.45814705]
 [0.25699964 0.6008155  0.14218487]
 [0.4960062  0.3446662  0.15932758]
 [0.29084057 0.03437982 0.6747796 ]]
probabilities: [[0.18080111 0.70718056 0.11201836]
 [0.41086203 0.15617765 0.43296033]
 [0.18917532 0.18444908 0.6263756 ]
 [0.57421935 0.04098369 0.384797  ]
 [0.36771104 0.04573435 0.5865546 ]]
probabilities: [[0. 1. 0.]
 [0. 1. 0.]
 [0. 1. 0.]
 [0. 1. 0.]
 [0. 1. 0.]]
probabilities: [[0.08627092 0.79717755 0.11655156]
 [0.35349724 0.51272213 0.13378064]
 [0.6318842  0.1880858  0.18002997]
 [0.2596026  0.6287025  0.1116949 ]
 [0.7127297  0.0918296  0.19544068]]
probabilities: [[0.06881238 0.8590102  0.07217743]
 [0.3975694  0.16989267 0.43253794]
 [0.5834222  0.2713451  0.14523272]
 [0.50846714 0.25746995 0.23406294]
 [0.22747202 0.6203769  0.1521511 ]]
probabilities: [[0.04308027 0.14736564 0.8095541 ]
 [0.8656639  0.0136806  0.12065549]
 [0.31404072 0.1347288  0.5512305 ]
 [0.0325573  0.18259174 0.78485096]
 [0.16599922 0.8326616  0.00133913]]
probabilities: [[0. 0. 1.]
 [0. 1. 0.]
 [0. 1. 0.]
 [0. 0. 1.]
 [0. 0. 1.]]
probabilities: [[0.08138981 0.35620943 0.56240076]
 [0.5530561  0.17987181 0.26707205]
 [0.44170395 0.46324053 0.0950555 ]
 [0.18705042 0.7929558  0.01999379]
 [0.23147613 0.6219646  0.14655928]]
probabilities: [[0.48961756 0.04053034 0.46985212]
 [0.4407153  0.0353646  0.5239201 ]
 [0.43445083 0.51590586 0.04964333]
 [0.11003324 0.02112956 0.8688372 ]
 [0.09304167 0.46234012 0.44461823]]
probabilities: [[0.24045013 0.6785431  0.0810068 ]
 [0.69906694 0.07598563 0.22494744]
 [0.03512722 0.8491717  0.11570106]
 [0.5448156  0.10324188 0.35194254]
 [0.31188196 0.45803878 0.23007925]]
probabilities: [[0. 0. 1.]
 [0. 1. 0.]
 [0. 0. 1.]
 [0. 0. 1.]
 [0. 0. 1.]]
probabilities: [[0.15064186 0.6024173  0.24694084]
 [0.32390374 0.02215622 0.65394   ]
 [0.0700394  0.65587485 0.27408573]
 [0.13115029 0.62855273 0.24029696]
 [0.06366877 0.55426395 0.3820673 ]]
probabilities: [[0.43097615 0.5535157  0.01550818]
 [0.21947028 0.14082432 0.6397054 ]
 [0.34185812 0.48695818 0.17118369]
 [0.49875322 0.06906203 0.43218473]
 [0.09875386 0.40953466 0.49171147]]
probabilities: [[0.41917434 0.54990834 0.0309173 ]
 [0.510736   0.3725096  0.11675439]
 [0.50624585 0.33092058 0.16283357]
 [0.03552388 0.48182285 0.48265326]
 [0.22076935 0.30617583 0.47305483]]
probabilities: [[1. 0. 0.]
 [1. 0. 0.]
 [1. 0. 0.]
 [1. 0. 0.]
 [1. 0. 0.]]
probabilities: [[0.45541358 0.02920485 0.5153816 ]
 [0.41927353 0.3138071  0.26691934]
 [0.19490269 0.10541242 0.6996849 ]
 [0.33833104 0.03264635 0.6290226 ]
 [0.08237932 0.30926555 0.6083551 ]]
probabilities: [[0.03113307 0.24287519 0.7259917 ]
 [0.89646    0.00484979 0.09869019]
 [0.35133612 0.43082672 0.21783714]
 [0.480539   0.05242961 0.4670314 ]
 [0.46963423 0.07254674 0.45781904]]
probabilities: [[0.32962704 0.29714918 0.37322378]
 [0.06909974 0.9142585  0.0166418 ]
 [0.22655983 0.2543503  0.5190899 ]
 [0.6237374  0.36743224 0.00883036]
 [0.40005857 0.2824212  0.31752023]]
probabilities: [[0. 1. 0.]
 [0. 1. 0.]
 [0. 1. 0.]
 [0. 1. 0.]
 [0. 1. 0.]]
probabilities: [[0.08280751 0.65343285 0.2637596 ]
 [0.10881156 0.1722892  0.71889925]
 [0.5713904  0.11870388 0.30990574]
 [0.0502435  0.67057586 0.27918065]
 [0.21902741 0.37411195 0.40686062]]
probabilities: [[0.07048501 0.43155476 0.49796024]
 [0.56178147 0.11974913 0.3184694 ]
 [0.40690085 0.28931612 0.30378303]
 [0.13461466 0.5422143  0.32317108]
 [0.20539244 0.69361794 0.10098962]]
probabilities: [[0.11568686 0.25243494 0.6318782 ]
 [0.63560486 0.08148    0.28291515]
 [0.02466634 0.54246616 0.4328675 ]
 [0.08150952 0.74375206 0.1747384 ]
 [0.5075725  0.3183096  0.17411792]]
probabilities: [[0. 1. 0.]
 [0. 1. 0.]
 [0. 1. 0.]
 [0. 1. 0.]
 [0. 1. 0.]]
probabilities: [[0.7318076  0.21019779 0.05799463]
 [0.10290118 0.0808908  0.816208  ]
 [0.32634088 0.5385222  0.13513696]
 [0.608064   0.21221627 0.17971973]
 [0.4862593  0.311754   0.2019867 ]]
probabilities: [[0.15716502 0.60369277 0.23914221]
 [0.04908213 0.35667536 0.5942425 ]
 [0.45314437 0.24794012 0.2989155 ]
 [0.21247552 0.26681873 0.52070576]
 [0.00254656 0.47270784 0.5247456 ]]
probabilities: [[0.3734546  0.3753763  0.25116906]
 [0.23013838 0.5178379  0.25202376]
 [0.55327046 0.0208173  0.42591223]
 [0.05635878 0.4425353  0.5011059 ]
 [0.3524874  0.5871252  0.06038743]]
probabilities: [[0. 0. 1.]
 [0. 1. 0.]
 [0. 1. 0.]
 [0. 0. 1.]
 [0. 0. 1.]]
probabilities: [[0.36671224 0.13422005 0.49906772]
 [0.25225997 0.28307727 0.46466276]
 [0.19913638 0.61318034 0.18768327]
 [0.21253988 0.29197434 0.49548578]
 [0.8313484  0.13465202 0.03399956]]
probabilities: [[0.09676327 0.6663529  0.23688377]
 [0.57221276 0.0577995  0.36998776]
 [0.01043539 0.04929053 0.94027406]
 [0.1383347  0.81087995 0.05078534]
 [0.1668858  0.17344171 0.6596725 ]]
probabilities: [[0.003723   0.35192752 0.64434946]
 [0.08035669 0.7413131  0.17833023]
 [0.13748866 0.321476   0.54103535]
 [0.03525018 0.70505893 0.25969088]
 [0.5184053  0.00909515 0.47249955]]
probabilities: [[0. 1. 0.]
 [0. 1. 0.]
 [0. 1. 0.]
 [0. 1. 0.]
 [0. 1. 0.]]
probabilities: [[0.5916213  0.24016546 0.1682133 ]
 [0.26921386 0.36336124 0.36742488]
 [0.6537175  0.20662445 0.13965806]
 [0.49298188 0.3272786  0.1797395 ]
 [0.40047786 0.53405035 0.06547179]]
probabilities: [[0.3615732  0.59778446 0.04064232]
 [0.3065281  0.02578977 0.6676821 ]
 [0.58793175 0.24638641 0.16568181]
 [0.37363163 0.28480297 0.3415654 ]
 [0.07886893 0.2011643  0.71996677]]
probabilities: [[0.04085403 0.3515757  0.6075703 ]
 [0.6116066  0.3384057  0.04998771]
 [0.35307142 0.34630477 0.3006238 ]
 [0.1826391  0.28756395 0.52979696]
 [0.23459728 0.4019203  0.36348242]]
probabilities: [[0. 0. 1.]
 [0. 1. 0.]
 [0. 1. 0.]
 [0. 0. 1.]
 [0. 0. 1.]]
probabilities: [[0.42150626 0.11581049 0.46268326]
 [0.1321303  0.24646235 0.6214074 ]
 [0.5888564  0.24835059 0.162793  ]
 [0.36432746 0.0194349  0.61623764]
 [0.5039354  0.27046052 0.22560409]]
probabilities: [[0.52087605 0.0265629  0.45256105]
 [0.3093935  0.688381   0.00222548]
 [0.14712402 0.24153842 0.61133754]
 [0.3085635  0.19656855 0.49486795]
 [0.09820846 0.43533003 0.4664615 ]]
probabilities: [[0.29652125 0.29487875 0.40859997]
 [0.31203565 0.1346546  0.55330974]
 [0.42347047 0.4420715  0.13445805]
 [0.61492383 0.15277688 0.2322993 ]
 [0.191436   0.50285816 0.30570588]]
probabilities: [[0. 0. 1.]
 [0. 1. 0.]
 [0. 1. 0.]
 [0. 0. 1.]
 [0. 0. 1.]]
probabilities: [[0.5577119  0.22362617 0.21866193]
 [0.15009367 0.6425915  0.20731482]
 [0.52851903 0.4324294  0.03905153]
 [0.34220248 0.37094542 0.28685206]
 [0.6087891  0.3905339  0.00067706]]
probabilities: [[0.1824694  0.23031658 0.58721405]
 [0.57981837 0.18379591 0.23638572]
 [0.64026916 0.13798349 0.22174737]
 [0.13871373 0.19832815 0.6629581 ]
 [0.44375092 0.14310274 0.41314635]]
probabilities: [[0.23986311 0.68984306 0.07029384]
 [0.65893936 0.21760187 0.12345879]
 [0.59174484 0.1932583  0.21499689]
 [0.05287864 0.19737603 0.7497453 ]
 [0.4164568  0.05488839 0.5286548 ]]
probabilities: [[0. 0. 1.]
 [0. 1. 0.]
 [0. 1. 0.]
 [0. 0. 1.]
 [0. 0. 1.]]
probabilities: [[0.84409887 0.08819461 0.06770654]
 [0.364239   0.38458538 0.25117564]
 [0.57104117 0.04403215 0.38492668]
 [0.32445675 0.5561321  0.11941116]
 [0.44762003 0.24155761 0.31082237]]
probabilities: [[0.04015294 0.23424494 0.7256021 ]
 [0.49142426 0.1513825  0.35719323]
 [0.30483034 0.02218183 0.6729878 ]
 [0.5953533  0.18397309 0.22067362]
 [0.93198454 0.06534148 0.00267398]]
probabilities: [[0.0347964  0.57430327 0.3909003 ]
 [0.09796508 0.62760955 0.2744254 ]
 [0.88788307 0.04669605 0.06542086]
 [0.26432228 0.04596189 0.6897158 ]
 [0.8027897  0.17450866 0.02270167]]
probabilities: [[0. 1. 0.]
 [0. 1. 0.]
 [0. 1. 0.]
 [0. 1. 0.]
 [0. 1. 0.]]
probabilities: [[0.2007604  0.03268348 0.76655614]
 [0.31581983 0.03591462 0.64826554]
 [0.05764589 0.62370133 0.3186528 ]
 [0.0961722  0.80119634 0.10263145]
 [0.0365678  0.6646505  0.2987817 ]]
probabilities: [[0.5924406  0.03209631 0.37546307]
 [0.76236993 0.13629775 0.10133231]
 [0.24796633 0.6622236  0.08981007]
 [0.39921683 0.5312682  0.06951497]
 [0.4131002  0.20589186 0.38100794]]
probabilities: [[0.10380748 0.29854706 0.59764546]
 [0.443004   0.25418037 0.30281562]
 [0.8222973  0.04264995 0.1350528 ]
 [0.6960699  0.06308174 0.24084836]
 [0.2801067  0.21424837 0.505645  ]]
probabilities: [[0. 1. 0.]
 [0. 1. 0.]
 [0. 1. 0.]
 [0. 1. 0.]
 [0. 1. 0.]]
probabilities: [[0.06489793 0.7682672  0.16683485]
 [0.01499853 0.3435304  0.6414711 ]
 [0.41238025 0.08363732 0.5039824 ]
 [0.6697498  0.01121034 0.31903985]
 [0.39324328 0.11745758 0.48929912]]
probabilities: [[0.23531793 0.58002895 0.18465312]
 [0.36150745 0.30593437 0.33255818]
 [0.3414932  0.38206896 0.27643785]
 [0.19158755 0.7957593  0.01265315]
 [0.17956643 0.17077653 0.6496571 ]]
probabilities: [[0.40596247 0.11195851 0.48207903]
 [0.05396907 0.6493665  0.29666442]
 [0.25725096 0.03103189 0.7117171 ]
 [0.66552097 0.15397844 0.18050063]
 [0.57969415 0.06034353 0.3599623 ]]
probabilities: [[1. 0. 0.]
 [1. 0. 0.]
 [1. 0. 0.]
 [1. 0. 0.]
 [1. 0. 0.]]
probabilities: [[0.41655174 0.18476416 0.39868408]
 [0.03193021 0.28839663 0.6796732 ]
 [0.24697585 0.25254938 0.50047475]
 [0.24433742 0.679302   0.07636058]
 [0.0170002  0.61822295 0.36477688]]
probabilities: [[0.16080865 0.66881925 0.17037208]
 [0.47729284 0.2787479  0.2439593 ]
 [0.6596256  0.29809886 0.04227556]
 [0.05840287 0.56863326 0.37296388]
 [0.45363998 0.26394412 0.2824159 ]]
probabilities: [[0.14012186 0.1565778  0.70330036]
 [0.56209016 0.06601854 0.3718913 ]
 [0.01644417 0.38827813 0.5952777 ]
 [0.4436184  0.20448263 0.35189897]
 [0.3155447  0.2968314  0.3876239 ]]
probabilities: [[1. 0. 0.]
 [1. 0. 0.]
 [1. 0. 0.]
 [1. 0. 0.]
 [1. 0. 0.]]
probabilities: [[0.83263606 0.0632894  0.10407456]
 [0.27463472 0.340208   0.3851573 ]
 [0.1081593  0.4932734  0.3985673 ]
 [0.26578432 0.15907407 0.5751416 ]
 [0.720206   0.0262337  0.25356027]]
probabilities: [[0.12753846 0.3840651  0.48839644]
 [0.9448507  0.04979483 0.00535451]
 [0.76124847 0.12455615 0.11419537]
 [0.08070382 0.07677013 0.842526  ]
 [0.16563523 0.651336   0.18302877]]
probabilities: [[0.32930607 0.41004607 0.26064786]
 [0.85578567 0.07301772 0.07119659]
 [0.6434529  0.07710922 0.2794379 ]
 [0.0805825  0.11348964 0.8059279 ]
 [0.58640987 0.0504692  0.36312094]]
probabilities: [[1. 0. 0.]
 [1. 0. 0.]
 [1. 0. 0.]
 [1. 0. 0.]
 [1. 0. 0.]]
probabilities: [[0.09911699 0.46628925 0.43459374]
 [0.46107528 0.43466982 0.10425489]
 [0.21980135 0.08354973 0.6966489 ]
 [0.3220553  0.52427745 0.15366723]
 [0.11553102 0.6464014  0.23806757]]
probabilities: [[0.02294431 0.16054511 0.81651056]
 [0.09766742 0.58016646 0.3221661 ]
 [0.47643107 0.19174653 0.3318224 ]
 [0.8687243  0.06570162 0.06557408]
 [0.3052174  0.65126747 0.04351514]]
probabilities: [[0.19199778 0.10311563 0.7048866 ]
 [0.69791806 0.0202355  0.28184646]
 [0.16684839 0.39475572 0.4383959 ]
 [0.6070862  0.18220614 0.21070766]
 [0.17818032 0.20438205 0.6174376 ]]
probabilities: [[0. 0. 1.]
 [0. 1. 0.]
 [0. 1. 0.]
 [0. 0. 1.]
 [0. 0. 1.]]
probabilities: [[0.08188833 0.8461446  0.07196707]
 [0.0832423  0.86718524 0.04957247]
 [0.7229917  0.22590326 0.05110506]
 [0.09540985 0.07405543 0.8305347 ]
 [0.62561595 0.08409946 0.29028457]]
probabilities: [[0.65424496 0.0705685  0.27518657]
 [0.3928821  0.00208115 0.60503674]
 [0.6699289  0.2811752  0.04889593]
 [0.32265472 0.2573135  0.4200318 ]
 [0.6593475  0.19788621 0.14276631]]
probabilities: [[0.25798544 0.3832047  0.35880983]
 [0.31074336 0.52677584 0.1624808 ]
 [0.9574978  0.00535577 0.03714645]
 [0.5348839  0.1986792  0.26643687]
 [0.48292446 0.3140827  0.20299284]]
probabilities: [[0. 0. 1.]
 [0. 1. 0.]
 [0. 0. 1.]
 [0. 0. 1.]
 [0. 0. 1.]]
probabilities: [[0.483565   0.37663445 0.13980053]
 [0.80969894 0.10112714 0.08917394]
 [0.37437865 0.06746277 0.5581586 ]
 [0.01932809 0.14207347 0.83859843]
 [0.5555954  0.0424813  0.4019233 ]]
probabilities: [[0.73146504 0.05819275 0.21034221]
 [0.35168335 0.07007948 0.5782372 ]
 [0.03103513 0.8803296  0.08863525]
 [0.3215398  0.12339155 0.5550687 ]
 [0.6333973  0.3296431  0.03695961]]
probabilities: [[0.00258006 0.24532773 0.7520922 ]
 [0.44018105 0.02185886 0.5379601 ]
 [0.14095871 0.3620713  0.49696997]
 [0.40158534 0.22822048 0.3701942 ]
 [0.25262955 0.21585509 0.53151536]]
probabilities: [[0. 0. 1.]
 [0. 1. 0.]
 [0. 0. 1.]
 [0. 0. 1.]
 [0. 0. 1.]]
probabilities: [[0.35430673 0.10783409 0.53785914]
 [0.08957849 0.20354725 0.70687425]
 [0.1942469  0.18093781 0.6248153 ]
 [0.12069611 0.5257279  0.35357597]
 [0.22804563 0.00603608 0.7659183 ]]
probabilities: [[0.09700828 0.4704687  0.43252304]
 [0.30224043 0.2875993  0.4101603 ]
 [0.25617763 0.64288837 0.10093398]
 [0.4933804  0.15834455 0.34827504]
 [0.01940674 0.6563979  0.32419538]]
probabilities: [[0.56647533 0.3264013  0.10712337]
 [0.6933133  0.01187543 0.29481128]
 [0.32524163 0.39366376 0.2810946 ]
 [0.19583258 0.18813829 0.61602914]
 [0.8594759  0.12555754 0.01496652]]
probabilities: [[0. 0. 1.]
 [0. 1. 0.]
 [0. 1. 0.]
 [0. 0. 1.]
 [0. 0. 1.]]
probabilities: [[8.8920909e-01 1.0360853e-01 7.1823765e-03]
 [5.2029565e-02 4.9195725e-01 4.5601320e-01]
 [3.7954962e-01 3.3740682e-04 6.2011296e-01]
 [5.7460535e-01 2.3296760e-02 4.0209791e-01]
 [4.0482786e-02 6.1875265e-02 8.9764196e-01]]
probabilities: [[0.57950324 0.08643067 0.33406612]
 [0.57387584 0.3825288  0.04359534]
 [0.26005355 0.63662916 0.10331732]
 [0.15239617 0.08144768 0.76615614]
 [0.50532746 0.29041296 0.20425957]]
probabilities: [[0.69949514 0.09395305 0.2065518 ]
 [0.34821573 0.48260438 0.16917987]
 [0.10224339 0.75923675 0.13851988]
 [0.8148288  0.09825137 0.08691983]
 [0.15099259 0.35783136 0.49117604]]
probabilities: [[0. 0. 1.]
 [0. 1. 0.]
 [0. 0. 1.]
 [0. 0. 1.]
 [0. 0. 1.]]
probabilities: [[0.20878822 0.41928497 0.3719268 ]
 [0.2726668  0.02240926 0.7049239 ]
 [0.6139837  0.27598298 0.11003333]
 [0.48458076 0.15645678 0.35896248]
 [0.29832438 0.05828994 0.6433857 ]]
probabilities: [[0.69827735 0.12816721 0.17355545]
 [0.38072523 0.40474337 0.21453138]
 [0.12799269 0.12447132 0.747536  ]
 [0.33592767 0.20601279 0.45805955]
 [0.03097382 0.6355168  0.33350933]]
probabilities: [[0.0011498  0.27911448 0.71973574]
 [0.31601495 0.0750367  0.60894835]
 [0.456689   0.05220995 0.49110106]
 [0.16360751 0.7944121  0.0419804 ]
 [0.03071374 0.60704434 0.36224192]]
probabilities: [[0. 1. 0.]
 [0. 1. 0.]
 [0. 1. 0.]
 [0. 1. 0.]
 [0. 1. 0.]]
probabilities: [[0.3754023  0.1494745  0.4751232 ]
 [0.2721464  0.37962106 0.3482325 ]
 [0.27945918 0.1378183  0.5827225 ]
 [0.09823027 0.57385325 0.32791644]
 [0.20611331 0.4465631  0.3473236 ]]
probabilities: [[0.17937566 0.7996422  0.02098214]
 [0.44355378 0.11428557 0.44216064]
 [0.31904468 0.677431   0.00352433]
 [0.71725506 0.06984135 0.21290357]
 [0.41480866 0.3560301  0.22916123]]
probabilities: [[0.02681415 0.3993915  0.5737943 ]
 [0.7920462  0.19715483 0.01079897]
 [0.07622643 0.05306483 0.87070876]
 [0.07296387 0.11203815 0.814998  ]
 [0.35788527 0.48877096 0.15334378]]
probabilities: [[0. 0. 1.]
 [0. 1. 0.]
 [0. 1. 0.]
 [0. 0. 1.]
 [0. 0. 1.]]
probabilities: [[0.77596027 0.15025654 0.07378316]
 [0.64750266 0.31720278 0.03529458]
 [0.05069972 0.59657425 0.35272604]
 [0.48758653 0.13646473 0.37594876]
 [0.57539517 0.40094718 0.02365764]]
probabilities: [[0.12505002 0.70765585 0.16729411]
 [0.56693816 0.24347474 0.1895871 ]
 [0.14841631 0.69846076 0.15312296]
 [0.40140963 0.071879   0.52671134]
 [0.00909779 0.01315087 0.9777514 ]]
probabilities: [[0.17890146 0.7514239  0.06967467]
 [0.64295954 0.32854134 0.02849909]
 [0.29247016 0.65198445 0.05554535]
 [0.51042986 0.2786268  0.21094333]
 [0.79905534 0.04913536 0.15180932]]
probabilities: [[1. 0. 0.]
 [1. 0. 0.]
 [1. 0. 0.]
 [1. 0. 0.]
 [1. 0. 0.]]
probabilities: [[0.08459979 0.7176933  0.19770688]
 [0.646712   0.18382187 0.16946614]
 [0.71949303 0.18712486 0.09338208]
 [0.20261337 0.6036956  0.19369106]
 [0.5339538  0.05369707 0.41234913]]
probabilities: [[0.02227538 0.629837   0.34788764]
 [0.35377222 0.05107613 0.59515166]
 [0.53633976 0.29146686 0.17219338]
 [0.14494863 0.02348974 0.8315616 ]
 [0.6624128  0.30721128 0.03037588]]
probabilities: [[0.10503403 0.14407064 0.7508953 ]
 [0.6855514  0.18682808 0.12762055]
 [0.37225384 0.33315155 0.29459462]
 [0.10156187 0.20472649 0.69371164]
 [0.18300167 0.22916529 0.58783305]]
probabilities: [[0. 1. 0.]
 [0. 1. 0.]
 [0. 1. 0.]
 [0. 1. 0.]
 [0. 1. 0.]]
probabilities: [[0.06770933 0.30611584 0.6261748 ]
 [0.14370234 0.7897568  0.0665409 ]
 [0.05706711 0.93343204 0.00950083]
 [0.58610564 0.36927882 0.04461552]
 [0.46954376 0.17351219 0.35694405]]
probabilities: [[0.10103402 0.52254313 0.37642285]
 [0.11646024 0.03882307 0.84471667]
 [0.691855   0.30454752 0.00359748]
 [0.2734194  0.43152228 0.29505828]
 [0.1470529  0.19640268 0.6565444 ]]
probabilities: [[0.06679682 0.77436227 0.15884091]
 [0.80210453 0.06024479 0.13765068]
 [0.3701827  0.23647083 0.3933465 ]
 [0.06174015 0.3539583  0.58430153]
 [0.27690747 0.42417124 0.2989213 ]]
probabilities: [[0. 1. 0.]
 [0. 1. 0.]
 [0. 1. 0.]
 [0. 1. 0.]
 [0. 1. 0.]]
probabilities: [[0.31301647 0.06204502 0.6249385 ]
 [0.49798724 0.47896707 0.02304571]
 [0.07942283 0.08724919 0.83332795]
 [0.43499532 0.55516815 0.00983651]
 [0.49033052 0.44666982 0.06299968]]
probabilities: [[0.04736407 0.8713386  0.08129735]
 [0.8833522  0.09374525 0.02290255]
 [0.23449682 0.33361205 0.43189114]
 [0.31640282 0.47462726 0.2089699 ]
 [0.7929048  0.12724693 0.07984825]]
probabilities: [[0.3735075  0.18326543 0.44322708]
 [0.07500237 0.6439408  0.28105685]
 [0.30217743 0.33532023 0.36250234]
 [0.40258008 0.53050965 0.06691025]
 [0.77325946 0.00749757 0.21924296]]
probabilities: [[0. 0. 1.]
 [0. 1. 0.]
 [0. 0. 1.]
 [0. 0. 1.]
 [0. 0. 1.]]
probabilities: [[0.3217586  0.38023216 0.29800925]
 [0.14750727 0.27472264 0.57777005]
 [0.09294488 0.3588726  0.5481825 ]
 [0.62624246 0.05058149 0.32317606]
 [0.68576294 0.08840688 0.22583015]]
probabilities: [[0.07456083 0.6591735  0.2662657 ]
 [0.8069823  0.06303415 0.12998359]
 [0.85589653 0.00322902 0.14087446]
 [0.45467657 0.3603326  0.18499081]
 [0.11354142 0.48862714 0.39783144]]
probabilities: [[0.5324352  0.11838145 0.34918338]
 [0.0845911  0.49782017 0.41758874]
 [0.29611287 0.13380091 0.57008624]
 [0.05232292 0.30945644 0.63822067]
 [0.12083359 0.26018342 0.618983  ]]
probabilities: [[1. 0. 0.]
 [1. 0. 0.]
 [1. 0. 0.]
 [1. 0. 0.]
 [1. 0. 0.]]
probabilities: [[0.13804995 0.32125613 0.54069394]
 [0.56562084 0.14852145 0.28585774]
 [0.42516696 0.04249292 0.5323401 ]
 [0.17024928 0.74749506 0.08225568]
 [0.52747315 0.36320704 0.10931981]]
probabilities: [[0.06622043 0.8548202  0.07895937]
 [0.58921313 0.20601673 0.20477013]
 [0.18025489 0.75390416 0.06584095]
 [0.08489018 0.4033322  0.51177764]
 [0.06290245 0.59374124 0.34335628]]
probabilities: [[0.216744   0.67899066 0.10426534]
 [0.1475139  0.22234713 0.630139  ]
 [0.32178417 0.3988993  0.27931654]
 [0.08766531 0.6631172  0.2492175 ]
 [0.91439325 0.01163779 0.07396899]]
probabilities: [[0. 1. 0.]
 [0. 1. 0.]
 [0. 1. 0.]
 [0. 1. 0.]
 [0. 1. 0.]]
probabilities: [[0.53513384 0.17973879 0.28512737]
 [0.06707352 0.71435845 0.21856804]
 [0.03310625 0.366749   0.60014474]
 [0.8129894  0.0827109  0.10429967]
 [0.2185294  0.31601614 0.46545446]]
probabilities: [[0.09371805 0.8209753  0.08530665]
 [0.30176267 0.0121307  0.6861066 ]
 [0.09605955 0.24871609 0.6552244 ]
 [0.07042892 0.2778268  0.6517443 ]
 [0.4021773  0.25847626 0.3393464 ]]
probabilities: [[0.22781104 0.4830814  0.2891076 ]
 [0.15074801 0.3052742  0.5439778 ]
 [0.05047113 0.204089   0.7454399 ]
 [0.53163177 0.35340038 0.11496788]
 [0.83076847 0.14080867 0.02842285]]
probabilities: [[0. 0. 1.]
 [0. 1. 0.]
 [0. 1. 0.]
 [0. 0. 1.]
 [0. 0. 1.]]
probabilities: [[0.08021141 0.26517263 0.654616  ]
 [0.09874211 0.57842016 0.32283774]
 [0.14627668 0.3036173  0.550106  ]
 [0.1594266  0.30903357 0.5315398 ]
 [0.2565391  0.49043941 0.2530215 ]]
probabilities: [[0.28725547 0.5927373  0.12000723]
 [0.51609015 0.38604888 0.09786098]
 [0.2923749  0.1827375  0.52488756]
 [0.6594905  0.07349093 0.26701853]
 [0.0893361  0.7108721  0.19979182]]
probabilities: [[0.4271902  0.42809433 0.14471546]
 [0.62856454 0.0146443  0.3567912 ]
 [0.29860947 0.64384395 0.0575466 ]
 [0.51475763 0.16683678 0.3184056 ]
 [0.26446947 0.0042992  0.73123133]]
probabilities: [[1. 0. 0.]
 [1. 0. 0.]
 [1. 0. 0.]
 [1. 0. 0.]
 [1. 0. 0.]]
probabilities: [[0.47449356 0.38123477 0.14427166]
 [0.07062655 0.37455162 0.55482185]
 [0.16492595 0.66982496 0.1652491 ]
 [0.3708632  0.56713635 0.06200048]
 [0.6124138  0.3330049  0.05458127]]
probabilities: [[0.554863   0.39433637 0.05080067]
 [0.06635119 0.51327837 0.42037046]
 [0.06273367 0.21094926 0.7263171 ]
 [0.0447383  0.88847846 0.06678326]
 [0.01884116 0.6626784  0.3184804 ]]
probabilities: [[0.34137937 0.2617715  0.39684913]
 [0.14417979 0.67935294 0.17646727]
 [0.06718007 0.39575857 0.5370614 ]
 [0.23885262 0.732689   0.02845836]
 [0.0951714  0.86209613 0.04273249]]
probabilities: [[1. 0. 0.]
 [1. 0. 0.]
 [1. 0. 0.]
 [1. 0. 0.]
 [1. 0. 0.]]
probabilities: [[0.02813203 0.69872934 0.27313864]
 [0.710807   0.0815064  0.20768654]
 [0.5626325  0.33461335 0.10275415]
 [0.36907652 0.38328534 0.2476381 ]
 [0.0831004  0.43650135 0.48039827]]
probabilities: [[0.33284608 0.4414968  0.22565715]
 [0.523431   0.06491414 0.4116549 ]
 [0.870922   0.05480744 0.07427055]
 [0.2836846  0.03919194 0.6771234 ]
 [0.28611222 0.18056157 0.5333262 ]]
probabilities: [[0.0980121  0.05443431 0.8475536 ]
 [0.69682336 0.03869113 0.26448548]
 [0.4067266  0.22837691 0.3648965 ]
 [0.69792163 0.03357207 0.26850632]
 [0.4552804  0.01902358 0.52569604]]
probabilities: [[0. 0. 1.]
 [0. 1. 0.]
 [0. 0. 1.]
 [0. 0. 1.]
 [0. 0. 1.]]
probabilities: [[0.36299327 0.57492477 0.06208195]
 [0.18113914 0.5372191  0.28164172]
 [0.23286988 0.18200463 0.5851255 ]
 [0.3203207  0.53626215 0.14341715]
 [0.11668385 0.74988955 0.13342658]]
probabilities: [[0.6239062  0.26746342 0.10863038]
 [0.27643204 0.12821311 0.59535486]
 [0.61876965 0.01571959 0.36551073]
 [0.6546227  0.07192328 0.27345404]
 [0.32356936 0.44873655 0.2276941 ]]
probabilities: [[0.41024557 0.13407415 0.45568028]
 [0.54983133 0.38594696 0.06422168]
 [0.31478402 0.2330013  0.45221466]
 [0.87639457 0.05335589 0.07024954]
 [0.70743835 0.27217966 0.02038196]]
probabilities: [[0. 0. 1.]
 [0. 1. 0.]
 [0. 1. 0.]
 [0. 0. 1.]
 [0. 0. 1.]]
probabilities: [[0.37756002 0.3914565  0.23098348]
 [0.02042679 0.45117527 0.5283979 ]
 [0.33573037 0.36460218 0.29966745]
 [0.42005682 0.05783726 0.52210593]
 [0.08815949 0.88212204 0.02971849]]
probabilities: [[0.17011863 0.05663655 0.7732448 ]
 [0.13136238 0.2114688  0.6571688 ]
 [0.31533763 0.3935775  0.2910849 ]
 [0.00602826 0.8134651  0.18050662]
 [0.00327788 0.9908466  0.00587552]]
probabilities: [[0.13070747 0.35500363 0.5142889 ]
 [0.05486342 0.15787469 0.7872619 ]
 [0.10829161 0.67947537 0.21223302]
 [0.431634   0.06484092 0.5035251 ]
 [0.04451997 0.82740617 0.12807389]]
probabilities: [[0. 0. 1.]
 [0. 1. 0.]
 [0. 1. 0.]
 [0. 0. 1.]
 [0. 0. 1.]]
probabilities: [[0.17336632 0.07212716 0.7545065 ]
 [0.08473957 0.02453769 0.89072275]
 [0.00367052 0.2839432  0.71238625]
 [0.08958752 0.15603647 0.754376  ]
 [0.27541128 0.6678872  0.05670154]]
probabilities: [[0.46939963 0.10969831 0.42090207]
 [0.26050016 0.19203192 0.54746795]
 [0.15527326 0.33683366 0.5078931 ]
 [0.5541368  0.18764755 0.25821564]
 [0.09142975 0.8265341  0.08203615]]
probabilities: [[1.3709980e-01 3.2064164e-01 5.4225856e-01]
 [1.7716703e-01 5.6343144e-01 2.5940153e-01]
 [8.9423335e-01 1.3626363e-02 9.2140280e-02]
 [8.2468160e-04 2.5833935e-01 7.4083596e-01]
 [3.6486357e-01 9.4156384e-02 5.4098004e-01]]
probabilities: [[0. 1. 0.]
 [0. 1. 0.]
 [0. 1. 0.]
 [0. 1. 0.]
 [0. 1. 0.]]
probabilities: [[0.7488372  0.15839885 0.09276398]
 [0.25028253 0.5423639  0.20735356]
 [0.00265012 0.591445   0.4059049 ]
 [0.04413598 0.20884164 0.7470224 ]
 [0.06571206 0.1209798  0.8133081 ]]
probabilities: [[0.15300582 0.09719948 0.7497947 ]
 [0.24830233 0.19766296 0.5540347 ]
 [0.42420954 0.38121918 0.19457127]
 [0.5389763  0.33632454 0.12469913]
 [0.22890656 0.62590134 0.14519212]]
probabilities: [[0.07571079 0.6629152  0.26137397]
 [0.29006383 0.47795364 0.23198253]
 [0.7429806  0.1284643  0.12855509]
 [0.06967534 0.65418166 0.27614298]
 [0.4438458  0.06303685 0.49311733]]
probabilities: [[0. 1. 0.]
 [0. 1. 0.]
 [0. 1. 0.]
 [0. 1. 0.]
 [0. 1. 0.]]
probabilities: [[0.37519488 0.3850889  0.23971625]
 [0.7087437  0.2668848  0.02437153]
 [0.31616917 0.6664401  0.01739071]
 [0.57906866 0.31763312 0.10329822]
 [0.7189299  0.1438103  0.13725984]]
probabilities: [[0.01394811 0.5172145  0.46883744]
 [0.7701166  0.00490356 0.22497982]
 [0.00266947 0.35587937 0.6414512 ]
 [0.5588147  0.23712847 0.20405681]
 [0.3579141  0.25106838 0.3910175 ]]
probabilities: [[0.0452491  0.08714617 0.86760473]
 [0.6342596  0.2204739  0.14526655]
 [0.10928221 0.12743022 0.76328754]
 [0.4144494  0.55919164 0.02635898]
 [0.03199436 0.81516945 0.1528362 ]]
probabilities: [[0. 0. 1.]
 [0. 1. 0.]
 [0. 1. 0.]
 [0. 0. 1.]
 [0. 0. 1.]]
probabilities: [[0.11403272 0.17078684 0.71518046]
 [0.5793496  0.3350134  0.08563703]
 [0.40589    0.40654042 0.1875696 ]
 [0.6888107  0.10116068 0.21002859]
 [0.0124946  0.40717557 0.58032984]]
probabilities: [[0.00271735 0.85613626 0.14114638]
 [0.0166237  0.55255014 0.43082616]
 [0.16126595 0.5550697  0.28366435]
 [0.7273642  0.23765507 0.03498074]
 [0.41569614 0.16013533 0.42416853]]
probabilities: [[0.17024729 0.09186068 0.73789203]
 [0.1694014  0.6961914  0.13440724]
 [0.18795022 0.7130485  0.09900123]
 [0.2298963  0.36015955 0.40994418]
 [0.0841709  0.5171598  0.3986693 ]]
probabilities: [[0. 0. 1.]
 [0. 1. 0.]
 [0. 0. 1.]
 [0. 0. 1.]
 [0. 0. 1.]]
probabilities: [[0.29673126 0.29798114 0.40528756]
 [0.4689125  0.30407655 0.22701095]
 [0.02022171 0.19883175 0.78094655]
 [0.17839734 0.19181944 0.6297832 ]
 [0.0360331  0.7275564  0.23641047]]
probabilities: [[0.06820666 0.15420061 0.7775927 ]
 [0.5845219  0.22833891 0.18713921]
 [0.47664863 0.43894282 0.08440855]
 [0.259748   0.0916353  0.6486167 ]
 [0.50366545 0.01148523 0.48484933]]
probabilities: [[0.29192024 0.18586263 0.5222171 ]
 [0.1344195  0.10316798 0.7624125 ]
 [0.5282903  0.02729149 0.44441825]
 [0.77733696 0.07297454 0.14968853]
 [0.75992364 0.01943519 0.22064115]]
probabilities: [[1. 0. 0.]
 [1. 0. 0.]
 [1. 0. 0.]
 [1. 0. 0.]
 [1. 0. 0.]]
probabilities: [[0.16240169 0.11299355 0.7246048 ]
 [0.26944706 0.6904733  0.04007962]
 [0.3327428  0.5785934  0.08866379]
 [0.5682928  0.16992612 0.2617811 ]
 [0.17780888 0.42899325 0.3931979 ]]
probabilities: [[0.692007   0.27298576 0.03500723]
 [0.54227084 0.3397805  0.11794864]
 [0.6471471  0.29207155 0.06078132]
 [0.08659454 0.28673667 0.62666875]
 [0.87347126 0.00538192 0.12114682]]
probabilities: [[0.36590838 0.3484886  0.28560302]
 [0.5101682  0.38307586 0.10675596]
 [0.6977761  0.20633815 0.09588573]
 [0.35233796 0.00444399 0.6432181 ]
 [0.3637575  0.10008231 0.53616023]]
probabilities: [[0. 1. 0.]
 [0. 1. 0.]
 [0. 1. 0.]
 [0. 1. 0.]
 [0. 1. 0.]]
probabilities: [[0.02981209 0.30424997 0.66593796]
 [0.30950904 0.29949614 0.39099482]
 [0.3147037  0.624151   0.06114531]
 [0.714665   0.23009753 0.05523749]
 [0.23431389 0.17766991 0.5880162 ]]
probabilities: [[0.12064631 0.75693536 0.12241835]
 [0.2643357  0.59080243 0.14486186]
 [0.14854859 0.81053483 0.0409166 ]
 [0.01008284 0.79929805 0.19061913]
 [0.39669237 0.5072084  0.09609923]]
probabilities: [[0.04618736 0.24311973 0.7106929 ]
 [0.860053   0.04182303 0.09812396]
 [0.09059276 0.5984669  0.31094033]
 [0.06141383 0.6683697  0.27021646]
 [0.55676454 0.19961907 0.24361642]]
probabilities: [[0. 0. 1.]
 [0. 1. 0.]
 [0. 0. 1.]
 [0. 0. 1.]
 [0. 0. 1.]]
probabilities: [[0.4886158  0.20230468 0.30907953]
 [0.48075834 0.18802702 0.33121464]
 [0.13432391 0.02000053 0.8456756 ]
 [0.832452   0.03189313 0.13565488]
 [0.53716105 0.20704637 0.25579256]]
probabilities: [[0.26919487 0.07058658 0.66021854]
 [0.17484452 0.4124867  0.41266876]
 [0.25832865 0.3667153  0.37495604]
 [0.6301404  0.04417801 0.3256816 ]
 [0.0783131  0.24375054 0.6779364 ]]
probabilities: [[0.4053     0.39616674 0.19853325]
 [0.00819086 0.08275583 0.9090533 ]
 [0.38856485 0.07544663 0.5359885 ]
 [0.21860306 0.65804684 0.12335009]
 [0.28324738 0.35566273 0.3610899 ]]
probabilities: [[0. 0. 1.]
 [0. 1. 0.]
 [0. 1. 0.]
 [0. 0. 1.]
 [0. 0. 1.]]
probabilities: [[0.2027822  0.31587017 0.48134765]
 [0.77603185 0.07090558 0.15306254]
 [0.5329259  0.12369291 0.34338117]
 [0.34744385 0.24373616 0.40881997]
 [0.6268027  0.32108584 0.05211147]]
probabilities: [[0.17089659 0.7851414  0.04396201]
 [0.27918133 0.018537   0.70228165]
 [0.6602249  0.3311844  0.00859074]
 [0.3873496  0.15864012 0.45401028]
 [0.04140169 0.85679543 0.10180288]]
probabilities: [[0.39563248 0.57787037 0.02649716]
 [0.61128986 0.1653135  0.22339661]
 [0.47510058 0.18117781 0.34372163]
 [0.3472824  0.01412979 0.6385878 ]
 [0.10544401 0.3441366  0.5504194 ]]
probabilities: [[0. 0. 1.]
 [0. 1. 0.]
 [0. 0. 1.]
 [0. 0. 1.]
 [0. 0. 1.]]
probabilities: [[0.5568481  0.4086013  0.03455054]
 [0.12866566 0.15041848 0.72091585]
 [0.4613569  0.5329886  0.00565449]
 [0.48698145 0.07906082 0.43395773]
 [0.50814056 0.20216535 0.28969407]]
probabilities: [[0.31703928 0.1045365  0.5784242 ]
 [0.02795423 0.5077117  0.46433404]
 [0.07996397 0.51927274 0.4007633 ]
 [0.8839008  0.09868275 0.01741645]
 [0.4169221  0.1255437  0.4575342 ]]
probabilities: [[0.15793146 0.69719017 0.14487836]
 [0.2674218  0.53972185 0.19285636]
 [0.6229313  0.26777518 0.10929351]
 [0.18850188 0.26224533 0.5492528 ]
 [0.44869673 0.02617505 0.52512825]]
probabilities: [[1. 0. 0.]
 [1. 0. 0.]
 [1. 0. 0.]
 [1. 0. 0.]
