probabilities: tensor([[0.2766, 0.4469, 0.2765],
        [0.0913, 0.4963, 0.4124],
        [0.4399, 0.2617, 0.2984],
        [0.3573, 0.4121, 0.2306],
        [0.1491, 0.2647, 0.5861]], device='cuda:0', grad_fn=<SoftmaxBackward0>)
probabilities: tensor([[0.2766, 0.4469, 0.2765],
        [0.0913, 0.4963, 0.4124],
        [0.4399, 0.2617, 0.2984],
        [0.3573, 0.4121, 0.2306],
        [0.1491, 0.2647, 0.5861]], device='cuda:0', grad_fn=<SoftmaxBackward0>)
probabilities: tensor([[0.2766, 0.4469, 0.2765],
        [0.0913, 0.4963, 0.4124],
        [0.4399, 0.2617, 0.2984],
        [0.3573, 0.4121, 0.2306],
        [0.1491, 0.2647, 0.5861]], device='cuda:0', grad_fn=<SoftmaxBackward0>)
probabilities: tensor([[0.2766, 0.4469, 0.2765],
        [0.0913, 0.4963, 0.4124],
        [0.4399, 0.2617, 0.2984],
        [0.3573, 0.4121, 0.2306],
        [0.1491, 0.2647, 0.5861]], device='cuda:0', grad_fn=<SoftmaxBackward0>)
probabilities: tensor([[0.2766, 0.4469, 0.2765],
        [0.0913, 0.4963, 0.4124],
        [0.4399, 0.2617, 0.2984],
        [0.3573, 0.4121, 0.2306],
        [0.1491, 0.2647, 0.5861]], device='cuda:0', grad_fn=<SoftmaxBackward0>)
probabilities: tensor([[0.2766, 0.4469, 0.2765],
        [0.0913, 0.4963, 0.4124],
        [0.4399, 0.2617, 0.2984],
        [0.3573, 0.4121, 0.2306],
        [0.1491, 0.2647, 0.5861]], device='cuda:0', grad_fn=<SoftmaxBackward0>)
probabilities: tensor([[0.2766, 0.4469, 0.2765],
        [0.0913, 0.4963, 0.4124],
        [0.4399, 0.2617, 0.2984],
        [0.3573, 0.4121, 0.2306],
        [0.1491, 0.2647, 0.5861]], device='cuda:0', grad_fn=<SoftmaxBackward0>)
probabilities: tensor([[0.2766, 0.4469, 0.2765],
        [0.0913, 0.4963, 0.4124],
        [0.4399, 0.2617, 0.2984],
        [0.3573, 0.4121, 0.2306],
        [0.1491, 0.2647, 0.5861]], device='cuda:0', grad_fn=<SoftmaxBackward0>)
probabilities: tensor([[0.2766, 0.4469, 0.2765],
        [0.0913, 0.4963, 0.4124],
        [0.4399, 0.2617, 0.2984],
        [0.3573, 0.4121, 0.2306],
        [0.1491, 0.2647, 0.5861]], device='cuda:0', grad_fn=<SoftmaxBackward0>)
probabilities: tensor([[0.2766, 0.4469, 0.2765],
        [0.0913, 0.4963, 0.4124],
        [0.4399, 0.2617, 0.2984],
        [0.3573, 0.4121, 0.2306],
        [0.1491, 0.2647, 0.5861]], device='cuda:0', grad_fn=<SoftmaxBackward0>)
probabilities: tensor([[0.2766, 0.4469, 0.2765],
        [0.0913, 0.4963, 0.4124],
        [0.4399, 0.2617, 0.2984],
        [0.3573, 0.4121, 0.2306],
        [0.1491, 0.2647, 0.5861]], device='cuda:0', grad_fn=<SoftmaxBackward0>)
probabilities: tensor([[0.2766, 0.4469, 0.2765],
        [0.0913, 0.4963, 0.4124],
        [0.4399, 0.2617, 0.2984],
        [0.3573, 0.4121, 0.2306],
        [0.1491, 0.2647, 0.5861]], device='cuda:0', grad_fn=<SoftmaxBackward0>)
probabilities: tensor([[0.2766, 0.4469, 0.2765],
        [0.0913, 0.4963, 0.4124],
        [0.4399, 0.2617, 0.2984],
        [0.3573, 0.4121, 0.2306],
        [0.1491, 0.2647, 0.5861]], device='cuda:0', grad_fn=<SoftmaxBackward0>)
probabilities: tensor([[0.2766, 0.4469, 0.2765],
        [0.0913, 0.4963, 0.4124],
        [0.4399, 0.2617, 0.2984],
        [0.3573, 0.4121, 0.2306],
        [0.1491, 0.2647, 0.5861]], device='cuda:0', grad_fn=<SoftmaxBackward0>)
probabilities: tensor([[0.2766, 0.4469, 0.2765],
        [0.0913, 0.4963, 0.4124],
        [0.4399, 0.2617, 0.2984],
        [0.3573, 0.4121, 0.2306],
        [0.1491, 0.2647, 0.5861]], device='cuda:0', grad_fn=<SoftmaxBackward0>)
probabilities: tensor([[0.2766, 0.4469, 0.2765],
        [0.0913, 0.4963, 0.4124],
        [0.4399, 0.2617, 0.2984],
        [0.3573, 0.4121, 0.2306],
        [0.1491, 0.2647, 0.5861]], device='cuda:0', grad_fn=<SoftmaxBackward0>)
probabilities: tensor([[0.2766, 0.4469, 0.2765],
        [0.0913, 0.4963, 0.4124],
        [0.4399, 0.2617, 0.2984],
        [0.3573, 0.4121, 0.2306],
        [0.1491, 0.2647, 0.5861]], device='cuda:0', grad_fn=<SoftmaxBackward0>)
probabilities: tensor([[0.2766, 0.4469, 0.2765],
        [0.0913, 0.4963, 0.4124],
        [0.4399, 0.2617, 0.2984],
        [0.3573, 0.4121, 0.2306],
        [0.1491, 0.2647, 0.5861]], device='cuda:0', grad_fn=<SoftmaxBackward0>)
probabilities: tensor([[0.2766, 0.4469, 0.2765],
        [0.0913, 0.4963, 0.4124],
        [0.4399, 0.2617, 0.2984],
        [0.3573, 0.4121, 0.2306],
        [0.1491, 0.2647, 0.5861]], device='cuda:0', grad_fn=<SoftmaxBackward0>)
probabilities: tensor([[0.2766, 0.4469, 0.2765],
        [0.0913, 0.4963, 0.4124],
        [0.4399, 0.2617, 0.2984],
        [0.3573, 0.4121, 0.2306],
        [0.1491, 0.2647, 0.5861]], device='cuda:0', grad_fn=<SoftmaxBackward0>)
probabilities: tensor([[0.2766, 0.4469, 0.2765],
        [0.0913, 0.4963, 0.4124],
        [0.4399, 0.2617, 0.2984],
        [0.3573, 0.4121, 0.2306],
        [0.1491, 0.2647, 0.5861]], device='cuda:0', grad_fn=<SoftmaxBackward0>)
probabilities: tensor([[0.2766, 0.4469, 0.2765],
        [0.0913, 0.4963, 0.4124],
        [0.4399, 0.2617, 0.2984],
        [0.3573, 0.4121, 0.2306],
        [0.1491, 0.2647, 0.5861]], device='cuda:0', grad_fn=<SoftmaxBackward0>)
probabilities: tensor([[0.2766, 0.4469, 0.2765],
        [0.0913, 0.4963, 0.4124],
        [0.4399, 0.2617, 0.2984],
        [0.3573, 0.4121, 0.2306],
        [0.1491, 0.2647, 0.5861]], device='cuda:0', grad_fn=<SoftmaxBackward0>)
probabilities: tensor([[0.2766, 0.4469, 0.2765],
        [0.0913, 0.4963, 0.4124],
        [0.4399, 0.2617, 0.2984],
        [0.3573, 0.4121, 0.2306],
        [0.1491, 0.2647, 0.5861]], device='cuda:0', grad_fn=<SoftmaxBackward0>)
probabilities: tensor([[0.2766, 0.4469, 0.2765],
        [0.0913, 0.4963, 0.4124],
        [0.4399, 0.2617, 0.2984],
        [0.3573, 0.4121, 0.2306],
        [0.1491, 0.2647, 0.5861]], device='cuda:0', grad_fn=<SoftmaxBackward0>)
probabilities: tensor([[0.2766, 0.4469, 0.2765],
        [0.0913, 0.4963, 0.4124],
        [0.4399, 0.2617, 0.2984],
        [0.3573, 0.4121, 0.2306],
        [0.1491, 0.2647, 0.5861]], device='cuda:0', grad_fn=<SoftmaxBackward0>)
probabilities: tensor([[0.2766, 0.4469, 0.2765],
        [0.0913, 0.4963, 0.4124],
        [0.4399, 0.2617, 0.2984],
        [0.3573, 0.4121, 0.2306],
        [0.1491, 0.2647, 0.5861]], device='cuda:0', grad_fn=<SoftmaxBackward0>)
probabilities: tensor([[0.2766, 0.4469, 0.2765],
        [0.0913, 0.4963, 0.4124],
        [0.4399, 0.2617, 0.2984],
        [0.3573, 0.4121, 0.2306],
        [0.1491, 0.2647, 0.5861]], device='cuda:0', grad_fn=<SoftmaxBackward0>)
probabilities: tensor([[0.2766, 0.4469, 0.2765],
        [0.0913, 0.4963, 0.4124],
        [0.4399, 0.2617, 0.2984],
        [0.3573, 0.4121, 0.2306],
        [0.1491, 0.2647, 0.5861]], device='cuda:0', grad_fn=<SoftmaxBackward0>)
probabilities: tensor([[0.2766, 0.4469, 0.2765],
        [0.0913, 0.4963, 0.4124],
        [0.4399, 0.2617, 0.2984],
        [0.3573, 0.4121, 0.2306],
        [0.1491, 0.2647, 0.5861]], device='cuda:0', grad_fn=<SoftmaxBackward0>)
probabilities: tensor([[0.2766, 0.4469, 0.2765],
        [0.0913, 0.4963, 0.4124],
        [0.4399, 0.2617, 0.2984],
        [0.3573, 0.4121, 0.2306],
        [0.1491, 0.2647, 0.5861]], device='cuda:0', grad_fn=<SoftmaxBackward0>)
probabilities: tensor([[0.2766, 0.4469, 0.2765],
        [0.0913, 0.4963, 0.4124],
        [0.4399, 0.2617, 0.2984],
        [0.3573, 0.4121, 0.2306],
        [0.1491, 0.2647, 0.5861]], device='cuda:0', grad_fn=<SoftmaxBackward0>)
probabilities: tensor([[0.2766, 0.4469, 0.2765],
        [0.0913, 0.4963, 0.4124],
        [0.4399, 0.2617, 0.2984],
        [0.3573, 0.4121, 0.2306],
        [0.1491, 0.2647, 0.5861]], device='cuda:0', grad_fn=<SoftmaxBackward0>)
probabilities: tensor([[0.2766, 0.4469, 0.2765],
        [0.0913, 0.4963, 0.4124],
        [0.4399, 0.2617, 0.2984],
        [0.3573, 0.4121, 0.2306],
        [0.1491, 0.2647, 0.5861]], device='cuda:0', grad_fn=<SoftmaxBackward0>)
probabilities: tensor([[0.2766, 0.4469, 0.2765],
        [0.0913, 0.4963, 0.4124],
        [0.4399, 0.2617, 0.2984],
        [0.3573, 0.4121, 0.2306],
        [0.1491, 0.2647, 0.5861]], device='cuda:0', grad_fn=<SoftmaxBackward0>)
probabilities: tensor([[0.2766, 0.4469, 0.2765],
        [0.0913, 0.4963, 0.4124],
        [0.4399, 0.2617, 0.2984],
        [0.3573, 0.4121, 0.2306],
        [0.1491, 0.2647, 0.5861]], device='cuda:0', grad_fn=<SoftmaxBackward0>)
probabilities: tensor([[0.2766, 0.4469, 0.2765],
        [0.0913, 0.4963, 0.4124],
        [0.4399, 0.2617, 0.2984],
        [0.3573, 0.4121, 0.2306],
        [0.1491, 0.2647, 0.5861]], device='cuda:0', grad_fn=<SoftmaxBackward0>)
probabilities: tensor([[0.2766, 0.4469, 0.2765],
        [0.0913, 0.4963, 0.4124],
        [0.4399, 0.2617, 0.2984],
        [0.3573, 0.4121, 0.2306],
        [0.1491, 0.2647, 0.5861]], device='cuda:0', grad_fn=<SoftmaxBackward0>)
probabilities: tensor([[0.2766, 0.4469, 0.2765],
        [0.0913, 0.4963, 0.4124],
        [0.4399, 0.2617, 0.2984],
        [0.3573, 0.4121, 0.2306],
        [0.1491, 0.2647, 0.5861]], device='cuda:0', grad_fn=<SoftmaxBackward0>)
probabilities: tensor([[0.2766, 0.4469, 0.2765],
        [0.0913, 0.4963, 0.4124],
        [0.4399, 0.2617, 0.2984],
        [0.3573, 0.4121, 0.2306],
        [0.1491, 0.2647, 0.5861]], device='cuda:0', grad_fn=<SoftmaxBackward0>)
probabilities: tensor([[0.2766, 0.4469, 0.2765],
        [0.0913, 0.4963, 0.4124],
        [0.4399, 0.2617, 0.2984],
        [0.3573, 0.4121, 0.2306],
        [0.1491, 0.2647, 0.5861]], device='cuda:0', grad_fn=<SoftmaxBackward0>)
probabilities: tensor([[0.2766, 0.4469, 0.2765],
        [0.0913, 0.4963, 0.4124],
        [0.4399, 0.2617, 0.2984],
        [0.3573, 0.4121, 0.2306],
        [0.1491, 0.2647, 0.5861]], device='cuda:0', grad_fn=<SoftmaxBackward0>)
probabilities: tensor([[0.2766, 0.4469, 0.2765],
        [0.0913, 0.4963, 0.4124],
        [0.4399, 0.2617, 0.2984],
        [0.3573, 0.4121, 0.2306],
        [0.1491, 0.2647, 0.5861]], device='cuda:0', grad_fn=<SoftmaxBackward0>)
probabilities: tensor([[0.2766, 0.4469, 0.2765],
        [0.0913, 0.4963, 0.4124],
        [0.4399, 0.2617, 0.2984],
        [0.3573, 0.4121, 0.2306],
        [0.1491, 0.2647, 0.5861]], device='cuda:0', grad_fn=<SoftmaxBackward0>)
probabilities: tensor([[0.2766, 0.4469, 0.2765],
        [0.0913, 0.4963, 0.4124],
        [0.4399, 0.2617, 0.2984],
        [0.3573, 0.4121, 0.2306],
        [0.1491, 0.2647, 0.5861]], device='cuda:0', grad_fn=<SoftmaxBackward0>)
probabilities: tensor([[0.2766, 0.4469, 0.2765],
        [0.0913, 0.4963, 0.4124],
        [0.4399, 0.2617, 0.2984],
        [0.3573, 0.4121, 0.2306],
        [0.1491, 0.2647, 0.5861]], device='cuda:0', grad_fn=<SoftmaxBackward0>)
probabilities: tensor([[0.2766, 0.4469, 0.2765],
        [0.0913, 0.4963, 0.4124],
        [0.4399, 0.2617, 0.2984],
        [0.3573, 0.4121, 0.2306],
        [0.1491, 0.2647, 0.5861]], device='cuda:0', grad_fn=<SoftmaxBackward0>)
probabilities: tensor([[0.2766, 0.4469, 0.2765],
        [0.0913, 0.4963, 0.4124],
        [0.4399, 0.2617, 0.2984],
        [0.3573, 0.4121, 0.2306],
        [0.1491, 0.2647, 0.5861]], device='cuda:0', grad_fn=<SoftmaxBackward0>)
probabilities: tensor([[0.2766, 0.4469, 0.2765],
        [0.0913, 0.4963, 0.4124],
        [0.4399, 0.2617, 0.2984],
        [0.3573, 0.4121, 0.2306],
        [0.1491, 0.2647, 0.5861]], device='cuda:0', grad_fn=<SoftmaxBackward0>)
probabilities: tensor([[0.2766, 0.4469, 0.2765],
        [0.0913, 0.4963, 0.4124],
        [0.4399, 0.2617, 0.2984],
        [0.3573, 0.4121, 0.2306],
        [0.1491, 0.2647, 0.5861]], device='cuda:0', grad_fn=<SoftmaxBackward0>)
probabilities: tensor([[0.2766, 0.4469, 0.2765],
        [0.0913, 0.4963, 0.4124],
        [0.4399, 0.2617, 0.2984],
        [0.3573, 0.4121, 0.2306],
        [0.1491, 0.2647, 0.5861]], device='cuda:0', grad_fn=<SoftmaxBackward0>)
probabilities: tensor([[0.2766, 0.4469, 0.2765],
        [0.0913, 0.4963, 0.4124],
        [0.4399, 0.2617, 0.2984],
        [0.3573, 0.4121, 0.2306],
        [0.1491, 0.2647, 0.5861]], device='cuda:0', grad_fn=<SoftmaxBackward0>)
probabilities: tensor([[0.2766, 0.4469, 0.2765],
        [0.0913, 0.4963, 0.4124],
        [0.4399, 0.2617, 0.2984],
        [0.3573, 0.4121, 0.2306],
        [0.1491, 0.2647, 0.5861]], device='cuda:0', grad_fn=<SoftmaxBackward0>)
probabilities: tensor([[0.2766, 0.4469, 0.2765],
        [0.0913, 0.4963, 0.4124],
        [0.4399, 0.2617, 0.2984],
        [0.3573, 0.4121, 0.2306],
        [0.1491, 0.2647, 0.5861]], device='cuda:0', grad_fn=<SoftmaxBackward0>)
probabilities: tensor([[0.2766, 0.4469, 0.2765],
        [0.0913, 0.4963, 0.4124],
        [0.4399, 0.2617, 0.2984],
        [0.3573, 0.4121, 0.2306],
        [0.1491, 0.2647, 0.5861]], device='cuda:0', grad_fn=<SoftmaxBackward0>)
probabilities: tensor([[0.2766, 0.4469, 0.2765],
        [0.0913, 0.4963, 0.4124],
        [0.4399, 0.2617, 0.2984],
        [0.3573, 0.4121, 0.2306],
        [0.1491, 0.2647, 0.5861]], device='cuda:0', grad_fn=<SoftmaxBackward0>)
probabilities: tensor([[0.2766, 0.4469, 0.2765],
        [0.0913, 0.4963, 0.4124],
        [0.4399, 0.2617, 0.2984],
        [0.3573, 0.4121, 0.2306],
        [0.1491, 0.2647, 0.5861]], device='cuda:0', grad_fn=<SoftmaxBackward0>)
probabilities: tensor([[0.2766, 0.4469, 0.2765],
        [0.0913, 0.4963, 0.4124],
        [0.4399, 0.2617, 0.2984],
        [0.3573, 0.4121, 0.2306],
        [0.1491, 0.2647, 0.5861]], device='cuda:0', grad_fn=<SoftmaxBackward0>)
probabilities: tensor([[0.2766, 0.4469, 0.2765],
        [0.0913, 0.4963, 0.4124],
        [0.4399, 0.2617, 0.2984],
        [0.3573, 0.4121, 0.2306],
        [0.1491, 0.2647, 0.5861]], device='cuda:0', grad_fn=<SoftmaxBackward0>)
probabilities: tensor([[0.2766, 0.4469, 0.2765],
        [0.0913, 0.4963, 0.4124],
        [0.4399, 0.2617, 0.2984],
        [0.3573, 0.4121, 0.2306],
        [0.1491, 0.2647, 0.5861]], device='cuda:0', grad_fn=<SoftmaxBackward0>)
probabilities: tensor([[0.2766, 0.4469, 0.2765],
        [0.0913, 0.4963, 0.4124],
        [0.4399, 0.2617, 0.2984],
        [0.3573, 0.4121, 0.2306],
        [0.1491, 0.2647, 0.5861]], device='cuda:0', grad_fn=<SoftmaxBackward0>)
probabilities: tensor([[0.2766, 0.4469, 0.2765],
        [0.0913, 0.4963, 0.4124],
        [0.4399, 0.2617, 0.2984],
        [0.3573, 0.4121, 0.2306],
        [0.1491, 0.2647, 0.5861]], device='cuda:0', grad_fn=<SoftmaxBackward0>)
probabilities: tensor([[0.2766, 0.4469, 0.2765],
        [0.0913, 0.4963, 0.4124],
        [0.4399, 0.2617, 0.2984],
        [0.3573, 0.4121, 0.2306],
        [0.1491, 0.2647, 0.5861]], device='cuda:0', grad_fn=<SoftmaxBackward0>)
probabilities: tensor([[0.2766, 0.4469, 0.2765],
        [0.0913, 0.4963, 0.4124],
        [0.4399, 0.2617, 0.2984],
        [0.3573, 0.4121, 0.2306],
        [0.1491, 0.2647, 0.5861]], device='cuda:0', grad_fn=<SoftmaxBackward0>)
probabilities: tensor([[0.2766, 0.4469, 0.2765],
        [0.0913, 0.4963, 0.4124],
        [0.4399, 0.2617, 0.2984],
        [0.3573, 0.4121, 0.2306],
        [0.1491, 0.2647, 0.5861]], device='cuda:0', grad_fn=<SoftmaxBackward0>)
probabilities: tensor([[0.2766, 0.4469, 0.2765],
        [0.0913, 0.4963, 0.4124],
        [0.4399, 0.2617, 0.2984],
        [0.3573, 0.4121, 0.2306],
        [0.1491, 0.2647, 0.5861]], device='cuda:0', grad_fn=<SoftmaxBackward0>)
probabilities: tensor([[0.2766, 0.4469, 0.2765],
        [0.0913, 0.4963, 0.4124],
        [0.4399, 0.2617, 0.2984],
        [0.3573, 0.4121, 0.2306],
        [0.1491, 0.2647, 0.5861]], device='cuda:0', grad_fn=<SoftmaxBackward0>)
probabilities: tensor([[0.2766, 0.4469, 0.2765],
        [0.0913, 0.4963, 0.4124],
        [0.4399, 0.2617, 0.2984],
        [0.3573, 0.4121, 0.2306],
        [0.1491, 0.2647, 0.5861]], device='cuda:0', grad_fn=<SoftmaxBackward0>)
probabilities: tensor([[0.2766, 0.4469, 0.2765],
        [0.0913, 0.4963, 0.4124],
        [0.4399, 0.2617, 0.2984],
        [0.3573, 0.4121, 0.2306],
        [0.1491, 0.2647, 0.5861]], device='cuda:0', grad_fn=<SoftmaxBackward0>)
probabilities: tensor([[0.2766, 0.4469, 0.2765],
        [0.0913, 0.4963, 0.4124],
        [0.4399, 0.2617, 0.2984],
        [0.3573, 0.4121, 0.2306],
        [0.1491, 0.2647, 0.5861]], device='cuda:0', grad_fn=<SoftmaxBackward0>)
probabilities: tensor([[0.2766, 0.4469, 0.2765],
        [0.0913, 0.4963, 0.4124],
        [0.4399, 0.2617, 0.2984],
        [0.3573, 0.4121, 0.2306],
        [0.1491, 0.2647, 0.5861]], device='cuda:0', grad_fn=<SoftmaxBackward0>)
probabilities: tensor([[0.2766, 0.4469, 0.2765],
        [0.0913, 0.4963, 0.4124],
        [0.4399, 0.2617, 0.2984],
        [0.3573, 0.4121, 0.2306],
        [0.1491, 0.2647, 0.5861]], device='cuda:0', grad_fn=<SoftmaxBackward0>)
probabilities: tensor([[0.2766, 0.4469, 0.2765],
        [0.0913, 0.4963, 0.4124],
        [0.4399, 0.2617, 0.2984],
        [0.3573, 0.4121, 0.2306],
        [0.1491, 0.2647, 0.5861]], device='cuda:0', grad_fn=<SoftmaxBackward0>)
probabilities: tensor([[0.2766, 0.4469, 0.2765],
        [0.0913, 0.4963, 0.4124],
        [0.4399, 0.2617, 0.2984],
        [0.3573, 0.4121, 0.2306],
        [0.1491, 0.2647, 0.5861]], device='cuda:0', grad_fn=<SoftmaxBackward0>)
probabilities: tensor([[0.2766, 0.4469, 0.2765],
        [0.0913, 0.4963, 0.4124],
        [0.4399, 0.2617, 0.2984],
        [0.3573, 0.4121, 0.2306],
        [0.1491, 0.2647, 0.5861]], device='cuda:0', grad_fn=<SoftmaxBackward0>)
probabilities: tensor([[0.2766, 0.4469, 0.2765],
        [0.0913, 0.4963, 0.4124],
        [0.4399, 0.2617, 0.2984],
        [0.3573, 0.4121, 0.2306],
        [0.1491, 0.2647, 0.5861]], device='cuda:0', grad_fn=<SoftmaxBackward0>)
probabilities: tensor([[0.2766, 0.4469, 0.2765],
        [0.0913, 0.4963, 0.4124],
        [0.4399, 0.2617, 0.2984],
        [0.3573, 0.4121, 0.2306],
        [0.1491, 0.2647, 0.5861]], device='cuda:0', grad_fn=<SoftmaxBackward0>)
probabilities: tensor([[0.2766, 0.4469, 0.2765],
        [0.0913, 0.4963, 0.4124],
        [0.4399, 0.2617, 0.2984],
        [0.3573, 0.4121, 0.2306],
        [0.1491, 0.2647, 0.5861]], device='cuda:0', grad_fn=<SoftmaxBackward0>)
probabilities: tensor([[0.2766, 0.4469, 0.2765],
        [0.0913, 0.4963, 0.4124],
        [0.4399, 0.2617, 0.2984],
        [0.3573, 0.4121, 0.2306],
        [0.1491, 0.2647, 0.5861]], device='cuda:0', grad_fn=<SoftmaxBackward0>)
probabilities: tensor([[0.2766, 0.4469, 0.2765],
        [0.0913, 0.4963, 0.4124],
        [0.4399, 0.2617, 0.2984],
        [0.3573, 0.4121, 0.2306],
        [0.1491, 0.2647, 0.5861]], device='cuda:0', grad_fn=<SoftmaxBackward0>)
probabilities: tensor([[0.2766, 0.4469, 0.2765],
        [0.0913, 0.4963, 0.4124],
        [0.4399, 0.2617, 0.2984],
        [0.3573, 0.4121, 0.2306],
        [0.1491, 0.2647, 0.5861]], device='cuda:0', grad_fn=<SoftmaxBackward0>)
probabilities: tensor([[0.2766, 0.4469, 0.2765],
        [0.0913, 0.4963, 0.4124],
        [0.4399, 0.2617, 0.2984],
        [0.3573, 0.4121, 0.2306],
        [0.1491, 0.2647, 0.5861]], device='cuda:0', grad_fn=<SoftmaxBackward0>)
probabilities: tensor([[0.2766, 0.4469, 0.2765],
        [0.0913, 0.4963, 0.4124],
        [0.4399, 0.2617, 0.2984],
        [0.3573, 0.4121, 0.2306],
        [0.1491, 0.2647, 0.5861]], device='cuda:0', grad_fn=<SoftmaxBackward0>)
probabilities: tensor([[0.2766, 0.4469, 0.2765],
        [0.0913, 0.4963, 0.4124],
        [0.4399, 0.2617, 0.2984],
        [0.3573, 0.4121, 0.2306],
        [0.1491, 0.2647, 0.5861]], device='cuda:0', grad_fn=<SoftmaxBackward0>)
probabilities: tensor([[0.2766, 0.4469, 0.2765],
        [0.0913, 0.4963, 0.4124],
        [0.4399, 0.2617, 0.2984],
        [0.3573, 0.4121, 0.2306],
        [0.1491, 0.2647, 0.5861]], device='cuda:0', grad_fn=<SoftmaxBackward0>)
probabilities: tensor([[0.2766, 0.4469, 0.2765],
        [0.0913, 0.4963, 0.4124],
        [0.4399, 0.2617, 0.2984],
        [0.3573, 0.4121, 0.2306],
        [0.1491, 0.2647, 0.5861]], device='cuda:0', grad_fn=<SoftmaxBackward0>)
probabilities: tensor([[0.2766, 0.4469, 0.2765],
        [0.0913, 0.4963, 0.4124],
        [0.4399, 0.2617, 0.2984],
        [0.3573, 0.4121, 0.2306],
        [0.1491, 0.2647, 0.5861]], device='cuda:0', grad_fn=<SoftmaxBackward0>)
probabilities: tensor([[0.2766, 0.4469, 0.2765],
        [0.0913, 0.4963, 0.4124],
        [0.4399, 0.2617, 0.2984],
        [0.3573, 0.4121, 0.2306],
        [0.1491, 0.2647, 0.5861]], device='cuda:0', grad_fn=<SoftmaxBackward0>)
probabilities: tensor([[0.2766, 0.4469, 0.2765],
        [0.0913, 0.4963, 0.4124],
        [0.4399, 0.2617, 0.2984],
        [0.3573, 0.4121, 0.2306],
        [0.1491, 0.2647, 0.5861]], device='cuda:0', grad_fn=<SoftmaxBackward0>)
probabilities: tensor([[0.2766, 0.4469, 0.2765],
        [0.0913, 0.4963, 0.4124],
        [0.4399, 0.2617, 0.2984],
        [0.3573, 0.4121, 0.2306],
        [0.1491, 0.2647, 0.5861]], device='cuda:0', grad_fn=<SoftmaxBackward0>)
probabilities: tensor([[0.2766, 0.4469, 0.2765],
        [0.0913, 0.4963, 0.4124],
        [0.4399, 0.2617, 0.2984],
        [0.3573, 0.4121, 0.2306],
        [0.1491, 0.2647, 0.5861]], device='cuda:0', grad_fn=<SoftmaxBackward0>)
probabilities: tensor([[0.2766, 0.4469, 0.2765],
        [0.0913, 0.4963, 0.4124],
        [0.4399, 0.2617, 0.2984],
        [0.3573, 0.4121, 0.2306],
        [0.1491, 0.2647, 0.5861]], device='cuda:0', grad_fn=<SoftmaxBackward0>)
probabilities: tensor([[0.2766, 0.4469, 0.2765],
        [0.0913, 0.4963, 0.4124],
        [0.4399, 0.2617, 0.2984],
        [0.3573, 0.4121, 0.2306],
        [0.1491, 0.2647, 0.5861]], device='cuda:0', grad_fn=<SoftmaxBackward0>)
probabilities: tensor([[0.2766, 0.4469, 0.2765],
        [0.0913, 0.4963, 0.4124],
        [0.4399, 0.2617, 0.2984],
        [0.3573, 0.4121, 0.2306],
        [0.1491, 0.2647, 0.5861]], device='cuda:0', grad_fn=<SoftmaxBackward0>)
probabilities: tensor([[0.2766, 0.4469, 0.2765],
        [0.0913, 0.4963, 0.4124],
        [0.4399, 0.2617, 0.2984],
        [0.3573, 0.4121, 0.2306],
        [0.1491, 0.2647, 0.5861]], device='cuda:0', grad_fn=<SoftmaxBackward0>)
probabilities: tensor([[0.2766, 0.4469, 0.2765],
        [0.0913, 0.4963, 0.4124],
        [0.4399, 0.2617, 0.2984],
        [0.3573, 0.4121, 0.2306],
        [0.1491, 0.2647, 0.5861]], device='cuda:0', grad_fn=<SoftmaxBackward0>)
probabilities: tensor([[0.2766, 0.4469, 0.2765],
        [0.0913, 0.4963, 0.4124],
        [0.4399, 0.2617, 0.2984],
        [0.3573, 0.4121, 0.2306],
        [0.1491, 0.2647, 0.5861]], device='cuda:0', grad_fn=<SoftmaxBackward0>)
probabilities: tensor([[0.2766, 0.4469, 0.2765],
        [0.0913, 0.4963, 0.4124],
        [0.4399, 0.2617, 0.2984],
        [0.3573, 0.4121, 0.2306],
        [0.1491, 0.2647, 0.5861]], device='cuda:0', grad_fn=<SoftmaxBackward0>)
probabilities: tensor([[0.2766, 0.4469, 0.2765],
        [0.0913, 0.4963, 0.4124],
        [0.4399, 0.2617, 0.2984],
        [0.3573, 0.4121, 0.2306],
        [0.1491, 0.2647, 0.5861]], device='cuda:0', grad_fn=<SoftmaxBackward0>)
probabilities: tensor([[0.2766, 0.4469, 0.2765],
        [0.0913, 0.4963, 0.4124],
        [0.4399, 0.2617, 0.2984],
        [0.3573, 0.4121, 0.2306],
        [0.1491, 0.2647, 0.5861]], device='cuda:0', grad_fn=<SoftmaxBackward0>)
probabilities: tensor([[0.2766, 0.4469, 0.2765],
        [0.0913, 0.4963, 0.4124],
        [0.4399, 0.2617, 0.2984],
        [0.3573, 0.4121, 0.2306],
        [0.1491, 0.2647, 0.5861]], device='cuda:0', grad_fn=<SoftmaxBackward0>)
probabilities: tensor([[0.2766, 0.4469, 0.2765],
        [0.0913, 0.4963, 0.4124],
        [0.4399, 0.2617, 0.2984],
        [0.3573, 0.4121, 0.2306],
        [0.1491, 0.2647, 0.5861]], device='cuda:0', grad_fn=<SoftmaxBackward0>)
probabilities: tensor([[0.2766, 0.4469, 0.2765],
        [0.0913, 0.4963, 0.4124],
        [0.4399, 0.2617, 0.2984],
        [0.3573, 0.4121, 0.2306],
        [0.1491, 0.2647, 0.5861]], device='cuda:0', grad_fn=<SoftmaxBackward0>)
probabilities: tensor([[0.2766, 0.4469, 0.2765],
        [0.0913, 0.4963, 0.4124],
        [0.4399, 0.2617, 0.2984],
        [0.3573, 0.4121, 0.2306],
        [0.1491, 0.2647, 0.5861]], device='cuda:0', grad_fn=<SoftmaxBackward0>)
probabilities: tensor([[0.2766, 0.4469, 0.2765],
        [0.0913, 0.4963, 0.4124],
        [0.4399, 0.2617, 0.2984],
        [0.3573, 0.4121, 0.2306],
        [0.1491, 0.2647, 0.5861]], device='cuda:0', grad_fn=<SoftmaxBackward0>)
probabilities: tensor([[0.2766, 0.4469, 0.2765],
        [0.0913, 0.4963, 0.4124],
        [0.4399, 0.2617, 0.2984],
        [0.3573, 0.4121, 0.2306],
        [0.1491, 0.2647, 0.5861]], device='cuda:0', grad_fn=<SoftmaxBackward0>)
probabilities: tensor([[0.2766, 0.4469, 0.2765],
        [0.0913, 0.4963, 0.4124],
        [0.4399, 0.2617, 0.2984],
        [0.3573, 0.4121, 0.2306],
        [0.1491, 0.2647, 0.5861]], device='cuda:0', grad_fn=<SoftmaxBackward0>)
probabilities: tensor([[0.2766, 0.4469, 0.2765],
        [0.0913, 0.4963, 0.4124],
        [0.4399, 0.2617, 0.2984],
        [0.3573, 0.4121, 0.2306],
        [0.1491, 0.2647, 0.5861]], device='cuda:0', grad_fn=<SoftmaxBackward0>)
probabilities: tensor([[0.2766, 0.4469, 0.2765],
        [0.0913, 0.4963, 0.4124],
        [0.4399, 0.2617, 0.2984],
        [0.3573, 0.4121, 0.2306],
        [0.1491, 0.2647, 0.5861]], device='cuda:0', grad_fn=<SoftmaxBackward0>)
probabilities: tensor([[0.2766, 0.4469, 0.2765],
        [0.0913, 0.4963, 0.4124],
        [0.4399, 0.2617, 0.2984],
        [0.3573, 0.4121, 0.2306],
        [0.1491, 0.2647, 0.5861]], device='cuda:0', grad_fn=<SoftmaxBackward0>)
probabilities: tensor([[0.2766, 0.4469, 0.2765],
        [0.0913, 0.4963, 0.4124],
        [0.4399, 0.2617, 0.2984],
        [0.3573, 0.4121, 0.2306],
        [0.1491, 0.2647, 0.5861]], device='cuda:0', grad_fn=<SoftmaxBackward0>)
probabilities: tensor([[0.2766, 0.4469, 0.2765],
        [0.0913, 0.4963, 0.4124],
        [0.4399, 0.2617, 0.2984],
        [0.3573, 0.4121, 0.2306],
        [0.1491, 0.2647, 0.5861]], device='cuda:0', grad_fn=<SoftmaxBackward0>)
probabilities: tensor([[0.2766, 0.4469, 0.2765],
        [0.0913, 0.4963, 0.4124],
        [0.4399, 0.2617, 0.2984],
        [0.3573, 0.4121, 0.2306],
        [0.1491, 0.2647, 0.5861]], device='cuda:0', grad_fn=<SoftmaxBackward0>)
probabilities: tensor([[0.2766, 0.4469, 0.2765],
        [0.0913, 0.4963, 0.4124],
        [0.4399, 0.2617, 0.2984],
        [0.3573, 0.4121, 0.2306],
        [0.1491, 0.2647, 0.5861]], device='cuda:0', grad_fn=<SoftmaxBackward0>)
probabilities: tensor([[0.2766, 0.4469, 0.2765],
        [0.0913, 0.4963, 0.4124],
        [0.4399, 0.2617, 0.2984],
        [0.3573, 0.4121, 0.2306],
        [0.1491, 0.2647, 0.5861]], device='cuda:0', grad_fn=<SoftmaxBackward0>)
probabilities: tensor([[0.2766, 0.4469, 0.2765],
        [0.0913, 0.4963, 0.4124],
        [0.4399, 0.2617, 0.2984],
        [0.3573, 0.4121, 0.2306],
        [0.1491, 0.2647, 0.5861]], device='cuda:0', grad_fn=<SoftmaxBackward0>)
probabilities: tensor([[0.2766, 0.4469, 0.2765],
        [0.0913, 0.4963, 0.4124],
        [0.4399, 0.2617, 0.2984],
        [0.3573, 0.4121, 0.2306],
        [0.1491, 0.2647, 0.5861]], device='cuda:0', grad_fn=<SoftmaxBackward0>)
probabilities: tensor([[0.2766, 0.4469, 0.2765],
        [0.0913, 0.4963, 0.4124],
        [0.4399, 0.2617, 0.2984],
        [0.3573, 0.4121, 0.2306],
        [0.1491, 0.2647, 0.5861]], device='cuda:0', grad_fn=<SoftmaxBackward0>)
probabilities: tensor([[0.2766, 0.4469, 0.2765],
        [0.0913, 0.4963, 0.4124],
        [0.4399, 0.2617, 0.2984],
        [0.3573, 0.4121, 0.2306],
        [0.1491, 0.2647, 0.5861]], device='cuda:0', grad_fn=<SoftmaxBackward0>)
probabilities: tensor([[0.2766, 0.4469, 0.2765],
        [0.0913, 0.4963, 0.4124],
        [0.4399, 0.2617, 0.2984],
        [0.3573, 0.4121, 0.2306],
        [0.1491, 0.2647, 0.5861]], device='cuda:0', grad_fn=<SoftmaxBackward0>)
probabilities: tensor([[0.2766, 0.4469, 0.2765],
        [0.0913, 0.4963, 0.4124],
        [0.4399, 0.2617, 0.2984],
        [0.3573, 0.4121, 0.2306],
        [0.1491, 0.2647, 0.5861]], device='cuda:0', grad_fn=<SoftmaxBackward0>)
probabilities: tensor([[0.2766, 0.4469, 0.2765],
        [0.0913, 0.4963, 0.4124],
        [0.4399, 0.2617, 0.2984],
        [0.3573, 0.4121, 0.2306],
        [0.1491, 0.2647, 0.5861]], device='cuda:0', grad_fn=<SoftmaxBackward0>)
probabilities: tensor([[0.2766, 0.4469, 0.2765],
        [0.0913, 0.4963, 0.4124],
        [0.4399, 0.2617, 0.2984],
        [0.3573, 0.4121, 0.2306],
        [0.1491, 0.2647, 0.5861]], device='cuda:0', grad_fn=<SoftmaxBackward0>)
probabilities: tensor([[0.2766, 0.4469, 0.2765],
        [0.0913, 0.4963, 0.4124],
        [0.4399, 0.2617, 0.2984],
        [0.3573, 0.4121, 0.2306],
        [0.1491, 0.2647, 0.5861]], device='cuda:0', grad_fn=<SoftmaxBackward0>)
probabilities: tensor([[0.2766, 0.4469, 0.2765],
        [0.0913, 0.4963, 0.4124],
        [0.4399, 0.2617, 0.2984],
        [0.3573, 0.4121, 0.2306],
        [0.1491, 0.2647, 0.5861]], device='cuda:0', grad_fn=<SoftmaxBackward0>)
probabilities: tensor([[0.2766, 0.4469, 0.2765],
        [0.0913, 0.4963, 0.4124],
        [0.4399, 0.2617, 0.2984],
        [0.3573, 0.4121, 0.2306],
        [0.1491, 0.2647, 0.5861]], device='cuda:0', grad_fn=<SoftmaxBackward0>)
probabilities: tensor([[0.2766, 0.4469, 0.2765],
        [0.0913, 0.4963, 0.4124],
        [0.4399, 0.2617, 0.2984],
        [0.3573, 0.4121, 0.2306],
        [0.1491, 0.2647, 0.5861]], device='cuda:0', grad_fn=<SoftmaxBackward0>)
probabilities: tensor([[0.2766, 0.4469, 0.2765],
        [0.0913, 0.4963, 0.4124],
        [0.4399, 0.2617, 0.2984],
        [0.3573, 0.4121, 0.2306],
        [0.1491, 0.2647, 0.5861]], device='cuda:0', grad_fn=<SoftmaxBackward0>)
probabilities: tensor([[0.2766, 0.4469, 0.2765],
        [0.0913, 0.4963, 0.4124],
        [0.4399, 0.2617, 0.2984],
        [0.3573, 0.4121, 0.2306],
        [0.1491, 0.2647, 0.5861]], device='cuda:0', grad_fn=<SoftmaxBackward0>)
probabilities: tensor([[0.2766, 0.4469, 0.2765],
        [0.0913, 0.4963, 0.4124],
        [0.4399, 0.2617, 0.2984],
        [0.3573, 0.4121, 0.2306],
        [0.1491, 0.2647, 0.5861]], device='cuda:0', grad_fn=<SoftmaxBackward0>)
probabilities: tensor([[0.2766, 0.4469, 0.2765],
        [0.0913, 0.4963, 0.4124],
        [0.4399, 0.2617, 0.2984],
        [0.3573, 0.4121, 0.2306],
        [0.1491, 0.2647, 0.5861]], device='cuda:0', grad_fn=<SoftmaxBackward0>)
probabilities: tensor([[0.2766, 0.4469, 0.2765],
        [0.0913, 0.4963, 0.4124],
        [0.4399, 0.2617, 0.2984],
        [0.3573, 0.4121, 0.2306],
        [0.1491, 0.2647, 0.5861]], device='cuda:0', grad_fn=<SoftmaxBackward0>)
probabilities: tensor([[0.2766, 0.4469, 0.2765],
        [0.0913, 0.4963, 0.4124],
        [0.4399, 0.2617, 0.2984],
        [0.3573, 0.4121, 0.2306],
        [0.1491, 0.2647, 0.5861]], device='cuda:0', grad_fn=<SoftmaxBackward0>)
probabilities: tensor([[0.2766, 0.4469, 0.2765],
        [0.0913, 0.4963, 0.4124],
        [0.4399, 0.2617, 0.2984],
        [0.3573, 0.4121, 0.2306],
        [0.1491, 0.2647, 0.5861]], device='cuda:0', grad_fn=<SoftmaxBackward0>)
probabilities: tensor([[0.2766, 0.4469, 0.2765],
        [0.0913, 0.4963, 0.4124],
        [0.4399, 0.2617, 0.2984],
        [0.3573, 0.4121, 0.2306],
        [0.1491, 0.2647, 0.5861]], device='cuda:0', grad_fn=<SoftmaxBackward0>)
probabilities: tensor([[0.2766, 0.4469, 0.2765],
        [0.0913, 0.4963, 0.4124],
        [0.4399, 0.2617, 0.2984],
        [0.3573, 0.4121, 0.2306],
        [0.1491, 0.2647, 0.5861]], device='cuda:0', grad_fn=<SoftmaxBackward0>)
probabilities: tensor([[0.2766, 0.4469, 0.2765],
        [0.0913, 0.4963, 0.4124],
        [0.4399, 0.2617, 0.2984],
        [0.3573, 0.4121, 0.2306],
        [0.1491, 0.2647, 0.5861]], device='cuda:0', grad_fn=<SoftmaxBackward0>)
probabilities: tensor([[0.2766, 0.4469, 0.2765],
        [0.0913, 0.4963, 0.4124],
        [0.4399, 0.2617, 0.2984],
        [0.3573, 0.4121, 0.2306],
        [0.1491, 0.2647, 0.5861]], device='cuda:0', grad_fn=<SoftmaxBackward0>)
probabilities: tensor([[0.2766, 0.4469, 0.2765],
        [0.0913, 0.4963, 0.4124],
        [0.4399, 0.2617, 0.2984],
        [0.3573, 0.4121, 0.2306],
        [0.1491, 0.2647, 0.5861]], device='cuda:0', grad_fn=<SoftmaxBackward0>)
probabilities: tensor([[0.2766, 0.4469, 0.2765],
        [0.0913, 0.4963, 0.4124],
        [0.4399, 0.2617, 0.2984],
        [0.3573, 0.4121, 0.2306],
        [0.1491, 0.2647, 0.5861]], device='cuda:0', grad_fn=<SoftmaxBackward0>)
probabilities: tensor([[0.2766, 0.4469, 0.2765],
        [0.0913, 0.4963, 0.4124],
        [0.4399, 0.2617, 0.2984],
        [0.3573, 0.4121, 0.2306],
        [0.1491, 0.2647, 0.5861]], device='cuda:0', grad_fn=<SoftmaxBackward0>)
probabilities: tensor([[0.2766, 0.4469, 0.2765],
        [0.0913, 0.4963, 0.4124],
        [0.4399, 0.2617, 0.2984],
        [0.3573, 0.4121, 0.2306],
        [0.1491, 0.2647, 0.5861]], device='cuda:0', grad_fn=<SoftmaxBackward0>)
probabilities: tensor([[0.2766, 0.4469, 0.2765],
        [0.0913, 0.4963, 0.4124],
        [0.4399, 0.2617, 0.2984],
        [0.3573, 0.4121, 0.2306],
        [0.1491, 0.2647, 0.5861]], device='cuda:0', grad_fn=<SoftmaxBackward0>)
probabilities: tensor([[0.2766, 0.4469, 0.2765],
        [0.0913, 0.4963, 0.4124],
        [0.4399, 0.2617, 0.2984],
        [0.3573, 0.4121, 0.2306],
        [0.1491, 0.2647, 0.5861]], device='cuda:0', grad_fn=<SoftmaxBackward0>)
probabilities: tensor([[0.2766, 0.4469, 0.2765],
        [0.0913, 0.4963, 0.4124],
        [0.4399, 0.2617, 0.2984],
        [0.3573, 0.4121, 0.2306],
        [0.1491, 0.2647, 0.5861]], device='cuda:0', grad_fn=<SoftmaxBackward0>)
probabilities: tensor([[0.2766, 0.4469, 0.2765],
        [0.0913, 0.4963, 0.4124],
        [0.4399, 0.2617, 0.2984],
        [0.3573, 0.4121, 0.2306],
        [0.1491, 0.2647, 0.5861]], device='cuda:0', grad_fn=<SoftmaxBackward0>)
probabilities: tensor([[0.2766, 0.4469, 0.2765],
        [0.0913, 0.4963, 0.4124],
        [0.4399, 0.2617, 0.2984],
        [0.3573, 0.4121, 0.2306],
        [0.1491, 0.2647, 0.5861]], device='cuda:0', grad_fn=<SoftmaxBackward0>)
probabilities: tensor([[0.2766, 0.4469, 0.2765],
        [0.0913, 0.4963, 0.4124],
        [0.4399, 0.2617, 0.2984],
        [0.3573, 0.4121, 0.2306],
        [0.1491, 0.2647, 0.5861]], device='cuda:0', grad_fn=<SoftmaxBackward0>)
probabilities: tensor([[0.2766, 0.4469, 0.2765],
        [0.0913, 0.4963, 0.4124],
        [0.4399, 0.2617, 0.2984],
        [0.3573, 0.4121, 0.2306],
        [0.1491, 0.2647, 0.5861]], device='cuda:0', grad_fn=<SoftmaxBackward0>)
probabilities: tensor([[0.2766, 0.4469, 0.2765],
        [0.0913, 0.4963, 0.4124],
        [0.4399, 0.2617, 0.2984],
        [0.3573, 0.4121, 0.2306],
        [0.1491, 0.2647, 0.5861]], device='cuda:0', grad_fn=<SoftmaxBackward0>)
probabilities: tensor([[0.2766, 0.4469, 0.2765],
        [0.0913, 0.4963, 0.4124],
        [0.4399, 0.2617, 0.2984],
        [0.3573, 0.4121, 0.2306],
        [0.1491, 0.2647, 0.5861]], device='cuda:0', grad_fn=<SoftmaxBackward0>)
probabilities: tensor([[0.2766, 0.4469, 0.2765],
        [0.0913, 0.4963, 0.4124],
        [0.4399, 0.2617, 0.2984],
        [0.3573, 0.4121, 0.2306],
        [0.1491, 0.2647, 0.5861]], device='cuda:0', grad_fn=<SoftmaxBackward0>)
probabilities: tensor([[0.2766, 0.4469, 0.2765],
        [0.0913, 0.4963, 0.4124],
        [0.4399, 0.2617, 0.2984],
        [0.3573, 0.4121, 0.2306],
        [0.1491, 0.2647, 0.5861]], device='cuda:0', grad_fn=<SoftmaxBackward0>)
probabilities: tensor([[0.2766, 0.4469, 0.2765],
        [0.0913, 0.4963, 0.4124],
        [0.4399, 0.2617, 0.2984],
        [0.3573, 0.4121, 0.2306],
        [0.1491, 0.2647, 0.5861]], device='cuda:0', grad_fn=<SoftmaxBackward0>)
probabilities: tensor([[0.2766, 0.4469, 0.2765],
        [0.0913, 0.4963, 0.4124],
        [0.4399, 0.2617, 0.2984],
        [0.3573, 0.4121, 0.2306],
        [0.1491, 0.2647, 0.5861]], device='cuda:0', grad_fn=<SoftmaxBackward0>)
probabilities: tensor([[0.2766, 0.4469, 0.2765],
        [0.0913, 0.4963, 0.4124],
        [0.4399, 0.2617, 0.2984],
        [0.3573, 0.4121, 0.2306],
        [0.1491, 0.2647, 0.5861]], device='cuda:0', grad_fn=<SoftmaxBackward0>)
probabilities: tensor([[0.2766, 0.4469, 0.2765],
        [0.0913, 0.4963, 0.4124],
        [0.4399, 0.2617, 0.2984],
        [0.3573, 0.4121, 0.2306],
        [0.1491, 0.2647, 0.5861]], device='cuda:0', grad_fn=<SoftmaxBackward0>)
probabilities: tensor([[0.2766, 0.4469, 0.2765],
        [0.0913, 0.4963, 0.4124],
        [0.4399, 0.2617, 0.2984],
        [0.3573, 0.4121, 0.2306],
        [0.1491, 0.2647, 0.5861]], device='cuda:0', grad_fn=<SoftmaxBackward0>)
probabilities: tensor([[0.2766, 0.4469, 0.2765],
        [0.0913, 0.4963, 0.4124],
        [0.4399, 0.2617, 0.2984],
        [0.3573, 0.4121, 0.2306],
        [0.1491, 0.2647, 0.5861]], device='cuda:0', grad_fn=<SoftmaxBackward0>)
probabilities: tensor([[0.2766, 0.4469, 0.2765],
        [0.0913, 0.4963, 0.4124],
        [0.4399, 0.2617, 0.2984],
        [0.3573, 0.4121, 0.2306],
        [0.1491, 0.2647, 0.5861]], device='cuda:0', grad_fn=<SoftmaxBackward0>)
probabilities: tensor([[0.2766, 0.4469, 0.2765],
        [0.0913, 0.4963, 0.4124],
        [0.4399, 0.2617, 0.2984],
        [0.3573, 0.4121, 0.2306],
        [0.1491, 0.2647, 0.5861]], device='cuda:0', grad_fn=<SoftmaxBackward0>)
probabilities: tensor([[0.2766, 0.4469, 0.2765],
        [0.0913, 0.4963, 0.4124],
        [0.4399, 0.2617, 0.2984],
        [0.3573, 0.4121, 0.2306],
        [0.1491, 0.2647, 0.5861]], device='cuda:0', grad_fn=<SoftmaxBackward0>)
probabilities: tensor([[0.2766, 0.4469, 0.2765],
        [0.0913, 0.4963, 0.4124],
        [0.4399, 0.2617, 0.2984],
        [0.3573, 0.4121, 0.2306],
        [0.1491, 0.2647, 0.5861]], device='cuda:0', grad_fn=<SoftmaxBackward0>)
probabilities: tensor([[0.2766, 0.4469, 0.2765],
        [0.0913, 0.4963, 0.4124],
        [0.4399, 0.2617, 0.2984],
        [0.3573, 0.4121, 0.2306],
        [0.1491, 0.2647, 0.5861]], device='cuda:0', grad_fn=<SoftmaxBackward0>)
probabilities: tensor([[0.2766, 0.4469, 0.2765],
        [0.0913, 0.4963, 0.4124],
        [0.4399, 0.2617, 0.2984],
        [0.3573, 0.4121, 0.2306],
        [0.1491, 0.2647, 0.5861]], device='cuda:0', grad_fn=<SoftmaxBackward0>)
probabilities: tensor([[0.2766, 0.4469, 0.2765],
        [0.0913, 0.4963, 0.4124],
        [0.4399, 0.2617, 0.2984],
        [0.3573, 0.4121, 0.2306],
        [0.1491, 0.2647, 0.5861]], device='cuda:0', grad_fn=<SoftmaxBackward0>)
probabilities: tensor([[0.2766, 0.4469, 0.2765],
        [0.0913, 0.4963, 0.4124],
        [0.4399, 0.2617, 0.2984],
        [0.3573, 0.4121, 0.2306],
        [0.1491, 0.2647, 0.5861]], device='cuda:0', grad_fn=<SoftmaxBackward0>)
probabilities: tensor([[0.2766, 0.4469, 0.2765],
        [0.0913, 0.4963, 0.4124],
        [0.4399, 0.2617, 0.2984],
        [0.3573, 0.4121, 0.2306],
        [0.1491, 0.2647, 0.5861]], device='cuda:0', grad_fn=<SoftmaxBackward0>)
probabilities: tensor([[0.2766, 0.4469, 0.2765],
        [0.0913, 0.4963, 0.4124],
        [0.4399, 0.2617, 0.2984],
        [0.3573, 0.4121, 0.2306],
        [0.1491, 0.2647, 0.5861]], device='cuda:0', grad_fn=<SoftmaxBackward0>)
probabilities: tensor([[0.2766, 0.4469, 0.2765],
        [0.0913, 0.4963, 0.4124],
        [0.4399, 0.2617, 0.2984],
        [0.3573, 0.4121, 0.2306],
        [0.1491, 0.2647, 0.5861]], device='cuda:0', grad_fn=<SoftmaxBackward0>)
probabilities: tensor([[0.2766, 0.4469, 0.2765],
        [0.0913, 0.4963, 0.4124],
        [0.4399, 0.2617, 0.2984],
        [0.3573, 0.4121, 0.2306],
        [0.1491, 0.2647, 0.5861]], device='cuda:0', grad_fn=<SoftmaxBackward0>)
probabilities: tensor([[0.2766, 0.4469, 0.2765],
        [0.0913, 0.4963, 0.4124],
        [0.4399, 0.2617, 0.2984],
        [0.3573, 0.4121, 0.2306],
        [0.1491, 0.2647, 0.5861]], device='cuda:0', grad_fn=<SoftmaxBackward0>)
probabilities: tensor([[0.2766, 0.4469, 0.2765],
        [0.0913, 0.4963, 0.4124],
        [0.4399, 0.2617, 0.2984],
        [0.3573, 0.4121, 0.2306],
        [0.1491, 0.2647, 0.5861]], device='cuda:0', grad_fn=<SoftmaxBackward0>)
