probabilities: [[1. 0. 0.]
 [1. 0. 0.]
 [1. 0. 0.]
 [1. 0. 0.]
 [1. 0. 0.]]
probabilities: [[0.12072975 0.6553615  0.22390877]
 [0.45825383 0.4729006  0.06884558]
 [0.30147043 0.68695164 0.01157793]
 [0.43120158 0.08332504 0.48547336]
 [0.41843903 0.02776077 0.5538002 ]]
probabilities: [[0.5603059  0.4159642  0.0237299 ]
 [0.12869392 0.04288847 0.8284176 ]
 [0.204413   0.68909866 0.10648836]
 [0.6961236  0.10499127 0.19888514]
 [0.28796896 0.6452105  0.0668205 ]]
probabilities: [[0.02329502 0.01534115 0.96136385]
 [0.7605763  0.06590659 0.1735171 ]
 [0.07563923 0.57271624 0.35164458]
 [0.18215942 0.66951495 0.1483256 ]
 [0.00201125 0.04434387 0.9536449 ]]
probabilities: [[0.23156641 0.7520691  0.01636446]
 [0.38017964 0.1977076  0.42211276]
 [0.638564   0.10668202 0.25475398]
 [0.26182872 0.29849637 0.4396749 ]
 [0.73607874 0.11738902 0.14653227]]
probabilities: [[0.5286373  0.0080804  0.46328232]
 [0.64228517 0.08772954 0.2699853 ]
 [0.02486561 0.0710545  0.9040799 ]
 [0.4665092  0.1899763  0.34351453]
 [0.08666987 0.84459823 0.06873189]]
probabilities: [[1. 0. 0.]
 [1. 0. 0.]
 [1. 0. 0.]
 [1. 0. 0.]
 [1. 0. 0.]]
probabilities: [[0.4798744  0.16855314 0.35157245]
 [0.5235212  0.31206095 0.16441788]
 [0.30753127 0.55640996 0.13605879]
 [0.29968804 0.18732853 0.51298344]
 [0.45105708 0.34586117 0.20308174]]
probabilities: [[0.6102852  0.23274413 0.15697062]
 [0.6587225  0.08166271 0.2596148 ]
 [0.58117306 0.08004627 0.33878064]
 [0.03741654 0.20586844 0.756715  ]
 [0.56435084 0.12265252 0.31299666]]
probabilities: [[0.7328086  0.16577792 0.1014135 ]
 [0.23827516 0.04796264 0.7137622 ]
 [0.01278665 0.36471456 0.6224988 ]
 [0.06618171 0.82565266 0.1081656 ]
 [0.06530594 0.575944   0.35875008]]
probabilities: [[0.41639465 0.39248666 0.19111867]
 [0.44379538 0.06373929 0.49246532]
 [0.506813   0.41322532 0.07996172]
 [0.3337581  0.5053708  0.16087109]
 [0.07514861 0.66880655 0.25604483]]
probabilities: [[0.29330677 0.08795424 0.618739  ]
 [0.48492107 0.21540923 0.2996697 ]
 [0.55816305 0.0522008  0.38963616]
 [0.49430743 0.07632139 0.42937118]
 [0.46492895 0.10506529 0.43000576]]
probabilities: [[0. 0. 1.]
 [0. 1. 0.]
 [0. 1. 0.]
 [0. 0. 1.]
 [0. 0. 1.]]
probabilities: [[0.33923396 0.319188   0.34157804]
 [0.29744518 0.1982016  0.5043532 ]
 [0.1081921  0.81891686 0.07289103]
 [0.12668385 0.4017459  0.47157028]
 [0.07645705 0.91022646 0.01331649]]
probabilities: [[0.4234269  0.42128935 0.15528375]
 [0.36157006 0.3470615  0.29136842]
 [0.40758732 0.11357407 0.47883862]
 [0.37648973 0.25478518 0.3687251 ]
 [0.21065791 0.6288998  0.16044231]]
probabilities: [[0.3079956  0.14215207 0.5498523 ]
 [0.09857116 0.30247167 0.5989572 ]
 [0.3843106  0.0180664  0.597623  ]
 [0.07194126 0.15234879 0.7757099 ]
 [0.14868493 0.7133151  0.13799995]]
probabilities: [[0.36450705 0.21431524 0.42117772]
 [0.24952891 0.25569248 0.4947786 ]
 [0.07982815 0.33925855 0.5809133 ]
 [0.9867376  0.00157536 0.01168706]
 [0.2537267  0.29219335 0.45408   ]]
probabilities: [[0.49410367 0.14614142 0.35975492]
 [0.67163837 0.03391723 0.2944444 ]
 [0.8519789  0.14105491 0.0069662 ]
 [0.14882883 0.0881388  0.7630324 ]
 [0.26296192 0.3075708  0.42946732]]
probabilities: [[1. 0. 0.]
 [1. 0. 0.]
 [1. 0. 0.]
 [1. 0. 0.]
 [1. 0. 0.]]
probabilities: [[0.39932024 0.09334817 0.5073316 ]
 [0.18518035 0.6613631  0.15345651]
 [0.72210884 0.19456448 0.08332667]
 [0.28297612 0.5868244  0.13019945]
 [0.12391026 0.7841617  0.09192805]]
probabilities: [[0.5679039  0.1273254  0.30477074]
 [0.499784   0.21943192 0.2807841 ]
 [0.6199319  0.23866582 0.14140233]
 [0.35178703 0.07432958 0.5738834 ]
 [0.13720965 0.67767334 0.18511699]]
probabilities: [[0.02497645 0.08245244 0.8925711 ]
 [0.8908694  0.01854746 0.09058318]
 [0.6748891  0.29825297 0.02685796]
 [0.31264323 0.12981616 0.5575406 ]
 [0.17744137 0.12245258 0.700106  ]]
probabilities: [[0.5245253  0.45249414 0.02298056]
 [0.01044145 0.7961255  0.1934331 ]
 [0.4912491  0.17827345 0.33047745]
 [0.2071193  0.43500653 0.35787416]
 [0.8128604  0.15337431 0.03376523]]
probabilities: [[0.12327131 0.7581247  0.118604  ]
 [0.60376716 0.02926616 0.36696666]
 [0.32004115 0.50234497 0.17761388]
 [0.29857436 0.1988474  0.50257826]
 [0.6013482  0.39167327 0.00697852]]
probabilities: [[0. 1. 0.]
 [0. 1. 0.]
 [0. 1. 0.]
 [0. 1. 0.]
 [0. 1. 0.]]
probabilities: [[0.04883497 0.65774876 0.2934163 ]
 [0.51570547 0.33237922 0.15191534]
 [0.27270523 0.5260548  0.20123996]
 [0.5769102  0.3531144  0.06997538]
 [0.23729324 0.33781567 0.42489108]]
probabilities: [[0.15421535 0.47783366 0.367951  ]
 [0.13891645 0.6937319  0.16735163]
 [0.40437272 0.23970589 0.3559214 ]
 [0.07950159 0.3836527  0.53684574]
 [0.42246026 0.15648228 0.42105746]]
probabilities: [[0.05719862 0.46563184 0.47716954]
 [0.40920278 0.10478962 0.4860076 ]
 [0.44911322 0.26347688 0.28740993]
 [0.2016281  0.07623471 0.7221372 ]
 [0.47166577 0.04023814 0.4880961 ]]
probabilities: [[0.47631952 0.01537922 0.50830126]
 [0.1484631  0.1057403  0.7457966 ]
 [0.00144857 0.41814098 0.5804105 ]
 [0.107724   0.22932577 0.6629502 ]
 [0.5221823  0.33275494 0.14506276]]
probabilities: [[0.11979567 0.7021105  0.1780938 ]
 [0.50347954 0.27590272 0.22061776]
 [0.10141098 0.40282035 0.49576867]
 [0.47047234 0.42648354 0.10304411]
 [0.2143267  0.3135115  0.4721618 ]]
probabilities: [[1. 0. 0.]
 [1. 0. 0.]
 [1. 0. 0.]
 [1. 0. 0.]
 [1. 0. 0.]]
probabilities: [[0.26944882 0.19691333 0.5336379 ]
 [0.54805666 0.22580945 0.22613387]
 [0.97907054 0.01917277 0.0017567 ]
 [0.31668413 0.0066357  0.6766802 ]
 [0.38533306 0.29249305 0.3221739 ]]
probabilities: [[0.49945617 0.1696407  0.33090314]
 [0.8664194  0.05230525 0.08127538]
 [0.00438389 0.6319094  0.36370677]
 [0.257223   0.7180078  0.02476919]
 [0.12237866 0.43218064 0.44544068]]
probabilities: [[0.05114292 0.24260062 0.70625645]
 [0.75069237 0.2288077  0.0204999 ]
 [0.2632493  0.34537604 0.39137465]
 [0.5410679  0.05674776 0.40218434]
 [0.12381373 0.01516402 0.86102223]]
probabilities: [[0.49390453 0.32283956 0.18325591]
 [0.06096409 0.7889964  0.1500395 ]
 [0.00329761 0.9061607  0.09054171]
 [0.6866538  0.26049405 0.05285214]
 [0.42726353 0.47341928 0.0993172 ]]
probabilities: [[0.7272299  0.1766863  0.0960838 ]
 [0.12938312 0.42703602 0.44358087]
 [0.3778651  0.13277978 0.48935512]
 [0.41825104 0.074752   0.506997  ]
 [0.47702733 0.41098326 0.11198942]]
probabilities: [[0. 1. 0.]
 [0. 1. 0.]
 [0. 1. 0.]
 [0. 1. 0.]
 [0. 1. 0.]]
probabilities: [[0.6585076  0.23607102 0.10542139]
 [0.5489122  0.21876812 0.23231962]
 [0.07407906 0.89701223 0.02890872]
 [0.22423135 0.33376688 0.44200176]
 [0.5207097  0.07134055 0.40794978]]
probabilities: [[0.17306581 0.60230917 0.22462502]
 [0.3799873  0.04126859 0.5787441 ]
 [0.3976699  0.08313031 0.5191998 ]
 [0.30273524 0.49070165 0.20656312]
 [0.35413003 0.24930768 0.3965623 ]]
probabilities: [[0.9014478  0.01784934 0.08070289]
 [0.03002814 0.8041356  0.16583624]
 [0.259184   0.17028446 0.57053155]
 [0.30347908 0.33425084 0.3622701 ]
 [0.07490194 0.21915334 0.7059447 ]]
probabilities: [[4.8336709e-01 1.1860909e-01 3.9802384e-01]
 [5.2673992e-04 9.9274325e-01 6.7300028e-03]
 [2.8177699e-01 6.1474230e-02 6.5674877e-01]
 [2.3370802e-02 1.2134969e-02 9.6449423e-01]
 [5.6145225e-02 7.4186581e-01 2.0198894e-01]]
probabilities: [[0.10431089 0.59798336 0.29770577]
 [0.38827425 0.24295262 0.36877313]
 [0.7581621  0.23368849 0.0081494 ]
 [0.1886601  0.6117526  0.19958727]
 [0.44751447 0.498962   0.05352353]]
probabilities: [[0. 1. 0.]
 [0. 1. 0.]
 [0. 1. 0.]
 [0. 1. 0.]
 [0. 1. 0.]]
probabilities: [[0.6025225  0.30587757 0.09159996]
 [0.09745767 0.69921565 0.20332666]
 [0.6629142  0.2623777  0.07470806]
 [0.06634481 0.6350623  0.2985929 ]
 [0.11241634 0.57587045 0.31171322]]
probabilities: [[0.0112681  0.8115532  0.17717876]
 [0.7187813  0.21795815 0.06326054]
 [0.19815317 0.51074326 0.29110354]
 [0.65030503 0.03385413 0.31584087]
 [0.18653989 0.8096153  0.00384479]]
probabilities: [[0.01522784 0.18732901 0.79744315]
 [0.44991574 0.15964061 0.39044365]
 [0.06139817 0.10833458 0.83026725]
 [0.8476464  0.05157582 0.10077778]
 [0.00100569 0.02433551 0.9746588 ]]
probabilities: [[0.7008946  0.0512903  0.24781509]
 [0.14685358 0.41203427 0.44111213]
 [0.01699475 0.3262098  0.65679544]
 [0.48838773 0.055199   0.45641327]
 [0.3932976  0.19865166 0.40805072]]
probabilities: [[0.45978636 0.07968778 0.46052584]
 [0.07130791 0.894121   0.03457108]
 [0.83565295 0.01497102 0.14937605]
 [0.01096249 0.8330446  0.1559929 ]
 [0.22299919 0.27153325 0.5054676 ]]
probabilities: [[0. 1. 0.]
 [0. 1. 0.]
 [0. 1. 0.]
 [0. 1. 0.]
 [0. 1. 0.]]
probabilities: [[0.15178755 0.64346796 0.20474446]
 [0.3954858  0.19264604 0.41186818]
 [0.2643734  0.02262487 0.7130017 ]
 [0.5481359  0.07686178 0.37500238]
 [0.53368384 0.09914394 0.3671722 ]]
probabilities: [[0.0185699  0.62885803 0.35257208]
 [0.19570045 0.21031499 0.59398454]
 [0.23351173 0.5259875  0.24050073]
 [0.7747981  0.21958865 0.00561324]
 [0.18444718 0.5769738  0.23857902]]
probabilities: [[0.23625411 0.09690193 0.66684395]
 [0.12257454 0.49854323 0.37888223]
 [0.8307568  0.13798277 0.03126043]
 [0.74070466 0.12597775 0.13331759]
 [0.7348923  0.17915168 0.08595602]]
probabilities: [[0.4120338  0.41879678 0.16916943]
 [0.10351782 0.4922148  0.40426737]
 [0.03480202 0.39088514 0.5743128 ]
 [0.07811895 0.52230865 0.3995724 ]
 [0.23099974 0.36245465 0.4065456 ]]
probabilities: [[0.20183556 0.1345864  0.66357803]
 [0.01126863 0.48979834 0.49893302]
 [0.38726896 0.00093894 0.6117921 ]
 [0.17809513 0.1838346  0.6380703 ]
 [0.00359509 0.07224634 0.9241586 ]]
probabilities: [[0. 1. 0.]
 [0. 1. 0.]
 [0. 1. 0.]
 [0. 1. 0.]
 [0. 1. 0.]]
probabilities: [[0.30872735 0.28515524 0.4061174 ]
 [0.2545147  0.4368347  0.30865058]
 [0.38022438 0.3927368  0.22703883]
 [0.33302152 0.3778684  0.28911006]
 [0.02009757 0.8590308  0.12087165]]
probabilities: [[0.03465825 0.75948274 0.205859  ]
 [0.11771642 0.42268026 0.4596033 ]
 [0.86164063 0.03787506 0.10048431]
 [0.5128472  0.19750527 0.28964755]
 [0.5410924  0.04098051 0.41792712]]
probabilities: [[0.3496884  0.6446269  0.00568471]
 [0.34320357 0.29300287 0.36379355]
 [0.08981903 0.01440065 0.8957803 ]
 [0.12557724 0.7943157  0.08010705]
 [0.19628671 0.10295478 0.7007585 ]]
probabilities: [[0.07295225 0.38709265 0.5399551 ]
 [0.95849633 0.01485246 0.02665122]
 [0.1664343  0.52909434 0.30447137]
 [0.36469388 0.29717645 0.33812967]
 [0.67253035 0.19421282 0.13325682]]
probabilities: [[0.5314102  0.05649976 0.41209006]
 [0.5119366  0.45859417 0.02946921]
 [0.27782267 0.2774933  0.44468403]
 [0.6140655  0.10554536 0.28038913]
 [0.27775145 0.5486942  0.17355439]]
probabilities: [[0. 1. 0.]
 [0. 1. 0.]
 [0. 1. 0.]
 [0. 1. 0.]
 [0. 1. 0.]]
probabilities: [[0.48673558 0.24257469 0.2706897 ]
 [0.43934593 0.03246875 0.5281853 ]
 [0.28382903 0.3598865  0.3562845 ]
 [0.15001605 0.25527933 0.5947046 ]
 [0.24730064 0.15368056 0.5990188 ]]
probabilities: [[0.40471846 0.02270693 0.5725746 ]
 [0.0313549  0.72833806 0.24030702]
 [0.26722714 0.5418307  0.19094212]
 [0.01122519 0.02257589 0.9661989 ]
 [0.09193034 0.07292116 0.8351485 ]]
probabilities: [[0.27525997 0.16824114 0.5564989 ]
 [0.22826962 0.7555059  0.01622443]
 [0.7446497  0.1197171  0.13563322]
 [0.23082107 0.4711202  0.29805872]
 [0.31198037 0.22889204 0.4591276 ]]
probabilities: [[0.11513993 0.6499304  0.23492968]
 [0.6895648  0.21587686 0.09455831]
 [0.28750125 0.22197473 0.49052402]
 [0.5436685  0.1657142  0.2906173 ]
 [0.00127066 0.5830156  0.41571373]]
probabilities: [[0.03472521 0.01597589 0.9492989 ]
 [0.7978335  0.13568857 0.06647792]
 [0.5699048  0.03246168 0.3976335 ]
 [0.6369081  0.0523532  0.31073868]
 [0.73046255 0.0897925  0.17974496]]
probabilities: [[0. 1. 0.]
 [0. 1. 0.]
 [0. 1. 0.]
 [0. 1. 0.]
 [0. 1. 0.]]
probabilities: [[0.7911116  0.01642942 0.19245896]
 [0.84439814 0.0447286  0.11087327]
 [0.37235853 0.0794812  0.54816025]
 [0.51910806 0.1458333  0.33505866]
 [0.27393734 0.21459079 0.51147187]]
probabilities: [[0.535612   0.36004582 0.1043422 ]
 [0.33422118 0.65896326 0.00681554]
 [0.08441413 0.6114117  0.30417418]
 [0.53537536 0.367305   0.09731961]
 [0.55114186 0.3373207  0.11153743]]
probabilities: [[0.10031205 0.75140554 0.14828242]
 [0.5795665  0.24663727 0.17379624]
 [0.7569252  0.11297347 0.13010128]
 [0.25765526 0.12331182 0.6190329 ]
 [0.4070126  0.21733409 0.37565333]]
probabilities: [[0.5522597  0.22799996 0.21974038]
 [0.1661307  0.74273163 0.09113768]
 [0.11175819 0.1059596  0.78228223]
 [0.6311003  0.22002979 0.14886989]
 [0.11969369 0.08097194 0.79933435]]
probabilities: [[0.2925656  0.38300392 0.32443047]
 [0.19011256 0.23613445 0.573753  ]
 [0.05238036 0.8218636  0.12575606]
 [0.15649568 0.7376388  0.10586555]
 [0.12246688 0.42658746 0.45094568]]
probabilities: [[0. 0. 1.]
 [0. 1. 0.]
 [0. 1. 0.]
 [0. 0. 1.]
 [0. 0. 1.]]
probabilities: [[0.03507832 0.09846341 0.8664583 ]
 [0.04760792 0.9116734  0.04071867]
 [0.44440377 0.27919134 0.2764049 ]
 [0.29778534 0.28213105 0.4200836 ]
 [0.10703893 0.15244748 0.74051356]]
probabilities: [[0.06706665 0.42818403 0.5047493 ]
 [0.05906528 0.90856856 0.03236615]
 [0.135501   0.2562318  0.6082672 ]
 [0.38334912 0.1365045  0.48014635]
 [0.28339395 0.34258312 0.37402293]]
probabilities: [[0.68112093 0.05036125 0.26851785]
 [0.02862316 0.3278737  0.6435031 ]
 [0.85600865 0.07746138 0.06652995]
 [0.01853157 0.48276207 0.49870637]
 [0.5970918  0.03262657 0.3702816 ]]
probabilities: [[0.629541   0.07992505 0.29053396]
 [0.68479735 0.03926774 0.27593493]
 [0.50939703 0.16510344 0.32549953]
 [0.66144806 0.22210202 0.11644992]
 [0.05488994 0.40361953 0.54149055]]
probabilities: [[0.27914366 0.557265   0.16359137]
 [0.07834612 0.13497141 0.7866825 ]
 [0.89713997 0.02977243 0.07308758]
 [0.18591128 0.35317618 0.46091253]
 [0.02772089 0.72598165 0.24629743]]
probabilities: [[1. 0. 0.]
 [1. 0. 0.]
 [1. 0. 0.]
 [1. 0. 0.]
 [1. 0. 0.]]
probabilities: [[0.2761273  0.65270984 0.07116281]
 [0.68652487 0.31267306 0.00080207]
 [0.62392867 0.181557   0.19451435]
 [0.6662977  0.09529646 0.23840585]
 [0.4258191  0.26766855 0.30651233]]
probabilities: [[0.5900179  0.04996565 0.36001644]
 [0.13698901 0.74447423 0.11853675]
 [0.03895975 0.342639   0.6184013 ]
 [0.83479184 0.16274317 0.00246497]
 [0.9046484  0.03658091 0.05877067]]
probabilities: [[0.5108945  0.06964497 0.41946056]
 [0.34513268 0.32221496 0.33265236]
 [0.01522738 0.9069905  0.0777821 ]
 [0.297148   0.38525543 0.3175966 ]
 [0.20564714 0.4288572  0.36549565]]
probabilities: [[0.66748524 0.3281647  0.00435009]
 [0.28596783 0.6791135  0.03491869]
 [0.39153218 0.06992063 0.5385472 ]
 [0.55415124 0.13975109 0.3060977 ]
 [0.24476191 0.4716166  0.2836215 ]]
probabilities: [[0.02603315 0.7223281  0.2516387 ]
 [0.12169794 0.57328206 0.30502   ]
 [0.11767538 0.17305717 0.70926744]
 [0.5744256  0.19800414 0.22757025]
 [0.05746417 0.32379082 0.61874497]]
probabilities: [[1. 0. 0.]
 [1. 0. 0.]
 [1. 0. 0.]
 [1. 0. 0.]
 [1. 0. 0.]]
probabilities: [[0.7452104  0.02284868 0.23194093]
 [0.5620237  0.38625515 0.05172116]
 [0.1367313  0.2848154  0.5784533 ]
 [0.58991385 0.29843426 0.11165193]
 [0.45793122 0.1843615  0.35770726]]
probabilities: [[0.4194038  0.32428032 0.2563159 ]
 [0.17060025 0.7496216  0.07977813]
 [0.02300398 0.7864669  0.19052915]
 [0.2682621  0.06612554 0.6656124 ]
 [0.46761933 0.39619192 0.13618875]]
probabilities: [[0.47518033 0.5044693  0.02035042]
 [0.04922778 0.33907592 0.6116963 ]
 [0.48937887 0.00523796 0.5053832 ]
 [0.690423   0.14329544 0.16628154]
 [0.15871379 0.75753146 0.08375474]]
probabilities: [[0.3961873  0.34276408 0.26104861]
 [0.21952067 0.73673016 0.04374918]
 [0.32676956 0.53770345 0.13552696]
 [0.04866321 0.12594672 0.82539004]
 [0.27489305 0.41725606 0.3078509 ]]
probabilities: [[0.0716995  0.75914985 0.16915065]
 [0.10709478 0.78130513 0.11160012]
 [0.80281353 0.10254627 0.09464017]
 [0.3071048  0.07848123 0.614414  ]
 [0.64683765 0.32022458 0.03293777]]
probabilities: [[0. 1. 0.]
 [0. 1. 0.]
 [0. 1. 0.]
 [0. 1. 0.]
 [0. 1. 0.]]
probabilities: [[0.77534956 0.08168521 0.14296523]
 [0.24830082 0.5171384  0.23456076]
 [0.28653258 0.26953217 0.44393525]
 [0.35367453 0.0057007  0.64062476]
 [0.5515301  0.18127608 0.26719382]]
probabilities: [[0.03971536 0.24070555 0.7195791 ]
 [0.5529793  0.16492414 0.2820966 ]
 [0.5674929  0.32494652 0.10756058]
 [0.42786163 0.37406227 0.19807608]
 [0.66341907 0.14640574 0.1901752 ]]
probabilities: [[0.23013718 0.595025   0.17483781]
 [0.15209885 0.6614352  0.18646596]
 [0.6636026  0.23496352 0.1014339 ]
 [0.08581157 0.37609637 0.5380921 ]
 [0.5928795  0.31872347 0.08839702]]
probabilities: [[0.38812917 0.44587472 0.1659961 ]
 [0.37955266 0.38597253 0.23447481]
 [0.5069799  0.36631548 0.12670465]
 [0.1943612  0.08270629 0.7229325 ]
 [0.23107176 0.12404748 0.6448808 ]]
probabilities: [[0.8987228  0.04639352 0.05488362]
 [0.6660701  0.00493859 0.32899132]
 [0.00998786 0.60452294 0.3854892 ]
 [0.8289712  0.1252157  0.0458131 ]
 [0.4018692  0.5151238  0.08300702]]
probabilities: [[0. 0. 1.]
 [0. 1. 0.]
 [0. 0. 1.]
 [0. 0. 1.]
 [0. 0. 1.]]
probabilities: [[0.12489818 0.6262786  0.24882321]
 [0.0971475  0.26278365 0.6400688 ]
 [0.35742134 0.23477617 0.4078025 ]
 [0.2392446  0.03851066 0.72224474]
 [0.09678926 0.40049818 0.50271255]]
probabilities: [[0.22568665 0.20865123 0.5656621 ]
 [0.02295651 0.34953538 0.6275081 ]
 [0.10461969 0.03292146 0.8624589 ]
 [0.2826318  0.0609202  0.65644795]
 [0.37066513 0.23683852 0.39249635]]
probabilities: [[0.14435634 0.26713392 0.58850974]
 [0.7424134  0.16896552 0.08862109]
 [0.78565824 0.18312466 0.03121712]
 [0.08567289 0.38088334 0.53344375]
 [0.49323964 0.14184701 0.36491334]]
probabilities: [[0.24455027 0.75367886 0.00177084]
 [0.01503583 0.85652405 0.12844014]
 [0.94090915 0.0450164  0.01407446]
 [0.2635508  0.03131684 0.70513237]
 [0.21489356 0.744695   0.04041142]]
probabilities: [[0.34148997 0.5959083  0.06260176]
 [0.39675027 0.00961932 0.59363043]
 [0.13776019 0.15197515 0.7102646 ]
 [0.20095097 0.28869343 0.5103556 ]
 [0.4309848  0.5368665  0.0321487 ]]
probabilities: [[0. 0. 1.]
 [0. 1. 0.]
 [0. 0. 1.]
 [0. 0. 1.]
 [0. 0. 1.]]
probabilities: [[0.53037006 0.31016603 0.15946391]
 [0.3946997  0.06162291 0.5436774 ]
 [0.35998634 0.46166876 0.17834492]
 [0.23795652 0.41217086 0.34987262]
 [0.16050297 0.7678707  0.07162628]]
probabilities: [[0.65178037 0.14729926 0.20092034]
 [0.23876306 0.26503128 0.49620566]
 [0.09116385 0.57653713 0.33229902]
 [0.418331   0.46169576 0.11997324]
 [0.25216132 0.43976906 0.30806962]]
probabilities: [[0.12059464 0.00528793 0.87411743]
 [0.32361692 0.56001997 0.11636309]
 [0.4740947  0.13855384 0.38735148]
 [0.19435593 0.78832746 0.01731659]
 [0.16561615 0.04873839 0.7856454 ]]
probabilities: [[0.09087362 0.69519645 0.2139299 ]
 [0.189526   0.1009145  0.7095595 ]
 [0.65025145 0.05015611 0.29959247]
 [0.29499277 0.5044513  0.20055592]
 [0.02734844 0.01212018 0.96053135]]
probabilities: [[0.28545135 0.28458902 0.42995963]
 [0.70889264 0.26088917 0.03021815]
 [0.6371603  0.17351674 0.18932295]
 [0.6162078  0.26871958 0.11507262]
 [0.06621714 0.36937666 0.5644062 ]]
probabilities: [[0. 0. 1.]
 [0. 1. 0.]
 [0. 1. 0.]
 [0. 0. 1.]
 [0. 0. 1.]]
probabilities: [[0.5992026  0.20420475 0.19659266]
 [0.12100153 0.5082132  0.37078527]
 [0.24222924 0.3164839  0.44128683]
 [0.13735552 0.0680639  0.7945806 ]
 [0.65724206 0.08307296 0.25968498]]
probabilities: [[0.3751288  0.20244208 0.4224291 ]
 [0.47827315 0.39570817 0.12601867]
 [0.10042133 0.7852868  0.1142919 ]
 [0.49920133 0.32353616 0.1772625 ]
 [0.31426558 0.47126433 0.2144701 ]]
probabilities: [[0.1532387  0.10508584 0.74167544]
 [0.6171566  0.09317491 0.28966847]
 [0.28608987 0.02007454 0.6938356 ]
 [0.44381368 0.4376873  0.118499  ]
 [0.04489964 0.3405322  0.6145682 ]]
probabilities: [[0.08230267 0.7759646  0.14173274]
 [0.28114903 0.347286   0.37156498]
 [0.0660366  0.33867383 0.5952896 ]
 [0.64994174 0.33683217 0.01322608]
 [0.33279803 0.01123139 0.6559706 ]]
probabilities: [[0.03785477 0.34028834 0.62185687]
 [0.49297297 0.4483318  0.05869524]
 [0.3168893  0.2855344  0.39757627]
 [0.5086625  0.25638378 0.23495367]
 [0.03109077 0.16832536 0.80058384]]
probabilities: [[0. 1. 0.]
 [0. 1. 0.]
 [0. 1. 0.]
 [0. 1. 0.]
 [0. 1. 0.]]
probabilities: [[0.09176496 0.1217543  0.7864807 ]
 [0.32252365 0.6159724  0.06150396]
 [0.04206355 0.16080286 0.7971336 ]
 [0.00645082 0.29358718 0.699962  ]
 [0.7881339  0.03707747 0.17478858]]
probabilities: [[0.6472502  0.12140431 0.2313455 ]
 [0.39561823 0.58949476 0.01488701]
 [0.46911392 0.06363104 0.46725503]
 [0.14684051 0.11246186 0.7406976 ]
 [0.08488765 0.30698252 0.6081298 ]]
probabilities: [[0.07049175 0.8932516  0.03625663]
 [0.08618876 0.8806911  0.03312013]
 [0.36915952 0.5730468  0.05779367]
 [0.3547002  0.45895654 0.18634325]
 [0.51908207 0.20056899 0.28034896]]
probabilities: [[0.07335761 0.7279927  0.1986497 ]
 [0.7827583  0.1750081  0.04223361]
 [0.69092065 0.2679246  0.04115476]
 [0.30777436 0.08746842 0.60475725]
 [0.1437648  0.3285093  0.52772593]]
probabilities: [[0.01682653 0.6716755  0.31149793]
 [0.4760357  0.4638228  0.0601415 ]
 [0.8202824  0.01332436 0.16639327]
 [0.04945751 0.71961474 0.23092774]
 [0.15472053 0.18495998 0.6603195 ]]
probabilities: [[0. 1. 0.]
 [0. 1. 0.]
 [0. 1. 0.]
 [0. 1. 0.]
 [0. 1. 0.]]
probabilities: [[0.7420022  0.01538452 0.24261332]
 [0.58075947 0.18638104 0.2328595 ]
 [0.8150251  0.08650532 0.09846957]
 [0.47118053 0.4546909  0.07412857]
 [0.09315125 0.39750892 0.50933987]]
probabilities: [[0.04181388 0.19312868 0.76505744]
 [0.2617844  0.11133812 0.6268775 ]
 [0.03213859 0.31788826 0.64997315]
 [0.12354101 0.07003078 0.8064282 ]
 [0.35159767 0.5944339  0.05396842]]
probabilities: [[0.16102968 0.42861652 0.4103538 ]
 [0.10456634 0.6574555  0.23797816]
 [0.02337935 0.88368905 0.09293163]
 [0.78765994 0.06761322 0.14472681]
 [0.05430497 0.6587839  0.28691113]]
probabilities: [[0.33501655 0.18216945 0.482814  ]
 [0.24184842 0.3113811  0.44677046]
 [0.14970094 0.5039673  0.3463318 ]
 [0.30626866 0.65625155 0.03747982]
 [0.0661295  0.32720247 0.60666806]]
probabilities: [[0.00938021 0.90837646 0.08224336]
 [0.3462328  0.40949836 0.24426883]
 [0.21117999 0.23373446 0.55508554]
 [0.8150744  0.09635263 0.08857297]
 [0.59656036 0.01286928 0.39057037]]
probabilities: [[1. 0. 0.]
 [1. 0. 0.]
 [1. 0. 0.]
 [1. 0. 0.]
 [1. 0. 0.]]
probabilities: [[0.35673833 0.09862347 0.5446382 ]
 [0.32002008 0.12813014 0.5518498 ]
 [0.43706512 0.2882612  0.27467367]
 [0.5247034  0.12143083 0.3538658 ]
 [0.0822855  0.09146924 0.82624525]]
probabilities: [[0.91362584 0.03995503 0.04641916]
 [0.93085605 0.05353084 0.01561312]
 [0.69837767 0.20624474 0.09537758]
 [0.21806833 0.7429743  0.03895739]
 [0.1777791  0.1918264  0.6303945 ]]
probabilities: [[0.55721307 0.34456825 0.09821865]
 [0.782744   0.06942749 0.14782853]
 [0.5152769  0.4364156  0.04830748]
 [0.12418979 0.20603822 0.66977197]
 [0.2937246  0.26343647 0.44283894]]
probabilities: [[0.2702424  0.08554953 0.6442081 ]
 [0.69545096 0.15365708 0.15089193]
 [0.28275383 0.05544907 0.6617971 ]
 [0.12908219 0.80378526 0.06713255]
 [0.23672062 0.6912047  0.07207468]]
probabilities: [[0.3362715  0.4399722  0.22375631]
 [0.25719824 0.44604686 0.2967549 ]
 [0.8656348  0.1279005  0.00646469]
 [0.35734287 0.42707515 0.21558198]
 [0.15242644 0.01448252 0.833091  ]]
probabilities: [[0. 0. 1.]
 [0. 1. 0.]
 [0. 1. 0.]
 [0. 0. 1.]
 [0. 0. 1.]]
probabilities: [[0.01268515 0.15719482 0.83012   ]
 [0.02060454 0.41178837 0.5676071 ]
 [0.47095466 0.16004223 0.36900312]
 [0.15816778 0.5770217  0.2648105 ]
 [0.2644702  0.52183735 0.21369247]]
probabilities: [[0.6264054  0.04834073 0.32525384]
 [0.34168586 0.5352795  0.12303463]
 [0.752872   0.22335742 0.02377062]
 [0.8132018  0.06792716 0.11887106]
 [0.31238288 0.6307942  0.0568229 ]]
probabilities: [[0.10786671 0.1774831  0.7146502 ]
 [0.22139208 0.56764954 0.21095838]
 [0.1572808  0.4989356  0.3437836 ]
 [0.07230332 0.5491826  0.3785141 ]
 [0.44741783 0.22952768 0.32305452]]
probabilities: [[0.7139567  0.02594143 0.26010185]
 [0.35813487 0.49514684 0.14671828]
 [0.60223204 0.2906906  0.10707738]
 [0.14900036 0.4862209  0.36477873]
 [0.04924764 0.34438905 0.6063633 ]]
probabilities: [[0.39792916 0.40328738 0.19878346]
 [0.0161964  0.00500026 0.97880334]
 [0.6691968  0.12190006 0.20890318]
 [0.21794112 0.7389173  0.04314159]
 [0.87986016 0.02597336 0.09416647]]
probabilities: [[0. 0. 1.]
 [0. 1. 0.]
 [0. 1. 0.]
 [0. 0. 1.]
 [0. 0. 1.]]
probabilities: [[0.580298   0.19034298 0.229359  ]
 [0.02646805 0.6466966  0.32683533]
 [0.37493366 0.3822265  0.24283983]
 [0.37165457 0.30964494 0.31870046]
 [0.32290363 0.63300383 0.04409255]]
probabilities: [[0.185856   0.44120085 0.37294316]
 [0.8369919  0.05987529 0.10313284]
 [0.5300816  0.08767789 0.38224047]
 [0.17043053 0.5766526  0.2529169 ]
 [0.29033998 0.2784709  0.43118912]]
probabilities: [[0.7298202  0.13913365 0.13104618]
 [0.5736804  0.25876862 0.16755097]
 [0.3294859  0.4523014  0.2182127 ]
 [0.75316024 0.04967639 0.19716334]
 [0.61540264 0.11076712 0.27383026]]
probabilities: [[0.2405152  0.06896076 0.69052404]
 [0.57272035 0.1303533  0.29692635]
 [0.13174793 0.21194959 0.65630245]
 [0.01365639 0.28320527 0.70313835]
 [0.47452363 0.46370664 0.06176971]]
probabilities: [[0.03215743 0.7320381  0.2358045 ]
 [0.42373645 0.14904892 0.42721462]
 [0.77956617 0.04161553 0.17881829]
 [0.05351482 0.23687416 0.709611  ]
 [0.34164664 0.01674977 0.6416036 ]]
probabilities: [[1. 0. 0.]
 [1. 0. 0.]
 [1. 0. 0.]
 [1. 0. 0.]
 [1. 0. 0.]]
probabilities: [[0.21684209 0.73870313 0.0444548 ]
 [0.1640367  0.4706827  0.3652806 ]
 [0.23512925 0.27637506 0.4884957 ]
 [0.16869366 0.5050495  0.32625678]
 [0.0412061  0.11803128 0.8407626 ]]
probabilities: [[0.00123573 0.36273232 0.6360319 ]
 [0.22363141 0.2750095  0.5013591 ]
 [0.84080315 0.03885803 0.12033881]
 [0.06299035 0.74202883 0.19498084]
 [0.1518532  0.6330701  0.21507668]]
probabilities: [[0.34827226 0.21452415 0.43720362]
 [0.2042707  0.3827052  0.4130241 ]
 [0.00577341 0.02181277 0.97241384]
 [0.36807907 0.5064952  0.12542577]
 [0.29128972 0.0130929  0.6956174 ]]
probabilities: [[0.23963627 0.35883173 0.401532  ]
 [0.39956856 0.3996863  0.2007451 ]
 [0.0967798  0.6348777  0.26834252]
 [0.15103276 0.43549386 0.4134734 ]
 [0.22007857 0.6206095  0.1593119 ]]
probabilities: [[0.5222714  0.31237173 0.16535686]
 [0.23451833 0.28957957 0.4759021 ]
 [0.49457988 0.08654428 0.41887584]
 [0.23065594 0.16107754 0.60826653]
 [0.42160112 0.4641928  0.11420606]]
probabilities: [[0. 1. 0.]
 [0. 1. 0.]
 [0. 1. 0.]
 [0. 1. 0.]
 [0. 1. 0.]]
probabilities: [[0.16022657 0.2731386  0.56663483]
 [0.05094372 0.5224515  0.42660475]
 [0.3955755  0.57897377 0.02545073]
 [0.5288195  0.20265181 0.2685287 ]
 [0.09388616 0.42341056 0.48270327]]
probabilities: [[0.34232858 0.5985846  0.05908681]
 [0.05730453 0.42195803 0.5207374 ]
 [0.2921572  0.22083297 0.48700982]
 [0.25979042 0.15295146 0.5872581 ]
 [0.5570235  0.30114767 0.14182879]]
probabilities: [[0.53093076 0.07285196 0.39621732]
 [0.8607678  0.12015208 0.01908013]
 [0.49116346 0.22667955 0.28215697]
 [0.6327804  0.34925362 0.01796599]
 [0.6775913  0.14723796 0.1751707 ]]
probabilities: [[0.41357672 0.520493   0.06593029]
 [0.0653437  0.30494547 0.62971085]
 [0.74324495 0.12073134 0.13602372]
 [0.78121185 0.02301144 0.19577669]
 [0.05403944 0.7282356  0.21772498]]
probabilities: [[0.10407127 0.54386127 0.35206747]
 [0.27299958 0.40803045 0.31896996]
 [0.74187297 0.00342877 0.2546983 ]
 [0.2733528  0.649314   0.07733319]
 [0.16767721 0.507331   0.32499176]]
probabilities: [[0. 1. 0.]
 [0. 1. 0.]
 [0. 1. 0.]
 [0. 1. 0.]
 [0. 1. 0.]]
probabilities: [[0.3540783  0.41424468 0.23167701]
 [0.750712   0.21919216 0.03009585]
 [0.5188758  0.15633287 0.32479137]
 [0.3863151  0.10492072 0.5087642 ]
 [0.06433223 0.3432996  0.5923682 ]]
probabilities: [[0.02371822 0.24257295 0.7337088 ]
 [0.8616778  0.02194644 0.11637575]
 [0.03230548 0.36538923 0.6023053 ]
 [0.21942121 0.6439572  0.13662161]
 [0.20680867 0.13903303 0.6541583 ]]
probabilities: [[0.55673003 0.21659254 0.22667745]
 [0.04366917 0.34454268 0.61178815]
 [0.76223487 0.15965413 0.07811098]
 [0.42606303 0.21775907 0.3561779 ]
 [0.62508905 0.13790676 0.23700422]]
probabilities: [[0.4307273  0.18764378 0.3816289 ]
 [0.1383242  0.21606669 0.6456091 ]
 [0.3983256  0.40982783 0.1918466 ]
 [0.4822118  0.02537478 0.49241343]
 [0.55741775 0.15745762 0.28512466]]
probabilities: [[0.34135264 0.17819616 0.4804512 ]
 [0.6421416  0.1833346  0.17452383]
 [0.31345958 0.55759656 0.12894389]
 [0.12471135 0.21575446 0.6595342 ]
 [0.2917187  0.39684036 0.31144094]]
probabilities: [[1. 0. 0.]
 [1. 0. 0.]
 [1. 0. 0.]
 [1. 0. 0.]
 [1. 0. 0.]]
probabilities: [[9.7196646e-02 2.7530658e-01 6.2749678e-01]
 [3.4796923e-01 1.7443086e-05 6.5201330e-01]
 [8.9719045e-01 8.5236534e-02 1.7573033e-02]
 [4.8503760e-01 1.8045029e-01 3.3451211e-01]
 [7.8391773e-01 1.3598605e-01 8.0096200e-02]]
probabilities: [[0.32110474 0.11876316 0.56013215]
 [0.41248322 0.21223696 0.3752798 ]
 [0.05985016 0.33642343 0.60372645]
 [0.37500918 0.13547646 0.48951438]
 [0.22432424 0.55942553 0.2162502 ]]
probabilities: [[0.16306323 0.17257321 0.66436356]
 [0.44458324 0.4417469  0.11366986]
 [0.08851749 0.40899312 0.5024894 ]
 [0.00779598 0.48268688 0.50951713]
 [0.43513307 0.5280749  0.03679198]]
probabilities: [[0.16652618 0.28626877 0.54720503]
 [0.31257978 0.33098212 0.3564381 ]
 [0.28762552 0.61770254 0.09467193]
 [0.6060711  0.24878658 0.14514229]
 [0.4889991  0.38336658 0.12763433]]
probabilities: [[0.364515   0.44503626 0.19044875]
 [0.05127455 0.82420874 0.1245167 ]
 [0.57233655 0.2840013  0.14366212]
 [0.9127022  0.02298345 0.06431434]
 [0.56020856 0.02543188 0.41435954]]
probabilities: [[0. 0. 1.]
 [0. 1. 0.]
 [0. 0. 1.]
 [0. 0. 1.]
 [0. 0. 1.]]
probabilities: [[0.22731587 0.60624707 0.16643707]
 [0.74405307 0.06369351 0.19225346]
 [0.25305337 0.5763468  0.17059977]
 [0.5041175  0.48880562 0.00707688]
 [0.45577976 0.21396166 0.33025858]]
probabilities: [[0.0887436  0.41938952 0.4918669 ]
 [0.28653944 0.5798872  0.13357332]
 [0.28576827 0.23998742 0.47424433]
 [0.24527447 0.6335665  0.12115904]
 [0.8259328  0.01435706 0.15971012]]
probabilities: [[0.02147043 0.793589   0.18494056]
 [0.6515062  0.24851428 0.09997951]
 [0.52124834 0.3411436  0.13760808]
 [0.35540697 0.16337435 0.48121867]
 [0.01920377 0.5481325  0.43266377]]
probabilities: [[0.3196923  0.14531839 0.5349893 ]
 [0.15087089 0.40533897 0.44379014]
 [0.49322277 0.05441123 0.452366  ]
 [0.4267221  0.41997486 0.15330304]
 [0.4726747  0.06114807 0.46617723]]
probabilities: [[0.07647796 0.20595601 0.717566  ]
 [0.5167004  0.1286261  0.3546735 ]
 [0.04218107 0.76764643 0.1901725 ]
 [0.26873574 0.16963533 0.56162894]
 [0.05903259 0.64495844 0.29600894]]
probabilities: [[0. 1. 0.]
 [0. 1. 0.]
 [0. 1. 0.]
 [0. 1. 0.]
 [0. 1. 0.]]
probabilities: [[0.27932543 0.23083788 0.4898367 ]
 [0.17887633 0.8171626  0.00396113]
 [0.6879831  0.20508125 0.10693563]
 [0.07404386 0.18059157 0.7453646 ]
 [0.36543837 0.03083541 0.6037262 ]]
probabilities: [[0.38056815 0.45794904 0.16148283]
 [0.16273828 0.18109006 0.6561717 ]
 [0.24994825 0.46514547 0.2849063 ]
 [0.23885617 0.73132163 0.02982217]
 [0.1806681  0.48129657 0.33803535]]
probabilities: [[0.27107224 0.39128682 0.33764097]
 [0.40503687 0.57804143 0.01692173]
 [0.15306014 0.7803337  0.06660613]
 [0.1101077  0.5366251  0.35326722]
 [0.01088018 0.24882558 0.7402942 ]]
probabilities: [[0.1746368  0.5993935  0.22596972]
 [0.17980511 0.27872476 0.5414701 ]
 [0.5658313  0.24627401 0.18789469]
 [0.01644764 0.9096411  0.07391129]
 [0.5298008  0.26132014 0.20887907]]
probabilities: [[0.07636391 0.01354258 0.9100935 ]
 [0.4050666  0.5132173  0.08171614]
 [0.00870862 0.5676485  0.42364287]
 [0.09862094 0.00699061 0.89438844]
 [0.48556486 0.13921717 0.37521794]]
probabilities: [[1. 0. 0.]
 [1. 0. 0.]
 [1. 0. 0.]
 [1. 0. 0.]
 [1. 0. 0.]]
probabilities: [[0.37480217 0.49129856 0.13389929]
 [0.4171836  0.12271641 0.46009997]
 [0.8032404  0.01601791 0.1807417 ]
 [0.16896543 0.3789047  0.45212984]
 [0.04718048 0.20800604 0.7448135 ]]
probabilities: [[0.6126303  0.08465922 0.30271044]
 [0.25694484 0.1739137  0.56914145]
 [0.35161498 0.6182661  0.03011891]
 [0.6775831  0.3167263  0.00569065]
 [0.158409   0.21852073 0.6230703 ]]
probabilities: [[0.3413633  0.14444403 0.51419264]
 [0.2888792  0.12135278 0.58976805]
 [0.59938073 0.29310825 0.10751104]
 [0.6164386  0.11618581 0.2673756 ]
 [0.06599755 0.542087   0.39191544]]
probabilities: [[0.34670547 0.6300775  0.02321704]
 [0.08179811 0.06118384 0.85701805]
 [0.3913092  0.15806915 0.45062166]
 [0.12617907 0.2572752  0.61654574]
 [0.23265302 0.62603515 0.14131181]]
probabilities: [[0.6314124  0.32768342 0.04090418]
 [0.48892656 0.09741941 0.41365403]
 [0.7704845  0.04368889 0.1858266 ]
 [0.4190213  0.48913872 0.09183998]
 [0.29761425 0.5528462  0.14953957]]
probabilities: [[0. 0. 1.]
 [0. 1. 0.]
 [0. 0. 1.]
 [0. 0. 1.]
 [0. 0. 1.]]
probabilities: [[0.8448901  0.12548181 0.02962805]
 [0.08149223 0.28410253 0.63440526]
 [0.07968065 0.46357882 0.45674053]
 [0.10595953 0.22271086 0.6713296 ]
 [0.05557901 0.76219344 0.18222758]]
probabilities: [[0.3777918  0.5827408  0.03946744]
 [0.802531   0.18378618 0.0136828 ]
 [0.12629108 0.49479118 0.37891772]
 [0.23412432 0.18515015 0.58072555]
 [0.48800182 0.41196257 0.10003562]]
probabilities: [[0.2845168  0.18856762 0.52691555]
 [0.00405599 0.19080494 0.80513906]
 [0.24475345 0.484732   0.27051455]
 [0.36974648 0.54620755 0.084046  ]
 [0.8366975  0.03435824 0.12894425]]
probabilities: [[0.706705   0.05901713 0.23427789]
 [0.01422371 0.42138472 0.56439155]
 [0.13380398 0.4586152  0.4075808 ]
 [0.12596273 0.4534919  0.42054537]
 [0.68632936 0.07242861 0.24124204]]
probabilities: [[0.25517738 0.13900377 0.60581887]
 [0.18682447 0.60530186 0.20787367]
 [0.2921373  0.3603685  0.34749418]
 [0.79424447 0.15107828 0.05467722]
 [0.52420694 0.42735195 0.04844113]]
probabilities: [[1. 0. 0.]
 [1. 0. 0.]
 [1. 0. 0.]
 [1. 0. 0.]
 [1. 0. 0.]]
probabilities: [[0.2124252  0.37343928 0.41413552]
 [0.23280153 0.41290942 0.35428905]
 [0.05729333 0.3148593  0.6278474 ]
 [0.6666887  0.07756151 0.25574982]
 [0.34483567 0.41208908 0.24307525]]
probabilities: [[0.40284723 0.5586551  0.03849767]
 [0.0455211  0.40268707 0.55179185]
 [0.4594634  0.25636485 0.2841718 ]
 [0.04199339 0.3969346  0.561072  ]
 [0.38922605 0.05955319 0.5512208 ]]
probabilities: [[0.13646965 0.8376347  0.02589567]
 [0.15539974 0.6662177  0.17838259]
 [0.39826858 0.5370286  0.06470285]
 [0.13378079 0.02166842 0.8445508 ]
 [0.47646672 0.09745708 0.4260762 ]]
probabilities: [[0.09308534 0.7348483  0.17206635]
 [0.7879076  0.18675119 0.02534119]
 [0.38142174 0.60732096 0.01125728]
 [0.13862172 0.30436862 0.5570097 ]
 [0.37736985 0.5077655  0.11486465]]
probabilities: [[0.5717562  0.17232741 0.2559164 ]
 [0.5829615  0.2317903  0.18524818]
 [0.04402672 0.6027236  0.3532497 ]
 [0.26520082 0.6651447  0.06965447]
 [0.1725769  0.609463   0.2179601 ]]
probabilities: [[0. 0. 1.]
 [0. 1. 0.]
 [0. 0. 1.]
 [0. 0. 1.]
 [0. 0. 1.]]
probabilities: [[0.663501   0.32147983 0.01501914]
 [0.171529   0.11747438 0.7109966 ]
 [0.13573995 0.82383895 0.04042109]
 [0.07020127 0.8365722  0.09322659]
 [0.37286323 0.18266636 0.4444704 ]]
probabilities: [[0.04147814 0.4475915  0.51093036]
 [0.20435356 0.42008317 0.37556326]
 [0.33245796 0.20809263 0.45944944]
 [0.599035   0.33815917 0.06280583]
 [0.02159784 0.7022819  0.27612028]]
probabilities: [[0.0818335  0.54667205 0.37149444]
 [0.00822813 0.80938125 0.18239062]
 [0.47227532 0.3522958  0.17542888]
 [0.37709463 0.55727077 0.0656346 ]
 [0.5424201  0.05306714 0.4045128 ]]
probabilities: [[0.16137132 0.21647213 0.62215656]
 [0.28356922 0.69505954 0.02137122]
 [0.14209652 0.24642387 0.6114796 ]
 [0.08976076 0.14423512 0.76600415]
 [0.4392751  0.04248202 0.5182429 ]]
probabilities: [[0.79876274 0.14460965 0.05662762]
 [0.82199776 0.10094364 0.07705861]
 [0.7292823  0.14205998 0.12865771]
 [0.17477311 0.36714217 0.4580847 ]
 [0.40515682 0.40224835 0.19259483]]
probabilities: [[0. 0. 1.]
 [0. 1. 0.]
 [0. 1. 0.]
 [0. 0. 1.]
 [0. 0. 1.]]
probabilities: [[0.8878247  0.05465962 0.0575157 ]
 [0.56992376 0.39133415 0.03874212]
 [0.59848475 0.00807916 0.39343604]
 [0.09472924 0.5527254  0.35254538]
 [0.13089898 0.03019563 0.8389054 ]]
probabilities: [[1.5245426e-04 9.4848834e-02 9.0499872e-01]
 [5.7104323e-02 6.0747480e-01 3.3542085e-01]
 [7.0547289e-01 2.9216278e-01 2.3643447e-03]
 [5.9543949e-02 6.8155873e-01 2.5889733e-01]
 [4.8263887e-01 2.3744227e-01 2.7991888e-01]]
probabilities: [[0.45820355 0.11820655 0.42358992]
 [0.01269629 0.14237338 0.84493035]
 [0.04028761 0.30602747 0.6536849 ]
 [0.9031588  0.06512593 0.03171529]
 [0.3378414  0.6013082  0.06085039]]
probabilities: [[0.11936259 0.49272162 0.3879158 ]
 [0.31244773 0.0274057  0.6601466 ]
 [0.21798815 0.24305642 0.53895545]
 [0.5610861  0.269095   0.1698189 ]
 [0.00261023 0.20519297 0.7921968 ]]
probabilities: [[0.52338666 0.13401435 0.34259897]
 [0.52978367 0.00792164 0.46229467]
 [0.54970783 0.30336577 0.1469264 ]
 [0.37339604 0.60269177 0.02391218]
 [0.2757629  0.00566354 0.7185736 ]]
probabilities: [[1. 0. 0.]
 [1. 0. 0.]
 [1. 0. 0.]
 [1. 0. 0.]
 [1. 0. 0.]]
probabilities: [[0.33526155 0.06378171 0.60095674]
 [0.12415262 0.03554878 0.8402986 ]
 [0.10831595 0.271907   0.6197771 ]
 [0.31797042 0.49959773 0.18243183]
 [0.20856339 0.61906224 0.17237438]]
probabilities: [[0.19053061 0.38262448 0.4268449 ]
 [0.3654701  0.58517957 0.04935029]
 [0.02217622 0.5141344  0.4636894 ]
 [0.2239751  0.214573   0.5614519 ]
 [0.01005859 0.91246116 0.07748025]]
probabilities: [[0.2966955  0.11498725 0.5883173 ]
 [0.16058742 0.6264344  0.21297817]
 [0.5198696  0.36818472 0.11194567]
 [0.09031945 0.37416968 0.53551084]
 [0.20265734 0.16698664 0.630356  ]]
probabilities: [[0.71744245 0.24859369 0.03396387]
 [0.16896184 0.5938002  0.23723798]
 [0.06947688 0.21357605 0.7169471 ]
 [0.01390139 0.24361897 0.7424796 ]
 [0.04148858 0.2459659  0.7125455 ]]
probabilities: [[7.2272032e-01 2.4634655e-01 3.0933117e-02]
 [1.0931620e-01 3.1078610e-04 8.9037299e-01]
 [3.3412459e-01 1.5820692e-01 5.0766850e-01]
 [4.0719113e-01 2.7019256e-01 3.2261634e-01]
 [1.5192015e-01 7.8401613e-01 6.4063735e-02]]
probabilities: [[0. 1. 0.]
 [0. 1. 0.]
 [0. 1. 0.]
 [0. 1. 0.]
 [0. 1. 0.]]
probabilities: [[0.24489808 0.53957    0.21553192]
 [0.04153161 0.5919656  0.36650276]
 [0.14541158 0.40525296 0.44933546]
 [0.38716665 0.0580895  0.5547438 ]
 [0.13129652 0.01650282 0.8522007 ]]
probabilities: [[0.6302036  0.00774758 0.3620488 ]
 [0.1658071  0.32108542 0.5131075 ]
 [0.36180443 0.34452242 0.29367313]
 [0.45149904 0.35858363 0.18991733]
 [0.72413033 0.12871835 0.14715134]]
probabilities: [[0.26557904 0.18875751 0.5456634 ]
 [0.3650388  0.6168768  0.01808441]
 [0.1972563  0.23852594 0.56421775]
 [0.41030475 0.27826864 0.3114266 ]
 [0.4553178  0.39105332 0.15362887]]
probabilities: [[0.29239652 0.44439623 0.26320726]
 [0.512468   0.02280907 0.46472296]
 [0.5559769  0.39421073 0.04981231]
 [0.02789482 0.19174738 0.7803578 ]
 [0.05873403 0.7117793  0.22948666]]
probabilities: [[0.3086121  0.33537847 0.35600945]
 [0.227976   0.5796101  0.1924139 ]
 [0.56042916 0.09073564 0.34883517]
 [0.36410493 0.11938952 0.51650554]
 [0.8072913  0.03521575 0.15749294]]
probabilities: [[1. 0. 0.]
 [1. 0. 0.]
 [1. 0. 0.]
 [1. 0. 0.]
 [1. 0. 0.]]
probabilities: [[0.1211727  0.31167737 0.56714994]
 [0.0124015  0.35472196 0.6328765 ]
 [0.27164513 0.22832741 0.5000275 ]
 [0.20085512 0.04798894 0.751156  ]
 [0.06864296 0.22724369 0.70411336]]
probabilities: [[0.49130636 0.16713814 0.3415555 ]
 [0.11850069 0.51571906 0.36578026]
 [0.41724494 0.05733556 0.5254195 ]
 [0.01122896 0.18035455 0.8084165 ]
 [0.09649872 0.5152455  0.38825577]]
probabilities: [[0.554739   0.20046513 0.24479586]
 [0.23301241 0.2579274  0.5090602 ]
 [0.71612954 0.24637252 0.03749792]
 [0.23185435 0.6103682  0.15777746]
 [0.27358425 0.47952783 0.24688792]]
probabilities: [[0.12053704 0.10742819 0.77203476]
