probabilities: [[1. 0. 0.]
 [1. 0. 0.]
 [1. 0. 0.]
 [1. 0. 0.]
 [1. 0. 0.]]
probabilities: [[0.05813481 0.65618616 0.28567904]
 [0.05295273 0.79518324 0.151864  ]
 [0.63665175 0.12959847 0.23374976]
 [0.08750055 0.45196646 0.460533  ]
 [0.26801026 0.5210648  0.21092492]]
probabilities: [[0.08768238 0.35822093 0.5540967 ]
 [0.540751   0.41364047 0.04560856]
 [0.15673813 0.49264488 0.350617  ]
 [0.43375972 0.20171128 0.364529  ]
 [0.02307246 0.07934136 0.89758617]]
probabilities: [[0.58200246 0.3101313  0.10786622]
 [0.24643947 0.35554746 0.3980131 ]
 [0.6312251  0.04472525 0.32404968]
 [0.00608968 0.66414577 0.32976452]
 [0.3467214  0.2714454  0.38183317]]
probabilities: [[0. 0. 1.]
 [0. 1. 0.]
 [0. 1. 0.]
 [0. 0. 1.]
 [0. 0. 1.]]
probabilities: [[0.12510666 0.7158715  0.1590218 ]
 [0.19094667 0.70741576 0.10163756]
 [0.28985253 0.372346   0.33780146]
 [0.54413253 0.24911623 0.20675121]
 [0.2732428  0.4924608  0.23429641]]
probabilities: [[0.3367078  0.21543957 0.44785264]
 [0.54236984 0.2522904  0.20533974]
 [0.09817702 0.62744737 0.27437565]
 [0.13252363 0.83187    0.03560635]
 [0.73101586 0.19988593 0.0690982 ]]
probabilities: [[0.40180975 0.4371126  0.16107763]
 [0.51992583 0.2736373  0.2064369 ]
 [0.7189101  0.22404084 0.05704907]
 [0.33428788 0.2301532  0.43555894]
 [0.08855441 0.89697504 0.01447055]]
probabilities: [[1. 0. 0.]
 [1. 0. 0.]
 [1. 0. 0.]
 [1. 0. 0.]
 [1. 0. 0.]]
probabilities: [[0.09656617 0.14087725 0.7625566 ]
 [0.1614828  0.13344145 0.70507574]
 [0.60996205 0.31328362 0.07675432]
 [0.5791717  0.37711778 0.0437105 ]
 [0.21250822 0.31048805 0.47700375]]
probabilities: [[0.20204476 0.05042056 0.7475347 ]
 [0.00438962 0.9748314  0.02077896]
 [0.15936624 0.8205173  0.02011647]
 [0.4654265  0.32034713 0.21422635]
 [0.20048606 0.46998045 0.3295335 ]]
probabilities: [[0.6005501  0.05021455 0.34923533]
 [0.29051566 0.4260124  0.28347194]
 [0.14757772 0.17258665 0.6798356 ]
 [0.11994255 0.8261363  0.05392117]
 [0.21273482 0.7466883  0.04057689]]
probabilities: [[0. 0. 1.]
 [0. 1. 0.]
 [0. 0. 1.]
 [0. 0. 1.]
 [0. 0. 1.]]
probabilities: [[0.08182892 0.7598503  0.15832075]
 [0.19969055 0.30519852 0.49511093]
 [0.07471581 0.52241164 0.40287256]
 [0.26306552 0.0398477  0.69708675]
 [0.19326292 0.12626205 0.680475  ]]
probabilities: [[0.28962514 0.61116743 0.09920745]
 [0.44269264 0.13617603 0.42113134]
 [0.1129738  0.29014525 0.596881  ]
 [0.5485038  0.13086747 0.3206287 ]
 [0.59265685 0.23443782 0.17290531]]
probabilities: [[0.21268882 0.3274317  0.45987946]
 [0.09379523 0.8791118  0.02709294]
 [0.25687987 0.03823833 0.7048818 ]
 [0.46403342 0.16178174 0.37418485]
 [0.44303325 0.5534792  0.00348756]]
probabilities: [[0. 0. 1.]
 [0. 1. 0.]
 [0. 0. 1.]
 [0. 0. 1.]
 [0. 0. 1.]]
probabilities: [[0.4107108  0.25429344 0.33499575]
 [0.03717253 0.2688875  0.69394   ]
 [0.4296388  0.16384082 0.4065204 ]
 [0.3266366  0.4672809  0.20608251]
 [0.34577233 0.31302482 0.34120288]]
probabilities: [[0.10232437 0.32785335 0.5698223 ]
 [0.04494824 0.07941157 0.8756402 ]
 [0.47341868 0.3317235  0.1948578 ]
 [0.41278276 0.28610313 0.3011141 ]
 [0.5250431  0.40903226 0.06592469]]
probabilities: [[0.2497882  0.7265351  0.02367673]
 [0.54874694 0.141564   0.30968907]
 [0.00667537 0.12013315 0.8731915 ]
 [0.43918234 0.37276956 0.1880481 ]
 [0.4938086  0.48617783 0.02001357]]
probabilities: [[1. 0. 0.]
 [1. 0. 0.]
 [1. 0. 0.]
 [1. 0. 0.]
 [1. 0. 0.]]
probabilities: [[0.18338124 0.07138414 0.7452346 ]
 [0.21391395 0.10241999 0.68366605]
 [0.01674127 0.18229291 0.80096585]
 [0.01300657 0.760976   0.22601742]
 [0.14029998 0.13452853 0.7251715 ]]
probabilities: [[0.07973566 0.43723875 0.48302558]
 [0.16698462 0.07244816 0.7605672 ]
 [0.52041537 0.05335338 0.42623127]
 [0.880506   0.00643216 0.11306185]
 [0.2184058  0.55679953 0.22479466]]
probabilities: [[0.25370148 0.4848635  0.26143503]
 [0.06943017 0.6453114  0.28525838]
 [0.48503587 0.00721523 0.5077489 ]
 [0.3972576  0.559047   0.04369541]
 [0.18124653 0.06434703 0.75440645]]
probabilities: [[0. 0. 1.]
 [0. 1. 0.]
 [0. 1. 0.]
 [0. 0. 1.]
 [0. 0. 1.]]
probabilities: [[0.51237506 0.33085492 0.15677   ]
 [0.34482318 0.36187962 0.2932972 ]
 [0.6988184  0.07622732 0.22495428]
 [0.106213   0.5747052  0.31908178]
 [0.02887707 0.82332695 0.14779599]]
probabilities: [[0.3185832  0.07475371 0.6066631 ]
 [0.67636234 0.26079836 0.06283931]
 [0.32538545 0.13826652 0.53634804]
 [0.17907545 0.5342977  0.28662688]
 [0.12468661 0.7360215  0.13929187]]
probabilities: [[0.30266052 0.5393048  0.15803465]
 [0.20979902 0.19085348 0.59934753]
 [0.03839089 0.0272629  0.9343462 ]
 [0.2864231  0.46593118 0.24764574]
 [0.36086932 0.33505976 0.30407092]]
probabilities: [[0. 0. 1.]
 [0. 1. 0.]
 [0. 1. 0.]
 [0. 0. 1.]
 [0. 0. 1.]]
probabilities: [[0.4313688  0.03382666 0.5348045 ]
 [0.39914528 0.4636501  0.13720462]
 [0.35219088 0.49537525 0.1524339 ]
 [0.07406613 0.35717478 0.5687591 ]
 [0.7975743  0.14237964 0.06004609]]
probabilities: [[0.5421015  0.2510145  0.20688398]
 [0.25463253 0.7183917  0.02697576]
 [0.52667725 0.37869215 0.09463059]
 [0.1680652  0.2416479  0.5902869 ]
 [0.85306615 0.08321874 0.06371513]]
probabilities: [[0.66924155 0.21071252 0.12004591]
 [0.2806256  0.21192901 0.5074454 ]
 [0.48614746 0.25875333 0.2550992 ]
 [0.22841844 0.23941629 0.5321653 ]
 [0.7948267  0.14184092 0.06333237]]
probabilities: [[1. 0. 0.]
 [1. 0. 0.]
 [1. 0. 0.]
 [1. 0. 0.]
 [1. 0. 0.]]
probabilities: [[0.32389212 0.6585671  0.01754083]
 [0.01187942 0.8376848  0.15043576]
 [0.35094273 0.5751947  0.07386255]
 [0.4152772  0.4349926  0.14973019]
 [0.08602799 0.62257195 0.29140007]]
probabilities: [[0.04176265 0.8798182  0.07841913]
 [0.75076234 0.04003548 0.2092022 ]
 [0.14470218 0.01321507 0.84208274]
 [0.7709039  0.02210694 0.20698918]
 [0.6419823  0.00582855 0.35218915]]
probabilities: [[0.00307943 0.63167375 0.36524683]
 [0.23594302 0.17445734 0.5895996 ]
 [0.4306421  0.04731558 0.52204233]
 [0.83964473 0.15923312 0.00112214]
 [0.05626843 0.29336128 0.6503703 ]]
probabilities: [[0. 1. 0.]
 [0. 1. 0.]
 [0. 1. 0.]
 [0. 1. 0.]
 [0. 1. 0.]]
probabilities: [[0.34024483 0.3769414  0.28281376]
 [0.51281184 0.24186611 0.24532205]
 [0.2319853  0.18256612 0.58544856]
 [0.51874834 0.34135854 0.13989313]
 [0.5019862  0.26325738 0.23475638]]
probabilities: [[0.09866321 0.32910427 0.57223254]
 [0.1760352  0.17341997 0.6505448 ]
 [0.09378776 0.19674385 0.70946836]
 [0.2484452  0.36042637 0.39112845]
 [0.6409281  0.3283109  0.03076099]]
probabilities: [[0.08333658 0.52432877 0.39233464]
 [0.19418387 0.4144312  0.3913849 ]
 [0.06444422 0.60099494 0.33456084]
 [0.15055731 0.49530795 0.35413474]
 [0.01789075 0.5084912  0.47361803]]
probabilities: [[0. 0. 1.]
 [0. 1. 0.]
 [0. 0. 1.]
 [0. 0. 1.]
 [0. 0. 1.]]
probabilities: [[0.33374885 0.65558344 0.01066772]
 [0.15858185 0.2008912  0.64052695]
 [0.11549145 0.46570417 0.41880438]
 [0.6419237  0.02327276 0.33480352]
 [0.21083435 0.17228656 0.6168791 ]]
probabilities: [[0.3540621  0.38147792 0.26445997]
 [0.3504187  0.10860704 0.54097426]
 [0.44096482 0.03085253 0.5281826 ]
 [0.00740029 0.96088874 0.03171096]
 [0.12096044 0.15778229 0.72125727]]
probabilities: [[0.4849853  0.3572577  0.157757  ]
 [0.0537086  0.2777065  0.6685849 ]
 [0.77722627 0.01612216 0.20665157]
 [0.39775193 0.08545254 0.5167955 ]
 [0.8287219  0.05204076 0.11923736]]
probabilities: [[1. 0. 0.]
 [1. 0. 0.]
 [1. 0. 0.]
 [1. 0. 0.]
 [1. 0. 0.]]
probabilities: [[0.22640225 0.19681118 0.5767866 ]
 [0.13767953 0.25700378 0.6053167 ]
 [0.06110488 0.7023455  0.23654962]
 [0.6360624  0.2536176  0.11032002]
 [0.02558494 0.5776803  0.39673477]]
probabilities: [[0.00537182 0.5035272  0.49110094]
 [0.00698182 0.0086428  0.98437536]
 [0.01752318 0.19335665 0.7891202 ]
 [0.09352037 0.4292563  0.47722334]
 [0.08655599 0.5246104  0.38883364]]
probabilities: [[0.5072911  0.02548335 0.46722558]
 [0.17689645 0.4064529  0.41665065]
 [0.31586736 0.21338134 0.4707513 ]
 [0.7600337  0.11034331 0.12962298]
 [0.34428552 0.1460926  0.50962186]]
probabilities: [[1. 0. 0.]
 [1. 0. 0.]
 [1. 0. 0.]
 [1. 0. 0.]
 [1. 0. 0.]]
probabilities: [[0.8227341  0.02501406 0.1522518 ]
 [0.76539123 0.10904539 0.1255634 ]
 [0.03473442 0.92267144 0.04259416]
 [0.04634386 0.69374084 0.2599153 ]
 [0.21901149 0.01832564 0.7626629 ]]
probabilities: [[0.24197435 0.7215269  0.03649873]
 [0.6751021  0.06700874 0.25788915]
 [0.53198886 0.09183497 0.37617615]
 [0.15336037 0.35884732 0.4877923 ]
 [0.22486678 0.7578683  0.01726492]]
probabilities: [[0.31421837 0.65164363 0.03413801]
 [0.38276076 0.5603932  0.05684603]
 [0.3179482  0.10171492 0.58033687]
 [0.32386228 0.14879443 0.5273433 ]
 [0.08412156 0.675185   0.24069339]]
probabilities: [[0. 1. 0.]
 [0. 1. 0.]
 [0. 1. 0.]
 [0. 1. 0.]
 [0. 1. 0.]]
probabilities: [[0.50143456 0.30633408 0.19223136]
 [0.31317616 0.6774733  0.00935054]
 [0.42776966 0.0611474  0.51108295]
 [0.2223114  0.46955848 0.30813012]
 [0.18258362 0.03417278 0.7832436 ]]
probabilities: [[0.70388234 0.10602891 0.19008873]
 [0.24012578 0.5706935  0.18918072]
 [0.53865576 0.08309411 0.37825012]
 [0.06641082 0.64048743 0.29310173]
 [0.71111125 0.27107793 0.01781085]]
probabilities: [[0.2506825  0.38129893 0.36801857]
 [0.32430246 0.5549992  0.12069838]
 [0.81657255 0.00815217 0.17527527]
 [0.66909987 0.27385765 0.05704247]
 [0.06974353 0.56625104 0.36400545]]
probabilities: [[1. 0. 0.]
 [1. 0. 0.]
 [1. 0. 0.]
 [1. 0. 0.]
 [1. 0. 0.]]
probabilities: [[0.23453896 0.16607761 0.5993834 ]
 [0.2233209  0.7263186  0.05036049]
 [0.01057743 0.21311778 0.7763048 ]
 [0.07411969 0.76768446 0.15819588]
 [0.43906435 0.13525125 0.4256844 ]]
probabilities: [[0.6252043  0.03974611 0.3350496 ]
 [0.341862   0.35826564 0.29987234]
 [0.5877233  0.2188334  0.1934433 ]
 [0.0229386  0.3990104  0.57805103]
 [0.32737833 0.31705943 0.35556224]]
probabilities: [[0.0673213  0.22615103 0.70652765]
 [0.05044752 0.19561385 0.7539386 ]
 [0.50220025 0.43542457 0.06237515]
 [0.33437276 0.20227699 0.46335024]
 [0.5618181  0.0186509  0.419531  ]]
probabilities: [[0. 1. 0.]
 [0. 1. 0.]
 [0. 1. 0.]
 [0. 1. 0.]
 [0. 1. 0.]]
probabilities: [[0.21112868 0.41462404 0.37424728]
 [0.7110633  0.01482488 0.2741118 ]
 [0.19785807 0.78473616 0.01740575]
 [0.3886405  0.49549773 0.11586177]
 [0.4100303  0.22811702 0.36185268]]
probabilities: [[0.63577324 0.07296459 0.29126215]
 [0.33045107 0.2804499  0.38909903]
 [0.03225743 0.10236883 0.86537373]
 [0.2615682  0.04982726 0.68860453]
 [0.15015368 0.28970528 0.560141  ]]
probabilities: [[0.02713924 0.06116306 0.9116977 ]
 [0.12982312 0.3186199  0.55155694]
 [0.04587809 0.6868239  0.26729804]
 [0.04113849 0.21332493 0.74553657]
 [0.1707332  0.37029782 0.45896897]]
probabilities: [[1. 0. 0.]
 [1. 0. 0.]
 [1. 0. 0.]
 [1. 0. 0.]
 [1. 0. 0.]]
probabilities: [[0.4144921  0.39597973 0.18952817]
 [0.1613718  0.6440024  0.19462584]
 [0.2810386  0.6931998  0.02576155]
 [0.3808314  0.23467486 0.38449374]
 [0.8968925  0.00816982 0.09493771]]
probabilities: [[0.04549245 0.5786919  0.37581566]
 [0.0171024  0.16557495 0.8173227 ]
 [0.71879154 0.20303798 0.0781705 ]
 [0.42201862 0.29618883 0.28179255]
 [0.6816228  0.17553674 0.14284047]]
probabilities: [[0.17110965 0.8214681  0.00742225]
 [0.2055541  0.5682033  0.22624266]
 [0.07624989 0.3003688  0.6233813 ]
 [0.53883624 0.12380982 0.33735394]
 [0.6717421  0.3175408  0.01071712]]
probabilities: [[1. 0. 0.]
 [1. 0. 0.]
 [1. 0. 0.]
 [1. 0. 0.]
 [1. 0. 0.]]
probabilities: [[0.76395714 0.12875287 0.10729001]
 [0.00932557 0.67768306 0.31299138]
 [0.54357946 0.40555274 0.05086778]
 [0.5549497  0.38242736 0.06262293]
 [0.30932996 0.17758362 0.51308644]]
probabilities: [[0.17772987 0.4787854  0.34348473]
 [0.5918418  0.03642733 0.37173086]
 [0.24406826 0.07886357 0.6770682 ]
 [0.38724715 0.5368062  0.07594661]
 [0.17946549 0.15842271 0.6621118 ]]
probabilities: [[0.42209607 0.36111087 0.21679308]
 [0.32890272 0.22225091 0.44884637]
 [0.6786109  0.05640101 0.26498806]
 [0.27702728 0.6676961  0.05527661]
 [0.3638802  0.62870675 0.00741308]]
probabilities: [[1. 0. 0.]
 [1. 0. 0.]
 [1. 0. 0.]
 [1. 0. 0.]
 [1. 0. 0.]]
probabilities: [[0.5647362  0.14486974 0.29039407]
 [0.25799316 0.24218285 0.499824  ]
 [0.402687   0.4889064  0.10840657]
 [0.36069816 0.08568582 0.55361605]
 [0.7097937  0.10082374 0.18938255]]
probabilities: [[0.612104   0.24337693 0.1445191 ]
 [0.51985013 0.2683697  0.21178016]
 [0.21728238 0.1190422  0.6636754 ]
 [0.31890652 0.6401288  0.04096471]
 [0.0974989  0.3562656  0.5462355 ]]
probabilities: [[0.17146333 0.6317309  0.19680578]
 [0.0999436  0.08792215 0.81213427]
 [0.07223763 0.02690789 0.90085447]
 [0.09892354 0.35845238 0.54262406]
 [0.08147057 0.7125902  0.20593923]]
probabilities: [[0. 1. 0.]
 [0. 1. 0.]
 [0. 1. 0.]
 [0. 1. 0.]
 [0. 1. 0.]]
probabilities: [[0.47642767 0.21518126 0.3083911 ]
 [0.8013615  0.18372186 0.01491665]
 [0.36311862 0.4614366  0.17544478]
 [0.78118366 0.0900778  0.12873852]
 [0.4450293  0.49003217 0.06493854]]
probabilities: [[0.10687507 0.04744582 0.8456791 ]
 [0.6025813  0.06463242 0.33278626]
 [0.30575025 0.59447503 0.09977469]
 [0.09299827 0.28802028 0.6189814 ]
 [0.3775757  0.24282558 0.37959874]]
probabilities: [[0.01372819 0.09534588 0.89092594]
 [0.13669424 0.5274646  0.33584112]
 [0.23626271 0.15652403 0.60721326]
 [0.14642234 0.67889625 0.17468138]
 [0.800171   0.06478287 0.1350461 ]]
probabilities: [[0. 0. 1.]
 [0. 1. 0.]
 [0. 0. 1.]
 [0. 0. 1.]
 [0. 0. 1.]]
probabilities: [[0.46666244 0.41068777 0.12264977]
 [0.16358855 0.02926234 0.8071491 ]
 [0.5714255  0.31943443 0.10914008]
 [0.09084857 0.8826138  0.02653764]
 [0.03006224 0.28632078 0.683617  ]]
probabilities: [[0.27183774 0.4665642  0.26159805]
 [0.27088913 0.59730405 0.13180682]
 [0.7587094  0.06476063 0.17653   ]
 [0.45772114 0.18801545 0.3542634 ]
 [0.10984172 0.3535797  0.5365786 ]]
probabilities: [[0.8179316  0.06330431 0.1187641 ]
 [0.5340048  0.44601792 0.01997729]
 [0.00390053 0.13318725 0.86291224]
 [0.04735438 0.82396615 0.12867947]
 [0.23227888 0.50812036 0.25960073]]
probabilities: [[1. 0. 0.]
 [1. 0. 0.]
 [1. 0. 0.]
 [1. 0. 0.]
 [1. 0. 0.]]
probabilities: [[0.23350014 0.4908481  0.27565175]
 [0.33810705 0.03240393 0.629489  ]
 [0.44202885 0.05242133 0.50554985]
 [0.62691605 0.05583051 0.3172534 ]
 [0.04266493 0.8795624  0.0777727 ]]
probabilities: [[0.3678393  0.18774548 0.44441524]
 [0.06162757 0.32712284 0.61124957]
 [0.77046543 0.21436308 0.01517149]
 [0.4892723  0.36443347 0.14629424]
 [0.16053832 0.64862806 0.19083366]]
probabilities: [[0.17980383 0.24720888 0.57298726]
 [0.5092008  0.33277267 0.15802652]
 [0.1265466  0.14254901 0.7309044 ]
 [0.6063794  0.23526393 0.15835667]
 [0.36724696 0.0751607  0.55759233]]
probabilities: [[0. 0. 1.]
 [0. 1. 0.]
 [0. 1. 0.]
 [0. 0. 1.]
 [0. 0. 1.]]
probabilities: [[0.30181295 0.6192302  0.07895683]
 [0.02021115 0.3024205  0.67736834]
 [0.14956342 0.23463364 0.61580294]
 [0.0257686  0.49372068 0.4805107 ]
 [0.50177765 0.4837404  0.01448196]]
probabilities: [[0.8745593  0.07362801 0.05181268]
 [0.22524525 0.16787726 0.6068775 ]
 [0.8109128  0.08231367 0.10677353]
 [0.6431196  0.1439254  0.21295506]
 [0.5943239  0.25655076 0.14912538]]
probabilities: [[0.21430244 0.5777181  0.20797952]
 [0.04977083 0.6533318  0.29689735]
 [0.26700357 0.00622874 0.72676766]
 [0.2657897  0.6148219  0.11938839]
 [0.01632891 0.12308477 0.86058635]]
probabilities: [[0. 0. 1.]
 [0. 1. 0.]
 [0. 1. 0.]
 [0. 0. 1.]
 [0. 0. 1.]]
probabilities: [[0.33869755 0.18057585 0.4807266 ]
 [0.22343974 0.1291869  0.6473734 ]
 [0.2625393  0.03267255 0.70478815]
 [0.40882298 0.10766032 0.4835167 ]
 [0.31452513 0.57891905 0.10655585]]
probabilities: [[0.01870088 0.96246314 0.01883599]
 [0.09201172 0.7196642  0.18832405]
 [0.54459894 0.23654161 0.21885946]
 [0.52717584 0.39235085 0.08047329]
 [0.6164745  0.35770905 0.02581646]]
probabilities: [[0.7706312  0.21473077 0.01463806]
 [0.11186086 0.01087013 0.877269  ]
 [0.53824854 0.3237168  0.13803467]
 [0.37113684 0.38648722 0.24237594]
 [0.16102418 0.26938954 0.5695863 ]]
probabilities: [[0. 0. 1.]
 [0. 1. 0.]
 [0. 0. 1.]
 [0. 0. 1.]
 [0. 0. 1.]]
probabilities: [[0.09657495 0.07051297 0.8329121 ]
 [0.5583353  0.19762188 0.2440428 ]
 [0.00243896 0.57491267 0.4226484 ]
 [0.4905687  0.17597923 0.33345205]
 [0.7321688  0.22746107 0.04037015]]
probabilities: [[0.11743144 0.18684934 0.69571924]
 [0.3331512  0.3300003  0.3368485 ]
 [0.12927054 0.04551902 0.82521045]
 [0.14861754 0.72308606 0.12829639]
 [0.72085243 0.10484055 0.174307  ]]
probabilities: [[0.76654977 0.19357431 0.03987592]
 [0.7427508  0.19371538 0.06353378]
 [0.08398128 0.5182332  0.39778554]
 [0.12351384 0.51134485 0.36514133]
 [0.62341833 0.04528602 0.33129567]]
probabilities: [[0. 0. 1.]
 [0. 1. 0.]
 [0. 0. 1.]
 [0. 0. 1.]
 [0. 0. 1.]]
probabilities: [[0.35109514 0.12389302 0.52501184]
 [0.4181739  0.21728079 0.36454532]
 [0.5575197  0.06676213 0.37571818]
 [0.44258147 0.20069715 0.35672137]
 [0.01409735 0.44362658 0.5422761 ]]
probabilities: [[0.3570611  0.09382812 0.54911083]
 [0.7356483  0.1490349  0.11531682]
 [0.27751875 0.14193402 0.5805472 ]
 [0.5816316  0.36203864 0.05632978]
 [0.6976724  0.29729623 0.00503137]]
probabilities: [[0.4469439  0.01925715 0.53379893]
 [0.82374734 0.13751914 0.03873354]
 [0.1131106  0.5395656  0.3473238 ]
 [0.68450075 0.10919319 0.20630608]
 [0.48970047 0.45685032 0.0534492 ]]
probabilities: [[1. 0. 0.]
 [1. 0. 0.]
 [1. 0. 0.]
 [1. 0. 0.]
 [1. 0. 0.]]
probabilities: [[0.7509939  0.1846425  0.06436359]
 [0.35240975 0.5167961  0.13079418]
 [0.02821346 0.6118907  0.35989588]
 [0.2790559  0.47950596 0.24143817]
 [0.72271156 0.1536     0.12368844]]
probabilities: [[0.17588454 0.38577008 0.43834537]
 [0.38893005 0.16277292 0.44829702]
 [0.43275368 0.5389544  0.02829193]
 [0.28594473 0.17607959 0.53797567]
 [0.19802631 0.7612821  0.04069158]]
probabilities: [[0.70989615 0.28410715 0.00599669]
 [0.09788485 0.5552652  0.34684995]
 [0.19825247 0.00211107 0.7996365 ]
 [0.02500682 0.8244854  0.15050776]
 [0.60066736 0.38950813 0.00982449]]
probabilities: [[0. 1. 0.]
 [0. 1. 0.]
 [0. 1. 0.]
 [0. 1. 0.]
 [0. 1. 0.]]
probabilities: [[0.5396207  0.0824528  0.3779265 ]
 [0.5429054  0.19581755 0.26127708]
 [0.43131056 0.0945121  0.47417733]
 [0.07666426 0.35967013 0.5636656 ]
 [0.5083833  0.14741802 0.34419873]]
probabilities: [[0.5217017  0.13481085 0.3434874 ]
 [0.5204433  0.4685078  0.01104884]
 [0.04125777 0.5923416  0.36640063]
 [0.06413296 0.1969907  0.73887634]
 [0.6108929  0.03426009 0.35484698]]
probabilities: [[0.58226496 0.20622681 0.21150824]
 [0.23836729 0.28297213 0.47866058]
 [0.65380377 0.19161902 0.1545772 ]
 [0.01209908 0.4723958  0.5155051 ]
 [0.00921427 0.11400069 0.87678504]]
probabilities: [[0. 1. 0.]
 [0. 1. 0.]
 [0. 1. 0.]
 [0. 1. 0.]
 [0. 1. 0.]]
probabilities: [[0.42055523 0.22829248 0.35115227]
 [0.22032647 0.58013004 0.19954352]
 [0.64182967 0.15555784 0.20261249]
 [0.49363133 0.10017574 0.40619293]
 [0.23830125 0.14605184 0.6156469 ]]
probabilities: [[0.36801726 0.22474404 0.40723872]
 [0.00280961 0.75795203 0.23923834]
 [0.22363766 0.46977913 0.3065832 ]
 [0.45357314 0.13105187 0.415375  ]
 [0.18138105 0.79775137 0.0208676 ]]
probabilities: [[0.20149168 0.46251765 0.3359907 ]
 [0.53024584 0.01166513 0.45808905]
 [0.29414713 0.21031676 0.4955361 ]
 [0.60584146 0.21568234 0.1784762 ]
 [0.26311028 0.35141522 0.3854745 ]]
probabilities: [[0. 1. 0.]
 [0. 1. 0.]
 [0. 1. 0.]
 [0. 1. 0.]
 [0. 1. 0.]]
probabilities: [[0.05213898 0.4282235  0.5196375 ]
 [0.5024275  0.4388697  0.05870276]
 [0.27679268 0.02439642 0.69881094]
 [0.6067951  0.15979743 0.23340751]
 [0.51148003 0.46778366 0.02073628]]
probabilities: [[0.49014488 0.03301801 0.4768371 ]
 [0.5534511  0.2862685  0.16028038]
 [0.1503394  0.17970312 0.66995746]
 [0.2469034  0.3142972  0.43879938]
 [0.1504048  0.71100336 0.13859186]]
probabilities: [[0.26759803 0.525959   0.20644294]
 [0.5663109  0.08019108 0.35349804]
 [0.75320446 0.14329553 0.10350004]
 [0.21761037 0.3318223  0.4505673 ]
 [0.64969546 0.29995063 0.05035393]]
probabilities: [[0. 0. 1.]
 [0. 1. 0.]
 [0. 0. 1.]
 [0. 0. 1.]
 [0. 0. 1.]]
probabilities: [[0.6915162  0.03506979 0.27341396]
 [0.33200094 0.4445588  0.22344026]
 [0.54700404 0.05649862 0.39649734]
 [0.37240696 0.40820935 0.21938369]
 [0.2219172  0.07769506 0.7003877 ]]
probabilities: [[0.36907238 0.31539458 0.31553304]
 [0.0036068  0.09121215 0.90518105]
 [0.12010521 0.36433172 0.5155631 ]
 [0.00796215 0.08676918 0.90526867]
 [0.13516338 0.61441964 0.25041696]]
probabilities: [[0.19832516 0.04425102 0.7574238 ]
 [0.32931492 0.16433762 0.5063475 ]
 [0.26824012 0.64479935 0.08696051]
 [0.23832095 0.6828593  0.07881977]
 [0.13952559 0.21838209 0.6420923 ]]
probabilities: [[0. 1. 0.]
 [0. 1. 0.]
 [0. 1. 0.]
 [0. 1. 0.]
 [0. 1. 0.]]
probabilities: [[0.76456255 0.21812543 0.01731201]
 [0.10970793 0.49952304 0.39076903]
 [0.637449   0.02895424 0.33359674]
 [0.28800222 0.4078809  0.30411687]
 [0.33720648 0.43874454 0.22404896]]
probabilities: [[0.37739724 0.26080245 0.36180028]
 [0.12966745 0.7062212  0.1641113 ]
 [0.26789418 0.10520985 0.62689596]
 [0.33785066 0.60521895 0.05693037]
 [0.25647372 0.25780323 0.48572305]]
probabilities: [[0.49300686 0.23983268 0.26716048]
 [0.4198423  0.47823283 0.10192487]
 [0.16549213 0.28803685 0.546471  ]
 [0.10171567 0.19863442 0.69964993]
 [0.26121444 0.5134693  0.2253163 ]]
probabilities: [[0. 0. 1.]
 [0. 1. 0.]
 [0. 0. 1.]
 [0. 0. 1.]
 [0. 0. 1.]]
probabilities: [[0.5391914  0.2817209  0.17908768]
 [0.3868832  0.4091706  0.20394622]
 [0.06004472 0.73111856 0.20883673]
 [0.46887004 0.47512272 0.05600725]
 [0.1172999  0.009579   0.8731211 ]]
probabilities: [[0.17803213 0.79343843 0.02852946]
 [0.503344   0.15427035 0.34238562]
 [0.2849735  0.687818   0.02720852]
 [0.6020858  0.31125462 0.08665954]
 [0.36872813 0.36214697 0.26912493]]
probabilities: [[0.15224285 0.04889837 0.79885876]
 [0.30714422 0.21985199 0.47300377]
 [0.41755903 0.46060213 0.12183882]
 [0.7310375  0.24626851 0.02269396]
 [0.03209001 0.77015597 0.19775403]]
probabilities: [[1. 0. 0.]
 [1. 0. 0.]
 [1. 0. 0.]
 [1. 0. 0.]
 [1. 0. 0.]]
probabilities: [[0.59863377 0.36775628 0.03360995]
 [0.0881393  0.7559316  0.1559291 ]
 [0.7964833  0.11664555 0.08687118]
 [0.79649574 0.07844929 0.12505499]
 [0.20400617 0.5853492  0.21064463]]
probabilities: [[0.02963302 0.5629969  0.40737003]
 [0.65326124 0.28118306 0.06555566]
 [0.717482   0.13861978 0.14389826]
 [0.49560505 0.1761365  0.32825845]
 [0.3123838  0.17836335 0.50925285]]
probabilities: [[0.07060517 0.2532624  0.67613244]
 [0.6099552  0.04817098 0.34187382]
 [0.6222809  0.04284194 0.33487716]
 [0.38707355 0.477633   0.13529342]
 [0.24428818 0.27870414 0.4770077 ]]
probabilities: [[0. 0. 1.]
 [0. 1. 0.]
 [0. 0. 1.]
 [0. 0. 1.]
 [0. 0. 1.]]
probabilities: [[0.65301573 0.09899849 0.24798581]
 [0.24179773 0.12645146 0.6317508 ]
 [0.43734893 0.20647654 0.35617453]
 [0.24335875 0.61244977 0.14419146]
 [0.22344615 0.5829913  0.19356254]]
probabilities: [[5.4693298e-04 4.6109056e-01 5.3836250e-01]
 [3.5285217e-01 2.9148123e-01 3.5566658e-01]
 [4.0373707e-01 6.4027868e-02 5.3223503e-01]
 [1.9655353e-01 4.5397076e-01 3.4947571e-01]
 [5.6052601e-01 7.4847502e-04 4.3872553e-01]]
probabilities: [[0.48582873 0.06632528 0.447846  ]
 [0.34819704 0.0869508  0.5648522 ]
 [0.65886194 0.27423248 0.06690555]
 [0.08980501 0.8088385  0.10135652]
 [0.19777337 0.5923216  0.20990509]]
probabilities: [[0. 1. 0.]
 [0. 1. 0.]
 [0. 1. 0.]
 [0. 1. 0.]
 [0. 1. 0.]]
probabilities: [[0.28157297 0.41908517 0.29934183]
 [0.5305302  0.43754625 0.0319235 ]
 [0.43417627 0.3855563  0.18026742]
 [0.8320462  0.10749289 0.0604609 ]
 [0.5451148  0.01643435 0.43845084]]
probabilities: [[0.604298   0.2743382  0.12136377]
 [0.59184563 0.10512824 0.3030261 ]
 [0.9001916  0.09085186 0.00895653]
 [0.6089558  0.06226839 0.32877582]
 [0.434238   0.16386335 0.40189865]]
probabilities: [[0.10928333 0.4604646  0.43025208]
 [0.3629494  0.12540555 0.511645  ]
 [0.07055106 0.840237   0.08921191]
 [0.31947345 0.29691246 0.38361412]
 [0.3604201  0.17484474 0.46473515]]
probabilities: [[0. 1. 0.]
 [0. 1. 0.]
 [0. 1. 0.]
 [0. 1. 0.]
 [0. 1. 0.]]
probabilities: [[0.2247383  0.23184988 0.54341185]
 [0.09929775 0.5894602  0.311242  ]
 [0.7792004  0.04787128 0.17292832]
 [0.13889079 0.28128266 0.57982653]
 [0.07652692 0.89714813 0.02632498]]
probabilities: [[0.78713506 0.0749494  0.13791554]
 [0.08300517 0.2593781  0.65761673]
 [0.33794737 0.4321096  0.22994302]
 [0.49299902 0.23252188 0.27447912]
 [0.4570014  0.42571148 0.11728714]]
probabilities: [[0.4639162  0.33763927 0.19844453]
 [0.18716179 0.67667335 0.13616486]
 [0.7359644  0.07691606 0.18711951]
 [0.5103748  0.31056568 0.1790595 ]
 [0.22234666 0.7741245  0.00352882]]
probabilities: [[0. 0. 1.]
 [0. 1. 0.]
 [0. 1. 0.]
 [0. 0. 1.]
 [0. 0. 1.]]
probabilities: [[0.43805763 0.02997066 0.53197175]
 [0.88997775 0.0508837  0.05913853]
 [0.0418222  0.5674243  0.39075348]
 [0.38638654 0.5962208  0.01739268]
 [0.7430862  0.11263695 0.14427681]]
probabilities: [[0.10521623 0.3706887  0.52409506]
 [0.34747115 0.45463648 0.19789237]
 [0.05392167 0.9048627  0.04121562]
 [0.5412547  0.21024045 0.24850483]
 [0.32727283 0.5730205  0.09970667]]
probabilities: [[0.59424347 0.08210114 0.3236554 ]
 [0.61280376 0.1328973  0.25429893]
 [0.16764115 0.7658315  0.06652738]
 [0.05138719 0.42878878 0.519824  ]
 [0.36145446 0.2590448  0.37950075]]
probabilities: [[0. 0. 1.]
 [0. 1. 0.]
 [0. 1. 0.]
 [0. 0. 1.]
 [0. 0. 1.]]
probabilities: [[0.22235744 0.40783128 0.36981127]
 [0.5658958  0.34124923 0.09285497]
 [0.1634113  0.6310215  0.20556718]
 [0.6150828  0.3303197  0.05459751]
 [0.01240228 0.68105066 0.30654708]]
probabilities: [[0.8066698  0.07463311 0.11869713]
 [0.04715746 0.8193004  0.13354214]
 [0.3613926  0.45402724 0.18458018]
 [0.58979434 0.19540998 0.2147957 ]
 [0.5490757  0.05602621 0.39489806]]
probabilities: [[0.16174133 0.7950479  0.04321079]
 [0.22889602 0.65009385 0.12101015]
 [0.40922406 0.47758883 0.1131871 ]
 [0.12286635 0.6624252  0.21470845]
 [0.5947988  0.35303763 0.05216359]]
probabilities: [[0. 1. 0.]
 [0. 1. 0.]
 [0. 1. 0.]
 [0. 1. 0.]
 [0. 1. 0.]]
probabilities: [[0.25444207 0.3796476  0.3659103 ]
 [0.37654296 0.0320486  0.59140843]
 [0.03117629 0.9170939  0.05172981]
 [0.01767967 0.04710724 0.9352131 ]
 [0.11286578 0.06055743 0.8265768 ]]
probabilities: [[0.6297312  0.12427778 0.24599104]
 [0.3921308  0.27427888 0.33359033]
 [0.5026484  0.4239614  0.07339018]
 [0.5378507  0.00387023 0.4582791 ]
 [0.28819716 0.70419025 0.00761261]]
probabilities: [[0.5605032  0.00140432 0.43809247]
 [0.7249307  0.10897753 0.16609177]
 [0.8991719  0.02293836 0.07788976]
 [0.9329823  0.06337386 0.0036438 ]
 [0.10672028 0.0757541  0.8175256 ]]
probabilities: [[0. 0. 1.]
 [0. 1. 0.]
 [0. 1. 0.]
 [0. 0. 1.]
 [0. 0. 1.]]
probabilities: [[0.9183081  0.05103118 0.03066076]
 [0.08987233 0.11488537 0.7952423 ]
 [0.3483217  0.15734142 0.49433684]
 [0.521674   0.20381871 0.27450734]
 [0.21410848 0.18911637 0.5967751 ]]
probabilities: [[0.04186081 0.40688264 0.55125654]
 [0.27562186 0.4526025  0.27177563]
 [0.08502422 0.5519642  0.36301157]
 [0.16781133 0.01713538 0.8150533 ]
 [0.03212694 0.77503914 0.19283392]]
probabilities: [[0.45883498 0.45334667 0.08781835]
 [0.1760533  0.40863642 0.4153103 ]
 [0.17611732 0.447905   0.37597767]
 [0.412357   0.00865631 0.5789867 ]
 [0.12115793 0.7186496  0.16019246]]
probabilities: [[1. 0. 0.]
 [1. 0. 0.]
 [1. 0. 0.]
 [1. 0. 0.]
 [1. 0. 0.]]
probabilities: [[0.1615977  0.55069375 0.28770858]
 [0.2577194  0.04603932 0.6962413 ]
 [0.04141411 0.4734526  0.4851333 ]
 [0.70723003 0.13843001 0.15433998]
 [0.22544143 0.45265105 0.32190752]]
probabilities: [[0.62573797 0.3690751  0.00518696]
 [0.08329868 0.7104511  0.20625018]
 [0.37175915 0.32220426 0.3060366 ]
 [0.0885043  0.03052657 0.8809691 ]
 [0.3290375  0.2959672  0.37499532]]
probabilities: [[0.46327564 0.39376292 0.14296143]
 [0.57565653 0.33517614 0.08916734]
 [0.04026522 0.9443116  0.01542316]
 [0.4062286  0.54740477 0.04636663]
 [0.2333978  0.4939897  0.2726125 ]]
probabilities: [[0. 0. 1.]
 [0. 1. 0.]
 [0. 1. 0.]
 [0. 0. 1.]
 [0. 0. 1.]]
probabilities: [[0.62776953 0.34714773 0.02508276]
 [0.6625644  0.21661279 0.12082284]
 [0.22152793 0.4765635  0.30190855]
 [0.39330775 0.5641873  0.04250494]
 [0.0972242  0.27822924 0.6245465 ]]
probabilities: [[0.29100156 0.37031695 0.3386815 ]
 [0.430529   0.21924973 0.35022128]
 [0.21965648 0.47139126 0.30895224]
 [0.5128082  0.3675892  0.1196026 ]
 [0.24398947 0.4639069  0.29210362]]
probabilities: [[0.6481343  0.1041484  0.24771729]
 [0.00664765 0.49947697 0.49387538]
 [0.17122033 0.06930146 0.7594782 ]
 [0.52766174 0.26816106 0.20417717]
 [0.13309135 0.4381958  0.42871287]]
probabilities: [[1. 0. 0.]
 [1. 0. 0.]
 [1. 0. 0.]
 [1. 0. 0.]
 [1. 0. 0.]]
probabilities: [[0.1220565  0.13598433 0.74195915]
 [0.55023336 0.07870864 0.371058  ]
 [0.7480284  0.00169144 0.25028014]
 [0.2037462  0.41057134 0.38568246]
 [0.37297666 0.2772928  0.34973055]]
probabilities: [[0.10864965 0.65156686 0.23978347]
 [0.62158185 0.33670664 0.04171147]
 [0.22066335 0.334519   0.44481763]
 [0.09660884 0.63457084 0.26882032]
 [0.4143479  0.5179662  0.06768591]]
probabilities: [[0.29953215 0.50518495 0.19528294]
 [0.7027367  0.04605596 0.25120735]
 [0.8173713  0.005849   0.17677972]
 [0.4781173  0.0553403  0.46654242]
 [0.11573038 0.35569137 0.5285782 ]]
probabilities: [[1. 0. 0.]
 [1. 0. 0.]
 [1. 0. 0.]
 [1. 0. 0.]
 [1. 0. 0.]]
probabilities: [[0.6487981  0.15443382 0.1967681 ]
 [0.0759087  0.8161577  0.10793359]
 [0.72989064 0.15520628 0.11490308]
 [0.58670765 0.27975115 0.1335412 ]
 [0.2531696  0.25007644 0.49675396]]
probabilities: [[0.4792326  0.21775782 0.30300957]
 [0.342495   0.5297392  0.12776576]
 [0.07029273 0.56906563 0.36064163]
 [0.56712884 0.32331225 0.10955892]
 [0.05491516 0.3534832  0.5916016 ]]
probabilities: [[0.4453769  0.08435096 0.47027215]
 [0.4668567  0.06570137 0.46744195]
 [0.23632511 0.7067825  0.05689237]
 [0.02726153 0.10155239 0.8711861 ]
 [0.41037098 0.18201248 0.40761656]]
probabilities: [[0. 0. 1.]
 [0. 1. 0.]
 [0. 0. 1.]
 [0. 0. 1.]
 [0. 0. 1.]]
probabilities: [[0.08082382 0.05341952 0.8657567 ]
 [0.7227061  0.1423289  0.13496502]
 [0.21679589 0.12063049 0.66257364]
 [0.76405036 0.1879942  0.04795545]
 [0.15114745 0.25515527 0.5936973 ]]
probabilities: [[0.5644678  0.21439573 0.2211365 ]
 [0.527894   0.12904607 0.34305993]
 [0.16421577 0.1688386  0.66694564]
 [0.5010492  0.2197184  0.2792324 ]
 [0.5117607  0.01058631 0.47765297]]
probabilities: [[0.5717926  0.19178674 0.23642065]
 [0.9610853  0.0217042  0.01721045]
 [0.36085385 0.36629915 0.272847  ]
 [0.516147   0.22328381 0.26056919]
 [0.28298023 0.01555779 0.701462  ]]
probabilities: [[0. 0. 1.]
 [0. 1. 0.]
 [0. 0. 1.]
 [0. 0. 1.]
 [0. 0. 1.]]
probabilities: [[0.71181864 0.27716628 0.01101512]
 [0.36181527 0.568272   0.06991274]
 [0.22363728 0.26422432 0.51213837]
 [0.32740813 0.03298301 0.63960886]
 [0.26192868 0.22977704 0.5082943 ]]
probabilities: [[0.10654797 0.470165   0.42328703]
 [0.25693557 0.4952716  0.24779284]
 [0.183101   0.09923487 0.7176641 ]
 [0.31906852 0.29751086 0.38342062]
 [0.12452059 0.86748064 0.00799876]]
probabilities: [[0.575796   0.3753822  0.0488218 ]
 [0.6795448  0.23553672 0.08491845]
 [0.19517681 0.7904473  0.01437592]
 [0.5082209  0.3003962  0.19138286]
 [0.29083073 0.5680107  0.14115857]]
probabilities: [[0. 0. 1.]
 [0. 1. 0.]
 [0. 0. 1.]
 [0. 0. 1.]
 [0. 0. 1.]]
probabilities: [[0.21024539 0.4585078  0.3312468 ]
 [0.52535635 0.32819253 0.14645113]
 [0.38164583 0.19717148 0.4211827 ]
 [0.549451   0.31948078 0.13106821]
 [0.02893919 0.8725798  0.09848098]]
probabilities: [[0.57035697 0.41319358 0.01644947]
 [0.7055262  0.07670325 0.21777056]
 [0.31876048 0.34020695 0.34103256]
 [0.37802038 0.05537039 0.56660926]
 [0.06606424 0.29784527 0.63609046]]
probabilities: [[0.36155656 0.20723593 0.4312075 ]
 [0.5588608  0.27828464 0.16285457]
 [0.4742336  0.12250794 0.40325844]
 [0.39139828 0.38615492 0.2224468 ]
 [0.14943366 0.36013886 0.4904275 ]]
probabilities: [[0. 1. 0.]
 [0. 1. 0.]
 [0. 1. 0.]
 [0. 1. 0.]
 [0. 1. 0.]]
probabilities: [[0.2226052  0.587648   0.18974683]
 [0.29172397 0.23649123 0.4717848 ]
 [0.02686306 0.50748193 0.465655  ]
 [0.466734   0.28451565 0.24875037]
 [0.11026762 0.4175668  0.47216558]]
probabilities: [[0.43102026 0.38140365 0.18757609]
 [0.07798773 0.14910777 0.7729045 ]
 [0.10294908 0.31765878 0.57939214]
 [0.6414449  0.0477808  0.3107743 ]
 [0.20864476 0.6522303  0.13912493]]
probabilities: [[0.80674165 0.14554587 0.0477125 ]
 [0.65697044 0.26310357 0.079926  ]
 [0.68833977 0.25371277 0.05794743]
 [0.3919293  0.33927095 0.26879975]
 [0.12717153 0.8461097  0.02671877]]
probabilities: [[0. 0. 1.]
 [0. 1. 0.]
 [0. 0. 1.]
 [0. 0. 1.]
 [0. 0. 1.]]
probabilities: [[0.0741299  0.42456782 0.50130224]
 [0.16991018 0.29320046 0.5368894 ]
 [0.10622315 0.7526187  0.14115821]
 [0.63600945 0.05355027 0.31044027]
 [0.21212783 0.49317324 0.29469892]]
probabilities: [[0.63086605 0.07547748 0.29365647]
 [0.19605513 0.32081774 0.48312712]
 [0.0181367  0.87785    0.10401329]
 [0.09034971 0.50748426 0.40216604]
 [0.08424457 0.36392805 0.5518274 ]]
probabilities: [[0.15076576 0.39371288 0.45552135]
 [0.3105511  0.00313188 0.686317  ]
 [0.29341617 0.2094749  0.49710894]
 [0.24259181 0.46604142 0.29136676]
 [0.801614   0.09592361 0.10246239]]
probabilities: [[0. 0. 1.]
 [0. 1. 0.]
 [0. 1. 0.]
 [0. 0. 1.]
 [0. 0. 1.]]
probabilities: [[5.60492039e-01 4.33711410e-01 5.79653727e-03]
 [7.45592697e-04 8.14632118e-01 1.84622318e-01]
 [4.09965456e-01 5.79396129e-01 1.06384037e-02]
 [4.04552966e-01 4.87608075e-01 1.07838936e-01]
 [3.94800901e-01 4.61884230e-01 1.43314868e-01]]
probabilities: [[0.24856535 0.42374972 0.3276849 ]
 [0.02527933 0.4343507  0.54037   ]
 [0.8099538  0.12042455 0.06962164]
 [0.6943292  0.14797215 0.15769865]
 [0.36899737 0.5487067  0.08229593]]
probabilities: [[0.10553996 0.4602909  0.4341691 ]
 [0.00166984 0.48600286 0.5123273 ]
 [0.42505538 0.32848206 0.24646257]
 [0.14511679 0.37253526 0.48234797]
 [0.0777092  0.640492   0.2817988 ]]
probabilities: [[0. 0. 1.]
 [0. 1. 0.]
 [0. 0. 1.]
 [0. 0. 1.]
 [0. 0. 1.]]
probabilities: [[0.22939225 0.16967045 0.6009373 ]
 [0.7843128  0.08938306 0.12630415]
 [0.6699096  0.31347546 0.01661493]
 [0.24550822 0.5519493  0.20254245]
 [0.02500698 0.0878211  0.8871719 ]]
probabilities: [[0.02320294 0.288804   0.68799305]
 [0.24146754 0.33401233 0.42452013]
 [0.20515755 0.28264496 0.5121975 ]
 [0.6804676  0.01810621 0.3014262 ]
 [0.2668852  0.41558623 0.31752858]]
probabilities: [[0.08586219 0.5212067  0.3929311 ]
 [0.2544498  0.45433864 0.29121152]
 [0.21578416 0.2865656  0.49765024]
 [0.00228639 0.40606117 0.59165245]
 [0.3625509  0.5058035  0.13164559]]
probabilities: [[0. 1. 0.]
 [0. 1. 0.]
 [0. 1. 0.]
 [0. 1. 0.]
 [0. 1. 0.]]
probabilities: [[0.09143638 0.8874295  0.02113412]
 [0.55730647 0.19589065 0.24680287]
 [0.2711754  0.39559788 0.3332267 ]
 [0.4813345  0.10459693 0.41406858]
 [0.00155739 0.09620178 0.9022408 ]]
probabilities: [[0.14775243 0.41225317 0.4399944 ]
 [0.61262685 0.23826788 0.14910525]
 [0.4036166  0.55947787 0.0369055 ]
 [0.02358079 0.9057901  0.07062915]
 [0.88629544 0.04347027 0.07023428]]
probabilities: [[0.13460718 0.74375355 0.12163927]
 [0.09342656 0.6484451  0.25812835]
 [0.04614411 0.71452004 0.23933588]
 [0.67828155 0.01762671 0.30409172]
 [0.7648891  0.22753312 0.00757777]]
probabilities: [[0. 0. 1.]
 [0. 1. 0.]
 [0. 1. 0.]
 [0. 0. 1.]
 [0. 0. 1.]]
probabilities: [[0.27006954 0.11021747 0.61971295]
 [0.0454861  0.3101005  0.6444134 ]
 [0.78568447 0.01724527 0.19707026]
 [0.06261638 0.61985564 0.31752798]
 [0.31245905 0.1965972  0.49094376]]
probabilities: [[0.01599068 0.5776566  0.4063527 ]
 [0.22132854 0.29308292 0.48558855]
 [0.4375652  0.05696118 0.5054736 ]
 [0.33146995 0.49297586 0.17555419]
 [0.05607101 0.32341424 0.62051475]]
probabilities: [[0.52995175 0.24968994 0.22035833]
 [0.23329726 0.7092675  0.05743526]
 [0.63455766 0.2980371  0.06740521]
 [0.25033534 0.47624868 0.273416  ]
 [0.49266076 0.08761129 0.41972792]]
probabilities: [[0. 0. 1.]
 [0. 1. 0.]
 [0. 0. 1.]
 [0. 0. 1.]
 [0. 0. 1.]]
probabilities: [[2.1372445e-01 1.6225912e-01 6.2401646e-01]
 [2.3973456e-01 7.3241705e-01 2.7848424e-02]
 [8.6059339e-02 7.3973513e-01 1.7420551e-01]
 [6.8744980e-02 7.6285022e-01 1.6840477e-01]
 [2.6159939e-01 7.3810041e-01 3.0022577e-04]]
probabilities: [[0.45885694 0.2761711  0.26497197]
 [0.01281961 0.58739054 0.39978984]
 [0.28931615 0.5235624  0.18712148]
 [0.5495697  0.07223262 0.37819767]
 [0.35581324 0.282201   0.36198577]]
probabilities: [[0.07623111 0.51447934 0.40928957]
 [0.34455064 0.40280715 0.25264218]
 [0.23652068 0.54074    0.22273928]
 [0.31654882 0.06396589 0.61948526]
 [0.08732348 0.5522418  0.36043468]]
probabilities: [[0. 0. 1.]
 [0. 1. 0.]
 [0. 0. 1.]
 [0. 0. 1.]
 [0. 0. 1.]]
probabilities: [[0.09578971 0.19978952 0.70442075]
 [0.25406456 0.4385334  0.30740204]
 [0.68464965 0.19611144 0.11923893]
 [0.596376   0.19001487 0.21360914]
 [0.10214387 0.7340169  0.16383925]]
probabilities: [[0.27998665 0.40020373 0.31980965]
 [0.48885015 0.49675936 0.0143905 ]
 [0.33654723 0.2623167  0.4011361 ]
 [0.07217165 0.81358725 0.11424109]
 [0.05083608 0.4056283  0.54353565]]
probabilities: [[0.44545275 0.41871163 0.13583563]
 [0.7716772  0.14404985 0.08427296]
 [0.02656342 0.9509678  0.0224688 ]
 [0.2565675  0.00382696 0.73960555]
 [0.39704826 0.39634073 0.20661102]]
probabilities: [[1. 0. 0.]
 [1. 0. 0.]
 [1. 0. 0.]
 [1. 0. 0.]
 [1. 0. 0.]]
probabilities: [[0.1737451  0.49511734 0.33113757]
 [0.75291073 0.14325964 0.10382964]
 [0.1717498  0.5731996  0.25505054]
 [0.09591635 0.41915864 0.48492503]
 [0.76037794 0.23534612 0.00427595]]
probabilities: [[0.15153262 0.54080886 0.30765852]
 [0.5094182  0.17132893 0.31925288]
 [0.12272547 0.28412214 0.5931524 ]
 [0.15132907 0.68482935 0.16384159]
 [0.07900213 0.394668   0.5263299 ]]
probabilities: [[0.03461713 0.3245715  0.6408114 ]
 [0.45980048 0.20341931 0.33678022]
 [0.15399288 0.7716305  0.07437658]
 [0.35433644 0.30018568 0.34547788]
 [0.3084444  0.39617005 0.29538557]]
probabilities: [[0. 1. 0.]
 [0. 1. 0.]
 [0. 1. 0.]
 [0. 1. 0.]
 [0. 1. 0.]]
probabilities: [[0.7936715  0.06625701 0.14007148]
 [0.24872375 0.18899822 0.56227803]
 [0.5178399  0.39968705 0.08247305]
 [0.42933014 0.17709796 0.3935719 ]
 [0.04683604 0.79343385 0.15973012]]
probabilities: [[0.18772666 0.2570275  0.5552458 ]
 [0.20244603 0.00741923 0.7901347 ]
 [0.10806925 0.69466287 0.19726788]
 [0.46173444 0.1014557  0.43680987]
 [0.33609265 0.38139844 0.28250888]]
probabilities: [[0.01288775 0.30615583 0.6809564 ]
 [0.6829536  0.05355329 0.26349315]
 [0.16579181 0.5742142  0.25999394]
 [0.02922913 0.09751473 0.87325615]
 [0.18261425 0.23513159 0.5822542 ]]
probabilities: [[0. 1. 0.]
 [0. 1. 0.]
 [0. 1. 0.]
 [0. 1. 0.]
 [0. 1. 0.]]
probabilities: [[0.38538092 0.33784145 0.27677763]
 [0.57892084 0.08964518 0.331434  ]
 [0.49935806 0.04918137 0.45146057]
 [0.30592284 0.10381976 0.5902574 ]
 [0.05413373 0.6459838  0.2998824 ]]
probabilities: [[0.56651515 0.21131642 0.2221684 ]
 [0.43859762 0.13704665 0.42435572]
 [0.33115122 0.48168096 0.18716781]
 [0.52252424 0.09614614 0.38132966]
 [0.67990905 0.27384302 0.04624794]]
probabilities: [[0.03405314 0.7455408  0.22040606]
 [0.12294997 0.03120977 0.8458403 ]
 [0.02716199 0.88095534 0.09188268]
 [0.19524366 0.67796457 0.12679179]
 [0.56894845 0.37186745 0.05918412]]
probabilities: [[0. 1. 0.]
 [0. 1. 0.]
 [0. 1. 0.]
 [0. 1. 0.]
 [0. 1. 0.]]
probabilities: [[0.10412256 0.4113503  0.48452714]
 [0.08432683 0.8227011  0.09297208]
 [0.02628586 0.6497615  0.32395265]
 [0.18657272 0.4535622  0.3598651 ]
 [0.47594345 0.060715   0.46334156]]
probabilities: [[0.0316116  0.8947694  0.07361903]
 [0.01557865 0.38278347 0.60163784]
 [0.19316252 0.1037685  0.703069  ]
 [0.31539264 0.6652798  0.01932757]
 [0.21875905 0.50208926 0.2791517 ]]
probabilities: [[0.09686319 0.56268996 0.34044683]
 [0.54674584 0.14342283 0.30983132]
 [0.05738861 0.40551984 0.53709155]
 [0.4657903  0.37623012 0.15797956]
 [0.06016573 0.13271265 0.80712163]]
