probabilities: [[1. 0. 0.]
 [1. 0. 0.]
 [1. 0. 0.]
 [1. 0. 0.]
 [1. 0. 0.]]
probabilities: [[0.18965048 0.37528473 0.4350648 ]
 [0.06694579 0.66818935 0.2648649 ]
 [0.13297738 0.41134605 0.45567656]
 [0.4067064  0.00823918 0.5850544 ]
 [0.3282811  0.07457851 0.5971404 ]]
probabilities: [[0.5247753  0.09183627 0.38338843]
 [0.3119668  0.35905403 0.3289792 ]
 [0.00227528 0.5759958  0.4217289 ]
 [0.57902557 0.27119413 0.14978032]
 [0.19677794 0.73525596 0.0679661 ]]
probabilities: [[0.2692469  0.6005571  0.13019598]
 [0.20935376 0.7825884  0.00805784]
 [0.7690399  0.00624395 0.22471611]
 [0.14142275 0.07171007 0.7868672 ]
 [0.37174672 0.03529445 0.59295887]]
probabilities: [[0.09258357 0.12529784 0.78211856]
 [0.4902037  0.14166714 0.36812916]
 [0.7341536  0.19353636 0.07230999]
 [0.19975404 0.5010264  0.29921958]
 [0.637056   0.08419163 0.27875236]]
probabilities: [[0.34257945 0.56149864 0.09592187]
 [0.19014324 0.79968953 0.01016723]
 [0.7068106  0.02435322 0.2688362 ]
 [0.06351586 0.43655124 0.49993291]
 [0.20656624 0.3331321  0.46030167]]
probabilities: [[0. 0. 1.]
 [0. 1. 0.]
 [0. 1. 0.]
 [0. 0. 1.]
 [0. 0. 1.]]
probabilities: [[0.48788485 0.3914016  0.12071356]
 [0.2745827  0.1089583  0.616459  ]
 [0.775649   0.08139186 0.1429591 ]
 [0.04975593 0.6751967  0.27504736]
 [0.00497233 0.2731602  0.7218675 ]]
probabilities: [[0.08450145 0.07120001 0.84429854]
 [0.08833512 0.8006234  0.11104149]
 [0.16441886 0.8236572  0.01192393]
 [0.59807956 0.17404975 0.22787067]
 [0.8752173  0.05457062 0.07021204]]
probabilities: [[0.44378775 0.3839429  0.17226934]
 [0.00812876 0.8882945  0.10357672]
 [0.5860818  0.31032422 0.10359398]
 [0.35215947 0.19367217 0.45416838]
 [0.22145383 0.25782904 0.52071714]]
probabilities: [[0.4478157  0.31289944 0.23928487]
 [0.27111116 0.38568243 0.34320638]
 [0.26605862 0.72170955 0.01223185]
 [0.5141798  0.3622974  0.1235228 ]
 [0.51225287 0.44953877 0.03820834]]
probabilities: [[0.17131457 0.36955222 0.45913318]
 [0.11585328 0.63792324 0.24622351]
 [0.46521753 0.38458455 0.15019794]
 [0.49454412 0.48983163 0.01562425]
 [0.23098907 0.69391644 0.07509453]]
probabilities: [[0. 0. 1.]
 [0. 1. 0.]
 [0. 1. 0.]
 [0. 0. 1.]
 [0. 0. 1.]]
probabilities: [[0.25770605 0.13674402 0.60554993]
 [0.39936563 0.03282739 0.56780696]
 [0.10954439 0.3609354  0.5295202 ]
 [0.40513712 0.00835186 0.586511  ]
 [0.12559608 0.49090758 0.38349634]]
probabilities: [[0.038598   0.02037624 0.9410258 ]
 [0.06899694 0.37506813 0.55593497]
 [0.65761685 0.10589752 0.23648563]
 [0.42788714 0.14864308 0.42346978]
 [0.08551385 0.6247565  0.28972962]]
probabilities: [[0.43102652 0.1959627  0.37301075]
 [0.41995153 0.4009515  0.17909698]
 [0.49415788 0.01722429 0.48861784]
 [0.20896652 0.64211315 0.14892033]
 [0.09455324 0.12398461 0.78146213]]
probabilities: [[0.5694822  0.38865542 0.04186235]
 [0.18437509 0.23677772 0.57884717]
 [0.3691119  0.5943618  0.0365263 ]
 [0.01054679 0.24004531 0.7494079 ]
 [0.061774   0.0700864  0.8681396 ]]
probabilities: [[0.56906176 0.4104252  0.02051308]
 [0.13951397 0.4782665  0.38221952]
 [0.3869863  0.17200333 0.4410104 ]
 [0.234553   0.540322   0.22512503]
 [0.10667521 0.17963041 0.7136944 ]]
probabilities: [[0. 0. 1.]
 [0. 1. 0.]
 [0. 0. 1.]
 [0. 0. 1.]
 [0. 0. 1.]]
probabilities: [[0.22316207 0.1335307  0.6433072 ]
 [0.1578907  0.66339666 0.17871264]
 [0.19852118 0.5311613  0.2703175 ]
 [0.65622973 0.31512514 0.02864513]
 [0.19207336 0.43879354 0.3691331 ]]
probabilities: [[0.22278076 0.17495961 0.60225964]
 [0.04418085 0.34228706 0.61353207]
 [0.1392107  0.43914863 0.42164063]
 [0.42166334 0.1342205  0.44411618]
 [0.38678107 0.4392048  0.1740141 ]]
probabilities: [[0.37377784 0.25741267 0.36880952]
 [0.19352858 0.1011772  0.70529425]
 [0.33330888 0.5363703  0.13032085]
 [0.5871824  0.3205153  0.09230229]
 [0.01702947 0.5958296  0.3871409 ]]
probabilities: [[0.13238464 0.17996968 0.6876457 ]
 [0.21291855 0.6981582  0.08892328]
 [0.02428726 0.44587645 0.5298363 ]
 [0.07178208 0.69101363 0.23720428]
 [0.48183656 0.13958247 0.37858096]]
probabilities: [[0.21970259 0.32891235 0.45138505]
 [0.13602789 0.6425957  0.2213764 ]
 [0.33987892 0.03051944 0.62960166]
 [0.12367506 0.03476834 0.8415566 ]
 [0.11709254 0.65853184 0.2243756 ]]
probabilities: [[1. 0. 0.]
 [1. 0. 0.]
 [1. 0. 0.]
 [1. 0. 0.]
 [1. 0. 0.]]
probabilities: [[0.23165548 0.32398742 0.4443571 ]
 [0.00449011 0.52920014 0.46630973]
 [0.4790298  0.08145314 0.43951705]
 [0.33897182 0.3034844  0.3575438 ]
 [0.79807585 0.08045873 0.12146539]]
probabilities: [[0.24357854 0.28357592 0.47284552]
 [0.5467437  0.32077226 0.13248408]
 [0.5685554  0.39488283 0.03656172]
 [0.94784886 0.03385356 0.0182976 ]
 [0.42534086 0.36566055 0.2089986 ]]
probabilities: [[0.11271384 0.78317565 0.10411051]
 [0.25531417 0.50645787 0.23822796]
 [0.04090788 0.17511761 0.7839745 ]
 [0.62786686 0.20942822 0.1627049 ]
 [0.4671802  0.44666794 0.08615188]]
probabilities: [[0.28947738 0.2436141  0.4669085 ]
 [0.05979128 0.7641569  0.17605183]
 [0.13929851 0.66290087 0.19780062]
 [0.07269087 0.00789656 0.91941255]
 [0.01901252 0.00321073 0.97777677]]
probabilities: [[0.04782302 0.6312846  0.3208924 ]
 [0.14911345 0.18087596 0.6700106 ]
 [0.19803944 0.7147007  0.08725986]
 [0.05383349 0.09740263 0.8487639 ]
 [0.12673613 0.00608925 0.8671746 ]]
probabilities: [[0. 0. 1.]
 [0. 1. 0.]
 [0. 1. 0.]
 [0. 0. 1.]
 [0. 0. 1.]]
probabilities: [[0.13353592 0.5207541  0.34570998]
 [0.696184   0.21202123 0.0917948 ]
 [0.05094149 0.22111027 0.72794825]
 [0.33118427 0.05476293 0.61405283]
 [0.5541545  0.38551712 0.06032837]]
probabilities: [[0.63451684 0.18454891 0.18093424]
 [0.05395491 0.74038875 0.20565633]
 [0.39929667 0.37221047 0.22849284]
 [0.16561039 0.5966792  0.23771039]
 [0.41983432 0.14529869 0.434867  ]]
probabilities: [[0.5197754  0.29642656 0.18379803]
 [0.17215504 0.3787678  0.44907716]
 [0.5015003  0.10460104 0.39389864]
 [0.48191887 0.07768086 0.44040027]
 [0.5030289  0.48287997 0.01409111]]
probabilities: [[0.21335076 0.05689431 0.7297549 ]
 [0.5108743  0.11945289 0.3696728 ]
 [0.08370956 0.37004447 0.546246  ]
 [0.14976254 0.60376585 0.2464716 ]
 [0.36786753 0.5733145  0.05881797]]
probabilities: [[0.4123379  0.20693338 0.38072872]
 [0.16696492 0.5373803  0.2956548 ]
 [0.88008845 0.03639764 0.08351391]
 [0.6741657  0.18452682 0.14130747]
 [0.12137175 0.62546283 0.25316545]]
probabilities: [[1. 0. 0.]
 [1. 0. 0.]
 [1. 0. 0.]
 [1. 0. 0.]
 [1. 0. 0.]]
probabilities: [[0.1342272  0.1631071  0.7026657 ]
 [0.3209596  0.2686085  0.4104319 ]
 [0.47056246 0.3546907  0.17474686]
 [0.0437689  0.4007568  0.5554743 ]
 [0.60774857 0.10655728 0.28569412]]
probabilities: [[4.86509979e-01 2.44722818e-04 5.13245285e-01]
 [5.63245378e-02 2.17491627e-01 7.26183832e-01]
 [3.02016407e-01 4.73493308e-01 2.24490285e-01]
 [2.39657849e-01 6.26477778e-01 1.33864358e-01]
 [3.69692087e-01 1.39206415e-02 6.16387248e-01]]
probabilities: [[0.21453148 0.47984388 0.30562463]
 [0.30781195 0.36355832 0.32862973]
 [0.34370062 0.49167264 0.16462676]
 [0.03441262 0.55997676 0.40561062]
 [0.5146327  0.24165201 0.24371529]]
probabilities: [[0.05188587 0.15088305 0.7972311 ]
 [0.60630184 0.04473566 0.3489625 ]
 [0.31768623 0.34094566 0.34136814]
 [0.33949745 0.5874012  0.07310131]
 [0.5802051  0.2684862  0.15130869]]
probabilities: [[0.5038033  0.22376686 0.27242985]
 [0.6423899  0.28979057 0.06781955]
 [0.7783071  0.08871135 0.13298155]
 [0.7376696  0.19814008 0.06419035]
 [0.30759358 0.4647378  0.22766863]]
probabilities: [[0. 0. 1.]
 [0. 1. 0.]
 [0. 1. 0.]
 [0. 0. 1.]
 [0. 0. 1.]]
probabilities: [[0.1613765  0.6769617  0.16166174]
 [0.17534412 0.36682883 0.45782706]
 [0.36246592 0.3195616  0.31797248]
 [0.1505379  0.41611147 0.43335062]
 [0.7480677  0.04213165 0.20980068]]
probabilities: [[0.1914429  0.67984897 0.12870812]
 [0.3926884  0.1701023  0.43720928]
 [0.15621763 0.15189241 0.69188994]
 [0.03379437 0.69542545 0.2707802 ]
 [0.14634953 0.41268757 0.4409629 ]]
probabilities: [[0.5497007  0.38211098 0.06818831]
 [0.5930879  0.24908063 0.15783145]
 [0.14304489 0.58833784 0.26861727]
 [0.14143775 0.09316732 0.7653949 ]
 [0.3247902  0.05253594 0.62267387]]
probabilities: [[0.38406432 0.03607874 0.57985693]
 [0.44826877 0.06619262 0.4855386 ]
 [0.39521688 0.15441346 0.45036966]
 [0.64403945 0.23728867 0.11867186]
 [0.07011619 0.13556606 0.7943177 ]]
probabilities: [[0.13020957 0.31063735 0.5591531 ]
 [0.31202108 0.1997346  0.48824432]
 [0.05218085 0.7334708  0.21434836]
 [0.5626237  0.37111634 0.06625999]
 [0.48981512 0.31179467 0.19839022]]
probabilities: [[0. 0. 1.]
 [0. 1. 0.]
 [0. 0. 1.]
 [0. 0. 1.]
 [0. 0. 1.]]
probabilities: [[0.35206255 0.3191047  0.32883278]
 [0.80253613 0.17783102 0.01963286]
 [0.88225806 0.02208778 0.09565415]
 [0.6921586  0.0416504  0.266191  ]
 [0.09161568 0.01615971 0.8922246 ]]
probabilities: [[0.28092018 0.18682572 0.5322541 ]
 [0.27131265 0.22777086 0.5009165 ]
 [0.18682823 0.02768591 0.78548586]
 [0.23623323 0.05539263 0.70837414]
 [0.51155    0.0859872  0.40246278]]
probabilities: [[0.49488735 0.30706602 0.19804661]
 [0.5351708  0.03688889 0.4279403 ]
 [0.13660651 0.76485026 0.09854325]
 [0.2346627  0.32918796 0.43614933]
 [0.67732227 0.13994728 0.18273044]]
probabilities: [[0.01757194 0.14609997 0.8363281 ]
 [0.11731564 0.30033734 0.58234704]
 [0.10518652 0.81383234 0.08098116]
 [0.6166995  0.2577212  0.1255793 ]
 [0.21983792 0.20098476 0.5791773 ]]
probabilities: [[0.42575106 0.32969838 0.24455056]
 [0.48484546 0.05224567 0.4629089 ]
 [0.25609317 0.06116055 0.6827463 ]
 [0.6651575  0.08114651 0.25369596]
 [0.20406672 0.28583467 0.51009864]]
probabilities: [[1. 0. 0.]
 [1. 0. 0.]
 [1. 0. 0.]
 [1. 0. 0.]
 [1. 0. 0.]]
probabilities: [[0.16367157 0.30270723 0.5336212 ]
 [0.10304195 0.47850928 0.41844878]
 [0.3191119  0.40869805 0.27219003]
 [0.29454625 0.19148433 0.5139694 ]
 [0.44702134 0.46438393 0.08859474]]
probabilities: [[0.08568059 0.74836165 0.16595778]
 [0.40543258 0.28050986 0.31405756]
 [0.54055905 0.34825978 0.11118115]
 [0.3783263  0.47583595 0.14583774]
 [0.0947699  0.6583103  0.24691978]]
probabilities: [[0.07224492 0.6445845  0.28317058]
 [0.21966583 0.71030223 0.07003195]
 [0.9728707  0.01850538 0.00862393]
 [0.86052513 0.01548732 0.12398753]
 [0.20075189 0.6914142  0.10783395]]
probabilities: [[0.09694798 0.23017524 0.6728768 ]
 [0.17005406 0.685836   0.14410993]
 [0.0933283  0.89644164 0.01023006]
 [0.35052958 0.39033848 0.25913194]
 [0.34625828 0.6274015  0.02634028]]
probabilities: [[0.48882833 0.24967852 0.26149315]
 [0.44186947 0.5049325  0.05319802]
 [0.34343365 0.09888032 0.55768603]
 [0.9100069  0.03236319 0.05762993]
 [0.51003873 0.4117016  0.07825969]]
probabilities: [[0. 0. 1.]
 [0. 1. 0.]
 [0. 1. 0.]
 [0. 0. 1.]
 [0. 0. 1.]]
probabilities: [[0.29609326 0.14167604 0.5622307 ]
 [0.09700979 0.73412174 0.16886845]
 [0.3517202  0.29427484 0.35400495]
 [0.5089742  0.28510782 0.205918  ]
 [0.56157184 0.29778436 0.1406438 ]]
probabilities: [[0.04379513 0.10988594 0.84631896]
 [0.5217823  0.17524427 0.30297345]
 [0.07231876 0.26756063 0.6601206 ]
 [0.06664941 0.46651474 0.46683586]
 [0.00297025 0.37927157 0.61775815]]
probabilities: [[0.0022893  0.2905814  0.7071293 ]
 [0.38634083 0.4034675  0.2101917 ]
 [0.4389306  0.34062934 0.22044006]
 [0.11079364 0.5251722  0.36403418]
 [0.16734102 0.2992684  0.5333906 ]]
probabilities: [[0.513143   0.36818385 0.11867311]
 [0.23738886 0.39031962 0.37229154]
 [0.2702587  0.64163315 0.08810817]
 [0.6454687  0.1523865  0.2021448 ]
 [0.04459449 0.1870854  0.7683201 ]]
probabilities: [[0.06209912 0.57751024 0.36039063]
 [0.21653141 0.6338851  0.14958349]
 [0.80569965 0.14970145 0.04459888]
 [0.81070966 0.11737527 0.07191505]
 [0.48531893 0.37295574 0.14172533]]
probabilities: [[0. 0. 1.]
 [0. 1. 0.]
 [0. 0. 1.]
 [0. 0. 1.]
 [0. 0. 1.]]
probabilities: [[0.88395095 0.00101633 0.11503273]
 [0.09910979 0.45816535 0.44272485]
 [0.5725611  0.06380921 0.36362967]
 [0.19807853 0.05499793 0.74692357]
 [0.3514126  0.20865142 0.43993598]]
probabilities: [[0.27265242 0.15870798 0.5686396 ]
 [0.5543039  0.12437499 0.32132116]
 [0.3535088  0.01951715 0.62697405]
 [0.5606094  0.35995415 0.07943646]
 [0.49364707 0.5031489  0.003204  ]]
probabilities: [[0.24779707 0.46029422 0.29190874]
 [0.2557897  0.0174789  0.7267314 ]
 [0.22661017 0.317879   0.45551085]
 [0.6878108  0.0605281  0.2516611 ]
 [0.44744137 0.2634575  0.28910112]]
probabilities: [[0.09906168 0.34735873 0.55357957]
 [0.06932752 0.83486634 0.09580614]
 [0.05807052 0.00974562 0.93218386]
 [0.00175515 0.10304121 0.89520365]
 [0.00442156 0.48859915 0.5069793 ]]
probabilities: [[0.07598218 0.92015743 0.00386038]
 [0.1874148  0.29451513 0.51807004]
 [0.06071487 0.7382806  0.20100452]
 [0.4156563  0.41426075 0.17008294]
 [0.5334624  0.057953   0.4085846 ]]
probabilities: [[0. 1. 0.]
 [0. 1. 0.]
 [0. 1. 0.]
 [0. 1. 0.]
 [0. 1. 0.]]
probabilities: [[0.04966551 0.03288976 0.9174447 ]
 [0.8825115  0.07912079 0.0383677 ]
 [0.28637025 0.4231433  0.29048643]
 [0.21358214 0.32812524 0.45829263]
 [0.5991383  0.14268395 0.25817773]]
probabilities: [[0.71912426 0.06654418 0.21433158]
 [0.10838231 0.26008976 0.63152796]
 [0.85958064 0.05674831 0.08367109]
 [0.03841113 0.6603563  0.30123258]
 [0.24893148 0.00783505 0.74323344]]
probabilities: [[0.13710688 0.31229317 0.55059993]
 [0.44490027 0.02886366 0.52623606]
 [0.57202035 0.12617065 0.30180898]
 [0.05332647 0.09055603 0.8561175 ]
 [0.19460246 0.38139915 0.4239984 ]]
probabilities: [[0.635729   0.16194564 0.20232533]
 [0.53429425 0.37945336 0.0862524 ]
 [0.8298786  0.05657708 0.11354427]
 [0.00571657 0.87358695 0.12069646]
 [0.12147807 0.40323123 0.4752907 ]]
probabilities: [[0.37155944 0.3794061  0.24903448]
 [0.46745616 0.35825485 0.174289  ]
 [0.4343442  0.42081818 0.14483762]
 [0.22651012 0.19738251 0.5761074 ]
 [0.59889376 0.1953617  0.20574455]]
probabilities: [[0. 0. 1.]
 [0. 1. 0.]
 [0. 0. 1.]
 [0. 0. 1.]
 [0. 0. 1.]]
probabilities: [[0.68359387 0.11863285 0.19777326]
 [0.3449641  0.44487286 0.21016306]
 [0.25717434 0.27490875 0.4679169 ]
 [0.5587677  0.27096742 0.17026491]
 [0.38802102 0.59114975 0.02082924]]
probabilities: [[0.19836287 0.24986762 0.5517695 ]
 [0.17181043 0.6416269  0.18656264]
 [0.41298836 0.10306719 0.48394445]
 [0.5632059  0.32004327 0.11675084]
 [0.49180007 0.32849112 0.1797088 ]]
probabilities: [[0.26667127 0.1358974  0.59743136]
 [0.15847513 0.80511737 0.03640751]
 [0.55419177 0.41983956 0.02596869]
 [0.27712566 0.42264235 0.300232  ]
 [0.2328609  0.07785651 0.6892826 ]]
probabilities: [[0.11240331 0.68868077 0.1989159 ]
 [0.36081153 0.01573233 0.6234561 ]
 [0.10096142 0.06538073 0.83365786]
 [0.4048007  0.3010441  0.29415518]
 [0.6226253  0.19616903 0.18120565]]
probabilities: [[0.5326562  0.18666793 0.28067586]
 [0.26002935 0.03298334 0.7069873 ]
 [0.09698682 0.19280511 0.71020806]
 [0.553892   0.3375655  0.10854249]
 [0.5004937  0.3131319  0.18637441]]
probabilities: [[1. 0. 0.]
 [1. 0. 0.]
 [1. 0. 0.]
 [1. 0. 0.]
 [1. 0. 0.]]
probabilities: [[0.61039996 0.00562075 0.3839793 ]
 [0.3026307  0.48587132 0.21149798]
 [0.4457578  0.3882245  0.16601771]
 [0.33375397 0.53936887 0.12687714]
 [0.44868496 0.3867767  0.16453837]]
probabilities: [[0.24023516 0.7554853  0.00427953]
 [0.01485536 0.7371098  0.24803483]
 [0.49866772 0.06586886 0.43546343]
 [0.41489518 0.473967   0.11113781]
 [0.07860412 0.41654366 0.50485224]]
probabilities: [[0.37655517 0.5367453  0.08669953]
 [0.6129841  0.2921686  0.09484732]
 [0.12660037 0.57671005 0.2966896 ]
 [0.22728276 0.25106376 0.5216535 ]
 [0.6603964  0.29114628 0.04845732]]
probabilities: [[0.25478142 0.3537383  0.39148027]
 [0.60722625 0.19410978 0.19866394]
 [0.6401263  0.16063389 0.19923984]
 [0.56224126 0.01527484 0.4224839 ]
 [0.41086867 0.26948032 0.319651  ]]
probabilities: [[0.5839517  0.33335748 0.0826908 ]
 [0.6496509  0.21132545 0.13902368]
 [0.53226286 0.13814679 0.32959032]
 [0.619514   0.21456277 0.16592321]
 [0.7684741  0.18566255 0.04586337]]
probabilities: [[1. 0. 0.]
 [1. 0. 0.]
 [1. 0. 0.]
 [1. 0. 0.]
 [1. 0. 0.]]
probabilities: [[0.00843335 0.4889256  0.5026411 ]
 [0.01264359 0.53535914 0.4519973 ]
 [0.15318722 0.8426232  0.00418959]
 [0.265779   0.38232318 0.35189784]
 [0.53504896 0.15871139 0.30623963]]
probabilities: [[8.1799346e-01 8.5433476e-02 9.6573062e-02]
 [9.0745222e-03 8.9453566e-01 9.6389830e-02]
 [3.7650231e-01 2.6501748e-03 6.2084752e-01]
 [1.6227423e-01 4.5276830e-01 3.8495749e-01]
 [2.2956461e-04 6.7135650e-01 3.2841393e-01]]
probabilities: [[0.17091843 0.65602237 0.1730592 ]
 [0.6958529  0.08905178 0.21509534]
 [0.37926894 0.57222915 0.0485019 ]
 [0.08163271 0.347706   0.5706613 ]
 [0.2128595  0.6838244  0.10331605]]
probabilities: [[0.60846263 0.07444167 0.31709567]
 [0.19078632 0.5462093  0.26300436]
 [0.16497244 0.76065594 0.07437165]
 [0.6487324  0.22178696 0.1294806 ]
 [0.08692122 0.2472348  0.66584396]]
probabilities: [[0.1056719  0.5716382  0.32268986]
 [0.03910043 0.40193942 0.55896014]
 [0.19012438 0.5563293  0.25354633]
 [0.37483203 0.59079254 0.03437545]
 [0.14867282 0.33227992 0.51904726]]
probabilities: [[0. 0. 1.]
 [0. 1. 0.]
 [0. 1. 0.]
 [0. 0. 1.]
 [0. 0. 1.]]
probabilities: [[0.23081732 0.33750835 0.43167433]
 [0.6595676  0.04300449 0.29742792]
 [0.32636896 0.28414133 0.38948968]
 [0.1949267  0.26311094 0.5419624 ]
 [0.36862776 0.12833846 0.5030338 ]]
probabilities: [[0.24827921 0.03363814 0.71808267]
 [0.08010561 0.4566108  0.4632836 ]
 [0.23259115 0.6379259  0.12948292]
 [0.16639487 0.22847626 0.6051289 ]
 [0.19820954 0.62422425 0.17756622]]
probabilities: [[0.6614173  0.24066909 0.09791364]
 [0.55707806 0.2897057  0.15321627]
 [0.11069251 0.70309687 0.1862106 ]
 [0.15618066 0.39919433 0.444625  ]
 [0.0226188  0.03100897 0.9463722 ]]
probabilities: [[0.06167946 0.8390638  0.09925672]
 [0.02512077 0.67967445 0.2952048 ]
 [0.3055212  0.67105246 0.02342634]
 [0.5933953  0.1449514  0.26165327]
 [0.45765224 0.48552307 0.05682468]]
probabilities: [[0.24913116 0.47802773 0.27284113]
 [0.46497235 0.53153336 0.00349426]
 [0.34445366 0.00285682 0.6526895 ]
 [0.17566516 0.39956862 0.42476624]
 [0.40768525 0.5682855  0.02402922]]
probabilities: [[0. 1. 0.]
 [0. 1. 0.]
 [0. 1. 0.]
 [0. 1. 0.]
 [0. 1. 0.]]
probabilities: [[0.14753164 0.35528693 0.49718142]
 [0.23315544 0.614669   0.15217556]
 [0.3156089  0.49738774 0.18700337]
 [0.15393054 0.31840423 0.52766526]
 [0.25443757 0.6118904  0.13367206]]
probabilities: [[0.33093864 0.02194827 0.6471131 ]
 [0.11703073 0.08342741 0.7995419 ]
 [0.16822907 0.7474457  0.08432522]
 [0.35687009 0.53821576 0.10491419]
 [0.07544754 0.56069505 0.3638574 ]]
probabilities: [[0.09294142 0.13176136 0.7752972 ]
 [0.10434406 0.29407197 0.60158396]
 [0.34897    0.12957665 0.5214534 ]
 [0.7898781  0.09095161 0.1191703 ]
 [0.78685176 0.12623847 0.08690975]]
probabilities: [[0.17479193 0.46108872 0.36411938]
 [0.0362467  0.2624579  0.7012954 ]
 [0.26138625 0.0179657  0.72064805]
 [0.44085887 0.2588029  0.30033824]
 [0.43181676 0.54020524 0.027978  ]]
probabilities: [[0.04335627 0.20708753 0.7495562 ]
 [0.47671464 0.4704626  0.05282275]
 [0.28399837 0.04725803 0.6687436 ]
 [0.3064782  0.53552157 0.1580002 ]
 [0.27804092 0.47664183 0.24531725]]
probabilities: [[1. 0. 0.]
 [1. 0. 0.]
 [1. 0. 0.]
 [1. 0. 0.]
 [1. 0. 0.]]
probabilities: [[0.17286354 0.76105136 0.0660851 ]
 [0.6427648  0.31044635 0.04678883]
 [0.63066804 0.31235453 0.0569774 ]
 [0.01115585 0.09220981 0.89663434]
 [0.19105567 0.09211043 0.7168339 ]]
probabilities: [[0.68919826 0.28287345 0.02792829]
 [0.9064505  0.05509214 0.03845733]
 [0.06933948 0.15962897 0.77103156]
 [0.2411101  0.5174716  0.24141827]
 [0.3404336  0.4607785  0.1987879 ]]
probabilities: [[0.47828847 0.35669547 0.16501604]
 [0.27407745 0.7206995  0.00522306]
 [0.15714222 0.00239296 0.84046483]
 [0.7757505  0.08708881 0.13716067]
 [0.5208628  0.26670197 0.21243522]]
probabilities: [[0.20346917 0.25310758 0.54342324]
 [0.06100183 0.78615856 0.15283962]
 [0.33753273 0.41778216 0.24468511]
 [0.00279198 0.75220734 0.24500068]
 [0.00387534 0.731469   0.26465568]]
probabilities: [[0.76953316 0.1964543  0.03401254]
 [0.06539127 0.0618609  0.87274784]
 [0.41623256 0.41351488 0.17025255]
 [0.05513242 0.12280454 0.822063  ]
 [0.36576006 0.56432927 0.06991067]]
probabilities: [[0. 0. 1.]
 [0. 1. 0.]
 [0. 0. 1.]
 [0. 0. 1.]
 [0. 0. 1.]]
probabilities: [[0.0734551  0.7983998  0.12814511]
 [0.23093906 0.44611603 0.3229449 ]
 [0.34769237 0.07660501 0.5757026 ]
 [0.48363355 0.24262567 0.27374077]
 [0.27557632 0.15212956 0.5722941 ]]
probabilities: [[0.3410824  0.3531556  0.305762  ]
 [0.37751034 0.3900161  0.23247357]
 [0.67748517 0.220175   0.10233981]
 [0.49962148 0.4699178  0.0304607 ]
 [0.14315572 0.01973614 0.83710814]]
probabilities: [[0.43923292 0.28877965 0.27198744]
 [0.71407807 0.10344194 0.18247998]
 [0.09915728 0.25262514 0.64821756]
 [0.28229156 0.16456519 0.55314326]
 [0.16930343 0.3513073  0.47938928]]
probabilities: [[0.08901588 0.19988722 0.7110969 ]
 [0.03488538 0.8339846  0.13113   ]
 [0.13178052 0.6494023  0.21881717]
 [0.32490298 0.33959138 0.3355056 ]
 [0.04779112 0.00188444 0.9503244 ]]
probabilities: [[0.06854662 0.13673787 0.7947155 ]
 [0.160171   0.3062424  0.5335866 ]
 [0.05632872 0.37169227 0.571979  ]
 [0.33856726 0.20699893 0.45443383]
 [0.05615921 0.68454766 0.2592931 ]]
probabilities: [[1. 0. 0.]
 [1. 0. 0.]
 [1. 0. 0.]
 [1. 0. 0.]
 [1. 0. 0.]]
probabilities: [[0.40256542 0.07863389 0.5188007 ]
 [0.13365252 0.71524614 0.15110135]
 [0.4754218  0.26833862 0.2562396 ]
 [0.04192836 0.28331187 0.67475975]
 [0.33649796 0.51514834 0.14835368]]
probabilities: [[0.4287472  0.08306991 0.48818287]
 [0.03957789 0.3793374  0.5810847 ]
 [0.5919528  0.25422084 0.15382637]
 [0.7939547  0.06828929 0.13775602]
 [0.28918752 0.06093029 0.6498822 ]]
probabilities: [[0.64572996 0.01242646 0.34184358]
 [0.4217615  0.46357754 0.11466094]
 [0.31763756 0.06691089 0.6154515 ]
 [0.91106576 0.00451199 0.08442228]
 [0.01096965 0.63102233 0.35800803]]
probabilities: [[0.22763182 0.35463533 0.41773286]
 [0.34946418 0.5593572  0.09117862]
 [0.2753197  0.5495594  0.17512089]
 [0.43053567 0.08476052 0.4847038 ]
 [0.364522   0.4862054  0.1492726 ]]
probabilities: [[0.4919247  0.28440934 0.22366595]
 [0.5731518  0.12158714 0.30526105]
 [0.565245   0.09489335 0.3398617 ]
 [0.19728845 0.37259644 0.4301151 ]
 [0.1317127  0.175685   0.6926023 ]]
probabilities: [[1. 0. 0.]
 [1. 0. 0.]
 [1. 0. 0.]
 [1. 0. 0.]
 [1. 0. 0.]]
probabilities: [[0.404256   0.40610975 0.18963426]
 [0.5599492  0.06188286 0.37816796]
 [0.2283669  0.2902684  0.48136473]
 [0.35333326 0.30033422 0.34633252]
 [0.27579242 0.07442849 0.6497791 ]]
probabilities: [[0.6857789  0.11272175 0.20149934]
 [0.08604751 0.64078563 0.27316684]
 [0.07168041 0.8457798  0.08253981]
 [0.29374203 0.69610083 0.01015714]
 [0.00562508 0.8293791  0.16499585]]
probabilities: [[0.43702447 0.5031713  0.05980419]
 [0.5113114  0.39292032 0.09576827]
 [0.03654231 0.5092685  0.45418918]
 [0.16014083 0.06959884 0.77026033]
 [0.1251733  0.3354802  0.53934646]]
probabilities: [[0.04057272 0.64491546 0.31451184]
 [0.02650931 0.6783318  0.29515886]
 [0.04119498 0.15345788 0.80534714]
 [0.33278674 0.26055452 0.40665874]
 [0.37026936 0.51754194 0.1121887 ]]
probabilities: [[0.18315409 0.40964955 0.40719634]
 [0.33426625 0.01167418 0.6540596 ]
 [0.63955826 0.1293234  0.23111835]
 [0.30719915 0.01135091 0.68144995]
 [0.43813202 0.00451469 0.55735326]]
probabilities: [[0. 1. 0.]
 [0. 1. 0.]
 [0. 1. 0.]
 [0. 1. 0.]
 [0. 1. 0.]]
probabilities: [[0.4043905  0.09551512 0.50009435]
 [0.3509965  0.11343259 0.5355709 ]
 [0.5329829  0.01590457 0.45111254]
 [0.3097431  0.11189786 0.578359  ]
 [0.22720781 0.06040921 0.712383  ]]
probabilities: [[0.02939356 0.49448282 0.4761236 ]
 [0.41074032 0.11256225 0.47669744]
 [0.13937126 0.6432063  0.21742246]
 [0.0429958  0.15472162 0.8022826 ]
 [0.54658467 0.3243139  0.12910144]]
probabilities: [[0.22149606 0.36646733 0.4120366 ]
 [0.13865642 0.04763137 0.8137122 ]
 [0.31775615 0.25908175 0.4231621 ]
 [0.43503225 0.47350872 0.09145906]
 [0.73291206 0.04339757 0.22369035]]
probabilities: [[0.38009414 0.56990695 0.04999892]
 [0.23709327 0.3158559  0.44705084]
 [0.05948871 0.54789776 0.39261356]
 [0.2048895  0.02818879 0.7669217 ]
 [0.48845625 0.26918408 0.24235967]]
probabilities: [[0.37228048 0.32093838 0.30678114]
 [0.41257176 0.08853085 0.49889737]
 [0.75689566 0.11462261 0.12848172]
 [0.01947789 0.08776641 0.8927557 ]
 [0.22382206 0.2796044  0.49657354]]
probabilities: [[0. 0. 1.]
 [0. 1. 0.]
 [0. 1. 0.]
 [0. 0. 1.]
 [0. 0. 1.]]
probabilities: [[0.4353903  0.37115157 0.19345814]
 [0.907441   0.04934246 0.04321654]
 [0.09377265 0.38861272 0.5176146 ]
 [0.13495716 0.8592597  0.00578311]
 [0.20879534 0.44549447 0.3457102 ]]
probabilities: [[0.39796874 0.02442859 0.5776027 ]
 [0.09073123 0.32187122 0.5873975 ]
 [0.00613567 0.07251439 0.92134994]
 [0.02226271 0.13371266 0.8440246 ]
 [0.23315634 0.5282543  0.23858939]]
probabilities: [[2.09400281e-01 4.27974164e-01 3.62625539e-01]
 [2.08024442e-01 2.78408152e-05 7.91947722e-01]
 [8.76078129e-01 7.14999950e-03 1.16771884e-01]
 [2.68074363e-01 4.95448373e-02 6.82380795e-01]
 [4.23094779e-01 3.02274019e-01 2.74631202e-01]]
probabilities: [[0.07870784 0.3711818  0.5501104 ]
 [0.31301382 0.47726429 0.20972191]
 [0.1994535  0.12325799 0.6772885 ]
 [0.07327621 0.20190208 0.72482175]
 [0.11259715 0.8277868  0.05961604]]
probabilities: [[0.30749884 0.49495396 0.1975472 ]
 [0.00820951 0.20704234 0.78474814]
 [0.03162341 0.73164916 0.23672743]
 [0.19497561 0.00156956 0.8034548 ]
 [0.63434607 0.22546135 0.14019257]]
probabilities: [[0. 0. 1.]
 [0. 1. 0.]
 [0. 1. 0.]
 [0. 0. 1.]
 [0. 0. 1.]]
probabilities: [[0.27793813 0.47601968 0.2460422 ]
 [0.2504514  0.29738843 0.45216018]
 [0.92507476 0.04073166 0.03419357]
 [0.7531292  0.13886681 0.10800403]
 [0.21707347 0.30809858 0.47482795]]
probabilities: [[0.3116635  0.5159473  0.1723892 ]
 [0.6661766  0.24620743 0.08761595]
 [0.23005497 0.41923484 0.35071018]
 [0.00370627 0.8891535  0.10714027]
 [0.02198235 0.56365174 0.4143659 ]]
probabilities: [[0.33827978 0.61834174 0.04337848]
 [0.648837   0.29439917 0.05676388]
 [0.31413448 0.5256102  0.16025533]
 [0.0442505  0.11731586 0.8384336 ]
 [0.04104771 0.47301856 0.48593372]]
probabilities: [[0.42881563 0.309687   0.26149738]
 [0.29795486 0.24994917 0.45209596]
 [0.10728838 0.640064   0.25264764]
 [0.08209606 0.61449426 0.30340967]
 [0.02251944 0.12603536 0.8514452 ]]
probabilities: [[0.37141648 0.38514537 0.24343815]
 [0.16819641 0.58201486 0.24978873]
 [0.5936068  0.23807444 0.16831872]
 [0.7187929  0.2047939  0.07641316]
 [0.07997833 0.43120825 0.4888134 ]]
probabilities: [[1. 0. 0.]
 [1. 0. 0.]
 [1. 0. 0.]
 [1. 0. 0.]
 [1. 0. 0.]]
probabilities: [[0.21908388 0.09998155 0.68093455]
 [0.05808586 0.88352054 0.05839359]
 [0.32694793 0.60289705 0.07015501]
 [0.33492506 0.00548417 0.6595908 ]
 [0.03505801 0.5135401  0.4514019 ]]
probabilities: [[0.67930746 0.22376284 0.09692969]
 [0.41474056 0.29183534 0.2934241 ]
 [0.00563588 0.26608825 0.7282759 ]
 [0.5233132  0.39165404 0.08503275]
 [0.11977328 0.35410964 0.5261171 ]]
probabilities: [[0.12852246 0.07944694 0.79203063]
 [0.24615131 0.2549244  0.4989243 ]
 [0.16822927 0.11259183 0.7191789 ]
 [0.82452065 0.02178974 0.15368962]
 [0.06136793 0.35198683 0.58664525]]
probabilities: [[1.15426704e-01 5.02549052e-01 3.82024258e-01]
 [5.33051714e-02 9.00220990e-01 4.64738309e-02]
 [3.96279395e-01 1.19683236e-01 4.84037369e-01]
 [4.99766208e-02 3.73382238e-03 9.46289539e-01]
 [2.64771044e-01 7.34405100e-01 8.23874027e-04]]
probabilities: [[0.28549016 0.21381116 0.5006987 ]
 [0.10922482 0.32864475 0.5621304 ]
 [0.6105351  0.22845422 0.1610107 ]
 [0.06962212 0.7734158  0.15696208]
 [0.1017336  0.7181313  0.18013512]]
probabilities: [[1. 0. 0.]
 [1. 0. 0.]
 [1. 0. 0.]
 [1. 0. 0.]
 [1. 0. 0.]]
probabilities: [[0.35182947 0.22818086 0.41998965]
 [0.11986504 0.506458   0.37367696]
 [0.03785625 0.48881724 0.4733265 ]
 [0.22074588 0.394656   0.38459814]
 [0.3820175  0.44453466 0.17344785]]
probabilities: [[0.24316315 0.31588653 0.4409503 ]
 [0.03385566 0.01798771 0.94815665]
 [0.6557995  0.03813125 0.30606925]
 [0.29467762 0.48736277 0.2179596 ]
 [0.2697653  0.57748085 0.15275386]]
probabilities: [[0.7158209  0.01383419 0.27034488]
 [0.12352163 0.51201534 0.364463  ]
 [0.63955617 0.16192222 0.19852158]
 [0.7245911  0.20660396 0.06880495]
 [0.5650017  0.02465693 0.41034132]]
probabilities: [[0.800132   0.03179802 0.16806997]
 [0.34030107 0.25341007 0.40628886]
 [0.32751954 0.61357486 0.05890562]
 [0.32499433 0.18768121 0.48732445]
 [0.32402176 0.20428032 0.47169796]]
probabilities: [[0.01706302 0.05044308 0.9324939 ]
 [0.41550058 0.22110747 0.36339194]
 [0.3817266  0.22202106 0.39625233]
 [0.65732384 0.04652682 0.2961493 ]
 [0.46336016 0.09277168 0.44386816]]
probabilities: [[0. 1. 0.]
 [0. 1. 0.]
 [0. 1. 0.]
 [0. 1. 0.]
 [0. 1. 0.]]
probabilities: [[0.25784844 0.18451975 0.5576318 ]
 [0.25324863 0.4789358  0.26781556]
 [0.72662365 0.12548064 0.1478957 ]
 [0.25611627 0.59949464 0.14438912]
 [0.1139548  0.46358088 0.42246434]]
probabilities: [[0.22737302 0.5956371  0.17698988]
 [0.2728015  0.00973581 0.7174627 ]
 [0.27116168 0.32045373 0.4083846 ]
 [0.06290325 0.04891424 0.8881825 ]
 [0.50763094 0.31245208 0.17991698]]
probabilities: [[0.22028793 0.07709208 0.70261997]
 [0.62983596 0.19857958 0.17158446]
 [0.64801514 0.27153972 0.08044516]
 [0.47439066 0.04187308 0.48373628]
 [0.35720348 0.185302   0.45749453]]
probabilities: [[0.30128875 0.59107774 0.10763354]
 [0.39295647 0.27265766 0.33438587]
 [0.55804896 0.15398802 0.287963  ]
 [0.14831318 0.1536942  0.6979926 ]
 [0.03083525 0.41226935 0.5568954 ]]
probabilities: [[0.05341273 0.48400664 0.46258062]
 [0.3233676  0.64448506 0.03214734]
 [0.09934371 0.30592084 0.59473544]
 [0.30658722 0.6222067  0.07120612]
 [0.17681882 0.63934016 0.18384105]]
probabilities: [[0. 0. 1.]
 [0. 1. 0.]
 [0. 0. 1.]
 [0. 0. 1.]
 [0. 0. 1.]]
probabilities: [[0.00740802 0.3500231  0.6425689 ]
 [0.15951739 0.05350741 0.7869752 ]
 [0.6306125  0.06871158 0.30067593]
 [0.19355327 0.28607485 0.52037185]
 [0.20865898 0.5817798  0.20956126]]
probabilities: [[0.45517617 0.21621    0.32861382]
 [0.04492968 0.8807746  0.07429573]
 [0.01846374 0.64975333 0.3317829 ]
 [0.2613999  0.04887587 0.6897242 ]
 [0.23285381 0.21863441 0.54851174]]
probabilities: [[0.72467536 0.0319536  0.24337105]
 [0.40792733 0.26291528 0.32915738]
 [0.20923896 0.33196363 0.4587974 ]
 [0.20220964 0.03141386 0.7663765 ]
 [0.21408594 0.74845004 0.03746402]]
probabilities: [[0.30998492 0.02311668 0.66689837]
 [0.21291275 0.07822406 0.7088632 ]
 [0.05736974 0.4565191  0.48611116]
 [0.11901528 0.38445225 0.49653244]
 [0.18642074 0.10774387 0.7058354 ]]
probabilities: [[0.78588986 0.129524   0.08458615]
 [0.22786781 0.17564628 0.5964859 ]
 [0.3533993  0.27095643 0.37564427]
 [0.04049931 0.57871777 0.38078296]
 [0.16281728 0.57348603 0.26369664]]
probabilities: [[0. 1. 0.]
 [0. 1. 0.]
 [0. 1. 0.]
 [0. 1. 0.]
 [0. 1. 0.]]
probabilities: [[0.555864   0.19501653 0.2491195 ]
 [0.5788348  0.03013305 0.3910322 ]
 [0.09946363 0.8095568  0.09097961]
 [0.5167167  0.25454372 0.22873957]
 [0.10146458 0.01368008 0.88485533]]
probabilities: [[0.14194848 0.30641645 0.5516351 ]
 [0.09513342 0.6102882  0.2945784 ]
 [0.7238874  0.01922057 0.25689203]
 [0.5362535  0.28799054 0.17575595]
 [0.20540278 0.7715509  0.02304634]]
probabilities: [[0.2338143  0.57456535 0.19162036]
 [0.59377813 0.10967478 0.2965471 ]
 [0.10459971 0.5855282  0.3098721 ]
 [0.37394318 0.21953025 0.40652657]
 [0.0900334  0.5677849  0.34218168]]
probabilities: [[2.3101699e-01 7.6074398e-01 8.2390485e-03]
 [2.7427259e-01 5.6732327e-01 1.5840416e-01]
 [3.2438427e-01 2.8140962e-01 3.9420611e-01]
 [5.0812477e-04 8.4254915e-01 1.5694274e-01]
 [4.6775675e-01 1.9283049e-01 3.3941275e-01]]
probabilities: [[0.13591175 0.8051066  0.0589817 ]
 [0.14693256 0.2100044  0.64306307]
 [0.10047905 0.08507246 0.8144485 ]
 [0.06268563 0.40704727 0.53026706]
 [0.15376018 0.3303893  0.51585054]]
probabilities: [[0. 0. 1.]
 [0. 1. 0.]
 [0. 1. 0.]
 [0. 0. 1.]
 [0. 0. 1.]]
probabilities: [[0.42776376 0.01773546 0.55450076]
 [0.03280887 0.38283625 0.5843549 ]
 [0.17460747 0.14991172 0.67548084]
 [0.32592407 0.43023315 0.2438428 ]
 [0.15284123 0.26514837 0.5820104 ]]
probabilities: [[0.47555098 0.12080115 0.4036479 ]
 [0.0098154  0.6337502  0.3564344 ]
 [0.6025725  0.0732601  0.3241674 ]
 [0.1499989  0.62253565 0.22746545]
 [0.9102942  0.01388526 0.07582057]]
probabilities: [[0.68266404 0.08735476 0.22998121]
 [0.21127877 0.0869588  0.70176244]
 [0.6398078  0.24537754 0.11481464]
 [0.21342714 0.6235529  0.16301994]
 [0.7326099  0.05943299 0.20795707]]
probabilities: [[0.06268378 0.03121275 0.9061035 ]
 [0.2122871  0.0536029  0.73411   ]
 [0.4237201  0.46815    0.10812992]
 [0.67851055 0.17203921 0.14945026]
 [0.15046254 0.2813987  0.5681387 ]]
probabilities: [[0.0595961  0.35775024 0.5826537 ]
 [0.23038557 0.35200807 0.41760638]
 [0.20410337 0.61259836 0.18329829]
 [0.38831002 0.567407   0.04428294]
 [0.52568984 0.22506945 0.24924068]]
probabilities: [[1. 0. 0.]
 [1. 0. 0.]
 [1. 0. 0.]
 [1. 0. 0.]
 [1. 0. 0.]]
probabilities: [[0.5625518  0.02482747 0.41262075]
 [0.05845279 0.690826   0.2507212 ]
 [0.4926854  0.35855174 0.14876284]
 [0.4004286  0.30570483 0.29386657]
 [0.17450166 0.3316227  0.49387565]]
probabilities: [[0.53769445 0.31149623 0.15080929]
 [0.5055769  0.14760338 0.3468197 ]
 [0.14681712 0.36833733 0.48484552]
 [0.88355213 0.10169133 0.01475655]
 [0.8050385  0.17898123 0.01598023]]
probabilities: [[0.26466152 0.3122863  0.4230522 ]
 [0.2771511  0.10418585 0.6186631 ]
 [0.16375466 0.4746571  0.36158824]
 [0.39552274 0.5427285  0.06174874]
 [0.85841477 0.04317014 0.09841509]]
probabilities: [[0.82516557 0.12546386 0.04937054]
 [0.14629063 0.14564125 0.70806813]
 [0.02644524 0.35118666 0.6223681 ]
 [0.49247634 0.07226474 0.4352589 ]
 [0.18949987 0.28588063 0.5246195 ]]
probabilities: [[0.07879803 0.80947703 0.11172495]
 [0.45296004 0.01901881 0.52802116]
 [0.14166592 0.54523695 0.31309715]
 [0.3237437  0.5197976  0.15645868]
 [0.22244765 0.2756928  0.50185955]]
probabilities: [[1. 0. 0.]
 [1. 0. 0.]
 [1. 0. 0.]
 [1. 0. 0.]
 [1. 0. 0.]]
probabilities: [[0.00535839 0.9630622  0.03157935]
 [0.24290693 0.18019854 0.5768945 ]
 [0.4051263  0.38733274 0.20754094]
 [0.0480998  0.2299075  0.7219927 ]
 [0.00196234 0.7925894  0.20544824]]
probabilities: [[0.11415164 0.5011805  0.38466784]
 [0.35503477 0.58489513 0.0600701 ]
 [0.36811966 0.10024762 0.5316327 ]
 [0.09823918 0.61999553 0.28176528]
 [0.10487422 0.02064296 0.8744828 ]]
probabilities: [[0.28272015 0.5233765  0.1939033 ]
 [0.04337502 0.18994685 0.76667815]
 [0.22754845 0.38217762 0.39027393]
 [0.86436087 0.01162238 0.12401674]
 [0.1858984  0.34325838 0.47084323]]
probabilities: [[0.18707594 0.12618992 0.68673414]
 [0.52319217 0.38037774 0.09643012]
 [0.2571729  0.3833069  0.3595202 ]
 [0.3936467  0.4237791  0.18257423]
 [0.14754634 0.00978621 0.84266746]]
probabilities: [[0.28400624 0.18203136 0.5339624 ]
 [0.13210312 0.42399028 0.44390664]
 [0.38716784 0.35203677 0.26079538]
 [0.7711573  0.18019605 0.04864666]
 [0.7235227  0.02076211 0.25571513]]
probabilities: [[0. 0. 1.]
 [0. 1. 0.]
 [0. 0. 1.]
 [0. 0. 1.]
 [0. 0. 1.]]
probabilities: [[0.2832774  0.15447739 0.5622452 ]
 [0.07025094 0.5925582  0.33719087]
 [0.6909131  0.243032   0.06605492]
 [0.54710793 0.26580828 0.18708378]
 [0.07697107 0.3198575  0.6031714 ]]
probabilities: [[0.29197246 0.6415192  0.06650837]
 [0.07601237 0.43403324 0.48995438]
 [0.46538496 0.09362464 0.44099042]
 [0.16406222 0.04838172 0.78755605]
 [0.06741415 0.4137417  0.5188441 ]]
probabilities: [[0.11632837 0.73476285 0.1489088 ]
 [0.00836878 0.6845953  0.30703592]
 [0.41416645 0.20640716 0.3794264 ]
 [0.8375273  0.05216314 0.1103096 ]
 [0.01190326 0.40801442 0.5800823 ]]
probabilities: [[0.12080918 0.08154755 0.79764324]
 [0.30934778 0.39206824 0.29858398]
 [0.4161208  0.3188484  0.2650308 ]
 [0.4966557  0.4826275  0.02071679]
 [0.45371792 0.44990358 0.09637851]]
probabilities: [[0.41607526 0.20666806 0.37725666]
 [0.8590489  0.06853975 0.07241133]
 [0.07508066 0.00839692 0.91652244]
 [0.18564905 0.29508895 0.519262  ]
 [0.03927649 0.38436455 0.576359  ]]
probabilities: [[1. 0. 0.]
 [1. 0. 0.]
 [1. 0. 0.]
 [1. 0. 0.]
 [1. 0. 0.]]
probabilities: [[0.0297452  0.43399552 0.5362593 ]
 [0.87695056 0.07391249 0.04913695]
 [0.29374877 0.45080054 0.2554507 ]
 [0.07782729 0.21933961 0.7028331 ]
 [0.3054603  0.67542803 0.01911167]]
probabilities: [[0.7020663  0.0069902  0.29094347]
 [0.5668794  0.09830919 0.33481142]
 [0.34026217 0.21613802 0.4435998 ]
 [0.42720622 0.073534   0.49925977]
 [0.01113305 0.42605057 0.5628164 ]]
probabilities: [[0.10202076 0.87652147 0.02145776]
 [0.58509874 0.04361391 0.37128735]
 [0.00500503 0.289084   0.705911  ]
 [0.31792793 0.33778444 0.34428763]
 [0.05171403 0.01496303 0.93332297]]
probabilities: [[0.4474159  0.10854767 0.44403645]
 [0.02720203 0.2480924  0.7247056 ]
 [0.70517    0.09594913 0.19888091]
 [0.10151271 0.6173342  0.28115314]
 [0.33963186 0.44335714 0.217011  ]]
probabilities: [[0.19879879 0.4693343  0.3318669 ]
 [0.08424693 0.13714604 0.778607  ]
 [0.7152089  0.23730417 0.04748693]
 [0.835095   0.14754304 0.017362  ]
 [0.20652002 0.18396708 0.6095129 ]]
probabilities: [[0. 0. 1.]
 [0. 1. 0.]
 [0. 0. 1.]
 [0. 0. 1.]
 [0. 0. 1.]]
probabilities: [[0.63550484 0.20722085 0.1572743 ]
 [0.841594   0.11374595 0.04466005]
 [0.35264423 0.10431311 0.54304266]
 [0.12523985 0.6547845  0.21997565]
 [0.09064595 0.8084933  0.10086073]]
probabilities: [[0.22264986 0.41598973 0.36136043]
 [0.00437097 0.4847209  0.5109081 ]
 [0.35555273 0.35658813 0.28785914]
 [0.842205   0.05973053 0.0980645 ]
 [0.00587553 0.7997101  0.19441435]]
probabilities: [[0.39185485 0.17651287 0.43163228]
 [0.07423794 0.87312627 0.05263577]
 [0.05881267 0.89807403 0.04311331]
 [0.36029834 0.56266403 0.0770376 ]
 [0.12820926 0.8020233  0.06976745]]
probabilities: [[0.46156713 0.18081811 0.3576148 ]
 [0.3529292  0.53020245 0.11686835]
 [0.7558849  0.22028026 0.02383483]
 [0.66090006 0.2746351  0.06446484]
 [0.73769957 0.05074279 0.21155767]]
probabilities: [[0.4372507  0.27273196 0.2900173 ]
 [0.14823793 0.51470363 0.33705845]
 [0.632255   0.02680968 0.3409353 ]
 [0.87800467 0.11978647 0.00220883]
 [0.28856212 0.585183   0.12625483]]
probabilities: [[0. 0. 1.]
 [0. 1. 0.]
 [0. 1. 0.]
 [0. 0. 1.]
 [0. 0. 1.]]
probabilities: [[0.128655   0.5574891  0.3138559 ]
 [0.4029115  0.5680728  0.02901571]
 [0.7362251  0.04258149 0.22119337]
 [0.22702639 0.6342189  0.13875471]
 [0.38352767 0.5671612  0.04931113]]
probabilities: [[0.25898746 0.31449506 0.42651746]
 [0.09163065 0.33040896 0.57796043]
 [0.72618467 0.17362922 0.10018612]
 [0.06717087 0.20208572 0.7307434 ]
 [0.42340028 0.54400414 0.03259559]]
probabilities: [[0.19110885 0.46745703 0.34143412]
 [0.03890452 0.5730494  0.38804606]
 [0.26828766 0.4270737  0.30463865]
 [0.50784034 0.40626433 0.08589532]
 [0.5065939  0.15290302 0.3405031 ]]
probabilities: [[0.4833502  0.25595683 0.26069298]
 [0.0786953  0.5008729  0.42043182]
 [0.6199104  0.16849679 0.21159282]
 [0.10436366 0.6341348  0.2615015 ]
 [0.5990394  0.16043729 0.24052332]]
probabilities: [[0.49806425 0.25509703 0.24683872]
 [0.414118   0.47476876 0.11111324]
 [0.42826125 0.11412167 0.45761707]
 [0.282542   0.01342213 0.7040359 ]
 [0.39417347 0.34883973 0.2569868 ]]
probabilities: [[1. 0. 0.]
 [1. 0. 0.]
 [1. 0. 0.]
 [1. 0. 0.]
 [1. 0. 0.]]
probabilities: [[0.02502687 0.38812682 0.5868463 ]
 [0.94218975 0.02073386 0.03707636]
 [0.22313389 0.60121644 0.17564969]
 [0.14219858 0.25821993 0.5995815 ]
 [0.11352723 0.7489358  0.13753693]]
probabilities: [[0.78801084 0.04252939 0.16945976]
 [0.23420323 0.3078445  0.4579523 ]
 [0.15233538 0.6282959  0.21936873]
 [0.22107644 0.2811541  0.49776945]
 [0.09365755 0.37671417 0.5296283 ]]
probabilities: [[0.02809594 0.19620283 0.7757012 ]
 [0.2013464  0.00872981 0.7899238 ]
 [0.03388556 0.19728862 0.7688258 ]
 [0.6591767  0.2462615  0.09456179]
