probabilities: [[0. 0. 1.]
 [0. 1. 0.]
 [0. 1. 0.]
 [0. 0. 1.]
 [0. 0. 1.]]
probabilities: [[0.22503893 0.15058841 0.62437266]
 [0.3592223  0.17866519 0.46211252]
 [0.35833648 0.31325805 0.32840547]
 [0.55549634 0.05516247 0.3893412 ]
 [0.7019895  0.00651037 0.29150015]]
probabilities: [[0.65767485 0.13539408 0.20693108]
 [0.44355768 0.2508741  0.30556822]
 [0.5332769  0.05760909 0.40911397]
 [0.364565   0.24627365 0.38916132]
 [0.6084384  0.08085608 0.31070554]]
probabilities: [[0.11171041 0.7302006  0.15808898]
 [0.4261681  0.42915452 0.14467734]
 [0.27041367 0.33734286 0.39224347]
 [0.7007653  0.1093409  0.18989378]
 [0.03647982 0.6376626  0.32585758]]
probabilities: [[1. 0. 0.]
 [1. 0. 0.]
 [1. 0. 0.]
 [1. 0. 0.]
 [1. 0. 0.]]
probabilities: [[0.12142348 0.14637727 0.73219925]
 [0.49330333 0.4887374  0.01795925]
 [0.02431961 0.42092377 0.55475664]
 [0.58931553 0.32334897 0.08733551]
 [0.6404575  0.05973789 0.29980457]]
probabilities: [[0.35611862 0.41687587 0.22700551]
 [0.18968797 0.1123788  0.69793326]
 [0.12167957 0.23612784 0.6421926 ]
 [0.01846928 0.25221786 0.7293129 ]
 [0.11874103 0.7055913  0.17566767]]
probabilities: [[0.47919285 0.2552753  0.26553184]
 [0.2517995  0.20869209 0.5395084 ]
 [0.02405213 0.20896156 0.7669863 ]
 [0.03677851 0.48992854 0.47329295]
 [0.3716646  0.19346978 0.43486562]]
probabilities: [[0. 1. 0.]
 [0. 1. 0.]
 [0. 1. 0.]
 [0. 1. 0.]
 [0. 1. 0.]]
probabilities: [[0.10833924 0.13054456 0.7611162 ]
 [0.3790564  0.19450843 0.42643517]
 [0.3726371  0.45725143 0.17011148]
 [0.6462737  0.14410077 0.20962557]
 [0.18968815 0.09311391 0.71719795]]
probabilities: [[0.7247504  0.2078097  0.06743991]
 [0.36129734 0.19924054 0.43946213]
 [0.31414384 0.58752006 0.09833608]
 [0.34855184 0.52665174 0.12479643]
 [0.19042192 0.5500202  0.25955787]]
probabilities: [[0.37236455 0.48287258 0.14476287]
 [0.12908106 0.0248589  0.84606004]
 [0.09914049 0.13650873 0.7643508 ]
 [0.06319331 0.17149968 0.765307  ]
 [0.36706516 0.57474005 0.05819481]]
probabilities: [[0. 1. 0.]
 [0. 1. 0.]
 [0. 1. 0.]
 [0. 1. 0.]
 [0. 1. 0.]]
probabilities: [[0.13631757 0.57864964 0.28503278]
 [0.60168934 0.09271309 0.3055976 ]
 [0.4417323  0.14815417 0.41011354]
 [0.5138954  0.20316286 0.28294176]
 [0.5176172  0.10934034 0.37304243]]
probabilities: [[0.17934106 0.2639922  0.55666673]
 [0.5493668  0.25340375 0.1972295 ]
 [0.33095556 0.654115   0.01492941]
 [0.35870862 0.40075335 0.24053805]
 [0.5887008  0.08641072 0.3248885 ]]
probabilities: [[0.09370799 0.23842347 0.66786855]
 [0.40570313 0.2650913  0.32920557]
 [0.18825276 0.18413255 0.6276147 ]
 [0.143671   0.29713875 0.5591902 ]
 [0.41118237 0.46269107 0.12612656]]
probabilities: [[1. 0. 0.]
 [1. 0. 0.]
 [1. 0. 0.]
 [1. 0. 0.]
 [1. 0. 0.]]
probabilities: [[0.91635853 0.00752528 0.07611621]
 [0.0902384  0.12942639 0.7803352 ]
 [0.12197279 0.13152115 0.74650604]
 [0.60525227 0.33883443 0.05591328]
 [0.02383317 0.8144948  0.16167203]]
probabilities: [[0.45938843 0.26900238 0.2716092 ]
 [0.3010926  0.20706432 0.49184307]
 [0.4007611  0.50341177 0.09582715]
 [0.44896907 0.07238164 0.47864932]
 [0.4196344  0.01066467 0.56970096]]
probabilities: [[0.7624826  0.09524503 0.14227238]
 [0.631263   0.1105401  0.25819692]
 [0.36913952 0.4583996  0.1724609 ]
 [0.4871378  0.30133626 0.21152595]
 [0.18482357 0.31461096 0.50056547]]
probabilities: [[0. 0. 1.]
 [0. 1. 0.]
 [0. 1. 0.]
 [0. 0. 1.]
 [0. 0. 1.]]
probabilities: [[0.7189823  0.05106372 0.229954  ]
 [0.86223996 0.03795533 0.09980474]
 [0.44844273 0.21442217 0.3371351 ]
 [0.5708415  0.06776311 0.36139536]
 [0.01724354 0.73111826 0.2516382 ]]
probabilities: [[0.32039952 0.44842333 0.23117715]
 [0.0803537  0.22779752 0.69184875]
 [0.14723435 0.424952   0.42781362]
 [0.11178315 0.5094566  0.3787603 ]
 [0.40024248 0.4631951  0.13656244]]
probabilities: [[0.5177771  0.32846826 0.15375468]
 [0.35686192 0.04313068 0.6000074 ]
 [0.1716262  0.51668674 0.31168708]
 [0.5305746  0.4211506  0.04827478]
 [0.02952796 0.8588521  0.11161996]]
probabilities: [[0. 1. 0.]
 [0. 1. 0.]
 [0. 1. 0.]
 [0. 1. 0.]
 [0. 1. 0.]]
probabilities: [[0.11734892 0.5505462  0.33210483]
 [0.10162851 0.24710655 0.65126497]
 [0.14676385 0.836713   0.01652313]
 [0.44320217 0.4999288  0.05686902]
 [0.06528474 0.8359221  0.09879316]]
probabilities: [[0.37271914 0.09188386 0.535397  ]
 [0.00628729 0.70535356 0.28835914]
 [0.25060079 0.6677746  0.08162459]
 [0.17031571 0.32379332 0.50589097]
 [0.08889703 0.82381135 0.0872916 ]]
probabilities: [[0.426037   0.5117028  0.06226021]
 [0.6427429  0.03621021 0.3210469 ]
 [0.4967452  0.312857   0.1903978 ]
 [0.21568038 0.25318292 0.5311367 ]
 [0.6215329  0.09312588 0.28534117]]
probabilities: [[0. 0. 1.]
 [0. 1. 0.]
 [0. 1. 0.]
 [0. 0. 1.]
 [0. 0. 1.]]
probabilities: [[0.39414123 0.41477105 0.19108771]
 [0.07577059 0.14832748 0.7759019 ]
 [0.01008657 0.62543154 0.3644819 ]
 [0.55810803 0.28988054 0.15201141]
 [0.3031727  0.3589393  0.337888  ]]
probabilities: [[0.54569256 0.40763596 0.04667146]
 [0.01375834 0.03075956 0.9554821 ]
 [0.7173237  0.2516768  0.03099951]
 [0.16258092 0.36269262 0.47472647]
 [0.2771429  0.5278933  0.19496377]]
probabilities: [[0.42119384 0.2249054  0.35390076]
 [0.19921352 0.7885258  0.01226068]
 [0.0309319  0.07490563 0.8941625 ]
 [0.2308859  0.5073257  0.26178843]
 [0.39570448 0.55646896 0.04782657]]
probabilities: [[0. 0. 1.]
 [0. 1. 0.]
 [0. 0. 1.]
 [0. 0. 1.]
 [0. 0. 1.]]
probabilities: [[0.2349788  0.15284725 0.612174  ]
 [0.21618828 0.46071258 0.32309914]
 [0.21350455 0.50249803 0.28399742]
 [0.6206185  0.10469074 0.27469075]
 [0.25306392 0.6985953  0.04834082]]
probabilities: [[0.27760142 0.19480331 0.5275953 ]
 [0.17956983 0.683302   0.13712817]
 [0.03841889 0.36018622 0.6013949 ]
 [0.43928236 0.23904653 0.3216711 ]
 [0.11591767 0.73468894 0.14939338]]
probabilities: [[0.5915503  0.39527106 0.01317861]
 [0.5095268  0.28726348 0.2032097 ]
 [0.46954012 0.29038006 0.2400798 ]
 [0.5457354  0.39188868 0.0623759 ]
 [0.5770523  0.38665798 0.03628975]]
probabilities: [[1. 0. 0.]
 [1. 0. 0.]
 [1. 0. 0.]
 [1. 0. 0.]
 [1. 0. 0.]]
probabilities: [[0.01126955 0.5360016  0.45272884]
 [0.26509392 0.6732675  0.06163861]
 [0.18729274 0.27583462 0.5368726 ]
 [0.27147838 0.24786314 0.48065847]
 [0.20696005 0.07230628 0.7207337 ]]
probabilities: [[0.19900885 0.7724264  0.02856473]
 [0.20877273 0.2559107  0.5353165 ]
 [0.08974561 0.08286051 0.8273939 ]
 [0.06217181 0.36996377 0.5678644 ]
 [0.1421577  0.1614813  0.696361  ]]
probabilities: [[0.5633881  0.02699364 0.40961823]
 [0.0561734  0.9313453  0.01248134]
 [0.4385249  0.54559445 0.01588063]
 [0.12416423 0.5716623  0.30417344]
 [0.60203445 0.35595983 0.0420057 ]]
probabilities: [[0. 0. 1.]
 [0. 1. 0.]
 [0. 0. 1.]
 [0. 0. 1.]
 [0. 0. 1.]]
probabilities: [[0.60962033 0.08294711 0.30743253]
 [0.07377793 0.2619987  0.6642234 ]
 [0.13188289 0.5217273  0.34638977]
 [0.51296383 0.06564917 0.42138702]
 [0.64520144 0.11168937 0.24310917]]
probabilities: [[0.5963786  0.3165436  0.08707778]
 [0.800064   0.09467018 0.10526577]
 [0.8865954  0.07222993 0.04117461]
 [0.2708131  0.5703538  0.15883306]
 [0.56124043 0.2395941  0.19916543]]
probabilities: [[0.59077495 0.10640159 0.30282345]
 [0.2637763  0.5340637  0.20216003]
 [0.257052   0.34268963 0.40025833]
 [0.4523505  0.22804682 0.31960267]
 [0.69506323 0.16354816 0.14138861]]
probabilities: [[1. 0. 0.]
 [1. 0. 0.]
 [1. 0. 0.]
 [1. 0. 0.]
 [1. 0. 0.]]
probabilities: [[0.02556017 0.6271849  0.34725487]
 [0.26019508 0.03121505 0.70858985]
 [0.28052592 0.5433071  0.17616695]
 [0.22854991 0.39784518 0.3736049 ]
 [0.1038938  0.19060984 0.7054964 ]]
probabilities: [[0.11000291 0.8109022  0.0790949 ]
 [0.56164646 0.0489492  0.38940433]
 [0.39718854 0.40656328 0.19624817]
 [0.42077735 0.4637007  0.11552192]
 [0.03620018 0.88929266 0.07450718]]
probabilities: [[0.31956825 0.1471754  0.53325635]
 [0.05951756 0.11426332 0.82621914]
 [0.4386842  0.3049403  0.2563755 ]
 [0.136554   0.32504946 0.53839654]
 [0.08096827 0.84210247 0.07692927]]
probabilities: [[1. 0. 0.]
 [1. 0. 0.]
 [1. 0. 0.]
 [1. 0. 0.]
 [1. 0. 0.]]
probabilities: [[0.02652377 0.75424856 0.21922769]
 [0.47762597 0.08923134 0.4331427 ]
 [0.01389964 0.61768824 0.36841208]
 [0.01534569 0.5443087  0.44034556]
 [0.2585313  0.5114703  0.22999837]]
probabilities: [[0.3546413  0.295672   0.3496867 ]
 [0.5135267  0.26234683 0.22412647]
 [0.69039786 0.03191314 0.277689  ]
 [0.4229146  0.14483702 0.43224838]
 [0.00920588 0.64107054 0.34972358]]
probabilities: [[0.6852306  0.12685038 0.18791902]
 [0.20678706 0.7439392  0.0492737 ]
 [0.09560045 0.48055026 0.42384928]
 [0.2884294  0.41510937 0.29646122]
 [0.3671714  0.5315725  0.10125605]]
probabilities: [[1. 0. 0.]
 [1. 0. 0.]
 [1. 0. 0.]
 [1. 0. 0.]
 [1. 0. 0.]]
probabilities: [[0.50496066 0.43897882 0.0560605 ]
 [0.16875154 0.49676967 0.3344788 ]
 [0.33183685 0.57322544 0.0949377 ]
 [0.2723655  0.15285666 0.57477784]
 [0.267449   0.44070965 0.29184136]]
probabilities: [[0.3820914  0.24502267 0.37288594]
 [0.21312547 0.09827389 0.68860066]
 [0.7127464  0.08325835 0.20399529]
 [0.7968449  0.13849588 0.06465923]
 [0.11993907 0.52356154 0.3564994 ]]
probabilities: [[0.25935546 0.70290226 0.03774233]
 [0.35474902 0.41246223 0.23278874]
 [0.3064074  0.305636   0.38795662]
 [0.29243603 0.32591113 0.38165283]
 [0.21544114 0.5352075  0.24935137]]
probabilities: [[0. 1. 0.]
 [0. 1. 0.]
 [0. 1. 0.]
 [0. 1. 0.]
 [0. 1. 0.]]
probabilities: [[0.1736955  0.63223964 0.19406487]
 [0.6183585  0.10067158 0.2809699 ]
 [0.62359446 0.01302125 0.36338428]
 [0.05546382 0.5936704  0.35086575]
 [0.44734916 0.09272708 0.45992374]]
probabilities: [[0.24443369 0.4183709  0.33719543]
 [0.24509536 0.23528525 0.5196194 ]
 [0.861573   0.03140605 0.10702096]
 [0.5709859  0.4203384  0.00867569]
 [0.03348106 0.52076894 0.44575003]]
probabilities: [[0.18702893 0.3663205  0.4466506 ]
 [0.66462874 0.19450976 0.1408615 ]
 [0.00342397 0.8219787  0.17459735]
 [0.07319987 0.3155113  0.61128885]
 [0.21146242 0.09912316 0.68941444]]
probabilities: [[0. 0. 1.]
 [0. 1. 0.]
 [0. 1. 0.]
 [0. 0. 1.]
 [0. 0. 1.]]
probabilities: [[0.5800223  0.13637866 0.28359905]
 [0.6844331  0.04673747 0.26882944]
 [0.3280854  0.5542644  0.11765017]
 [0.18665141 0.58830047 0.2250481 ]
 [0.13855365 0.23556064 0.6258857 ]]
probabilities: [[0.12451881 0.6160379  0.25944325]
 [0.8460378  0.07540404 0.07855817]
 [0.44797888 0.4683078  0.08371332]
 [0.31357306 0.42390072 0.2625262 ]
 [0.48906446 0.4474119  0.06352365]]
probabilities: [[0.0313857  0.67790824 0.29070607]
 [0.66944927 0.28757906 0.04297166]
 [0.5348977  0.37221378 0.09288855]
 [0.25047106 0.17092116 0.5786078 ]
 [0.24447048 0.18806364 0.5674659 ]]
probabilities: [[0. 1. 0.]
 [0. 1. 0.]
 [0. 1. 0.]
 [0. 1. 0.]
 [0. 1. 0.]]
probabilities: [[0.26222986 0.395616   0.34215418]
 [0.00504244 0.4723233  0.52263427]
 [0.07121927 0.78837705 0.1404037 ]
 [0.48165143 0.06440783 0.45394075]
 [0.3124069  0.57777077 0.10982233]]
probabilities: [[0.71605796 0.26232612 0.02161593]
 [0.30519372 0.6385295  0.05627681]
 [0.10275164 0.8593207  0.03792765]
 [0.7312151  0.22323498 0.04554989]
 [0.14781581 0.16857411 0.6836101 ]]
probabilities: [[0.17066903 0.23462272 0.59470826]
 [0.07312388 0.35634038 0.5705357 ]
 [0.7881555  0.0854888  0.12635571]
 [0.4305234  0.40759593 0.16188067]
 [0.25669038 0.43713665 0.30617297]]
probabilities: [[0. 0. 1.]
 [0. 1. 0.]
 [0. 1. 0.]
 [0. 0. 1.]
 [0. 0. 1.]]
probabilities: [[0.26385117 0.43304056 0.30310827]
 [0.24763225 0.60583234 0.14653541]
 [0.06994137 0.03633935 0.89371926]
 [0.0522322  0.75484675 0.19292106]
 [0.41611344 0.5445314  0.03935517]]
probabilities: [[0.2807943  0.0395801  0.6796256 ]
 [0.76299274 0.17044033 0.0665669 ]
 [0.00492116 0.01943536 0.9756435 ]
 [0.55398    0.13913521 0.3068848 ]
 [0.28832203 0.17425877 0.5374192 ]]
probabilities: [[0.0771003  0.05635547 0.86654425]
 [0.17115171 0.82683015 0.00201816]
 [0.5814296  0.317758   0.10081241]
 [0.13284975 0.52190995 0.3452403 ]
 [0.5804857  0.3329729  0.08654138]]
probabilities: [[1. 0. 0.]
 [1. 0. 0.]
 [1. 0. 0.]
 [1. 0. 0.]
 [1. 0. 0.]]
probabilities: [[0.40125766 0.31047207 0.28827026]
 [0.22284678 0.59994066 0.17721255]
 [0.17237549 0.0818031  0.7458214 ]
 [0.07203956 0.7010666  0.2268938 ]
 [0.5390387  0.08355979 0.3774015 ]]
probabilities: [[0.02260133 0.824262   0.15313664]
 [0.05843139 0.7608502  0.18071845]
 [0.09934044 0.571365   0.32929456]
 [0.56904036 0.01207029 0.41888934]
 [0.09618225 0.22491808 0.67889965]]
probabilities: [[0.20096444 0.4536363  0.3453993 ]
 [0.4038375  0.5923783  0.00378421]
 [0.41898462 0.17480572 0.40620965]
 [0.423766   0.10103062 0.4752034 ]
 [0.03604829 0.7259808  0.23797087]]
probabilities: [[0. 1. 0.]
 [0. 1. 0.]
 [0. 1. 0.]
 [0. 1. 0.]
 [0. 1. 0.]]
probabilities: [[0.25310707 0.40872702 0.3381659 ]
 [0.39034045 0.31694773 0.2927118 ]
 [0.7468858  0.04517594 0.20793828]
 [0.18782699 0.5699082  0.24226479]
 [0.00398071 0.79177994 0.20423934]]
probabilities: [[0.03938675 0.34836724 0.612246  ]
 [0.21571122 0.11859577 0.665693  ]
 [0.44195005 0.20601706 0.3520329 ]
 [0.10690128 0.05551675 0.837582  ]
 [0.03115928 0.5056953  0.46314543]]
probabilities: [[0.7872829  0.05964237 0.15307477]
 [0.02458725 0.8816233  0.0937894 ]
 [0.2290135  0.42698556 0.3440009 ]
 [0.92320645 0.01655643 0.06023711]
 [0.6636268  0.3186785  0.01769474]]
probabilities: [[0. 0. 1.]
 [0. 1. 0.]
 [0. 0. 1.]
 [0. 0. 1.]
 [0. 0. 1.]]
probabilities: [[0.4590851  0.45552298 0.08539192]
 [0.05641275 0.9247993  0.01878793]
 [0.15842456 0.41136304 0.4302124 ]
 [0.2607126  0.52775407 0.21153332]
 [0.6666557  0.2241171  0.1092272 ]]
probabilities: [[0.28451496 0.4086843  0.30680072]
 [0.5640758  0.42231977 0.0136044 ]
 [0.01504753 0.63891524 0.3460372 ]
 [0.47980773 0.12164731 0.39854494]
 [0.00529205 0.24587616 0.7488318 ]]
probabilities: [[0.03600968 0.8263457  0.13764465]
 [0.02576907 0.44935384 0.52487713]
 [0.24974583 0.5785681  0.17168607]
 [0.14446315 0.19336918 0.66216767]
 [0.30608416 0.19580474 0.4981111 ]]
probabilities: [[1. 0. 0.]
 [1. 0. 0.]
 [1. 0. 0.]
 [1. 0. 0.]
 [1. 0. 0.]]
probabilities: [[0.18557394 0.07216156 0.7422645 ]
 [0.41502905 0.34856266 0.23640828]
 [0.07828682 0.544512   0.37720123]
 [0.9328436  0.05628296 0.01087342]
 [0.27508572 0.18004675 0.5448675 ]]
probabilities: [[0.52721    0.03844588 0.4343441 ]
 [0.15007927 0.5185718  0.33134896]
 [0.02941915 0.14952141 0.82105947]
 [0.45530674 0.34713906 0.19755422]
 [0.07964525 0.34282768 0.5775271 ]]
probabilities: [[0.8115752  0.06240641 0.1260184 ]
 [0.15977503 0.674354   0.16587092]
 [0.58252656 0.19543718 0.22203626]
 [0.04786002 0.5847027  0.36743733]
 [0.6660644  0.24124773 0.09268791]]
probabilities: [[0. 1. 0.]
 [0. 1. 0.]
 [0. 1. 0.]
 [0. 1. 0.]
 [0. 1. 0.]]
probabilities: [[0.67956257 0.1358289  0.18460855]
 [0.21899782 0.20584503 0.57515717]
 [0.10820276 0.83066344 0.06113377]
 [0.04506553 0.1721578  0.78277665]
 [0.23623885 0.38732228 0.37643886]]
probabilities: [[0.02775667 0.6200693  0.35217398]
 [0.08044568 0.855166   0.06438832]
 [0.35010818 0.07817799 0.5717138 ]
 [0.31148443 0.28745916 0.40105638]
 [0.3576818  0.32152963 0.32078856]]
probabilities: [[0.5091282  0.3191848  0.17168698]
 [0.38112634 0.5349637  0.0839099 ]
 [0.11638194 0.12860575 0.75501233]
 [0.28985986 0.45142964 0.2587105 ]
 [0.4554976  0.17410287 0.37039953]]
probabilities: [[0. 1. 0.]
 [0. 1. 0.]
 [0. 1. 0.]
 [0. 1. 0.]
 [0. 1. 0.]]
probabilities: [[0.20601676 0.26715177 0.52683145]
 [0.03431234 0.6803722  0.28531545]
 [0.20163329 0.13559176 0.662775  ]
 [0.27252173 0.0366655  0.69081277]
 [0.93399143 0.05582105 0.01018754]]
probabilities: [[6.1115843e-01 6.0530435e-02 3.2831115e-01]
 [3.9739841e-01 1.0794224e-01 4.9465936e-01]
 [9.7099024e-01 6.2843069e-04 2.8381305e-02]
 [7.7105844e-01 2.2762362e-03 2.2666530e-01]
 [1.3980791e-01 8.2917869e-02 7.7727419e-01]]
probabilities: [[0.26964793 0.6412227  0.08912934]
 [0.25788435 0.21339439 0.5287213 ]
 [0.3966393  0.48037067 0.12299006]
 [0.37934452 0.09470467 0.5259508 ]
 [0.7120527  0.13473918 0.15320814]]
probabilities: [[0. 1. 0.]
 [0. 1. 0.]
 [0. 1. 0.]
 [0. 1. 0.]
 [0. 1. 0.]]
probabilities: [[0.19530484 0.58864003 0.21605515]
 [0.03490783 0.7978365  0.16725567]
 [0.5887453  0.26360443 0.14765026]
 [0.7462526  0.0541821  0.19956532]
 [0.24406761 0.1686416  0.58729076]]
probabilities: [[0.43499112 0.41769534 0.14731354]
 [0.58406484 0.04530605 0.3706291 ]
 [0.4012424  0.09515357 0.503604  ]
 [0.3071527  0.4533186  0.2395287 ]
 [0.22761096 0.6786224  0.0937666 ]]
probabilities: [[0.5939619  0.14666009 0.25937802]
 [0.3282988  0.20252156 0.46917963]
 [0.54003716 0.30491012 0.15505272]
 [0.33127776 0.3263716  0.34235063]
 [0.68678457 0.21732996 0.09588547]]
probabilities: [[0. 0. 1.]
 [0. 1. 0.]
 [0. 0. 1.]
 [0. 0. 1.]
 [0. 0. 1.]]
probabilities: [[0.31670988 0.54383904 0.13945107]
 [0.09811708 0.510104   0.39177892]
 [0.08649548 0.0593506  0.85415393]
 [0.18276595 0.25083965 0.56639445]
 [0.07516058 0.7899673  0.13487214]]
probabilities: [[0.17768    0.16042185 0.66189814]
 [0.18299834 0.1953359  0.6216658 ]
 [0.15945427 0.11916836 0.7213774 ]
 [0.23706353 0.23818189 0.5247546 ]
 [0.87696403 0.0733733  0.04966266]]
probabilities: [[0.8096728  0.1841458  0.00618142]
 [0.44293317 0.53917414 0.01789269]
 [0.3480476  0.55509967 0.0968527 ]
 [0.24300267 0.33638814 0.4206092 ]
 [0.27389294 0.5407276  0.18537942]]
probabilities: [[1. 0. 0.]
 [1. 0. 0.]
 [1. 0. 0.]
 [1. 0. 0.]
 [1. 0. 0.]]
probabilities: [[0.6001125  0.0803674  0.31952012]
 [0.2274011  0.1825337  0.5900652 ]
 [0.51488477 0.24153823 0.24357702]
 [0.6058131  0.242589   0.15159793]
 [0.13001484 0.69483113 0.17515405]]
probabilities: [[0.02574043 0.45278165 0.5214779 ]
 [0.18508051 0.04083756 0.77408195]
 [0.33417267 0.3315519  0.33427542]
 [0.05009572 0.5073965  0.44250774]
 [0.07115272 0.46345282 0.46539447]]
probabilities: [[0.6788697  0.15605761 0.16507266]
 [0.7048165  0.1643441  0.13083938]
 [0.30803505 0.47320294 0.21876204]
 [0.04596386 0.943542   0.01049416]
 [0.08458116 0.02575227 0.88966656]]
probabilities: [[1. 0. 0.]
 [1. 0. 0.]
 [1. 0. 0.]
 [1. 0. 0.]
 [1. 0. 0.]]
probabilities: [[0.00604891 0.6519673  0.34198382]
 [0.17485292 0.55886614 0.26628098]
 [0.56685793 0.23420322 0.19893885]
 [0.7283975  0.1656174  0.10598508]
 [0.74602306 0.17752159 0.07645535]]
probabilities: [[0.42433906 0.47878754 0.0968734 ]
 [0.04801612 0.9452224  0.00676148]
 [0.43812683 0.1812692  0.38060397]
 [0.15361255 0.34003422 0.5063532 ]
 [0.5317802  0.14517517 0.32304463]]
probabilities: [[0.77680755 0.05316057 0.17003188]
 [0.30725378 0.05038505 0.64236116]
 [0.69991314 0.06695573 0.23313114]
 [0.12014011 0.8098756  0.06998428]
 [0.2577493  0.406769   0.33548167]]
probabilities: [[1. 0. 0.]
 [1. 0. 0.]
 [1. 0. 0.]
 [1. 0. 0.]
 [1. 0. 0.]]
probabilities: [[0.46380803 0.30060837 0.2355836 ]
 [0.2821607  0.25408623 0.46375304]
 [0.05432029 0.33841267 0.607267  ]
 [0.17007355 0.8194425  0.01048392]
 [0.22345634 0.4439157  0.33262795]]
probabilities: [[0.5446023  0.1015741  0.35382363]
 [0.23020676 0.6065948  0.16319844]
 [0.15214714 0.40320635 0.4446465 ]
 [0.09179331 0.5604922  0.34771445]
 [0.5275571  0.41520005 0.05724291]]
probabilities: [[0.12268851 0.29366845 0.583643  ]
 [0.06945737 0.22457975 0.7059629 ]
 [0.34345344 0.2629574  0.39358917]
 [0.62735194 0.32237163 0.05027644]
 [0.03205746 0.92953587 0.0384067 ]]
probabilities: [[0. 0. 1.]
 [0. 1. 0.]
 [0. 0. 1.]
 [0. 0. 1.]
 [0. 0. 1.]]
probabilities: [[0.83104235 0.09808397 0.07087369]
 [0.48207486 0.34881136 0.16911379]
 [0.01608642 0.9780381  0.00587552]
 [0.57214385 0.35513628 0.07271991]
 [0.11503084 0.12699288 0.7579763 ]]
probabilities: [[0.6531792  0.06683854 0.27998224]
 [0.45984456 0.27852228 0.26163313]
 [0.4916741  0.03767843 0.47064745]
 [0.06953333 0.02670866 0.90375805]
 [0.1378111  0.67941386 0.18277504]]
probabilities: [[0.46862745 0.311119   0.22025356]
 [0.19613384 0.15113807 0.6527281 ]
 [0.17075458 0.01976631 0.8094791 ]
 [0.2595256  0.4622163  0.27825812]
 [0.04006588 0.07790569 0.8820284 ]]
probabilities: [[0. 0. 1.]
 [0. 1. 0.]
 [0. 1. 0.]
 [0. 0. 1.]
 [0. 0. 1.]]
probabilities: [[5.90325177e-01 3.37939262e-01 7.17355758e-02]
 [2.16074556e-01 9.02862325e-02 6.93639219e-01]
 [5.50338686e-01 3.31062108e-01 1.18599184e-01]
 [8.53398349e-03 3.39996845e-01 6.51469171e-01]
 [9.70116198e-01 2.93601770e-02 5.23613184e-04]]
probabilities: [[0.06431142 0.58473545 0.3509531 ]
 [0.6546814  0.23999077 0.10532784]
 [0.2626648  0.7304284  0.00690681]
 [0.18016088 0.4173171  0.40252203]
 [0.04931036 0.62117785 0.3295118 ]]
probabilities: [[0.26415026 0.0068634  0.7289863 ]
 [0.26929995 0.106589   0.624111  ]
 [0.17847615 0.8112292  0.01029463]
 [0.11644919 0.6102792  0.2732716 ]
 [0.05471716 0.6500778  0.29520503]]
probabilities: [[1. 0. 0.]
 [1. 0. 0.]
 [1. 0. 0.]
 [1. 0. 0.]
 [1. 0. 0.]]
probabilities: [[0.73669654 0.11574639 0.14755705]
 [0.03701739 0.5465363  0.41644627]
 [0.17186834 0.5739455  0.25418612]
 [0.32931718 0.4218846  0.24879822]
 [0.17120779 0.7939359  0.03485632]]
probabilities: [[0.10946269 0.4690164  0.42152092]
 [0.43711078 0.40381792 0.15907131]
 [0.3150431  0.4043785  0.2805784 ]
 [0.15110534 0.49287537 0.3560193 ]
 [0.51633817 0.31957817 0.16408364]]
probabilities: [[0.35127643 0.04056972 0.6081539 ]
 [0.20054513 0.44643345 0.3530214 ]
 [0.07910473 0.1395683  0.78132695]
 [0.43045807 0.26837534 0.30116656]
 [0.62235206 0.33693352 0.04071438]]
probabilities: [[0. 1. 0.]
 [0. 1. 0.]
 [0. 1. 0.]
 [0. 1. 0.]
 [0. 1. 0.]]
probabilities: [[0.36142123 0.5383966  0.10018218]
 [0.4535918  0.20369203 0.3427162 ]
 [0.30088073 0.39190412 0.30721518]
 [0.02025142 0.24764135 0.7321072 ]
 [0.5352055  0.02913724 0.43565723]]
probabilities: [[0.04594123 0.13687837 0.8171804 ]
 [0.389226   0.50212145 0.10865258]
 [0.17201678 0.39170393 0.43627927]
 [0.47621796 0.04046546 0.48331657]
 [0.01679067 0.26705852 0.7161508 ]]
probabilities: [[0.12263359 0.23377562 0.6435908 ]
 [0.06560293 0.23896667 0.6954304 ]
 [0.26011345 0.55988586 0.1800007 ]
 [0.24625483 0.27136424 0.48238093]
 [0.0591023  0.6055562  0.3353415 ]]
probabilities: [[0. 0. 1.]
 [0. 1. 0.]
 [0. 1. 0.]
 [0. 0. 1.]
 [0. 0. 1.]]
probabilities: [[0.5744484  0.39403    0.03152157]
 [0.00636737 0.8351972  0.15843543]
 [0.0408235  0.22886589 0.7303106 ]
 [0.19954875 0.04440855 0.7560427 ]
 [0.4044622  0.24264611 0.35289168]]
probabilities: [[0.2993378  0.5806296  0.12003258]
 [0.51046354 0.12371682 0.36581963]
 [0.08568654 0.7608231  0.15349036]
 [0.94990206 0.02613554 0.02396239]
 [0.18487872 0.7143937  0.1007276 ]]
probabilities: [[0.5351931  0.04008164 0.4247253 ]
 [0.2150998  0.40167108 0.3832291 ]
 [0.00890799 0.7326821  0.2584099 ]
 [0.5112863  0.46551636 0.02319732]
 [0.19806194 0.51648176 0.2854563 ]]
probabilities: [[0. 0. 1.]
 [0. 1. 0.]
 [0. 0. 1.]
 [0. 0. 1.]
 [0. 0. 1.]]
probabilities: [[0.25153345 0.2404334  0.50803316]
 [0.36235222 0.20994665 0.42770115]
 [0.2996233  0.57509065 0.12528601]
 [0.1828498  0.12769002 0.68946016]
 [0.09118758 0.81228083 0.09653158]]
probabilities: [[0.57648337 0.00263789 0.42087877]
 [0.82895255 0.07115981 0.09988762]
 [0.69451565 0.28837338 0.01711099]
 [0.13825224 0.5992463  0.26250142]
 [0.05093279 0.76044446 0.18862276]]
probabilities: [[0.09874498 0.8623903  0.03886474]
 [0.5284303  0.4171359  0.05443383]
 [0.19547388 0.49722016 0.30730596]
 [0.69302326 0.05480653 0.25217023]
 [0.2555292  0.00946189 0.7350089 ]]
probabilities: [[0. 0. 1.]
 [0. 1. 0.]
 [0. 1. 0.]
 [0. 0. 1.]
 [0. 0. 1.]]
probabilities: [[0.25098917 0.27790877 0.47110206]
 [0.11037377 0.17957906 0.7100472 ]
 [0.4181099  0.35215074 0.22973935]
 [0.14084116 0.7652395  0.09391934]
 [0.20341714 0.756095   0.04048786]]
probabilities: [[0.6305687  0.3215459  0.04788539]
 [0.00297375 0.16533324 0.831693  ]
 [0.49206692 0.49044675 0.01748632]
 [0.04675844 0.49234486 0.4608967 ]
 [0.6204621  0.27473846 0.10479945]]
probabilities: [[0.0637523  0.33279347 0.60345423]
 [0.31252402 0.14758138 0.5398946 ]
 [0.11357415 0.7081697  0.17825612]
 [0.29813558 0.62673396 0.07513048]
 [0.14881948 0.18452203 0.6666585 ]]
probabilities: [[1. 0. 0.]
 [1. 0. 0.]
 [1. 0. 0.]
 [1. 0. 0.]
 [1. 0. 0.]]
probabilities: [[0.6138538  0.15497583 0.23117039]
 [0.10948438 0.37949648 0.5110191 ]
 [0.78607863 0.030556   0.18336536]
 [0.5613513  0.15346101 0.2851877 ]
 [0.06082398 0.1057842  0.83339185]]
probabilities: [[0.4509187  0.37089637 0.17818494]
 [0.09801648 0.72403693 0.17794661]
 [0.2845929  0.57163143 0.14377564]
 [0.00679009 0.0981112  0.8950987 ]
 [0.24482593 0.61891055 0.13626352]]
probabilities: [[0.08336754 0.07638446 0.840248  ]
 [0.08990149 0.8310327  0.07906578]
 [0.00296887 0.34583765 0.65119344]
 [0.8972492  0.06703997 0.03571084]
 [0.05305069 0.19380058 0.75314873]]
probabilities: [[0. 0. 1.]
 [0. 1. 0.]
 [0. 0. 1.]
 [0. 0. 1.]
 [0. 0. 1.]]
probabilities: [[0.34085414 0.29663277 0.3625131 ]
 [0.3469966  0.45224974 0.20075367]
 [0.39626843 0.19151461 0.41221696]
 [0.45399213 0.07091948 0.4750884 ]
 [0.5353573  0.21511188 0.2495308 ]]
probabilities: [[2.1124081e-01 5.6753385e-01 2.2122534e-01]
 [9.3980527e-01 5.9264127e-02 9.3058060e-04]
 [7.8455812e-01 4.0988468e-02 1.7445342e-01]
 [3.3366019e-01 6.6150504e-01 4.8347549e-03]
 [8.1909496e-01 7.9028867e-02 1.0187620e-01]]
probabilities: [[0.15718548 0.1767735  0.666041  ]
 [0.48540348 0.16273099 0.35186553]
 [0.529508   0.39151788 0.07897411]
 [0.42750156 0.46362558 0.10887286]
 [0.5305848  0.19350424 0.2759109 ]]
probabilities: [[0. 0. 1.]
 [0. 1. 0.]
 [0. 0. 1.]
 [0. 0. 1.]
 [0. 0. 1.]]
probabilities: [[0.06335366 0.17980294 0.7568434 ]
 [0.03541403 0.6330912  0.33149475]
 [0.17915232 0.03243369 0.788414  ]
 [0.25967985 0.1088884  0.63143176]
 [0.07593352 0.736298   0.18776849]]
probabilities: [[0.22529028 0.76108456 0.01362513]
 [0.70408    0.08109175 0.2148283 ]
 [0.8270791  0.05701364 0.11590726]
 [0.35382044 0.18771748 0.4584621 ]
 [0.5688254  0.33811066 0.0930639 ]]
probabilities: [[0.19271587 0.47858644 0.3286977 ]
 [0.00213726 0.992621   0.0052417 ]
 [0.3836665  0.19562376 0.42070976]
 [0.26553398 0.30769813 0.4267679 ]
 [0.2949607  0.36864445 0.33639485]]
probabilities: [[0. 1. 0.]
 [0. 1. 0.]
 [0. 1. 0.]
 [0. 1. 0.]
 [0. 1. 0.]]
probabilities: [[0.6596078  0.09003119 0.25036097]
 [0.10245598 0.75147957 0.14606442]
 [0.7886483  0.2034984  0.00785332]
 [0.25717893 0.03717988 0.70564115]
 [0.24548267 0.53322977 0.22128755]]
probabilities: [[0.05423157 0.07540251 0.8703659 ]
 [0.18814737 0.5193593  0.2924933 ]
 [0.12436172 0.42185965 0.45377862]
 [0.41190654 0.27191705 0.3161764 ]
 [0.13490969 0.19014023 0.67495006]]
probabilities: [[0.19908625 0.15347598 0.64743775]
 [0.05824028 0.5375917  0.404168  ]
 [0.7905842  0.06728715 0.14212862]
 [0.00963147 0.01648167 0.97388685]
 [0.25881982 0.67846876 0.06271143]]
probabilities: [[0. 1. 0.]
 [0. 1. 0.]
 [0. 1. 0.]
 [0. 1. 0.]
 [0. 1. 0.]]
probabilities: [[0.04698626 0.84097534 0.11203837]
 [0.2990229  0.5499118  0.15106528]
 [0.19333245 0.7020406  0.10462695]
 [0.6085517  0.2492966  0.14215171]
 [0.18146001 0.36458585 0.45395413]]
probabilities: [[0.02588069 0.8314246  0.1426947 ]
 [0.09097777 0.78747725 0.12154498]
 [0.7707223  0.07018305 0.15909459]
 [0.08998544 0.49610418 0.4139104 ]
 [0.13416745 0.8190778  0.04675474]]
probabilities: [[0.19144382 0.7905019  0.01805429]
 [0.22000112 0.41322583 0.36677304]
 [0.08223533 0.03314615 0.8846185 ]
 [0.68863755 0.04351498 0.26784748]
 [0.3346897  0.17187881 0.49343148]]
probabilities: [[0. 0. 1.]
 [0. 1. 0.]
 [0. 1. 0.]
 [0. 0. 1.]
 [0. 0. 1.]]
probabilities: [[0.5082091  0.28663692 0.20515397]
 [0.5604893  0.04372297 0.39578775]
 [0.3385315  0.17855649 0.48291203]
 [0.779353   0.17244846 0.04819852]
 [0.01788639 0.6683278  0.31378582]]
probabilities: [[0.08460266 0.48763403 0.4277633 ]
 [0.72014046 0.00665252 0.273207  ]
 [0.700356   0.29325187 0.00639214]
 [0.26122013 0.19139637 0.5473835 ]
 [0.4764388  0.02644246 0.49711877]]
probabilities: [[0.6710771  0.04114485 0.28777808]
 [0.7160294  0.2358469  0.0481237 ]
 [0.11117884 0.8736734  0.0151478 ]
 [0.18526842 0.47031298 0.3444186 ]
 [0.64533466 0.07686059 0.27780473]]
probabilities: [[0. 1. 0.]
 [0. 1. 0.]
 [0. 1. 0.]
 [0. 1. 0.]
 [0. 1. 0.]]
probabilities: [[0.26908976 0.27131632 0.45959392]
 [0.424651   0.16024272 0.41510627]
 [0.04016864 0.11581614 0.84401524]
 [0.08865082 0.58110934 0.33023986]
 [0.16816926 0.6582804  0.17355038]]
probabilities: [[0.17136125 0.22261749 0.6060213 ]
 [0.8181941  0.14535412 0.03645177]
 [0.08569257 0.40344942 0.51085806]
 [0.59800553 0.00820306 0.39379138]
 [0.42918977 0.2622384  0.30857182]]
probabilities: [[0.22931156 0.42167148 0.34901696]
 [0.04911888 0.9002063  0.0506748 ]
 [0.8634772  0.04157385 0.09494895]
 [0.00128292 0.24834411 0.75037295]
 [0.417607   0.2844625  0.29793048]]
probabilities: [[0. 0. 1.]
 [0. 1. 0.]
 [0. 0. 1.]
 [0. 0. 1.]
 [0. 0. 1.]]
probabilities: [[0.37659174 0.44889063 0.1745176 ]
 [0.21876493 0.17938565 0.60184944]
 [0.67473155 0.0332767  0.29199177]
 [0.03726483 0.7035802  0.25915498]
 [0.09642687 0.6364158  0.26715732]]
probabilities: [[0.00585151 0.39723867 0.5969098 ]
 [0.7151711  0.27519873 0.00963017]
 [0.02156482 0.68496597 0.2934692 ]
 [0.1163827  0.06321812 0.82039917]
 [0.2211772  0.5859136  0.19290917]]
probabilities: [[0.5980808  0.0626643  0.3392549 ]
 [0.12644792 0.11151884 0.7620332 ]
 [0.19036818 0.05797806 0.7516538 ]
 [0.43242985 0.07428742 0.49328274]
 [0.46143618 0.02927637 0.5092874 ]]
probabilities: [[0. 1. 0.]
 [0. 1. 0.]
 [0. 1. 0.]
 [0. 1. 0.]
 [0. 1. 0.]]
probabilities: [[0.12447866 0.85614353 0.01937782]
 [0.51154906 0.17890885 0.3095421 ]
 [0.88612735 0.08357755 0.03029507]
 [0.11223328 0.2593038  0.6284629 ]
 [0.20737848 0.7701001  0.02252139]]
probabilities: [[0.21724106 0.11558546 0.6671735 ]
 [0.01431667 0.8624042  0.12327909]
 [0.11264624 0.35880557 0.5285482 ]
 [0.5949976  0.3478038  0.0571986 ]
 [0.02233949 0.42530137 0.55235916]]
probabilities: [[0.04324727 0.2674945  0.6892582 ]
 [0.34427398 0.4189017  0.2368243 ]
 [0.01854046 0.64595556 0.33550394]
 [0.6827804  0.03853695 0.27868268]
 [0.03693127 0.1853496  0.77771914]]
probabilities: [[1. 0. 0.]
 [1. 0. 0.]
 [1. 0. 0.]
 [1. 0. 0.]
 [1. 0. 0.]]
probabilities: [[0.6261778  0.25119528 0.1226269 ]
 [0.76060385 0.20177986 0.03761627]
 [0.14137177 0.42642137 0.43220684]
 [0.26918843 0.70939    0.02142161]
 [0.34235647 0.5191829  0.13846056]]
probabilities: [[0.4204513  0.3640902  0.21545848]
 [0.46873423 0.25059444 0.28067133]
 [0.45660037 0.48587853 0.05752109]
 [0.2319487  0.09064099 0.6774103 ]
 [0.5937847  0.04732276 0.35889253]]
probabilities: [[0.01228126 0.7001643  0.28755444]
 [0.5465113  0.33538112 0.11810761]
 [0.2617186  0.45752096 0.28076044]
 [0.15640059 0.2103653  0.6332341 ]
 [0.34159958 0.41802773 0.24037266]]
probabilities: [[1. 0. 0.]
 [1. 0. 0.]
 [1. 0. 0.]
 [1. 0. 0.]
 [1. 0. 0.]]
probabilities: [[0.26435485 0.62123257 0.1144126 ]
 [0.6293943  0.11396636 0.25663936]
 [0.07604104 0.61553454 0.3084244 ]
 [0.41027632 0.3313269  0.25839677]
 [0.01441786 0.65840536 0.32717678]]
probabilities: [[0.35835162 0.5981314  0.04351695]
 [0.14434077 0.7976376  0.05802166]
 [0.09533699 0.6366599  0.26800308]
 [0.7490343  0.21610175 0.03486396]
 [0.7123464  0.08081122 0.20684244]]
probabilities: [[0.71533173 0.208841   0.07582728]
 [0.35896936 0.45148993 0.18954073]
 [0.14498484 0.09425174 0.7607634 ]
 [0.69483817 0.21120784 0.09395401]
 [0.08962195 0.8965915  0.01378658]]
probabilities: [[0. 1. 0.]
 [0. 1. 0.]
 [0. 1. 0.]
 [0. 1. 0.]
 [0. 1. 0.]]
probabilities: [[0.6105053  0.12342118 0.26607352]
 [0.574728   0.39997858 0.02529343]
 [0.08427871 0.23414132 0.68157995]
 [0.1194033  0.21432097 0.66627574]
 [0.3971352  0.50703514 0.09582964]]
probabilities: [[0.47711933 0.07851848 0.4443622 ]
 [0.49488467 0.09980354 0.4053118 ]
 [0.12099572 0.8098165  0.06918781]
 [0.18989965 0.4312665  0.37883386]
 [0.3833145  0.21575156 0.40093395]]
probabilities: [[0.2424149  0.07938085 0.67820424]
 [0.05870781 0.90725005 0.03404216]
 [0.09899595 0.22291438 0.6780897 ]
 [0.33086762 0.6619709  0.00716147]
 [0.09309826 0.4586089  0.44829285]]
probabilities: [[0. 0. 1.]
 [0. 1. 0.]
 [0. 0. 1.]
 [0. 0. 1.]
 [0. 0. 1.]]
probabilities: [[0.24564429 0.16777222 0.5865835 ]
 [0.18638797 0.08563138 0.7279807 ]
 [0.6381275  0.06541607 0.2964564 ]
 [0.03521145 0.46476087 0.50002766]
 [0.00496482 0.7033623  0.2916729 ]]
probabilities: [[0.264686   0.42295617 0.31235784]
 [0.7606484  0.18128975 0.05806183]
 [0.656567   0.07205041 0.2713826 ]
 [0.3487031  0.6202211  0.03107584]
 [0.07436174 0.0295031  0.89613515]]
probabilities: [[0.07599989 0.8340629  0.08993725]
 [0.47470927 0.24985458 0.27543616]
 [0.63921493 0.1779942  0.18279083]
 [0.5865258  0.12251924 0.29095492]
 [0.13150647 0.24692412 0.6215694 ]]
probabilities: [[0. 0. 1.]
 [0. 1. 0.]
 [0. 1. 0.]
 [0. 0. 1.]
 [0. 0. 1.]]
probabilities: [[0.10529537 0.58697176 0.30773285]
 [0.01645992 0.7104112  0.2731289 ]
 [0.3745448  0.5692347  0.0562205 ]
 [0.3473146  0.48863554 0.16404986]
 [0.7057352  0.16265745 0.13160731]]
probabilities: [[0.34673604 0.32558513 0.32767883]
 [0.2583407  0.24479255 0.49686676]
 [0.37488827 0.03593091 0.5891808 ]
 [0.2848741  0.71126336 0.00386254]
 [0.4485834  0.3602608  0.1911558 ]]
probabilities: [[0.05603167 0.783319   0.16064933]
 [0.00084418 0.38400027 0.6151555 ]
 [0.21640804 0.6927149  0.09087703]
 [0.0704235  0.7518877  0.17768879]
 [0.17373624 0.66758037 0.15868337]]
probabilities: [[0. 0. 1.]
 [0. 1. 0.]
 [0. 0. 1.]
 [0. 0. 1.]
 [0. 0. 1.]]
probabilities: [[0.41213858 0.27914223 0.3087192 ]
 [0.03998211 0.04578173 0.9142361 ]
 [0.6540803  0.31924972 0.02667001]
 [0.05375269 0.21319401 0.7330533 ]
 [0.5572995  0.0128932  0.42980728]]
probabilities: [[0.7473458  0.0162512  0.23640297]
 [0.2689175  0.63520986 0.09587265]
 [0.09834925 0.10422141 0.7974293 ]
 [0.4229151  0.29522136 0.28186354]
 [0.18681958 0.15788478 0.65529567]]
probabilities: [[0.29725388 0.23227961 0.47046652]
 [0.31666157 0.6031988  0.08013961]
 [0.48440972 0.33780056 0.17778973]
 [0.33487123 0.16410162 0.50102717]
 [0.1515919  0.1364057  0.7120024 ]]
probabilities: [[0. 0. 1.]
 [0. 1. 0.]
 [0. 0. 1.]
 [0. 0. 1.]
 [0. 0. 1.]]
probabilities: [[0.64205295 0.0887679  0.26917914]
 [0.00711878 0.491757   0.5011242 ]
 [0.5712725  0.09253906 0.33618847]
 [0.22152238 0.27583325 0.50264436]
 [0.26815873 0.4825917  0.24924958]]
probabilities: [[0.0834192  0.5700331  0.34654775]
 [0.4103267  0.5759923  0.01368106]
 [0.534567   0.21472621 0.2507068 ]
 [0.58333683 0.05797372 0.35868943]
 [0.11810475 0.4823273  0.39956793]]
probabilities: [[0.04398181 0.16428103 0.7917372 ]
 [0.38213542 0.02250693 0.59535766]
 [0.13308495 0.6103865  0.25652856]
 [0.01943633 0.32066125 0.6599024 ]
 [0.6150466  0.16654177 0.21841161]]
probabilities: [[0. 1. 0.]
 [0. 1. 0.]
 [0. 1. 0.]
 [0. 1. 0.]
 [0. 1. 0.]]
probabilities: [[0.07886128 0.88789755 0.03324118]
 [0.11724341 0.5744681  0.30828848]
 [0.28249606 0.432305   0.28519896]
 [0.01643039 0.00477601 0.9787936 ]
 [0.06096832 0.7971575  0.14187418]]
probabilities: [[0.17434311 0.04970108 0.7759558 ]
 [0.5636206  0.00714178 0.42923757]
 [0.58841    0.272041   0.13954897]
 [0.40976384 0.266337   0.32389915]
 [0.11838993 0.46748832 0.41412175]]
probabilities: [[0.76863486 0.06814553 0.16321963]
 [0.5562934  0.10925713 0.33444944]
 [0.6323492  0.34652743 0.02112339]
 [0.7323646  0.2298571  0.03777834]
 [0.76399076 0.23097025 0.005039  ]]
probabilities: [[1. 0. 0.]
 [1. 0. 0.]
 [1. 0. 0.]
 [1. 0. 0.]
 [1. 0. 0.]]
probabilities: [[0.11194322 0.18458521 0.7034716 ]
 [0.2979125  0.2382497  0.46383777]
 [0.76802593 0.11232399 0.11965005]
 [0.41559297 0.4647696  0.11963741]
 [0.22250096 0.06358859 0.71391046]]
probabilities: [[0.33662987 0.54083544 0.12253469]
 [0.05158621 0.5175016  0.4309122 ]
 [0.3674461  0.06020178 0.5723521 ]
 [0.82068986 0.09262156 0.08668857]
 [0.6384229  0.23641275 0.12516433]]
probabilities: [[0.7927544  0.17173758 0.03550798]
 [0.33127576 0.32557523 0.343149  ]
 [0.07655017 0.29383764 0.6296122 ]
 [0.63174057 0.27775127 0.09050816]
 [0.20845601 0.18057303 0.610971  ]]
probabilities: [[0. 1. 0.]
 [0. 1. 0.]
 [0. 1. 0.]
 [0. 1. 0.]
 [0. 1. 0.]]
probabilities: [[0.27152333 0.57941383 0.14906283]
 [0.19394569 0.36789882 0.43815547]
 [0.67272127 0.22816075 0.099118  ]
 [0.05335661 0.23589371 0.7107497 ]
 [0.6820257  0.01804379 0.29993054]]
probabilities: [[0.700219   0.10148131 0.19829969]
 [0.8082782  0.15622447 0.03549734]
 [0.33081377 0.42619708 0.24298918]
 [0.7322098  0.00281913 0.26497105]
 [0.8020537  0.11446106 0.08348524]]
probabilities: [[0.12279399 0.4638608  0.41334522]
 [0.5220749  0.3666189  0.11130624]
 [0.01710594 0.04451953 0.9383745 ]
 [0.01170032 0.85200465 0.13629502]
 [0.1057282  0.7412573  0.15301448]]
probabilities: [[0. 0. 1.]
 [0. 1. 0.]
 [0. 0. 1.]
 [0. 0. 1.]
 [0. 0. 1.]]
probabilities: [[0.29906946 0.68615305 0.01477745]
 [0.54157895 0.43961924 0.01880182]
 [0.04602615 0.57211554 0.38185832]
 [0.8157302  0.12840241 0.05586741]
 [0.3481214  0.08534902 0.5665296 ]]
probabilities: [[0.21861824 0.1181137  0.6632681 ]
 [0.20626551 0.07536467 0.71836984]
 [0.04800329 0.60715914 0.34483758]
 [0.38657632 0.46106362 0.15236005]
 [0.14956982 0.00700653 0.84342366]]
probabilities: [[0.08565005 0.8339021  0.08044782]
 [0.13916206 0.75505704 0.10578088]
 [0.0377911  0.93121636 0.03099256]
 [0.0409651  0.80441415 0.15462077]
 [0.37110847 0.16765064 0.4612409 ]]
probabilities: [[0. 0. 1.]
 [0. 1. 0.]
 [0. 1. 0.]
 [0. 0. 1.]
 [0. 0. 1.]]
probabilities: [[0.06417413 0.3129237  0.62290215]
 [0.41648835 0.44701105 0.1365006 ]
 [0.39850324 0.20436056 0.39713618]
 [0.3078105  0.51823354 0.17395596]
 [0.22656268 0.12564838 0.64778894]]
probabilities: [[0.17616032 0.61723644 0.20660327]
 [0.41708747 0.49865636 0.08425617]
 [0.0091726  0.21761592 0.7732115 ]
 [0.46250966 0.03776368 0.49972668]
 [0.4808632  0.45561823 0.06351855]]
probabilities: [[7.8303994e-05 9.7848022e-01 2.1441458e-02]
 [3.0697620e-01 8.1168756e-02 6.1185503e-01]
 [3.6771467e-01 4.5946938e-01 1.7281593e-01]
 [4.0207788e-02 7.4658519e-01 2.1320702e-01]
 [3.5043523e-01 4.4555712e-01 2.0400766e-01]]
probabilities: [[0. 0. 1.]
 [0. 1. 0.]
 [0. 0. 1.]
 [0. 0. 1.]
 [0. 0. 1.]]
probabilities: [[0.79793537 0.18371841 0.01834624]
 [0.323211   0.02680666 0.64998233]
 [0.35272706 0.06372339 0.58354956]
 [0.3576399  0.23717716 0.40518293]
 [0.5793355  0.00193407 0.41873044]]
probabilities: [[0.2632079  0.6180349  0.11875717]
 [0.01865112 0.94529724 0.03605165]
 [0.35424602 0.10239182 0.5433622 ]
 [0.73385453 0.07350601 0.19263947]
 [0.08878698 0.31819686 0.59301615]]
probabilities: [[0.04846464 0.05704132 0.89449406]
 [0.79540265 0.03702555 0.16757181]
 [0.14257447 0.6932361  0.16418941]
 [0.01976961 0.84138864 0.13884175]
 [0.3738693  0.09006149 0.5360692 ]]
probabilities: [[1. 0. 0.]
 [1. 0. 0.]
 [1. 0. 0.]
 [1. 0. 0.]
 [1. 0. 0.]]
probabilities: [[0.4758386  0.19130781 0.3328536 ]
 [0.4811638  0.35717964 0.16165653]
 [0.05422314 0.87391406 0.07186277]
 [0.01556781 0.9048428  0.07958943]
 [0.67333525 0.13094479 0.19571997]]
probabilities: [[0.64172536 0.08894639 0.26932827]
 [0.14501382 0.55852926 0.29645693]
 [0.595312   0.0343637  0.3703243 ]
 [0.08031576 0.68583584 0.23384838]
 [0.77461725 0.08475219 0.14063053]]
probabilities: [[0.42670122 0.41041484 0.16288394]
 [0.4346925  0.29090542 0.27440208]
 [0.11823504 0.8224234  0.05934154]
 [0.7273454  0.21051565 0.06213897]
 [0.08938167 0.3193528  0.59126556]]
probabilities: [[1. 0. 0.]
 [1. 0. 0.]
 [1. 0. 0.]
 [1. 0. 0.]
 [1. 0. 0.]]
probabilities: [[1.20743304e-01 2.88168099e-02 8.50439906e-01]
 [1.45244330e-01 5.59391439e-01 2.95364201e-01]
 [6.58121824e-01 2.09896177e-01 1.31981984e-01]
 [1.51159421e-01 3.41608018e-01 5.07232547e-01]
 [6.37389196e-04 1.84682496e-02 9.80894387e-01]]
probabilities: [[0.02814931 0.7976629  0.17418776]
 [0.58231926 0.2489435  0.16873725]
 [0.15581615 0.04625566 0.7979282 ]
 [0.345344   0.13283724 0.52181876]
 [0.4165489  0.36673    0.21672112]]
probabilities: [[0.23826025 0.15110043 0.61063933]
 [0.4864833  0.13712522 0.37639147]
