probabilities: [[0. 0. 1.]
 [0. 1. 0.]
 [0. 1. 0.]
 [0. 0. 1.]
 [0. 0. 1.]]
probabilities: [[0.496226   0.28275147 0.22102253]
 [0.6165914  0.12828083 0.25512776]
 [0.1002574  0.23597914 0.66376346]
 [0.02636591 0.3716759  0.60195816]
 [0.21691759 0.42809346 0.35498896]]
probabilities: [[0.31131992 0.12910703 0.55957305]
 [0.12028415 0.00925814 0.8704577 ]
 [0.47407752 0.36597884 0.15994363]
 [0.4921601  0.1945109  0.31332898]
 [0.1101078  0.29218727 0.5977049 ]]
probabilities: [[0.00901585 0.97357726 0.01740688]
 [0.70481175 0.08089178 0.21429645]
 [0.06262839 0.4445926  0.49277902]
 [0.0700558  0.08018778 0.8497564 ]
 [0.18276608 0.5407031  0.2765308 ]]
probabilities: [[0.06025754 0.5840853  0.35565716]
 [0.11153488 0.05089509 0.83757   ]
 [0.7277094  0.17692266 0.09536794]
 [0.87912667 0.04326332 0.07761004]
 [0.10683771 0.60853237 0.2846299 ]]
probabilities: [[0.2555762  0.71036434 0.03405947]
 [0.18033542 0.41079864 0.40886596]
 [0.05314101 0.45405543 0.49280354]
 [0.58034444 0.40418503 0.01547051]
 [0.23725598 0.37207544 0.3906686 ]]
probabilities: [[0. 0. 1.]
 [0. 1. 0.]
 [0. 1. 0.]
 [0. 0. 1.]
 [0. 0. 1.]]
probabilities: [[0.04439503 0.391483   0.56412196]
 [0.5912965  0.29361877 0.11508474]
 [0.45908165 0.20824064 0.33267772]
 [0.12254754 0.18381773 0.69363475]
 [0.11034252 0.7361413  0.15351613]]
probabilities: [[0.31742063 0.32429594 0.35828343]
 [0.29228687 0.41073942 0.2969737 ]
 [0.20825756 0.02236499 0.76937747]
 [0.35733762 0.29339182 0.34927058]
 [0.11925182 0.74772656 0.13302164]]
probabilities: [[0.06767005 0.15733461 0.7749953 ]
 [0.20028235 0.75779873 0.0419189 ]
 [0.17448996 0.4375059  0.38800415]
 [0.66757107 0.07482117 0.2576078 ]
 [0.27800617 0.24045214 0.4815417 ]]
probabilities: [[7.22516328e-02 7.69100964e-01 1.58647418e-01]
 [9.36003327e-01 6.18026741e-02 2.19398132e-03]
 [3.13396931e-01 5.00397384e-01 1.86205640e-01]
 [4.34788322e-04 1.15303814e-01 8.84261370e-01]
 [1.23225443e-01 1.03218734e-01 7.73555815e-01]]
probabilities: [[0.21165022 0.6214143  0.16693546]
 [0.06054059 0.22225803 0.71720135]
 [0.06049511 0.11584919 0.8236557 ]
 [0.7048405  0.01596032 0.2791992 ]
 [0.00968824 0.9283767  0.0619351 ]]
probabilities: [[1. 0. 0.]
 [1. 0. 0.]
 [1. 0. 0.]
 [1. 0. 0.]
 [1. 0. 0.]]
probabilities: [[0.32296923 0.4913624  0.1856684 ]
 [0.56032467 0.2264278  0.21324754]
 [0.41961837 0.4186151  0.16176653]
 [0.575235   0.41796497 0.00680004]
 [0.36416212 0.55224854 0.08358933]]
probabilities: [[0.12307265 0.55155116 0.32537615]
 [0.16675921 0.2524701  0.5807707 ]
 [0.21067297 0.71546686 0.07386016]
 [0.42928028 0.200328   0.37039173]
 [0.24751486 0.14715675 0.6053284 ]]
probabilities: [[0.37478307 0.61027884 0.01493808]
 [0.10635825 0.06707222 0.8265695 ]
 [0.3765617  0.44039667 0.18304162]
 [0.79594076 0.07731461 0.12674464]
 [0.38637096 0.09514484 0.51848423]]
probabilities: [[0.20026594 0.51029754 0.28943652]
 [0.34929124 0.5292698  0.12143894]
 [0.47751743 0.52008796 0.00239461]
 [0.20231558 0.78227276 0.01541163]
 [0.1406452  0.6119549  0.24739987]]
probabilities: [[0.5082949  0.15623808 0.33546704]
 [0.6210507  0.11938487 0.2595644 ]
 [0.10228691 0.30663806 0.591075  ]
 [0.18975115 0.7867208  0.02352804]
 [0.14927207 0.47222805 0.37849987]]
probabilities: [[0. 1. 0.]
 [0. 1. 0.]
 [0. 1. 0.]
 [0. 1. 0.]
 [0. 1. 0.]]
probabilities: [[0.26277542 0.2857618  0.45146278]
 [0.5452343  0.04859149 0.40617418]
 [0.4295096  0.36361948 0.20687093]
 [0.20246932 0.2304632  0.5670675 ]
 [0.8884074  0.03522539 0.07636723]]
probabilities: [[0.37687075 0.25725508 0.36587417]
 [0.40151846 0.45168662 0.14679492]
 [0.5420997  0.32426736 0.13363291]
 [0.7389286  0.03969286 0.2213785 ]
 [0.10579108 0.00254712 0.8916618 ]]
probabilities: [[0.10025372 0.12684493 0.77290136]
 [0.10668867 0.72260886 0.17070249]
 [0.7579789  0.10274344 0.13927762]
 [0.2471883  0.20051047 0.5523012 ]
 [0.48946625 0.4922836  0.01825014]]
probabilities: [[0.68132854 0.01406528 0.30460617]
 [0.18515718 0.6437637  0.17107908]
 [0.39490396 0.0573642  0.5477318 ]
 [0.6925621  0.29403836 0.01339953]
 [0.66732866 0.05670368 0.27596766]]
probabilities: [[0.6475179  0.18022574 0.17225635]
 [0.31642336 0.5051228  0.17845386]
 [0.29135734 0.22465739 0.48398528]
 [0.2526859  0.15172473 0.5955894 ]
 [0.02780059 0.40403086 0.5681685 ]]
probabilities: [[0. 0. 1.]
 [0. 1. 0.]
 [0. 1. 0.]
 [0. 0. 1.]
 [0. 0. 1.]]
probabilities: [[0.2729904  0.13094324 0.59606636]
 [0.26887882 0.2778996  0.45322162]
 [0.07944308 0.87746793 0.043089  ]
 [0.03070906 0.2715509  0.69774   ]
 [0.20396382 0.35286114 0.44317505]]
probabilities: [[0.6510383  0.18650895 0.16245276]
 [0.2919519  0.295655   0.4123931 ]
 [0.64706147 0.17554025 0.17739826]
 [0.3541399  0.3620883  0.2837718 ]
 [0.39996555 0.24521367 0.3548208 ]]
probabilities: [[0.29269236 0.32328528 0.38402236]
 [0.73780143 0.10171913 0.16047946]
 [0.46352506 0.23088804 0.3055869 ]
 [0.55852216 0.22722843 0.21424942]
 [0.02925345 0.3493649  0.62138164]]
probabilities: [[0.05697763 0.47467974 0.46834263]
 [0.28803462 0.16858977 0.5433756 ]
 [0.14183682 0.05629012 0.801873  ]
 [0.13733628 0.8570819  0.00558185]
 [0.05393028 0.46048075 0.48558897]]
probabilities: [[0.30072555 0.45989037 0.23938408]
 [0.40862373 0.01693582 0.5744404 ]
 [0.5365957  0.31111592 0.15228836]
 [0.11068908 0.79169416 0.09761676]
 [0.33064803 0.30076838 0.3685836 ]]
probabilities: [[0. 0. 1.]
 [0. 1. 0.]
 [0. 0. 1.]
 [0. 0. 1.]
 [0. 0. 1.]]
probabilities: [[0.08927024 0.5961592  0.31457055]
 [0.14231105 0.78247374 0.07521521]
 [0.25489888 0.07127827 0.6738228 ]
 [0.1149862  0.49489978 0.390114  ]
 [0.30634204 0.5734376  0.12022039]]
probabilities: [[0.5731332  0.35731116 0.06955567]
 [0.4110533  0.37935397 0.20959271]
 [0.5765714  0.08568399 0.33774462]
 [0.02219553 0.15492612 0.82287836]
 [0.66653764 0.27820224 0.05526015]]
probabilities: [[0.49857    0.4940326  0.00739743]
 [0.40761495 0.14605427 0.4463308 ]
 [0.00371093 0.9854878  0.01080123]
 [0.52960885 0.29043707 0.17995408]
 [0.7107906  0.22989312 0.05931631]]
probabilities: [[0.01118687 0.85580987 0.13300323]
 [0.2947451  0.53637004 0.16888489]
 [0.05072838 0.07066285 0.87860876]
 [0.07920691 0.4356905  0.4851026 ]
 [0.25215507 0.4598786  0.2879663 ]]
probabilities: [[0.13231821 0.3551788  0.51250297]
 [0.155599   0.31933534 0.52506566]
 [0.4609239  0.1343916  0.40468448]
 [0.2239173  0.34178135 0.43430135]
 [0.29288703 0.21632491 0.49078804]]
probabilities: [[0. 0. 1.]
 [0. 1. 0.]
 [0. 0. 1.]
 [0. 0. 1.]
 [0. 0. 1.]]
probabilities: [[0.49397337 0.27689493 0.22913171]
 [0.147202   0.74324375 0.10955425]
 [0.61443865 0.20723529 0.17832606]
 [0.4448004  0.45865366 0.09654592]
 [0.03757797 0.33517563 0.6272464 ]]
probabilities: [[0.2579169  0.7047206  0.03736247]
 [0.49417016 0.50367224 0.00215759]
 [0.04401125 0.06300332 0.8929854 ]
 [0.6397469  0.30488768 0.0553654 ]
 [0.4361046  0.18073094 0.38316447]]
probabilities: [[0.48834932 0.19891915 0.3127315 ]
 [0.0940177  0.39832002 0.5076623 ]
 [0.06724159 0.54664874 0.3861097 ]
 [0.25596344 0.5875282  0.15650833]
 [0.379712   0.01464083 0.6056472 ]]
probabilities: [[0.7611596  0.00205446 0.23678593]
 [0.3404648  0.44686502 0.21267018]
 [0.08015366 0.7442119  0.17563443]
 [0.09859262 0.42747906 0.4739283 ]
 [0.7838617  0.16079453 0.05534379]]
probabilities: [[0.07307057 0.78354025 0.14338915]
 [0.00814668 0.7044948  0.28735852]
 [0.62023133 0.18891093 0.19085772]
 [0.31595537 0.67426455 0.00978006]
 [0.04236856 0.73928934 0.21834213]]
probabilities: [[0. 0. 1.]
 [0. 1. 0.]
 [0. 1. 0.]
 [0. 0. 1.]
 [0. 0. 1.]]
probabilities: [[0.0169748  0.43878642 0.5442388 ]
 [0.0519586  0.17811017 0.76993126]
 [0.29568532 0.4943692  0.20994546]
 [0.2517834  0.05586074 0.6923559 ]
 [0.08668033 0.1699294  0.74339026]]
probabilities: [[0.50136214 0.4808053  0.01783257]
 [0.95938    0.03524229 0.00537776]
 [0.47932017 0.3747873  0.14589253]
 [0.26174635 0.4075833  0.33067036]
 [0.64227694 0.22592257 0.13180046]]
probabilities: [[0.28334135 0.30359492 0.41306373]
 [0.577926   0.3989365  0.02313752]
 [0.75643986 0.06118353 0.1823766 ]
 [0.3316189  0.59656763 0.07181346]
 [0.146731   0.28739792 0.56587106]]
probabilities: [[2.2226366e-01 7.7703828e-01 6.9803913e-04]
 [1.1379113e-01 4.4262782e-01 4.4358104e-01]
 [6.9865756e-02 4.1907275e-01 5.1106149e-01]
 [1.6823290e-01 5.9619850e-01 2.3556858e-01]
 [3.2418039e-02 3.8682699e-01 5.8075494e-01]]
probabilities: [[0.51099426 0.3128955  0.17611021]
 [0.21171683 0.19550717 0.592776  ]
 [0.36146954 0.09899078 0.5395397 ]
 [0.10991679 0.16630587 0.72377735]
 [0.48029825 0.10870519 0.41099656]]
probabilities: [[0. 0. 1.]
 [0. 1. 0.]
 [0. 1. 0.]
 [0. 0. 1.]
 [0. 0. 1.]]
probabilities: [[0.7284985  0.2556257  0.01587578]
 [0.615178   0.11021284 0.27460915]
 [0.8065444  0.05957345 0.13388215]
 [0.73002476 0.2622982  0.00767702]
 [0.06135037 0.8868128  0.05183681]]
probabilities: [[0.19189112 0.21449472 0.59361416]
 [0.7352668  0.16026008 0.10447308]
 [0.04438097 0.84188473 0.11373429]
 [0.52309394 0.20034812 0.27655792]
 [0.2326501  0.00489502 0.76245487]]
probabilities: [[0.20207492 0.50184053 0.29608458]
 [0.37672025 0.56224316 0.06103658]
 [0.01242227 0.34594795 0.64162976]
 [0.5317169  0.13827734 0.3300058 ]
 [0.25651726 0.5739454  0.16953734]]
probabilities: [[0.13585259 0.15247928 0.71166813]
 [0.6445966  0.10963064 0.24577278]
 [0.537006   0.40457034 0.05842366]
 [0.4238134  0.45817524 0.11801136]
 [0.07303592 0.17723902 0.74972504]]
probabilities: [[0.7499309  0.13911517 0.11095388]
 [0.02018817 0.75200933 0.22780253]
 [0.0032012  0.90731806 0.08948074]
 [0.16955085 0.7685366  0.06191254]
 [0.03467469 0.6081021  0.35722324]]
probabilities: [[0. 1. 0.]
 [0. 1. 0.]
 [0. 1. 0.]
 [0. 1. 0.]
 [0. 1. 0.]]
probabilities: [[0.10461771 0.6336878  0.26169452]
 [0.15462811 0.52510935 0.3202625 ]
 [0.20262776 0.1188358  0.6785364 ]
 [0.43056762 0.47586536 0.09356701]
 [0.36134917 0.26067984 0.377971  ]]
probabilities: [[0.4533966  0.06543421 0.4811692 ]
 [0.00647791 0.85447496 0.13904712]
 [0.20457871 0.3077441  0.4876772 ]
 [0.33745787 0.5824172  0.08012496]
 [0.15579024 0.12762792 0.7165818 ]]
probabilities: [[0.6335917  0.28752583 0.07888243]
 [0.030775   0.17834896 0.79087603]
 [0.19278887 0.19502814 0.612183  ]
 [0.10682799 0.4069259  0.48624614]
 [0.04675588 0.18435158 0.7688925 ]]
probabilities: [[0.092774   0.64881384 0.25841218]
 [0.69236505 0.28061077 0.02702416]
 [0.26688218 0.06760091 0.6655169 ]
 [0.28521731 0.01300452 0.7017782 ]
 [0.92573684 0.04874029 0.02552287]]
probabilities: [[0.48994163 0.38117385 0.12888455]
 [0.11758625 0.46737134 0.4150424 ]
 [0.6498529  0.15550911 0.194638  ]
 [0.0646479  0.791428   0.14392409]
 [0.4281366  0.5155875  0.0562759 ]]
probabilities: [[1. 0. 0.]
 [1. 0. 0.]
 [1. 0. 0.]
 [1. 0. 0.]
 [1. 0. 0.]]
probabilities: [[0.08085723 0.05738198 0.8617608 ]
 [0.34306276 0.35900766 0.29792958]
 [0.3806915  0.5921123  0.02719621]
 [0.17080614 0.4100524  0.41914147]
 [0.3120359  0.02593639 0.6620277 ]]
probabilities: [[0.33567291 0.30809274 0.3562343 ]
 [0.6205977  0.13554756 0.24385472]
 [0.03544855 0.6380301  0.32652134]
 [0.1895029  0.2148267  0.5956704 ]
 [0.26146716 0.60141295 0.13711989]]
probabilities: [[0.40878397 0.3015705  0.28964555]
 [0.1321367  0.6651263  0.20273696]
 [0.40283516 0.51368636 0.08347844]
 [0.8294714  0.07653904 0.09398958]
 [0.3929173  0.13714588 0.46993682]]
probabilities: [[0.5972504  0.12064096 0.28210866]
 [0.85779744 0.01855274 0.12364981]
 [0.08263237 0.66181326 0.25555435]
 [0.564111   0.25275722 0.18313175]
 [0.10382348 0.14640485 0.74977165]]
probabilities: [[0.24456033 0.5222323  0.23320735]
 [0.02405744 0.8441532  0.13178933]
 [0.11469661 0.05907536 0.826228  ]
 [0.2660721  0.2663635  0.4675644 ]
 [0.7523095  0.2034367  0.04425383]]
probabilities: [[0. 1. 0.]
 [0. 1. 0.]
 [0. 1. 0.]
 [0. 1. 0.]
 [0. 1. 0.]]
probabilities: [[0.10786454 0.65795463 0.23418085]
 [0.43839163 0.27825248 0.28335592]
 [0.7964301  0.01633423 0.18723567]
 [0.40544465 0.553146   0.04140934]
 [0.33759716 0.48251313 0.17988971]]
probabilities: [[0.06757758 0.01098118 0.92144126]
 [0.3318605  0.3312956  0.33684388]
 [0.5922129  0.31562972 0.09215739]
 [0.38418812 0.06517389 0.550638  ]
 [0.16792174 0.47745234 0.35462594]]
probabilities: [[0.08624351 0.6908155  0.222941  ]
 [0.12863374 0.2091691  0.6621972 ]
 [0.8129262  0.07050356 0.11657024]
 [0.06459945 0.8870311  0.04836947]
 [0.29727122 0.30235747 0.4003713 ]]
probabilities: [[0.9318772  0.04576236 0.02236045]
 [0.03303573 0.62733096 0.33963332]
 [0.7718763  0.00832938 0.21979436]
 [0.37088174 0.31042063 0.31869763]
 [0.3229743  0.16525783 0.51176786]]
probabilities: [[0.00854647 0.7516252  0.23982835]
 [0.6332827  0.1061801  0.26053718]
 [0.19748542 0.08757622 0.71493834]
 [0.10761918 0.47115007 0.42123073]
 [0.01612588 0.2909878  0.69288635]]
probabilities: [[0. 0. 1.]
 [0. 1. 0.]
 [0. 0. 1.]
 [0. 0. 1.]
 [0. 0. 1.]]
probabilities: [[0.10815255 0.49578607 0.3960614 ]
 [0.07374202 0.4439467  0.48231128]
 [0.37096488 0.25409666 0.37493846]
 [0.51898557 0.24903314 0.23198129]
 [0.12879677 0.5813449  0.2898583 ]]
probabilities: [[0.11739089 0.5216759  0.36093324]
 [0.1846286  0.02924717 0.7861242 ]
 [0.13008258 0.4909135  0.3790039 ]
 [0.14766914 0.2529578  0.5993731 ]
 [0.3694153  0.25296107 0.3776236 ]]
probabilities: [[0.41995978 0.03866426 0.54137594]
 [0.06254388 0.35305893 0.5843972 ]
 [0.1772378  0.09572081 0.7270414 ]
 [0.06932379 0.727442   0.2032342 ]
 [0.801741   0.06564231 0.13261668]]
probabilities: [[0.10962823 0.68817085 0.20220092]
 [0.06034328 0.42449453 0.51516217]
 [0.65607107 0.14327575 0.20065318]
 [0.27198756 0.44338876 0.28462368]
 [0.5004282  0.46379212 0.03577967]]
probabilities: [[1.7568365e-02 1.8718015e-01 7.9525149e-01]
 [1.6232021e-01 4.4886637e-01 3.8881341e-01]
 [6.7312288e-04 7.5505632e-01 2.4427055e-01]
 [3.1067127e-01 3.8543258e-02 6.5078551e-01]
 [4.0726557e-01 7.0258394e-02 5.2247602e-01]]
probabilities: [[0. 1. 0.]
 [0. 1. 0.]
 [0. 1. 0.]
 [0. 1. 0.]
 [0. 1. 0.]]
probabilities: [[0.46194446 0.07804477 0.46001077]
 [0.22630692 0.3535972  0.4200959 ]
 [0.06786206 0.06659392 0.865544  ]
 [0.22685152 0.6948838  0.07826468]
 [0.20310324 0.24341753 0.5534792 ]]
probabilities: [[0.54121804 0.18715376 0.2716282 ]
 [0.45800626 0.43517533 0.10681839]
 [0.5622825  0.38835293 0.04936457]
 [0.36664572 0.60210764 0.0312466 ]
 [0.3166562  0.45743328 0.22591051]]
probabilities: [[0.11131056 0.01567078 0.8730187 ]
 [0.5691982  0.3224007  0.10840113]
 [0.03786609 0.71530807 0.24682586]
 [0.07078602 0.517861   0.41135293]
 [0.06093469 0.552726   0.38633934]]
probabilities: [[0.6894002  0.11870833 0.19189149]
 [0.64441985 0.12531716 0.230263  ]
 [0.07874808 0.07287542 0.8483765 ]
 [0.18804166 0.40967748 0.40228087]
 [0.03924314 0.0571644  0.90359247]]
probabilities: [[0.24620451 0.6342067  0.11958878]
 [0.34260586 0.1797371  0.47765702]
 [0.596048   0.32066515 0.08328685]
 [0.35847265 0.5286921  0.11283521]
 [0.36801645 0.22236145 0.4096221 ]]
probabilities: [[0. 0. 1.]
 [0. 1. 0.]
 [0. 1. 0.]
 [0. 0. 1.]
 [0. 0. 1.]]
probabilities: [[0.21570842 0.0570207  0.72727084]
 [0.74547666 0.18455681 0.06996655]
 [0.31188646 0.44111207 0.24700148]
 [0.23497063 0.3716972  0.39333218]
 [0.7592524  0.08475444 0.15599315]]
probabilities: [[0.11439092 0.27343327 0.61217576]
 [0.7079924  0.22290723 0.06910041]
 [0.19311573 0.64330244 0.16358183]
 [0.06253695 0.4326207  0.50484234]
 [0.10522743 0.08912602 0.80564654]]
probabilities: [[0.7366002  0.06708109 0.19631867]
 [0.4466413  0.42461967 0.12873903]
 [0.6762004  0.17466322 0.14913642]
 [0.2192345  0.38474327 0.39602223]
 [0.4805282  0.22222118 0.29725063]]
probabilities: [[0.23979424 0.3334445  0.42676124]
 [0.4845574  0.27046245 0.24498017]
 [0.23333015 0.49759716 0.26907268]
 [0.1141808  0.39032423 0.49549496]
 [0.3820806  0.46458974 0.15332964]]
probabilities: [[0.30722287 0.6185682  0.07420892]
 [0.33294484 0.6567414  0.01031377]
 [0.2121322  0.10007282 0.687795  ]
 [0.44729105 0.5462961  0.00641285]
 [0.5991057  0.03384647 0.3670478 ]]
probabilities: [[0. 0. 1.]
 [0. 1. 0.]
 [0. 1. 0.]
 [0. 0. 1.]
 [0. 0. 1.]]
probabilities: [[0.05371581 0.7044727  0.24181147]
 [0.59401935 0.26936388 0.13661678]
 [0.55921894 0.13577174 0.3050093 ]
 [0.41052333 0.00296636 0.5865103 ]
 [0.73310006 0.02038054 0.24651937]]
probabilities: [[0.7089176  0.26590443 0.02517793]
 [0.2718314  0.1049174  0.6232512 ]
 [0.53694713 0.04188886 0.42116404]
 [0.5457892  0.34467444 0.10953635]
 [0.69869363 0.12398177 0.17732458]]
probabilities: [[0.02137132 0.2553833  0.7232454 ]
 [0.2344198  0.41612357 0.34945664]
 [0.7013729  0.13142774 0.16719937]
 [0.39638448 0.00641216 0.5972034 ]
 [0.42827353 0.41562665 0.15609983]]
probabilities: [[0.6161864  0.23768277 0.14613086]
 [0.2364582  0.47968638 0.2838554 ]
 [0.4406997  0.4863669  0.07293341]
 [0.0429826  0.49222508 0.4647923 ]
 [0.7373317  0.23278074 0.0298876 ]]
probabilities: [[0.07550588 0.6029084  0.32158577]
 [0.16387619 0.72215647 0.11396735]
 [0.5515175  0.16403945 0.28444308]
 [0.13545518 0.637808   0.22673678]
 [0.40674555 0.4724161  0.12083835]]
probabilities: [[0. 0. 1.]
 [0. 1. 0.]
 [0. 1. 0.]
 [0. 0. 1.]
 [0. 0. 1.]]
probabilities: [[0.12284266 0.83206344 0.04509388]
 [0.20908347 0.00504015 0.7858764 ]
 [0.08419999 0.5560724  0.3597276 ]
 [0.27505657 0.5226045  0.20233889]
 [0.39739236 0.47068754 0.13192011]]
probabilities: [[0.04723379 0.560895   0.39187118]
 [0.02690793 0.4955845  0.4775076 ]
 [0.5940943  0.14182547 0.26408023]
 [0.2523623  0.72117525 0.02646243]
 [0.05766586 0.26358765 0.67874646]]
probabilities: [[0.37310812 0.06028839 0.5666035 ]
 [0.38978025 0.23644878 0.37377098]
 [0.76759654 0.09307542 0.13932803]
 [0.18637349 0.22078556 0.59284097]
 [0.05336757 0.668546   0.27808642]]
probabilities: [[0.1620672  0.02660333 0.8113295 ]
 [0.10015604 0.6417026  0.25814134]
 [0.4794587  0.09559549 0.4249458 ]
 [0.01661796 0.18237849 0.8010036 ]
 [0.57408696 0.19127974 0.23463331]]
probabilities: [[3.2188460e-01 3.8720027e-01 2.9091516e-01]
 [5.9470233e-02 1.2390249e-04 9.4040585e-01]
 [2.8754804e-01 3.8189068e-01 3.3056128e-01]
 [7.5395072e-01 8.9267194e-02 1.5678206e-01]
 [1.6198187e-01 1.8986765e-01 6.4815050e-01]]
probabilities: [[1. 0. 0.]
 [1. 0. 0.]
 [1. 0. 0.]
 [1. 0. 0.]
 [1. 0. 0.]]
probabilities: [[0.6869994  0.23252165 0.08047894]
 [0.8035811  0.05054246 0.14587641]
 [0.5822195  0.4126132  0.00516732]
 [0.09092996 0.12320404 0.785866  ]
 [0.46339646 0.3035678  0.23303576]]
probabilities: [[0.11734451 0.36568853 0.51696694]
 [0.31591734 0.10917923 0.5749034 ]
 [0.17826751 0.6799388  0.14179368]
 [0.5297042  0.2987678  0.17152798]
 [0.274249   0.3364036  0.3893474 ]]
probabilities: [[0.65742534 0.27256322 0.07001147]
 [0.08811635 0.49493164 0.416952  ]
 [0.6186186  0.22522502 0.15615638]
 [0.01170245 0.6006166  0.38768098]
 [0.65110236 0.294255   0.05464267]]
probabilities: [[0.33202863 0.3625347  0.30543667]
 [0.18817921 0.53524554 0.27657524]
 [0.0071651  0.20370847 0.78912646]
 [0.3809957  0.06014742 0.5588569 ]
 [0.6374511  0.18808869 0.17446023]]
probabilities: [[0.45855075 0.00639311 0.5350561 ]
 [0.04920387 0.1310926  0.8197035 ]
 [0.40770212 0.5052198  0.08707804]
 [0.5274318  0.02844622 0.44412202]
 [0.23110779 0.4132865  0.3556057 ]]
probabilities: [[0. 1. 0.]
 [0. 1. 0.]
 [0. 1. 0.]
 [0. 1. 0.]
 [0. 1. 0.]]
probabilities: [[0.2865638  0.24680999 0.46662617]
 [0.90007645 0.04547271 0.05445084]
 [0.2049115  0.65783805 0.13725042]
 [0.12494516 0.0303516  0.84470326]
 [0.14658718 0.20039058 0.6530222 ]]
probabilities: [[0.38556716 0.0492786  0.56515425]
 [0.56383324 0.36262408 0.07354268]
 [0.04180837 0.4876878  0.47050384]
 [0.20201007 0.26087016 0.53711975]
 [0.50409573 0.27004114 0.22586316]]
probabilities: [[0.6934778  0.03031702 0.27620518]
 [0.16679478 0.5408954  0.29230985]
 [0.70958644 0.1398204  0.15059318]
 [0.12719902 0.2919257  0.5808753 ]
 [0.43747604 0.35123652 0.21128744]]
probabilities: [[0.8446573  0.14358234 0.01176033]
 [0.72751606 0.17990781 0.09257612]
 [0.4954662  0.48211953 0.02241426]
 [0.07474959 0.30663645 0.61861396]
 [0.4927903  0.06527111 0.44193858]]
probabilities: [[0.58358335 0.11115804 0.3052586 ]
 [0.21107234 0.5396415  0.24928617]
 [0.35652617 0.6196892  0.02378459]
 [0.41083705 0.4679675  0.12119542]
 [0.43166074 0.01268149 0.5556578 ]]
probabilities: [[0. 1. 0.]
 [0. 1. 0.]
 [0. 1. 0.]
 [0. 1. 0.]
 [0. 1. 0.]]
probabilities: [[0.40197924 0.24031799 0.35770276]
 [0.15545893 0.43914935 0.40539172]
 [0.30290872 0.48983663 0.20725465]
 [0.27768853 0.25018495 0.4721265 ]
 [0.0186149  0.3611795  0.6202056 ]]
probabilities: [[0.14788942 0.61993533 0.23217528]
 [0.02899921 0.85746604 0.11353473]
 [0.33107758 0.22669281 0.44222963]
 [0.2516024  0.54908127 0.19931634]
 [0.20744224 0.5926154  0.19994232]]
probabilities: [[0.37570924 0.18269575 0.44159502]
 [0.12507896 0.8006742  0.07424682]
 [0.2309518  0.4018001  0.3672481 ]
 [0.21092433 0.14961421 0.63946146]
 [0.4752777  0.21450847 0.31021383]]
probabilities: [[0.1920252  0.31748354 0.49049124]
 [0.20550758 0.751142   0.04335039]
 [0.5032102  0.383758   0.11303177]
 [0.39530987 0.02806977 0.57662034]
 [0.59355885 0.29765454 0.1087866 ]]
probabilities: [[0.21738246 0.7128371  0.06978044]
 [0.10619988 0.44242778 0.45137233]
 [0.35742494 0.35805738 0.28451768]
 [0.5867646  0.04534985 0.3678856 ]
 [0.11971536 0.3730611  0.50722355]]
probabilities: [[0. 1. 0.]
 [0. 1. 0.]
 [0. 1. 0.]
 [0. 1. 0.]
 [0. 1. 0.]]
probabilities: [[2.7357388e-04 9.0645349e-01 9.3272910e-02]
 [1.9978452e-02 5.4698288e-02 9.2532325e-01]
 [8.2950956e-01 1.6712496e-01 3.3655188e-03]
 [3.2267880e-01 3.0511966e-01 3.7220153e-01]
 [2.4617864e-01 1.6802411e-01 5.8579725e-01]]
probabilities: [[0.32857606 0.6119309  0.05949305]
 [0.02232565 0.5404962  0.4371782 ]
 [0.00702591 0.71770895 0.27526516]
 [0.14239466 0.25036135 0.60724396]
 [0.5194792  0.1513455  0.32917526]]
probabilities: [[0.05650196 0.80544204 0.138056  ]
 [0.32902035 0.2876883  0.38329136]
 [0.17335956 0.37861204 0.4480284 ]
 [0.10014286 0.30988735 0.5899698 ]
 [0.426131   0.30665913 0.26720983]]
probabilities: [[0.45646515 0.2277986  0.31573626]
 [0.00360349 0.530776   0.46562052]
 [0.03159002 0.5067467  0.46166328]
 [0.3486725  0.24956518 0.40176228]
 [0.22157094 0.3958128  0.38261625]]
probabilities: [[0.89658844 0.03001169 0.07339987]
 [0.12450539 0.30044678 0.57504785]
 [0.02927889 0.11318446 0.8575367 ]
 [0.8037372  0.0062087  0.19005407]
 [0.451732   0.16623048 0.3820375 ]]
probabilities: [[0. 1. 0.]
 [0. 1. 0.]
 [0. 1. 0.]
 [0. 1. 0.]
 [0. 1. 0.]]
probabilities: [[0.08457629 0.13578491 0.7796388 ]
 [0.02826051 0.17752181 0.7942177 ]
 [0.23213625 0.33553576 0.432328  ]
 [0.04424878 0.11045107 0.84530014]
 [0.3444208  0.05504354 0.6005357 ]]
probabilities: [[0.24817127 0.55989033 0.19193837]
 [0.22027497 0.57512635 0.20459868]
 [0.1124797  0.28378034 0.60374   ]
 [0.030332   0.37051395 0.59915406]
 [0.32648763 0.5871243  0.08638807]]
probabilities: [[0.0384513  0.25353363 0.7080151 ]
 [0.03755087 0.6197684  0.34268078]
 [0.04513262 0.8504491  0.10441829]
 [0.3153082  0.6430858  0.04160602]
 [0.3380709  0.3484793  0.3134498 ]]
probabilities: [[0.14075612 0.8012324  0.05801146]
 [0.04089642 0.01259401 0.94650954]
 [0.15795517 0.45707867 0.38496616]
 [0.74459326 0.12196595 0.1334408 ]
 [0.19143738 0.6188988  0.1896638 ]]
probabilities: [[0.3745012  0.07512963 0.5503692 ]
 [0.06836294 0.57519454 0.3564425 ]
 [0.22747017 0.6635823  0.10894752]
 [0.14234033 0.12218772 0.73547196]
 [0.7193555  0.200421   0.08022349]]
probabilities: [[0. 0. 1.]
 [0. 1. 0.]
 [0. 0. 1.]
 [0. 0. 1.]
 [0. 0. 1.]]
probabilities: [[0.3594543  0.28802723 0.35251847]
 [0.6358742  0.12376662 0.24035916]
 [0.06975473 0.38191774 0.5483275 ]
 [0.22497126 0.45901328 0.31601548]
 [0.44455525 0.25901622 0.29642856]]
probabilities: [[0.39259973 0.2527898  0.35461047]
 [0.11330445 0.18806691 0.69862866]
 [0.05841529 0.5967543  0.3448304 ]
 [0.22707999 0.6194778  0.15344222]
 [0.46375373 0.27878264 0.25746363]]
probabilities: [[1.4833031e-04 9.6184981e-01 3.8001850e-02]
 [2.7829543e-01 5.9323031e-01 1.2847425e-01]
 [3.1068149e-01 7.0183650e-02 6.1913484e-01]
 [2.8992319e-01 4.5884207e-01 2.5123474e-01]
 [5.9273154e-01 2.7472961e-01 1.3253886e-01]]
probabilities: [[0.532867   0.39105782 0.07607517]
 [0.15966052 0.59477794 0.24556154]
 [0.3911757  0.38845602 0.22036828]
 [0.4666687  0.33965987 0.19367145]
 [0.6677715  0.20906608 0.1231624 ]]
probabilities: [[0.19838154 0.21317661 0.58844185]
 [0.15530683 0.45162633 0.39306685]
 [0.37733406 0.6145609  0.00810506]
 [0.41286463 0.19814226 0.3889931 ]
 [0.23005128 0.73856044 0.03138829]]
probabilities: [[0. 0. 1.]
 [0. 1. 0.]
 [0. 0. 1.]
 [0. 0. 1.]
 [0. 0. 1.]]
probabilities: [[0.32042658 0.2197315  0.45984194]
 [0.04438187 0.19234286 0.76327527]
 [0.13826667 0.3811541  0.48057923]
 [0.05322867 0.90150374 0.04526759]
 [0.6403839  0.07389721 0.28571886]]
probabilities: [[0.03457849 0.2411794  0.7242421 ]
 [0.5366555  0.28571227 0.17763221]
 [0.21864013 0.00815731 0.77320254]
 [0.11021651 0.02491867 0.8648648 ]
 [0.6597854  0.25338942 0.08682523]]
probabilities: [[0.15466712 0.17960776 0.6657251 ]
 [0.2200168  0.18854927 0.59143394]
 [0.255767   0.08923513 0.6549979 ]
 [0.45518726 0.21261016 0.33220255]
 [0.7129702  0.24851343 0.03851638]]
probabilities: [[0.03543891 0.5761849  0.38837615]
 [0.01398492 0.42509964 0.5609154 ]
 [0.8265204  0.00586001 0.16761963]
 [0.01256294 0.44226158 0.5451755 ]
 [0.50395876 0.28491884 0.21112241]]
probabilities: [[0.12181498 0.35827106 0.519914  ]
 [0.13615835 0.21650228 0.6473394 ]
 [0.7662212  0.17096147 0.0628173 ]
 [0.14085676 0.62937176 0.22977147]
 [0.12471952 0.55341434 0.32186612]]
probabilities: [[0. 1. 0.]
 [0. 1. 0.]
 [0. 1. 0.]
 [0. 1. 0.]
 [0. 1. 0.]]
probabilities: [[0.3419917  0.16064698 0.49736133]
 [0.02714516 0.03308505 0.9397698 ]
 [0.5701525  0.31442544 0.11542205]
 [0.04244938 0.81555206 0.14199856]
 [0.12440783 0.3353008  0.54029137]]
probabilities: [[0.32687867 0.12475917 0.5483622 ]
 [0.00224334 0.40469778 0.5930589 ]
 [0.25926116 0.41330785 0.32743096]
 [0.29377252 0.49962485 0.20660265]
 [0.37060365 0.1501715  0.47922486]]
probabilities: [[0.519242   0.31730875 0.16344923]
 [0.6969544  0.06043898 0.24260657]
 [0.3497661  0.47201553 0.17821835]
 [0.3783379  0.36036614 0.26129597]
 [0.09626704 0.06741453 0.83631843]]
probabilities: [[0.46500844 0.34488353 0.19010803]
 [0.43062684 0.46977717 0.09959599]
 [0.25264564 0.23083323 0.51652116]
 [0.6964571  0.04545002 0.25809285]
 [0.22160135 0.00516375 0.7732349 ]]
probabilities: [[0.5147396  0.19693235 0.28832808]
 [0.75032955 0.01024007 0.23943041]
 [0.04300381 0.4852498  0.47174639]
 [0.26048306 0.58006597 0.159451  ]
 [0.27189443 0.23176509 0.4963405 ]]
probabilities: [[0. 0. 1.]
 [0. 1. 0.]
 [0. 0. 1.]
 [0. 0. 1.]
 [0. 0. 1.]]
probabilities: [[0.4125773  0.3697804  0.2176423 ]
 [0.42567497 0.5202409  0.05408414]
 [0.64239794 0.297742   0.05986008]
 [0.3692733  0.04397342 0.58675325]
 [0.12781885 0.70293766 0.16924347]]
probabilities: [[0.05629474 0.02247927 0.92122597]
 [0.03442835 0.24609159 0.71948004]
 [0.39552456 0.40184182 0.20263362]
 [0.6040987  0.0431504  0.35275096]
 [0.211771   0.14950462 0.6387244 ]]
probabilities: [[0.634465   0.29225525 0.07327975]
 [0.36971456 0.44857115 0.18171433]
 [0.35446763 0.60589534 0.03963703]
 [0.18837227 0.2844144  0.52721334]
 [0.31827408 0.5579065  0.12381943]]
probabilities: [[0.0910914  0.25125027 0.65765834]
 [0.35663182 0.26357526 0.37979293]
 [0.57852685 0.36693585 0.05453729]
 [0.20053095 0.02857383 0.77089524]
 [0.6299879  0.21983242 0.15017971]]
probabilities: [[0.20243476 0.5604455  0.23711973]
 [0.8272221  0.13248841 0.04028947]
 [0.23370728 0.43998244 0.32631025]
 [0.91990757 0.02315322 0.05693921]
 [0.46673518 0.22407898 0.30918583]]
probabilities: [[0. 0. 1.]
 [0. 1. 0.]
 [0. 0. 1.]
 [0. 0. 1.]
 [0. 0. 1.]]
probabilities: [[0.22704892 0.53040683 0.24254425]
 [0.7882751  0.16290161 0.04882327]
 [0.38789847 0.03187324 0.58022827]
 [0.14275198 0.6970569  0.16019112]
 [0.29089987 0.35014042 0.3589597 ]]
probabilities: [[0.22194143 0.04154264 0.73651594]
 [0.15923157 0.05589737 0.78487104]
 [0.14545777 0.7282115  0.12633072]
 [0.25474113 0.5165563  0.22870255]
 [0.36990392 0.05632331 0.5737728 ]]
probabilities: [[0.02081311 0.9492194  0.02996749]
 [0.64850533 0.23184727 0.11964742]
 [0.25950968 0.33794105 0.40254924]
 [0.94006854 0.01042976 0.04950172]
 [0.34444112 0.18713649 0.4684224 ]]
probabilities: [[0.40214533 0.03756991 0.5602848 ]
 [0.75676227 0.18446638 0.05877133]
 [0.36117816 0.12851237 0.51030946]
 [0.6293402  0.0561763  0.31448355]
 [0.31984136 0.14508925 0.5350694 ]]
probabilities: [[0.2202153  0.47869754 0.30108714]
 [0.7792995  0.17133886 0.04936162]
 [0.08791636 0.7196797  0.19240393]
 [0.83054066 0.15722632 0.01223299]
 [0.5147157  0.31318247 0.17210183]]
probabilities: [[0. 0. 1.]
 [0. 1. 0.]
 [0. 1. 0.]
 [0. 0. 1.]
 [0. 0. 1.]]
probabilities: [[0.48372212 0.27356982 0.24270804]
 [0.54913956 0.27254677 0.1783137 ]
 [0.5140099  0.28581378 0.20017636]
 [0.13442424 0.7573939  0.10818189]
 [0.47854236 0.0079405  0.51351714]]
probabilities: [[0.09179911 0.76133007 0.14687084]
 [0.24922135 0.5442714  0.20650725]
 [0.57101786 0.23217253 0.19680963]
 [0.2776114  0.5066844  0.21570419]
 [0.01849182 0.24223226 0.73927593]]
probabilities: [[0.12822028 0.11834006 0.75343966]
 [0.5384575  0.4246512  0.03689126]
 [0.10282267 0.77025396 0.1269234 ]
 [0.30784982 0.0499302  0.64221996]
 [0.00760461 0.01967523 0.97272015]]
probabilities: [[0.86023307 0.13112092 0.00864603]
 [0.5857745  0.09862733 0.31559816]
 [0.03323912 0.6382992  0.32846165]
 [0.00171942 0.367007   0.63127357]
 [0.02042031 0.822322   0.15725766]]
probabilities: [[0.05792617 0.2751296  0.66694427]
 [0.7613453  0.2203033  0.01835136]
 [0.02293218 0.08471919 0.89234865]
 [0.17536515 0.12150677 0.7031281 ]
 [0.33383447 0.45732817 0.20883736]]
probabilities: [[0. 0. 1.]
 [0. 1. 0.]
 [0. 1. 0.]
 [0. 0. 1.]
 [0. 0. 1.]]
probabilities: [[0.49507737 0.04770936 0.45721325]
 [0.7848324  0.11957608 0.09559149]
 [0.73348165 0.11178116 0.15473722]
 [0.18838568 0.10404252 0.7075718 ]
 [0.03862911 0.07961565 0.88175523]]
probabilities: [[0.5016623  0.02595357 0.47238412]
 [0.0745881  0.07250813 0.8529038 ]
 [0.10672133 0.3597139  0.53356475]
 [0.48658308 0.00947325 0.5039437 ]
 [0.36493212 0.560271   0.07479683]]
probabilities: [[0.07543596 0.7626744  0.16188964]
 [0.37569875 0.50264215 0.1216591 ]
 [0.10033177 0.45092025 0.448748  ]
 [0.6286724  0.21096775 0.16035984]
 [0.51936746 0.32030967 0.16032289]]
probabilities: [[0.04836345 0.8671015  0.08453505]
 [0.12282173 0.6434683  0.23370992]
 [0.0163528  0.544962   0.4386852 ]
 [0.00945514 0.7231121  0.26743272]
 [0.2926323  0.00662392 0.7007438 ]]
probabilities: [[0.38794085 0.16116694 0.4508922 ]
 [0.1067382  0.22730397 0.6659578 ]
 [0.80190265 0.02744593 0.1706514 ]
 [0.1500897  0.5047028  0.3452075 ]
 [0.4634808  0.07131744 0.46520174]]
probabilities: [[0. 0. 1.]
 [0. 1. 0.]
 [0. 1. 0.]
 [0. 0. 1.]
 [0. 0. 1.]]
probabilities: [[0.21739419 0.7689361  0.01366974]
 [0.27747822 0.1020564  0.6204654 ]
 [0.31194684 0.11267386 0.5753793 ]
 [0.42938808 0.49865052 0.07196143]
 [0.11108694 0.436479   0.45243406]]
probabilities: [[0.06289542 0.46702877 0.47007582]
 [0.23452929 0.15485679 0.61061394]
 [0.0377752  0.62658316 0.33564168]
 [0.22023751 0.52091235 0.2588501 ]
 [0.12912782 0.19002396 0.68084824]]
probabilities: [[0.29806253 0.44865718 0.25328028]
 [0.36400923 0.07337218 0.5626186 ]
 [0.18439221 0.7622535  0.05335424]
 [0.7256363  0.04943987 0.22492383]
 [0.85868543 0.12460591 0.01670866]]
probabilities: [[0.06824605 0.77823246 0.15352146]
 [0.08761516 0.3192315  0.5931533 ]
 [0.6914711  0.18248507 0.1260438 ]
 [0.33115572 0.00990231 0.658942  ]
 [0.38130215 0.19443108 0.4242668 ]]
probabilities: [[0.10822034 0.06884107 0.82293856]
 [0.21769154 0.7450597  0.0372487 ]
 [0.6354863  0.13510138 0.22941233]
 [0.24495447 0.26780003 0.4872455 ]
 [0.56377846 0.04251342 0.39370814]]
probabilities: [[1. 0. 0.]
 [1. 0. 0.]
 [1. 0. 0.]
 [1. 0. 0.]
 [1. 0. 0.]]
probabilities: [[0.6396223  0.2540199  0.10635782]
 [0.3544473  0.4379863  0.20756638]
 [0.20007825 0.6510006  0.14892112]
 [0.27182803 0.18091212 0.54725987]
 [0.43888897 0.38458863 0.17652242]]
probabilities: [[0.46092317 0.00225304 0.5368238 ]
 [0.2182112  0.6676923  0.1140965 ]
 [0.60262054 0.203481   0.19389844]
 [0.9296778  0.06635586 0.00396635]
 [0.04816779 0.82168627 0.13014595]]
probabilities: [[0.4635201  0.12812343 0.40835646]
 [0.12650616 0.29038408 0.5831098 ]
 [0.08051185 0.5038797  0.4156084 ]
 [0.25695068 0.5916383  0.15141097]
 [0.45486894 0.42880988 0.11632118]]
probabilities: [[0.15558632 0.82877016 0.01564353]
 [0.2614719  0.41407678 0.32445133]
 [0.0217256  0.7281094  0.25016502]
 [0.2610108  0.0901348  0.64885443]
 [0.11052991 0.5330106  0.35645947]]
probabilities: [[0.21005192 0.24615958 0.5437885 ]
 [0.253122   0.2553725  0.4915055 ]
 [0.73466086 0.03445049 0.23088865]
 [0.41042095 0.15163867 0.43794036]
 [0.15834308 0.42670333 0.4149536 ]]
probabilities: [[0. 0. 1.]
 [0. 1. 0.]
 [0. 1. 0.]
 [0. 0. 1.]
 [0. 0. 1.]]
probabilities: [[0.11287275 0.58922875 0.2978985 ]
 [0.40378416 0.18074551 0.41547033]
 [0.63601327 0.10237104 0.2616157 ]
 [0.05448745 0.39572543 0.5497871 ]
 [0.2891717  0.2994353  0.411393  ]]
probabilities: [[7.4207330e-01 2.5724658e-01 6.8008184e-04]
 [4.2330319e-01 3.7502918e-01 2.0166765e-01]
 [5.4680687e-01 2.9807240e-01 1.5512070e-01]
 [2.2910520e-02 2.2370131e-01 7.5338817e-01]
 [4.6215191e-01 1.9814028e-01 3.3970779e-01]]
probabilities: [[0.13274623 0.4269268  0.440327  ]
 [0.30932215 0.34317532 0.34750256]
 [0.1936122  0.49983713 0.30655068]
 [0.5303276  0.27335405 0.19631833]
 [0.14396264 0.84854424 0.00749313]]
probabilities: [[0.02730547 0.5534624  0.41923216]
 [0.09297819 0.03164883 0.875373  ]
 [0.34398925 0.02101051 0.6350002 ]
 [0.74225086 0.15976016 0.09798895]
 [0.19784637 0.6036317  0.19852194]]
probabilities: [[0.08663519 0.06111595 0.85224885]
 [0.08910918 0.88696563 0.02392518]
 [0.10676132 0.5988477  0.29439098]
 [0.5780135  0.37825656 0.04372998]
 [0.00577692 0.51830983 0.47591326]]
probabilities: [[0. 0. 1.]
 [0. 1. 0.]
 [0. 0. 1.]
 [0. 0. 1.]
 [0. 0. 1.]]
probabilities: [[0.56334955 0.0627921  0.37385836]
 [0.08633499 0.6852655  0.22839953]
 [0.8728623  0.00512408 0.12201361]
 [0.03519924 0.33817828 0.6266225 ]
 [0.6771273  0.11272821 0.21014449]]
probabilities: [[0.7213242  0.24702184 0.03165393]
 [0.25286174 0.13371485 0.6134234 ]
 [0.15184799 0.667377   0.18077502]
 [0.28214234 0.66199297 0.05586471]
 [0.19207504 0.41847262 0.38945234]]
probabilities: [[0.15032944 0.7434905  0.10618003]
 [0.15756854 0.808319   0.0341125 ]
 [0.666969   0.04056162 0.2924694 ]
 [0.35738102 0.47894415 0.16367483]
 [0.2992681  0.11377189 0.58696   ]]
probabilities: [[0.11954366 0.5395285  0.34092787]
 [0.3392526  0.11132279 0.5494246 ]
 [0.7581837  0.07294483 0.16887142]
 [0.28728378 0.6536648  0.05905137]
 [0.10462971 0.7250207  0.1703496 ]]
probabilities: [[0.68002295 0.16409065 0.1558864 ]
 [0.9086531  0.04834889 0.042998  ]
 [0.5962967  0.31526393 0.08843936]
 [0.58804905 0.28154626 0.13040467]
 [0.34207314 0.5270082  0.13091868]]
probabilities: [[1. 0. 0.]
 [1. 0. 0.]
 [1. 0. 0.]
 [1. 0. 0.]
 [1. 0. 0.]]
probabilities: [[0.3293321  0.04125097 0.62941694]
 [0.00391237 0.03365595 0.96243167]
 [0.3282335  0.4422065  0.22955997]
 [0.28516173 0.5854854  0.1293529 ]
 [0.724005   0.07748654 0.19850846]]
probabilities: [[0.8629992  0.11111964 0.02588119]
 [0.35873172 0.16581213 0.47545615]
 [0.03292081 0.8571173  0.1099619 ]
 [0.4776305  0.01219022 0.5101793 ]
 [0.27405167 0.11386502 0.6120833 ]]
probabilities: [[0.09843332 0.1393988  0.7621679 ]
 [0.77852464 0.12353086 0.09794452]
 [0.53072363 0.33886623 0.13041016]
 [0.27223092 0.24044004 0.48732904]
 [0.7073958  0.27107015 0.02153405]]
probabilities: [[0.5159005  0.4811803  0.00291922]
 [0.13974333 0.5999698  0.26028687]
 [0.42025962 0.4386063  0.1411341 ]
 [0.45973915 0.46561402 0.07464684]
 [0.0784608  0.4421178  0.4794214 ]]
probabilities: [[0.45091486 0.4612917  0.08779344]
 [0.3397864  0.05986658 0.60034704]
 [0.41715485 0.36465102 0.21819411]
 [0.50379074 0.1897648  0.30644444]
 [0.07434084 0.10949297 0.81616616]]
probabilities: [[0. 1. 0.]
 [0. 1. 0.]
 [0. 1. 0.]
 [0. 1. 0.]
 [0. 1. 0.]]
probabilities: [[0.11111505 0.5283833  0.36050168]
 [0.7310557  0.08842533 0.180519  ]
 [0.48486444 0.33371606 0.18141949]
 [0.37142342 0.32180718 0.3067694 ]
 [0.0860287  0.6020348  0.31193647]]
probabilities: [[0.18774773 0.3152947  0.49695754]
 [0.05574394 0.80167884 0.14257722]
 [0.27151033 0.40162244 0.32686722]
 [0.3584519  0.15690176 0.48464632]
 [0.31762728 0.19732365 0.48504907]]
probabilities: [[0.5112649  0.2307859  0.25794917]
 [0.7577784  0.221346   0.02087558]
 [0.32638496 0.43680543 0.23680961]
 [0.2065776  0.4397015  0.3537209 ]
 [0.3423669  0.03679774 0.62083536]]
probabilities: [[0.2919378  0.5688628  0.13919942]
 [0.5926374  0.10889739 0.29846522]
 [0.2888962  0.56299096 0.14811282]
 [0.08036166 0.23332113 0.6863172 ]
 [0.4373464  0.3907682  0.1718854 ]]
probabilities: [[0.4469426  0.06743225 0.48562515]
 [0.89539754 0.06508595 0.0395165 ]
 [0.16681017 0.09801852 0.7351713 ]
 [0.58414423 0.23684427 0.17901151]
 [0.13266702 0.6026062  0.2647268 ]]
probabilities: [[0. 0. 1.]
 [0. 1. 0.]
 [0. 1. 0.]
 [0. 0. 1.]
 [0. 0. 1.]]
probabilities: [[0.12527157 0.58954    0.2851884 ]
 [0.30945644 0.64157176 0.04897179]
 [0.26100862 0.17375611 0.56523526]
 [0.31558448 0.21303545 0.47138008]
 [0.02581762 0.5707058  0.4034766 ]]
probabilities: [[0.0658887  0.48736864 0.44674265]
 [0.49850786 0.18885224 0.3126399 ]
 [0.6408049  0.21843834 0.14075677]
 [0.01823113 0.11947227 0.8622966 ]
 [0.1219841  0.22952946 0.64848644]]
probabilities: [[0.31955287 0.49095324 0.1894939 ]
 [0.6619765  0.2018198  0.13620365]
 [0.3925588  0.24179412 0.36564708]
 [0.6668861  0.17113218 0.16198172]
 [0.20088115 0.7737341  0.02538474]]
probabilities: [[0.08715181 0.19541776 0.7174304 ]
 [0.72367054 0.12738466 0.1489448 ]
 [0.2559163  0.38709536 0.35698834]
 [0.10336217 0.67232656 0.22431126]
 [0.06642648 0.50688016 0.42669335]]
probabilities: [[0.17941034 0.3016063  0.51898336]
 [0.24898472 0.57931894 0.17169634]
 [0.4540081  0.12733664 0.41865525]
 [0.15815005 0.38467875 0.4571712 ]
 [0.30316508 0.16229905 0.5345358 ]]
probabilities: [[1. 0. 0.]
 [1. 0. 0.]
 [1. 0. 0.]
 [1. 0. 0.]
 [1. 0. 0.]]
probabilities: [[2.0503336e-04 8.7678039e-01 1.2301455e-01]
 [5.4902744e-01 3.8416228e-01 6.6810280e-02]
 [2.0235051e-01 5.5115664e-01 2.4649285e-01]
 [5.2890652e-01 2.8139964e-01 1.8969385e-01]
 [1.2869774e-01 6.1027026e-01 2.6103202e-01]]
probabilities: [[0.28169367 0.03975409 0.67855227]
 [0.17679246 0.7098517  0.11335587]
 [0.36124375 0.2508313  0.38792494]
 [0.6711889  0.2745369  0.05427418]
 [0.11099053 0.5238751  0.36513436]]
probabilities: [[0.550036   0.29741448 0.1525495 ]
 [0.34244218 0.61842173 0.03913609]
 [0.3576948  0.24592893 0.39637625]
 [0.13601996 0.35574207 0.50823796]
 [0.6118346  0.14454831 0.2436171 ]]
probabilities: [[0.22413455 0.4862045  0.28966093]
 [0.5612259  0.13979867 0.29897547]
 [0.5059819  0.29148254 0.20253554]
 [0.53221864 0.45536408 0.01241728]
 [0.06391884 0.15122579 0.78485537]]
probabilities: [[0.23652166 0.38819414 0.37528417]
 [0.1486929  0.33034393 0.52096313]
 [0.06541492 0.3711033  0.5634818 ]
 [0.5622436  0.11257394 0.32518247]
 [0.16515689 0.7178476  0.11699551]]
probabilities: [[0. 1. 0.]
 [0. 1. 0.]
 [0. 1. 0.]
 [0. 1. 0.]
 [0. 1. 0.]]
probabilities: [[0.24101715 0.7259664  0.03301647]
 [0.06333952 0.31647018 0.6201903 ]
 [0.26193836 0.23281871 0.50524294]
 [0.02122665 0.38617006 0.59260327]
 [0.10233279 0.7044772  0.19319   ]]
probabilities: [[0.5327016  0.0381934  0.429105  ]
 [0.48249376 0.09048387 0.4270224 ]
 [0.19301772 0.67884505 0.12813723]
 [0.43720984 0.11149717 0.451293  ]
 [0.38310498 0.1644812  0.45241383]]
probabilities: [[0.4614366  0.24537173 0.29319167]
