probabilities: [[0. 0. 1.]
 [0. 1. 0.]
 [0. 1. 0.]
 [0. 0. 1.]
 [0. 0. 1.]]
probabilities: [[0.3510573  0.29361644 0.35532627]
 [0.13731804 0.68968576 0.17299621]
 [0.16027258 0.33588004 0.50384736]
 [0.36141664 0.31354603 0.32503733]
 [0.19213325 0.3375613  0.47030547]]
probabilities: [[0.5730039  0.13720675 0.28978938]
 [0.14331071 0.71703994 0.13964936]
 [0.21789297 0.37031454 0.4117925 ]
 [0.66320324 0.02120687 0.31558987]
 [0.20705195 0.14603122 0.6469168 ]]
probabilities: [[0.7565036  0.09893414 0.14456229]
 [0.5594619  0.36703748 0.07350061]
 [0.7886413  0.07691064 0.13444808]
 [0.60493445 0.04862088 0.34644464]
 [0.6021606  0.08001514 0.31782427]]
probabilities: [[0.22704695 0.49740162 0.27555144]
 [0.04531884 0.63574266 0.31893852]
 [0.49401876 0.33979657 0.16618466]
 [0.52698517 0.3368542  0.13616064]
 [0.82191414 0.13331822 0.04476764]]
probabilities: [[0.50381845 0.22035134 0.2758302 ]
 [0.44236585 0.39341658 0.16421758]
 [0.15261048 0.3255397  0.5218498 ]
 [0.03670335 0.11733508 0.8459616 ]
 [0.30438268 0.63990074 0.05571659]]
probabilities: [[0. 0. 1.]
 [0. 1. 0.]
 [0. 1. 0.]
 [0. 0. 1.]
 [0. 0. 1.]]
probabilities: [[0.6174215  0.26644757 0.11613093]
 [0.7979577  0.19874004 0.00330223]
 [0.16727574 0.15803432 0.67468995]
 [0.36376357 0.20250443 0.433732  ]
 [0.20282634 0.28252164 0.514652  ]]
probabilities: [[0.4767638  0.502496   0.02074018]
 [0.4335145  0.47503582 0.0914497 ]
 [0.13385403 0.12670618 0.7394398 ]
 [0.5180906  0.47150955 0.01039987]
 [0.19386408 0.75733346 0.04880245]]
probabilities: [[0.07095817 0.5509716  0.37807018]
 [0.2807482  0.0221684  0.6970834 ]
 [0.16234362 0.00691007 0.8307463 ]
 [0.07490323 0.18272035 0.74237645]
 [0.20551826 0.21639563 0.57808614]]
probabilities: [[0.8186409  0.12660621 0.05475288]
 [0.56125593 0.03668263 0.4020614 ]
 [0.4197064  0.50183296 0.07846063]
 [0.05553238 0.547435   0.39703268]
 [0.6852471  0.1396619  0.17509097]]
probabilities: [[0.01243939 0.14217983 0.8453808 ]
 [0.42008558 0.46770203 0.11221238]
 [0.49341154 0.01798103 0.48860744]
 [0.2242521  0.05834579 0.7174021 ]
 [0.2153963  0.32432178 0.46028194]]
probabilities: [[0. 0. 1.]
 [0. 1. 0.]
 [0. 1. 0.]
 [0. 0. 1.]
 [0. 0. 1.]]
probabilities: [[0.00478374 0.13028951 0.86492676]
 [0.7868274  0.1427682  0.07040439]
 [0.60957134 0.2802978  0.1101309 ]
 [0.21615405 0.01144933 0.7723966 ]
 [0.12392429 0.30765113 0.5684246 ]]
probabilities: [[0.04115175 0.01412435 0.9447239 ]
 [0.3151919  0.5197444  0.1650637 ]
 [0.10771677 0.03943665 0.85284656]
 [0.04320735 0.30751586 0.6492768 ]
 [0.35614112 0.5849801  0.05887878]]
probabilities: [[0.05930461 0.49614125 0.44455412]
 [0.03180643 0.78350794 0.18468562]
 [0.39459053 0.43466368 0.17074579]
 [0.09756114 0.66792434 0.23451453]
 [0.46159902 0.3424422  0.19595876]]
probabilities: [[0.33940926 0.11819569 0.54239506]
 [0.0513788  0.6481052  0.30051598]
 [0.29468    0.39604232 0.30927768]
 [0.06251702 0.63932633 0.29815665]
 [0.22520976 0.43575257 0.3390377 ]]
probabilities: [[0.3261453  0.28940678 0.3844479 ]
 [0.74188524 0.11456946 0.14354531]
 [0.40271726 0.40177885 0.19550388]
 [0.2445409  0.01011772 0.74534136]
 [0.6899309  0.12353174 0.18653736]]
probabilities: [[0. 1. 0.]
 [0. 1. 0.]
 [0. 1. 0.]
 [0. 1. 0.]
 [0. 1. 0.]]
probabilities: [[0.32832912 0.37749264 0.29417822]
 [0.52763367 0.25354007 0.21882623]
 [0.01376864 0.5369837  0.44924763]
 [0.45779064 0.39981893 0.14239043]
 [0.82927555 0.16328748 0.00743696]]
probabilities: [[5.86315632e-01 2.56761521e-01 1.56922832e-01]
 [2.31879964e-01 7.67827809e-01 2.92232464e-04]
 [2.17139170e-01 3.49385113e-01 4.33475733e-01]
 [2.43575111e-01 1.82419389e-01 5.74005485e-01]
 [1.15779556e-01 1.03061415e-01 7.81159043e-01]]
probabilities: [[0.06584459 0.63589406 0.29826137]
 [0.5485865  0.40297693 0.04843656]
 [0.5806948  0.38756153 0.0317437 ]
 [0.3320016  0.31792644 0.35007197]
 [0.05785627 0.32489222 0.6172515 ]]
probabilities: [[0.52683246 0.39754608 0.07562143]
 [0.01597784 0.942037   0.04198517]
 [0.7019689  0.24383923 0.05419188]
 [0.23333302 0.22128625 0.5453807 ]
 [0.33500108 0.16215838 0.5028405 ]]
probabilities: [[0.6293775  0.04498808 0.32563445]
 [0.06532814 0.6163519  0.31831998]
 [0.4398427  0.42094946 0.13920784]
 [0.04033641 0.57691175 0.38275185]
 [0.5196535  0.46884835 0.01149814]]
probabilities: [[0. 0. 1.]
 [0. 1. 0.]
 [0. 1. 0.]
 [0. 0. 1.]
 [0. 0. 1.]]
probabilities: [[0.40839493 0.33616692 0.25543818]
 [0.6047339  0.29806334 0.09720276]
 [0.17992043 0.7207116  0.09936798]
 [0.79230064 0.17458114 0.03311822]
 [0.11934096 0.6118234  0.26883566]]
probabilities: [[0.49569228 0.46427962 0.04002809]
 [0.66054267 0.13445993 0.20499742]
 [0.27125272 0.53196913 0.19677815]
 [0.44941637 0.14084882 0.40973482]
 [0.13178426 0.81612766 0.05208807]]
probabilities: [[0.12842837 0.46777245 0.40379918]
 [0.50262064 0.31810066 0.17927869]
 [0.06743492 0.00599939 0.9265657 ]
 [0.30087388 0.14141923 0.5577069 ]
 [0.36590973 0.5654005  0.06868983]]
probabilities: [[0.24008091 0.6361283  0.12379081]
 [0.8073878  0.05569468 0.13691747]
 [0.4453252  0.34544912 0.2092257 ]
 [0.62416303 0.28708324 0.08875371]
 [0.12618291 0.08040699 0.79341006]]
probabilities: [[0.8298358  0.16477004 0.00539423]
 [0.27608705 0.17499243 0.5489205 ]
 [0.21200405 0.26990235 0.5180936 ]
 [0.4052583  0.18201093 0.41273075]
 [0.35777736 0.09122    0.5510027 ]]
probabilities: [[0. 0. 1.]
 [0. 1. 0.]
 [0. 0. 1.]
 [0. 0. 1.]
 [0. 0. 1.]]
probabilities: [[0.549243   0.13096717 0.31978983]
 [0.52269846 0.38014644 0.09715507]
 [0.07385745 0.24439117 0.6817514 ]
 [0.05527273 0.5721799  0.37254736]
 [0.46122    0.22355722 0.3152228 ]]
probabilities: [[0.12051538 0.12810892 0.7513757 ]
 [0.3864177  0.18986465 0.42371765]
 [0.3480608  0.17341883 0.4785204 ]
 [0.10552104 0.12700225 0.7674767 ]
 [0.4561543  0.45359245 0.09025327]]
probabilities: [[0.5590722  0.42732805 0.01359978]
 [0.12436929 0.17097224 0.70465845]
 [0.9295074  0.02947944 0.04101316]
 [0.22909196 0.63854134 0.1323667 ]
 [0.25382698 0.734087   0.01208603]]
probabilities: [[0.3366034  0.1643412  0.4990554 ]
 [0.5805402  0.12894318 0.29051664]
 [0.29418603 0.2325773  0.47323668]
 [0.8851146  0.05771664 0.05716877]
 [0.1301291  0.4588608  0.4110101 ]]
probabilities: [[0.05998476 0.3075691  0.63244617]
 [0.27768672 0.12251613 0.5997972 ]
 [0.5352828  0.3298178  0.13489941]
 [0.00570623 0.8320889  0.16220489]
 [0.05260567 0.3095159  0.6378785 ]]
probabilities: [[0. 1. 0.]
 [0. 1. 0.]
 [0. 1. 0.]
 [0. 1. 0.]
 [0. 1. 0.]]
probabilities: [[0.05217485 0.17263725 0.7751879 ]
 [0.87724364 0.03405657 0.0886998 ]
 [0.05304037 0.8374426  0.10951708]
 [0.06667338 0.38118988 0.5521367 ]
 [0.1183693  0.02578836 0.85584235]]
probabilities: [[0.26878703 0.3413317  0.38988128]
 [0.6980936  0.14682426 0.15508214]
 [0.39199668 0.19033448 0.41766882]
 [0.12950306 0.6265739  0.24392305]
 [0.4831284  0.06697451 0.44989708]]
probabilities: [[0.41661096 0.1019613  0.48142773]
 [0.26240328 0.62383825 0.11375848]
 [0.13354872 0.07729898 0.7891523 ]
 [0.3250221  0.24261165 0.43236625]
 [0.32451633 0.21238841 0.46309528]]
probabilities: [[0.11354056 0.5722451  0.3142143 ]
 [0.3296476  0.32058212 0.34977028]
 [0.16690888 0.5729271  0.260164  ]
 [0.3549389  0.34376162 0.30129948]
 [0.6086201  0.03959952 0.35178035]]
probabilities: [[0.6976415  0.07927804 0.22308046]
 [0.6703379  0.14609802 0.18356405]
 [0.43050197 0.43665552 0.13284251]
 [0.34868136 0.1063528  0.54496586]
 [0.1676987  0.04834558 0.7839557 ]]
probabilities: [[0. 1. 0.]
 [0. 1. 0.]
 [0. 1. 0.]
 [0. 1. 0.]
 [0. 1. 0.]]
probabilities: [[0.5538167  0.10960767 0.33657566]
 [0.52063537 0.327067   0.15229765]
 [0.31213605 0.67928886 0.00857508]
 [0.25933006 0.7395755  0.00109443]
 [0.49051788 0.03691724 0.47256488]]
probabilities: [[0.41313043 0.03343684 0.55343276]
 [0.46045128 0.04045111 0.49909762]
 [0.8784632  0.05564373 0.06589307]
 [0.31266233 0.3562459  0.33109173]
 [0.1618777  0.26149598 0.5766263 ]]
probabilities: [[0.252583   0.39405918 0.35335782]
 [0.0529951  0.29182738 0.65517753]
 [0.12947462 0.77346784 0.09705755]
 [0.02703769 0.34203127 0.630931  ]
 [0.00437611 0.53130686 0.46431702]]
probabilities: [[0.72536886 0.08605585 0.18857531]
 [0.36547735 0.00399928 0.6305234 ]
 [0.57462925 0.270232   0.15513879]
 [0.8093706  0.02328727 0.16734213]
 [0.46806175 0.26918474 0.26275352]]
probabilities: [[0.6725505  0.07598561 0.25146392]
 [0.5626536  0.0939079  0.34343848]
 [0.34265116 0.29398218 0.36336663]
 [0.7297313  0.24099714 0.02927156]
 [0.11719918 0.34385234 0.5389485 ]]
probabilities: [[0. 0. 1.]
 [0. 1. 0.]
 [0. 1. 0.]
 [0. 0. 1.]
 [0. 0. 1.]]
probabilities: [[0.47089863 0.24060422 0.28849715]
 [0.0397566  0.65680474 0.30343863]
 [0.16417025 0.67857116 0.15725861]
 [0.23607202 0.75051993 0.01340802]
 [0.13740961 0.76233345 0.10025694]]
probabilities: [[0.08258677 0.778734   0.1386792 ]
 [0.65348434 0.08278026 0.2637354 ]
 [0.38560194 0.5481582  0.06623986]
 [0.53436345 0.2208796  0.24475695]
 [0.1848904  0.66871715 0.14639248]]
probabilities: [[0.37844464 0.6097273  0.01182805]
 [0.64501816 0.3007415  0.05424033]
 [0.4472694  0.21708648 0.33564413]
 [0.26580626 0.7034463  0.0307474 ]
 [0.02246088 0.7130666  0.26447257]]
probabilities: [[0.2205336  0.7698848  0.00958158]
 [0.1617187  0.30460605 0.53367525]
 [0.1121918  0.5269793  0.3608289 ]
 [0.8103676  0.13295391 0.05667848]
 [0.22345874 0.05057309 0.7259682 ]]
probabilities: [[0.9053237  0.03357683 0.0610995 ]
 [0.6682649  0.22204499 0.10969006]
 [0.18117815 0.0722864  0.7465354 ]
 [0.39304996 0.35560122 0.25134882]
 [0.11780483 0.69552034 0.18667486]]
probabilities: [[0. 0. 1.]
 [0. 1. 0.]
 [0. 0. 1.]
 [0. 0. 1.]
 [0. 0. 1.]]
probabilities: [[0.05821444 0.27007845 0.6717071 ]
 [0.8429243  0.12912817 0.02794756]
 [0.5299459  0.07514621 0.39490786]
 [0.00586091 0.3633025  0.6308366 ]
 [0.36126998 0.10946875 0.5292613 ]]
probabilities: [[0.11066907 0.5313984  0.35793254]
 [0.35699293 0.4448997  0.19810735]
 [0.2162754  0.36977354 0.41395107]
 [0.05827104 0.75517094 0.186558  ]
 [0.04093781 0.74190664 0.21715552]]
probabilities: [[0.1757138  0.75945175 0.06483446]
 [0.00097854 0.3338593  0.66516215]
 [0.03501141 0.5290936  0.43589497]
 [0.12364623 0.6904869  0.18586688]
 [0.2833011  0.01349859 0.70320034]]
probabilities: [[0.4039536  0.10854229 0.4875041 ]
 [0.436301   0.34269825 0.22100078]
 [0.715149   0.09191629 0.1929347 ]
 [0.617309   0.06452179 0.3181692 ]
 [0.619099   0.14655203 0.23434894]]
probabilities: [[0.30738086 0.6412322  0.05138697]
 [0.11466371 0.67950225 0.20583403]
 [0.3358528  0.6509751  0.01317213]
 [0.20499957 0.30928296 0.48571748]
 [0.59586805 0.03678251 0.36734942]]
probabilities: [[0. 0. 1.]
 [0. 1. 0.]
 [0. 1. 0.]
 [0. 0. 1.]
 [0. 0. 1.]]
probabilities: [[0.06920313 0.7429121  0.18788478]
 [0.28854728 0.11310322 0.5983495 ]
 [0.0452612  0.55312103 0.40161777]
 [0.73047817 0.15319744 0.11632437]
 [0.08519739 0.11342958 0.801373  ]]
probabilities: [[0.40913546 0.00142487 0.5894397 ]
 [0.08129242 0.306527   0.6121806 ]
 [0.33996946 0.3213539  0.33867663]
 [0.33250415 0.16985425 0.4976416 ]
 [0.70330155 0.1257452  0.17095327]]
probabilities: [[0.44876817 0.29710823 0.2541236 ]
 [0.92157644 0.07479398 0.0036296 ]
 [0.14002524 0.3809682  0.47900653]
 [0.37317482 0.23060767 0.39621753]
 [0.21100998 0.17952196 0.60946804]]
probabilities: [[0.2594329  0.04959186 0.69097525]
 [0.7718681  0.18258443 0.04554746]
 [0.5036748  0.43010193 0.06622324]
 [0.04013184 0.94110143 0.0187667 ]
 [0.09386128 0.7493224  0.1568163 ]]
probabilities: [[0.06633554 0.25834915 0.6753153 ]
 [0.4712561  0.41616586 0.11257803]
 [0.02822806 0.10384991 0.867922  ]
 [0.4238103  0.30473945 0.27145025]
 [0.48392782 0.47020704 0.04586516]]
probabilities: [[0. 0. 1.]
 [0. 1. 0.]
 [0. 1. 0.]
 [0. 0. 1.]
 [0. 0. 1.]]
probabilities: [[8.00937414e-01 1.84064656e-01 1.49979517e-02]
 [3.38084906e-01 5.37079573e-01 1.24835536e-01]
 [8.60934332e-02 5.74924707e-01 3.38981897e-01]
 [6.92477897e-02 7.91458547e-01 1.39293641e-01]
 [6.97910190e-01 3.01636219e-01 4.53589048e-04]]
probabilities: [[0.68423885 0.03642884 0.27933234]
 [0.38596728 0.06097156 0.5530612 ]
 [0.82540166 0.03028668 0.14431167]
 [0.6195226  0.07501578 0.30546165]
 [0.77193016 0.04319043 0.18487938]]
probabilities: [[0.34149995 0.42817223 0.23032783]
 [0.09723424 0.47514614 0.4276196 ]
 [0.5351099  0.04091659 0.42397353]
 [0.38951477 0.07473995 0.5357453 ]
 [0.04703707 0.83448243 0.11848051]]
probabilities: [[0.5027466  0.30768913 0.18956432]
 [0.01853216 0.26694524 0.7145226 ]
 [0.07259946 0.7613418  0.16605872]
 [0.00823611 0.31406403 0.67769986]
 [0.20710072 0.44633096 0.34656832]]
probabilities: [[0.64342695 0.00284567 0.35372737]
 [0.05491773 0.6967814  0.24830087]
 [0.2526275  0.6574073  0.0899652 ]
 [0.3554613  0.3149679  0.32957077]
 [0.5114139  0.11951387 0.3690723 ]]
probabilities: [[0. 0. 1.]
 [0. 1. 0.]
 [0. 0. 1.]
 [0. 0. 1.]
 [0. 0. 1.]]
probabilities: [[0.6771769  0.17667627 0.14614683]
 [0.43032694 0.30912143 0.26055163]
 [0.30672356 0.41500878 0.27826768]
 [0.05937628 0.0182457  0.922378  ]
 [0.05915553 0.53432345 0.40652102]]
probabilities: [[0.31509447 0.24854101 0.43636453]
 [0.03533424 0.5828813  0.3817845 ]
 [0.10927901 0.36756465 0.52315634]
 [0.37458274 0.2961163  0.32930097]
 [0.35678828 0.52401656 0.11919519]]
probabilities: [[0.34224904 0.06254338 0.5952076 ]
 [0.1849196  0.14634356 0.6687369 ]
 [0.02806219 0.21613953 0.7557983 ]
 [0.8096312  0.05576894 0.13459986]
 [0.01324205 0.5576151  0.42914283]]
probabilities: [[0.08516103 0.38863122 0.52620775]
 [0.07243629 0.04341554 0.8841482 ]
 [0.1404988  0.6504694  0.20903179]
 [0.33895132 0.07974555 0.5813031 ]
 [0.4250892  0.06402583 0.51088494]]
probabilities: [[0.56433386 0.2485779  0.18708827]
 [0.21701324 0.43384475 0.349142  ]
 [0.22432023 0.5851683  0.19051147]
 [0.35416397 0.22389282 0.42194322]
 [0.27032223 0.20246801 0.52720976]]
probabilities: [[0. 0. 1.]
 [0. 1. 0.]
 [0. 1. 0.]
 [0. 0. 1.]
 [0. 0. 1.]]
probabilities: [[0.492832   0.27376094 0.23340707]
 [0.21396987 0.76596266 0.02006746]
 [0.4878997  0.3840687  0.12803163]
 [0.4904131  0.1914114  0.3181755 ]
 [0.39878783 0.02583241 0.5753797 ]]
probabilities: [[0.10166606 0.51856345 0.3797705 ]
 [0.44715986 0.5372841  0.01555606]
 [0.18508472 0.21464278 0.6002725 ]
 [0.3981309  0.11857718 0.48329192]
 [0.10007871 0.520176   0.3797453 ]]
probabilities: [[0.35116202 0.54496455 0.10387342]
 [0.67525595 0.291493   0.03325105]
 [0.06588632 0.15171807 0.7823956 ]
 [0.30807725 0.5788047  0.11311811]
 [0.3106447  0.44271803 0.24663727]]
probabilities: [[0.69221425 0.11267887 0.19510688]
 [0.4082123  0.46292752 0.12886018]
 [0.52263767 0.27965462 0.19770773]
 [0.11559813 0.83530825 0.04909363]
 [0.5920512  0.36462155 0.04332724]]
probabilities: [[0.06074516 0.48151973 0.4577351 ]
 [0.31954452 0.6517465  0.02870894]
 [0.24491861 0.4981922  0.2568892 ]
 [0.2589642  0.5237875  0.2172483 ]
 [0.18378817 0.5822912  0.23392065]]
probabilities: [[0. 0. 1.]
 [0. 1. 0.]
 [0. 1. 0.]
 [0. 0. 1.]
 [0. 0. 1.]]
probabilities: [[0.55608714 0.42854393 0.01536892]
 [0.40266535 0.5593175  0.03801711]
 [0.14195128 0.2418193  0.6162294 ]
 [0.8452398  0.02981393 0.12494624]
 [0.20705314 0.33903882 0.45390803]]
probabilities: [[0.46111712 0.09340758 0.4454753 ]
 [0.7100018  0.00305194 0.28694624]
 [0.32450783 0.5609841  0.11450811]
 [0.37770748 0.53893113 0.08336139]
 [0.8115028  0.09654859 0.09194861]]
probabilities: [[0.667438   0.2096773  0.12288473]
 [0.46308973 0.2660464  0.27086383]
 [0.10802931 0.46732956 0.42464113]
 [0.42153212 0.0910723  0.48739558]
 [0.28674683 0.6702468  0.0430064 ]]
probabilities: [[0.19648482 0.5788105  0.22470465]
 [0.01829624 0.22011656 0.7615872 ]
 [0.18645172 0.16551895 0.6480293 ]
 [0.31055441 0.1259751  0.5634705 ]
 [0.38329214 0.24612348 0.37058437]]
probabilities: [[0.6267799  0.06069812 0.31252196]
 [0.23824    0.11365872 0.6481013 ]
 [0.2963276  0.4460303  0.25764212]
 [0.07644302 0.27269956 0.65085745]
 [0.01091808 0.04079592 0.948286  ]]
probabilities: [[0. 1. 0.]
 [0. 1. 0.]
 [0. 1. 0.]
 [0. 1. 0.]
 [0. 1. 0.]]
probabilities: [[0.3734874  0.36594462 0.26056796]
 [0.4914846  0.27889964 0.22961576]
 [0.10515783 0.87913775 0.01570441]
 [0.45128724 0.222735   0.32597777]
 [0.37843066 0.5130921  0.10847721]]
probabilities: [[0.43816698 0.310773   0.25106004]
 [0.27375123 0.38783017 0.3384186 ]
 [0.260179   0.35305023 0.38677076]
 [0.25061706 0.7058325  0.04355046]
 [0.6557746  0.2884976  0.05572779]]
probabilities: [[0.20014837 0.6151094  0.18474223]
 [0.33885443 0.090345   0.57080054]
 [0.26655135 0.6663989  0.06704979]
 [0.1960773  0.10028797 0.70363474]
 [0.04221176 0.8975086  0.06027961]]
probabilities: [[0.55815643 0.08249316 0.35935038]
 [0.10276175 0.6929989  0.20423935]
 [0.5391251  0.20676018 0.25411472]
 [0.52746713 0.18833551 0.28419736]
 [0.8193378  0.06317709 0.11748514]]
probabilities: [[0.07650859 0.5261285  0.39736292]
 [0.6056969  0.00315072 0.39115232]
 [0.32980353 0.23532973 0.43486676]
 [0.06023257 0.5838192  0.35594824]
 [0.10684066 0.27103436 0.62212497]]
probabilities: [[1. 0. 0.]
 [1. 0. 0.]
 [1. 0. 0.]
 [1. 0. 0.]
 [1. 0. 0.]]
probabilities: [[0.15499593 0.37625983 0.46874425]
 [0.29372352 0.18867883 0.5175976 ]
 [0.4421233  0.29112232 0.2667544 ]
 [0.6431413  0.19013153 0.16672714]
 [0.65668726 0.22296913 0.12034363]]
probabilities: [[0.14795256 0.77312434 0.0789231 ]
 [0.4533885  0.3380284  0.2085831 ]
 [0.556042   0.10900538 0.3349526 ]
 [0.18848605 0.5771559  0.23435807]
 [0.09197572 0.14670488 0.7613194 ]]
probabilities: [[0.11415591 0.44726744 0.43857664]
 [0.00722345 0.9296472  0.06312935]
 [0.6120156  0.07685189 0.3111325 ]
 [0.14994952 0.11871675 0.73133373]
 [0.44658762 0.02167789 0.53173447]]
probabilities: [[0.9182813  0.03251386 0.04920484]
 [0.28529966 0.217052   0.49764836]
 [0.24312575 0.32964534 0.42722893]
 [0.250884   0.18900628 0.56010973]
 [0.40625632 0.12124339 0.4725003 ]]
probabilities: [[0.10231413 0.22514607 0.6725398 ]
 [0.20457993 0.72753036 0.06788972]
 [0.43219772 0.09528597 0.47251633]
 [0.08562133 0.61850643 0.29587227]
 [0.2141917  0.22318423 0.56262404]]
probabilities: [[1. 0. 0.]
 [1. 0. 0.]
 [1. 0. 0.]
 [1. 0. 0.]
 [1. 0. 0.]]
probabilities: [[8.1143305e-02 5.0590199e-01 4.1295469e-01]
 [9.4106153e-02 3.5658544e-01 5.4930842e-01]
 [3.1421548e-01 1.6106269e-01 5.2472186e-01]
 [3.5834885e-01 1.8975597e-04 6.4146137e-01]
 [7.9633009e-01 8.5977979e-02 1.1769194e-01]]
probabilities: [[0.04106146 0.29306337 0.6658752 ]
 [0.8505499  0.01112354 0.13832657]
 [0.02078605 0.646391   0.33282298]
 [0.52273506 0.0382819  0.43898305]
 [0.47757852 0.5025259  0.01989556]]
probabilities: [[0.06680881 0.59306115 0.34013006]
 [0.63004494 0.05485654 0.31509852]
 [0.08977241 0.85350746 0.05672014]
 [0.21390751 0.6312551  0.15483741]
 [0.04121933 0.8602498  0.09853088]]
probabilities: [[0.11320172 0.16030474 0.72649354]
 [0.5439193  0.41154996 0.04453068]
 [0.9191907  0.04107435 0.03973494]
 [0.37385568 0.4036053  0.22253901]
 [0.25539988 0.06042961 0.6841705 ]]
probabilities: [[0.19822603 0.48505485 0.3167191 ]
 [0.26364714 0.48269382 0.25365907]
 [0.20172045 0.76253    0.03574953]
 [0.36570472 0.25420752 0.38008773]
 [0.46343607 0.29200262 0.2445613 ]]
probabilities: [[0. 0. 1.]
 [0. 1. 0.]
 [0. 0. 1.]
 [0. 0. 1.]
 [0. 0. 1.]]
probabilities: [[0.04247072 0.56936234 0.38816693]
 [0.55568135 0.18607244 0.25824624]
 [0.04531925 0.83026654 0.12441422]
 [0.59523374 0.37182885 0.03293738]
 [0.73348707 0.1700457  0.09646725]]
probabilities: [[0.6304328  0.3285398  0.04102741]
 [0.12341321 0.07036178 0.806225  ]
 [0.39210045 0.476926   0.13097355]
 [0.3292888  0.2378226  0.4328886 ]
 [0.520405   0.4516682  0.0279268 ]]
probabilities: [[0.22279125 0.01782675 0.759382  ]
 [0.56926954 0.40838325 0.02234723]
 [0.88722587 0.09478002 0.01799409]
 [0.16394688 0.40667513 0.429378  ]
 [0.42256698 0.15342815 0.42400485]]
probabilities: [[0.37572104 0.1832646  0.44101435]
 [0.23777835 0.37352052 0.3887011 ]
 [0.06941591 0.5194141  0.41116995]
 [0.21691772 0.17702882 0.6060535 ]
 [0.8170623  0.15395427 0.02898343]]
probabilities: [[0.90953755 0.06383607 0.02662636]
 [0.25573206 0.6413896  0.10287832]
 [0.20172289 0.5227271  0.27555007]
 [0.22953297 0.05675488 0.71371216]
 [0.39168292 0.48483783 0.12347926]]
probabilities: [[0. 0. 1.]
 [0. 1. 0.]
 [0. 0. 1.]
 [0. 0. 1.]
 [0. 0. 1.]]
probabilities: [[0.20305777 0.4446726  0.3522696 ]
 [0.2095848  0.12557556 0.6648396 ]
 [0.6342544  0.303353   0.06239257]
 [0.5050978  0.32028037 0.17462184]
 [0.29114807 0.51171166 0.19714029]]
probabilities: [[0.38018855 0.28167227 0.33813918]
 [0.0069938  0.04248593 0.9505203 ]
 [0.4108494  0.50277174 0.08637887]
 [0.43623513 0.09502612 0.46873876]
 [0.25355068 0.17991802 0.5665313 ]]
probabilities: [[0.52190757 0.02090878 0.45718363]
 [0.26474813 0.36707443 0.36817744]
 [0.5214467  0.23345242 0.24510087]
 [0.05707498 0.11499803 0.827927  ]
 [0.01013597 0.67232364 0.31754038]]
probabilities: [[0.1891288  0.5123391  0.2985321 ]
 [0.51350266 0.0100424  0.47645497]
 [0.6672705  0.00979359 0.32293597]
 [0.08916977 0.2332437  0.67758656]
 [0.4180581  0.03169594 0.550246  ]]
probabilities: [[0.17432348 0.49615645 0.32952008]
 [0.09787691 0.09979387 0.80232924]
 [0.2871732  0.26268154 0.45014524]
 [0.22403674 0.3130839  0.4628794 ]
 [0.01897236 0.10738093 0.8736467 ]]
probabilities: [[0. 1. 0.]
 [0. 1. 0.]
 [0. 1. 0.]
 [0. 1. 0.]
 [0. 1. 0.]]
probabilities: [[0.0337224  0.17875673 0.7875209 ]
 [0.01452665 0.4825289  0.50294447]
 [0.62125593 0.24039201 0.13835207]
 [0.15276115 0.33471027 0.5125286 ]
 [0.01105798 0.3160351  0.67290694]]
probabilities: [[0.20592871 0.67502373 0.11904755]
 [0.06555802 0.5347065  0.3997355 ]
 [0.25385666 0.25850627 0.48763707]
 [0.7934015  0.10298234 0.10361621]
 [0.5858415  0.19815215 0.21600638]]
probabilities: [[0.6406073  0.16374323 0.19564946]
 [0.07362868 0.67052805 0.25584328]
 [0.05117488 0.02754723 0.9212779 ]
 [0.3679986  0.23754805 0.39445335]
 [0.07007456 0.1335106  0.79641485]]
probabilities: [[0.42945427 0.38373938 0.18680634]
 [0.30116284 0.6555564  0.04328079]
 [0.11723415 0.5908212  0.29194465]
 [0.09724861 0.33833742 0.56441396]
 [0.47617587 0.38083225 0.14299187]]
probabilities: [[0.2900659  0.53465766 0.17527643]
 [0.5573164  0.34073293 0.10195065]
 [0.47219554 0.3528437  0.17496078]
 [0.3031503  0.416601   0.28024873]
 [0.31290984 0.21464974 0.47244042]]
probabilities: [[1. 0. 0.]
 [1. 0. 0.]
 [1. 0. 0.]
 [1. 0. 0.]
 [1. 0. 0.]]
probabilities: [[0.27067307 0.1139546  0.61537236]
 [0.457819   0.22603682 0.31614417]
 [0.48850638 0.11679187 0.39470175]
 [0.40773228 0.11888805 0.47337967]
 [0.10507429 0.69156915 0.20335653]]
probabilities: [[0.6933181  0.18714647 0.11953542]
 [0.21251865 0.6158901  0.17159124]
 [0.26918125 0.39666754 0.3341512 ]
 [0.49060398 0.10597027 0.40342575]
 [0.5205694  0.06393248 0.41549814]]
probabilities: [[0.30298558 0.53551763 0.1614968 ]
 [0.50427943 0.48603243 0.00968816]
 [0.18957058 0.07871865 0.7317108 ]
 [0.13952766 0.44508928 0.41538304]
 [0.42082393 0.24479379 0.33438227]]
probabilities: [[0.22774325 0.24251913 0.52973765]
 [0.03840581 0.71607494 0.24551928]
 [0.12939936 0.6996214  0.17097926]
 [0.48952547 0.3679471  0.14252745]
 [0.2201085  0.07993381 0.69995767]]
probabilities: [[0.03245404 0.05640606 0.9111399 ]
 [0.02868976 0.04735833 0.9239519 ]
 [0.3559326  0.36766577 0.27640164]
 [0.5307267  0.12693319 0.34234014]
 [0.23570572 0.07677552 0.6875188 ]]
probabilities: [[0. 1. 0.]
 [0. 1. 0.]
 [0. 1. 0.]
 [0. 1. 0.]
 [0. 1. 0.]]
probabilities: [[0.03282375 0.6379297  0.3292466 ]
 [0.14158593 0.8294911  0.028923  ]
 [0.0803633  0.44004264 0.47959405]
 [0.32273117 0.13379833 0.5434705 ]
 [0.36922517 0.1915773  0.4391975 ]]
probabilities: [[0.46600652 0.2540969  0.2798966 ]
 [0.39273828 0.48319697 0.12406474]
 [0.09670635 0.88754183 0.01575182]
 [0.27080593 0.60356474 0.12562935]
 [0.1323453  0.1891127  0.678542  ]]
probabilities: [[0.91440934 0.0179115  0.06767914]
 [0.35006624 0.27642247 0.3735113 ]
 [0.15039083 0.4982337  0.35137546]
 [0.06701243 0.45684627 0.4761413 ]
 [0.80739224 0.14562991 0.04697783]]
probabilities: [[0.34616578 0.5495213  0.10431288]
 [0.20388582 0.4802598  0.31585437]
 [0.22643772 0.6441893  0.12937295]
 [0.4221858  0.14206685 0.43574733]
 [0.8356772  0.08788525 0.07643754]]
probabilities: [[0.26662722 0.29541743 0.43795535]
 [0.35716787 0.2885474  0.35428473]
 [0.507502   0.36541027 0.12708774]
 [0.53522444 0.11218723 0.35258833]
 [0.2452729  0.4009959  0.3537312 ]]
probabilities: [[0. 0. 1.]
 [0. 1. 0.]
 [0. 0. 1.]
 [0. 0. 1.]
 [0. 0. 1.]]
probabilities: [[0.6101843  0.3047267  0.08508903]
 [0.09713569 0.7501394  0.15272489]
 [0.07588692 0.5113934  0.41271964]
 [0.8491859  0.14240205 0.00841207]
 [0.47456396 0.51177603 0.01366003]]
probabilities: [[0.08431558 0.4444653  0.47121912]
 [0.3394971  0.5968947  0.0636082 ]
 [0.3792813  0.32530236 0.2954163 ]
 [0.27657646 0.55484647 0.16857709]
 [0.33977345 0.33662486 0.3236017 ]]
probabilities: [[0.4650451  0.00094794 0.53400695]
 [0.7790596  0.20048894 0.0204515 ]
 [0.06477401 0.8197856  0.1154404 ]
 [0.3774304  0.40896383 0.21360576]
 [0.6000673  0.19875218 0.20118052]]
probabilities: [[0.63048595 0.04317583 0.32633823]
 [0.14243321 0.2867718  0.570795  ]
 [0.02178832 0.29110727 0.6871044 ]
 [0.28845724 0.5426569  0.16888589]
 [0.43368238 0.2869709  0.27934673]]
probabilities: [[0.3540909  0.6045436  0.04136548]
 [0.4072402  0.47624433 0.11651544]
 [0.6182452  0.17376098 0.20799382]
 [0.7990963  0.19366921 0.00723447]
 [0.38964483 0.04604962 0.56430554]]
probabilities: [[0. 1. 0.]
 [0. 1. 0.]
 [0. 1. 0.]
 [0. 1. 0.]
 [0. 1. 0.]]
probabilities: [[0.2734254  0.47811684 0.24845777]
 [0.98271704 0.00302366 0.01425928]
 [0.13519868 0.21882571 0.6459756 ]
 [0.5326     0.1754582  0.29194185]
 [0.68177664 0.09976113 0.21846223]]
probabilities: [[0.31144416 0.18085845 0.50769734]
 [0.1979908  0.7671496  0.03485957]
 [0.40211913 0.32412422 0.27375668]
 [0.3955167  0.03565384 0.5688295 ]
 [0.82716584 0.15433286 0.01850129]]
probabilities: [[0.3934128  0.20400755 0.40257964]
 [0.3322464  0.641066   0.02668759]
 [0.69821763 0.1563193  0.14546308]
 [0.85025716 0.1336931  0.01604976]
 [0.5809538  0.3387259  0.08032032]]
probabilities: [[0.20751116 0.25403464 0.53845423]
 [0.47226793 0.1004836  0.42724848]
 [0.4380107  0.50455415 0.05743514]
 [0.1159503  0.767182   0.11686769]
 [0.36034468 0.4292923  0.21036302]]
probabilities: [[0.2826934  0.55728203 0.16002457]
 [0.11440516 0.15443754 0.7311573 ]
 [0.410128   0.34138355 0.24848847]
 [0.40863162 0.22313023 0.36823815]
 [0.63331556 0.3131306  0.05355384]]
probabilities: [[0. 1. 0.]
 [0. 1. 0.]
 [0. 1. 0.]
 [0. 1. 0.]
 [0. 1. 0.]]
probabilities: [[0.18027052 0.5611374  0.2585921 ]
 [0.07080325 0.28597555 0.6432212 ]
 [0.5063042  0.20095354 0.29274222]
 [0.07558464 0.47741136 0.44700402]
 [0.36245215 0.23881899 0.39872885]]
probabilities: [[0.27846867 0.15776013 0.5637712 ]
 [0.3277351  0.44557315 0.22669177]
 [0.5219868  0.40083683 0.0771764 ]
 [0.24869679 0.60052145 0.15078178]
 [0.02063378 0.5736662  0.4057    ]]
probabilities: [[0.5259756  0.05600771 0.4180167 ]
 [0.24175484 0.36608756 0.39215758]
 [0.38421443 0.52834255 0.087443  ]
 [0.20359595 0.6505756  0.14582846]
 [0.593568   0.03188259 0.37454936]]
probabilities: [[0.14014405 0.73324484 0.12661113]
 [0.81401163 0.0731755  0.11281287]
 [0.32019255 0.54333574 0.13647172]
 [0.72703785 0.1464694  0.12649278]
 [0.8764774  0.0648867  0.05863588]]
probabilities: [[0.4981935  0.14730671 0.3544998 ]
 [0.6596737  0.30241534 0.03791096]
 [0.15237418 0.24692295 0.6007029 ]
 [0.5913441  0.23347622 0.17517966]
 [0.13511817 0.5255575  0.3393243 ]]
probabilities: [[0. 0. 1.]
 [0. 1. 0.]
 [0. 1. 0.]
 [0. 0. 1.]
 [0. 0. 1.]]
probabilities: [[0.60488105 0.2746607  0.12045826]
 [0.29406106 0.05962538 0.64631355]
 [0.10119513 0.8928849  0.00591999]
 [0.23001616 0.25003412 0.51994973]
 [0.23836271 0.06833855 0.69329876]]
probabilities: [[0.6369484  0.16843323 0.19461836]
 [0.5174537  0.0038995  0.4786468 ]
 [0.7097667  0.23391753 0.0563158 ]
 [0.321289   0.5114456  0.16726542]
 [0.2502156  0.5779639  0.17182052]]
probabilities: [[0.3697933  0.52284    0.10736667]
 [0.17838825 0.56458986 0.2570219 ]
 [0.23797664 0.1367301  0.62529325]
 [0.24759127 0.13283372 0.619575  ]
 [0.8379043  0.0668956  0.09520011]]
probabilities: [[0.27006093 0.6477304  0.0822087 ]
 [0.22393833 0.49425957 0.2818021 ]
 [0.6326867  0.17045207 0.19686125]
 [0.2740352  0.5355098  0.19045499]
 [0.2135186  0.23232111 0.5541603 ]]
probabilities: [[0.26295945 0.3886393  0.34840125]
 [0.11479374 0.09137917 0.7938271 ]
 [0.1367733  0.7463607  0.11686597]
 [0.5365579  0.03266582 0.4307763 ]
 [0.4023828  0.3788853  0.21873188]]
probabilities: [[1. 0. 0.]
 [1. 0. 0.]
 [1. 0. 0.]
 [1. 0. 0.]
 [1. 0. 0.]]
probabilities: [[0.77227104 0.01255662 0.21517235]
 [0.17031348 0.3988962  0.43079033]
 [0.14216697 0.27660096 0.5812321 ]
 [0.27574056 0.52657056 0.19768889]
 [0.17394328 0.13238847 0.69366825]]
probabilities: [[0.3425139  0.18971612 0.46776998]
 [0.41825798 0.14698489 0.4347571 ]
 [0.00771375 0.7680046  0.22428162]
 [0.68298    0.22088583 0.09613416]
 [0.23170042 0.5251928  0.24310678]]
probabilities: [[0.04777014 0.19735466 0.7548752 ]
 [0.10229999 0.34482902 0.552871  ]
 [0.426038   0.42570665 0.14825535]
 [0.14491943 0.711402   0.14367858]
 [0.4149133  0.3133586  0.2717281 ]]
probabilities: [[0.45811656 0.4429778  0.09890564]
 [0.0888549  0.06295599 0.8481891 ]
 [0.64670146 0.25868797 0.09461056]
 [0.28703824 0.5708638  0.14209795]
 [0.78903055 0.19927038 0.01169903]]
probabilities: [[0.16924955 0.6542964  0.17645404]
 [0.11323086 0.8446142  0.04215492]
 [0.23915309 0.24472366 0.51612324]
 [0.3739033  0.42942128 0.19667543]
 [0.6296061  0.07154342 0.29885048]]
probabilities: [[0. 0. 1.]
 [0. 1. 0.]
 [0. 1. 0.]
 [0. 0. 1.]
 [0. 0. 1.]]
probabilities: [[0.07355465 0.398695   0.5277504 ]
 [0.16837949 0.17448293 0.6571376 ]
 [0.0916924  0.7743561  0.13395147]
 [0.04810178 0.70304406 0.24885413]
 [0.1703752  0.4562146  0.3734102 ]]
probabilities: [[0.05392475 0.3100938  0.63598144]
 [0.09359556 0.2552913  0.65111315]
 [0.550061   0.29276723 0.15717176]
 [0.54367024 0.16980247 0.28652728]
 [0.43036714 0.40854123 0.16109163]]
probabilities: [[0.12196436 0.4072143  0.47082132]
 [0.05203765 0.3790232  0.56893915]
 [0.15911002 0.5000364  0.34085354]
 [0.2730519  0.22521998 0.5017281 ]
 [0.07288875 0.10789458 0.81921667]]
probabilities: [[0.30004    0.09051578 0.6094442 ]
 [0.20658477 0.59682995 0.19658525]
 [0.24535005 0.7384909  0.0161591 ]
 [0.04870897 0.62271297 0.32857808]
 [0.16641402 0.6430087  0.19057727]]
probabilities: [[0.2492124  0.67932814 0.07145948]
 [0.54991955 0.42732543 0.02275504]
 [0.06038417 0.2508755  0.6887403 ]
 [0.72605115 0.02392755 0.2500213 ]
 [0.6378818  0.12847993 0.23363826]]
probabilities: [[0. 1. 0.]
 [0. 1. 0.]
 [0. 1. 0.]
 [0. 1. 0.]
 [0. 1. 0.]]
probabilities: [[0.23426856 0.6872942  0.07843727]
 [0.0993509  0.13518727 0.7654618 ]
 [0.11502503 0.4372501  0.44772488]
 [0.07291979 0.867152   0.05992825]
 [0.2440542  0.43984246 0.31610334]]
probabilities: [[0.53039104 0.32367465 0.14593433]
 [0.46105146 0.4939672  0.04498135]
 [0.36941487 0.4057526  0.2248325 ]
 [0.28612855 0.05573395 0.6581375 ]
 [0.09999309 0.0452534  0.8547535 ]]
probabilities: [[0.5874115  0.1993281  0.21326037]
 [0.31380674 0.19485897 0.4913343 ]
 [0.34601575 0.0555305  0.59845376]
 [0.17673486 0.53619397 0.28707114]
 [0.04325781 0.2509334  0.70580876]]
probabilities: [[0.31340578 0.200173   0.48642123]
 [0.40286833 0.41475525 0.18237641]
 [0.76968044 0.2116494  0.01867017]
 [0.3959008  0.44748366 0.15661554]
 [0.2813311  0.11673009 0.60193884]]
probabilities: [[0.42073444 0.34405547 0.2352101 ]
 [0.04288631 0.01259586 0.94451785]
 [0.01618953 0.831291   0.15251948]
 [0.2179829  0.23372163 0.5482955 ]
 [0.21870288 0.27948415 0.501813  ]]
probabilities: [[0. 0. 1.]
 [0. 1. 0.]
 [0. 1. 0.]
 [0. 0. 1.]
 [0. 0. 1.]]
probabilities: [[0.5353492  0.03987192 0.42477888]
 [0.86995375 0.02397392 0.10607236]
 [0.22301288 0.42132068 0.35566646]
 [0.0692679  0.05672235 0.8740097 ]
 [0.6341641  0.0321871  0.3336488 ]]
probabilities: [[0.0113418  0.16510393 0.8235543 ]
 [0.9316816  0.03433333 0.03398509]
 [0.18640086 0.35793087 0.45566827]
 [0.00734748 0.53411204 0.4585405 ]
 [0.64415914 0.1513572  0.20448367]]
probabilities: [[0.04368451 0.6438485  0.312467  ]
 [0.33311707 0.34831265 0.3185703 ]
 [0.15952696 0.5821065  0.25836658]
 [0.22531445 0.7711137  0.00357185]
 [0.458246   0.22800833 0.31374568]]
probabilities: [[0.45330518 0.29101846 0.25567636]
 [0.5234531  0.06018514 0.41636175]
 [0.6823199  0.24418703 0.07349307]
 [0.02277081 0.8294933  0.14773588]
 [0.3596643  0.63186795 0.00846774]]
probabilities: [[0.26774848 0.40973866 0.3225129 ]
 [0.5310528  0.39936197 0.06958522]
 [0.64709413 0.30013767 0.05276821]
 [0.20560856 0.586467   0.20792441]
 [0.29110205 0.4344559  0.27444205]]
probabilities: [[0. 0. 1.]
 [0. 1. 0.]
 [0. 1. 0.]
 [0. 0. 1.]
 [0. 0. 1.]]
probabilities: [[0.47257224 0.20763268 0.31979507]
 [0.07185275 0.23480141 0.69334584]
 [0.11263409 0.64735353 0.24001239]
 [0.18324986 0.5369871  0.27976304]
 [0.4006319  0.1224689  0.47689918]]
probabilities: [[0.07708056 0.8798584  0.04306104]
 [0.07481769 0.34323764 0.58194464]
 [0.33276007 0.51636416 0.15087576]
 [0.3158331  0.04613106 0.63803583]
 [0.65617096 0.06526802 0.278561  ]]
probabilities: [[0.1939598  0.22628391 0.57975626]
 [0.26824567 0.13341457 0.5983398 ]
 [0.37122938 0.28422436 0.34454623]
 [0.6659982  0.33298433 0.00101744]
 [0.20149443 0.5997652  0.19874042]]
probabilities: [[0.8502206  0.06182006 0.08795933]
 [0.5337284  0.18990885 0.27636275]
 [0.22701809 0.7639158  0.00906612]
 [0.0325095  0.8672918  0.10019869]
 [0.65824264 0.25541574 0.08634165]]
probabilities: [[0.10914627 0.5976867  0.29316702]
 [0.04646797 0.8890144  0.06451759]
 [0.4942424  0.38617122 0.11958636]
 [0.16795515 0.24044132 0.5916035 ]
 [0.335089   0.47166997 0.19324104]]
probabilities: [[0. 0. 1.]
 [0. 1. 0.]
 [0. 0. 1.]
 [0. 0. 1.]
 [0. 0. 1.]]
probabilities: [[0.14004743 0.5458846  0.31406796]
 [0.03085436 0.8989206  0.07022502]
 [0.31146574 0.16100444 0.52752984]
 [0.63733435 0.14596285 0.21670282]
 [0.01152488 0.45493147 0.53354365]]
probabilities: [[0.20690168 0.67875725 0.11434109]
 [0.20007016 0.21969698 0.58023286]
 [0.3836235  0.5769342  0.03944228]
 [0.20413943 0.7390459  0.05681465]
 [0.62161833 0.16881998 0.20956168]]
probabilities: [[0.3091259  0.2913158  0.3995583 ]
 [0.6601802  0.02583216 0.31398764]
 [0.14965396 0.15757573 0.6927703 ]
 [0.05371388 0.20672032 0.7395658 ]
 [0.01872526 0.0689877  0.91228706]]
probabilities: [[0.20898946 0.05149334 0.7395172 ]
 [0.24001484 0.3031703  0.45681486]
 [0.06933201 0.472025   0.45864296]
 [0.59215695 0.17194556 0.23589751]
 [0.8644232  0.03449528 0.10108149]]
probabilities: [[0.08007717 0.06551169 0.8544111 ]
 [0.05152489 0.7653253  0.18314977]
 [0.44675452 0.2321571  0.3210884 ]
 [0.22340629 0.22202823 0.5545655 ]
 [0.03085862 0.04871914 0.92042226]]
probabilities: [[1. 0. 0.]
 [1. 0. 0.]
 [1. 0. 0.]
 [1. 0. 0.]
 [1. 0. 0.]]
probabilities: [[0.5354714  0.18864556 0.27588308]
 [0.25113523 0.7037178  0.04514694]
 [0.63697904 0.1914765  0.17154448]
 [0.16578008 0.5960284  0.23819155]
 [0.38168362 0.6076074  0.01070898]]
probabilities: [[0.5732827  0.26632324 0.16039406]
 [0.23262876 0.5406509  0.22672032]
 [0.05145047 0.51170313 0.4368464 ]
 [0.20722842 0.24130417 0.5514674 ]
 [0.20630796 0.0296977  0.76399434]]
probabilities: [[0.37577805 0.00945171 0.61477023]
 [0.07618014 0.03380398 0.8900159 ]
 [0.2550608  0.1450322  0.59990704]
 [0.66006637 0.22323614 0.11669748]
 [0.92569536 0.04356222 0.0307424 ]]
probabilities: [[0.06430627 0.26845443 0.6672393 ]
 [0.34063664 0.28951374 0.36984962]
 [0.8701755  0.06533166 0.06449287]
 [0.31486017 0.20310913 0.48203072]
 [0.09360971 0.7431729  0.16321744]]
probabilities: [[0.00870813 0.31196406 0.6793278 ]
 [0.6707114  0.28038102 0.0489076 ]
 [0.172219   0.8231568  0.00462422]
 [0.12168706 0.6179918  0.2603211 ]
 [0.20305602 0.6894106  0.10753337]]
probabilities: [[0. 0. 1.]
 [0. 1. 0.]
 [0. 1. 0.]
 [0. 0. 1.]
 [0. 0. 1.]]
probabilities: [[0.18523216 0.70233643 0.11243139]
 [0.25644118 0.05287535 0.6906835 ]
 [0.10918348 0.41669643 0.47412008]
 [0.33274636 0.01144347 0.6558102 ]
 [0.26274693 0.5173277  0.21992534]]
probabilities: [[0.8591016  0.10167678 0.03922161]
 [0.53139234 0.34397358 0.12463406]
 [0.0494059  0.43470898 0.5158851 ]
 [0.29013902 0.67282623 0.03703474]
 [0.07076128 0.51760906 0.41162968]]
probabilities: [[0.71149033 0.0402084  0.24830128]
 [0.4471615  0.52971476 0.02312372]
 [0.86753124 0.10039973 0.03206903]
 [0.28879884 0.5789707  0.13223048]
 [0.07956923 0.8182692  0.10216157]]
probabilities: [[0.024462   0.04428837 0.9312496 ]
 [0.4097216  0.13291167 0.4573667 ]
 [0.55990016 0.34063596 0.09946389]
 [0.52045566 0.46394375 0.0156006 ]
 [0.06559756 0.16133057 0.7730719 ]]
probabilities: [[0.14714116 0.27623287 0.57662594]
 [0.46612203 0.4200965  0.11378147]
 [0.86611396 0.04660944 0.08727661]
 [0.39878282 0.5600028  0.04121436]
 [0.6746587  0.0582963  0.26704496]]
probabilities: [[0. 1. 0.]
 [0. 1. 0.]
 [0. 1. 0.]
 [0. 1. 0.]
 [0. 1. 0.]]
probabilities: [[0.14926754 0.48787105 0.3628614 ]
 [0.18181837 0.02652256 0.79165906]
 [0.82276285 0.00796335 0.1692738 ]
 [0.68475807 0.2585198  0.05672212]
 [0.854418   0.03328798 0.11229403]]
probabilities: [[0.42117283 0.16877525 0.4100519 ]
 [0.48593763 0.4532038  0.06085858]
 [0.09967095 0.29309416 0.6072349 ]
 [0.24012828 0.5358056  0.22406615]
 [0.46035728 0.0697632  0.46987954]]
probabilities: [[0.00298897 0.29411092 0.7029001 ]
 [0.6287383  0.02218091 0.3490808 ]
 [0.2490638  0.5727924  0.17814378]
 [0.09442416 0.0438422  0.8617336 ]
 [0.85569406 0.04699491 0.09731104]]
probabilities: [[0.910098   0.08148743 0.00841452]
 [0.22998203 0.53797424 0.23204374]
 [0.35935748 0.45209593 0.18854661]
 [0.14387715 0.76461565 0.09150719]
 [0.37789968 0.49439067 0.12770967]]
probabilities: [[0.95503914 0.02152204 0.0234388 ]
 [0.01850157 0.4467662  0.5347322 ]
 [0.21609361 0.49135876 0.29254764]
 [0.32360506 0.61519927 0.06119566]
 [0.2610915  0.3137121  0.42519644]]
probabilities: [[0. 0. 1.]
 [0. 1. 0.]
 [0. 1. 0.]
 [0. 0. 1.]
 [0. 0. 1.]]
probabilities: [[0.07227386 0.08374349 0.84398264]
 [0.05568387 0.14705394 0.7972622 ]
 [0.04765006 0.01290832 0.9394416 ]
 [0.03566491 0.934668   0.02966709]
 [0.70793986 0.11091129 0.18114884]]
probabilities: [[0.5603946  0.31974784 0.11985756]
 [0.46038103 0.0438014  0.49581757]
 [0.07455051 0.70536536 0.22008415]
 [0.17539719 0.07880908 0.7457937 ]
 [0.6652675  0.2986231  0.03610937]]
probabilities: [[0.1759127  0.6332792  0.19080807]
 [0.06443334 0.4109152  0.52465147]
 [0.12468074 0.11593933 0.7593799 ]
 [0.6758126  0.14546609 0.1787213 ]
 [0.5903065  0.20886968 0.2008238 ]]
probabilities: [[0.0496741  0.8945393  0.0557866 ]
 [0.01539623 0.26067534 0.72392845]
 [0.42679265 0.06784177 0.5053656 ]
 [0.56019855 0.28952932 0.15027215]
 [0.320432   0.4431796  0.2363884 ]]
probabilities: [[0.19935241 0.7868465  0.01380108]
 [0.6867504  0.04688095 0.2663686 ]
 [0.1233566  0.81928474 0.05735868]
 [0.40617445 0.15127185 0.4425537 ]
 [0.17855458 0.38849363 0.4329518 ]]
probabilities: [[0. 1. 0.]
 [0. 1. 0.]
 [0. 1. 0.]
 [0. 1. 0.]
 [0. 1. 0.]]
probabilities: [[0.6464001  0.13723016 0.21636973]
 [0.04062437 0.63701165 0.322364  ]
 [0.33012742 0.52432424 0.14554833]
 [0.184399   0.42568174 0.38991925]
 [0.6008532  0.09582102 0.3033258 ]]
probabilities: [[0.02874294 0.7333714  0.23788571]
 [0.12456078 0.02735318 0.84808606]
 [0.45094442 0.32040873 0.22864686]
 [0.77148646 0.10163128 0.12688226]
 [0.16533546 0.4244746  0.41018996]]
probabilities: [[0.7205832  0.25195113 0.02746568]
 [0.2842657  0.6057576  0.10997673]
 [0.31907427 0.0594681  0.62145764]
 [0.66962785 0.32121804 0.00915415]
 [0.12495154 0.34082785 0.5342206 ]]
probabilities: [[0.26695684 0.42382306 0.3092201 ]
 [0.08816963 0.842515   0.06931535]
