probabilities: [[1. 0. 0.]
 [1. 0. 0.]
 [1. 0. 0.]
 [1. 0. 0.]
 [1. 0. 0.]]
probabilities: [[0.20499015 0.04836855 0.7466413 ]
 [0.76606435 0.15174192 0.08219375]
 [0.20281926 0.06108987 0.7360909 ]
 [0.52738816 0.1936361  0.27897575]
 [0.18451469 0.7784016  0.03708367]]
probabilities: [[0.20829797 0.61001354 0.18168849]
 [0.0918598  0.6480993  0.26004088]
 [0.77323246 0.07674638 0.15002118]
 [0.7317907  0.11959315 0.14861612]
 [0.69684225 0.02918382 0.2739739 ]]
probabilities: [[0.43988848 0.34446913 0.2156424 ]
 [0.6825497  0.03285489 0.28459543]
 [0.15672897 0.1459218  0.69734925]
 [0.07615406 0.42043924 0.5034067 ]
 [0.18320376 0.78419346 0.03260276]]
probabilities: [[0.32903346 0.3752823  0.29568425]
 [0.7017041  0.22591856 0.07237738]
 [0.28426763 0.5743538  0.14137858]
 [0.2929129  0.21066439 0.4964227 ]
 [0.07812173 0.34064585 0.5812324 ]]
probabilities: [[0.5648034  0.26152232 0.17367424]
 [0.70281184 0.2607836  0.03640455]
 [0.80659413 0.14309186 0.05031402]
 [0.20079905 0.54589313 0.25330782]
 [0.14767516 0.7941193  0.05820556]]
probabilities: [[0. 0. 1.]
 [0. 1. 0.]
 [0. 1. 0.]
 [0. 0. 1.]
 [0. 0. 1.]]
probabilities: [[0.16238528 0.01641269 0.82120204]
 [0.54145384 0.34830725 0.11023892]
 [0.6657143  0.15991127 0.17437437]
 [0.20476028 0.41699952 0.3782402 ]
 [0.06720142 0.8152545  0.11754407]]
probabilities: [[0.598328   0.25283825 0.14883378]
 [0.7418223  0.07660064 0.18157709]
 [0.21499    0.27459055 0.5104194 ]
 [0.3301669  0.1922656  0.4775675 ]
 [0.47377962 0.0237995  0.5024209 ]]
probabilities: [[0.08082788 0.32212457 0.59704757]
 [0.04136505 0.24776855 0.7108664 ]
 [0.88515997 0.05299953 0.06184053]
 [0.10025488 0.7043764  0.19536874]
 [0.5124357  0.47906402 0.00850032]]
probabilities: [[0.8493465  0.08399549 0.066658  ]
 [0.0226894  0.96670985 0.01060078]
 [0.19978163 0.6192892  0.18092914]
 [0.10775904 0.85563385 0.03660708]
 [0.3125824  0.65855944 0.02885815]]
probabilities: [[0.688136   0.09833478 0.21352926]
 [0.93892974 0.00612539 0.05494489]
 [0.26365763 0.7321457  0.00419666]
 [0.01295915 0.7220077  0.26503313]
 [0.02980493 0.17942595 0.7907691 ]]
probabilities: [[0. 0. 1.]
 [0. 1. 0.]
 [0. 1. 0.]
 [0. 0. 1.]
 [0. 0. 1.]]
probabilities: [[0.12114222 0.46179602 0.41706178]
 [0.48010108 0.12477483 0.39512408]
 [0.7503943  0.04445688 0.20514885]
 [0.19899909 0.30503795 0.49596295]
 [0.29880005 0.4193289  0.28187105]]
probabilities: [[0.48540872 0.07961448 0.43497682]
 [0.46295175 0.04843166 0.4886166 ]
 [0.3717193  0.623434   0.00484668]
 [0.3160997  0.5715189  0.11238141]
 [0.15436079 0.66336083 0.18227836]]
probabilities: [[0.7263302  0.16750747 0.10616234]
 [0.30585605 0.16186266 0.5322813 ]
 [0.7949028  0.05023484 0.15486234]
 [0.02599982 0.01146934 0.96253085]
 [0.2587592  0.34109548 0.40014532]]
probabilities: [[0.28165925 0.31195387 0.40638688]
 [0.13518704 0.5644439  0.30036905]
 [0.10363739 0.4657968  0.43056583]
 [0.25699103 0.45131743 0.29169154]
 [0.01086724 0.913107   0.07602579]]
probabilities: [[0.37818485 0.27101386 0.3508013 ]
 [0.25295213 0.5405899  0.20645797]
 [0.08609171 0.36000502 0.5539032 ]
 [0.10334313 0.50083417 0.39582273]
 [0.21224263 0.76248306 0.02527433]]
probabilities: [[0. 0. 1.]
 [0. 1. 0.]
 [0. 1. 0.]
 [0. 0. 1.]
 [0. 0. 1.]]
probabilities: [[0.12396581 0.6840997  0.1919345 ]
 [0.36806327 0.08816107 0.5437757 ]
 [0.08027989 0.76332694 0.15639319]
 [0.0186248  0.28435186 0.69702333]
 [0.31261206 0.5676216  0.11976638]]
probabilities: [[0.6656187  0.03642333 0.29795796]
 [0.33143818 0.46282905 0.20573278]
 [0.24718705 0.09649874 0.6563142 ]
 [0.2713612  0.56221765 0.16642116]
 [0.6249648  0.06430152 0.31073374]]
probabilities: [[0.34875476 0.418996   0.23224922]
 [0.05987726 0.1926295  0.74749327]
 [0.22032481 0.42689872 0.35277644]
 [0.22186185 0.43664017 0.341498  ]
 [0.3650529  0.03412114 0.60082597]]
probabilities: [[0.05059723 0.4086209  0.54078186]
 [0.01662564 0.0088294  0.97454494]
 [0.171394   0.5702091  0.25839692]
 [0.2574222  0.65553004 0.08704775]
 [0.4652533  0.36893412 0.1658126 ]]
probabilities: [[0.16749705 0.73439735 0.0981056 ]
 [0.39816543 0.45370525 0.14812933]
 [0.23279786 0.02652226 0.74067986]
 [0.7545565  0.16252807 0.08291548]
 [0.8326307  0.1194712  0.04789808]]
probabilities: [[1. 0. 0.]
 [1. 0. 0.]
 [1. 0. 0.]
 [1. 0. 0.]
 [1. 0. 0.]]
probabilities: [[0.6020433  0.19838853 0.19956817]
 [0.601169   0.24461727 0.15421374]
 [0.51999134 0.24795644 0.2320522 ]
 [0.28118885 0.1776624  0.5411488 ]
 [0.52603847 0.39114437 0.08281718]]
probabilities: [[0.4529633  0.17995043 0.3670863 ]
 [0.10629798 0.7789774  0.11472463]
 [0.30399713 0.39871943 0.29728344]
 [0.23138452 0.0936178  0.6749977 ]
 [0.02015548 0.39332506 0.5865195 ]]
probabilities: [[0.37920728 0.5610335  0.05975926]
 [0.47881782 0.37549058 0.14569162]
 [0.18487084 0.3119954  0.5031338 ]
 [0.14954849 0.03416999 0.81628156]
 [0.11747431 0.3393588  0.5431669 ]]
probabilities: [[0.05608838 0.600861   0.3430506 ]
 [0.30124286 0.28276363 0.4159935 ]
 [0.12373481 0.36141485 0.5148504 ]
 [0.3354349  0.04330741 0.62125766]
 [0.6033857  0.22128363 0.17533067]]
probabilities: [[0.01125193 0.7399613  0.24878673]
 [0.07618803 0.56244725 0.3613647 ]
 [0.21607453 0.37443382 0.40949166]
 [0.72248656 0.17258914 0.10492433]
 [0.50565666 0.2543638  0.23997954]]
probabilities: [[1. 0. 0.]
 [1. 0. 0.]
 [1. 0. 0.]
 [1. 0. 0.]
 [1. 0. 0.]]
probabilities: [[0.36657372 0.63040805 0.00301822]
 [0.74911106 0.07042129 0.18046764]
 [0.17847863 0.16734001 0.65418136]
 [0.26660517 0.0599149  0.6734799 ]
 [0.48701167 0.26701105 0.24597725]]
probabilities: [[0.060683   0.79619837 0.14311862]
 [0.20061891 0.5929687  0.20641239]
 [0.0427406  0.18823855 0.76902086]
 [0.30724537 0.38668898 0.30606565]
 [0.2521035  0.56470597 0.18319054]]
probabilities: [[0.2874373  0.6683983  0.0441644 ]
 [0.08486003 0.49353072 0.42160925]
 [0.10260292 0.180732   0.7166651 ]
 [0.07756818 0.34291735 0.57951444]
 [0.62802845 0.24071084 0.13126068]]
probabilities: [[0.10778295 0.10634839 0.78586864]
 [0.37032092 0.08428545 0.54539365]
 [0.0979942  0.15786722 0.7441386 ]
 [0.08885169 0.7943465  0.11680183]
 [0.5563659  0.3117705  0.13186361]]
probabilities: [[0.6028803  0.38446486 0.01265487]
 [0.6680109  0.14503291 0.18695618]
 [0.5449324  0.27804112 0.17702648]
 [0.33672377 0.13947175 0.5238045 ]
 [0.08018322 0.22643936 0.69337744]]
probabilities: [[0. 0. 1.]
 [0. 1. 0.]
 [0. 1. 0.]
 [0. 0. 1.]
 [0. 0. 1.]]
probabilities: [[0.89954656 0.05480929 0.04564411]
 [0.835541   0.10899109 0.0554679 ]
 [0.0361592  0.43389222 0.5299486 ]
 [0.54063493 0.2727165  0.18664856]
 [0.10064259 0.6313892  0.2679682 ]]
probabilities: [[0.7015799  0.1468563  0.15156378]
 [0.00832886 0.59252805 0.3991431 ]
 [0.1204384  0.08964551 0.7899161 ]
 [0.34398168 0.3692429  0.2867754 ]
 [0.3676439  0.51190263 0.12045348]]
probabilities: [[0.04698639 0.06061515 0.8923985 ]
 [0.06551627 0.2888693  0.64561445]
 [0.06066577 0.00716947 0.9321647 ]
 [0.08467001 0.19385637 0.72147363]
 [0.2883827  0.4955341  0.21608318]]
probabilities: [[0.00221171 0.62083656 0.37695172]
 [0.7408299  0.02254128 0.23662883]
 [0.05410258 0.44385555 0.5020419 ]
 [0.81863964 0.16144668 0.01991366]
 [0.65452033 0.00760181 0.33787787]]
probabilities: [[0.11584995 0.33705753 0.5470925 ]
 [0.15611018 0.4434004  0.4004894 ]
 [0.05691567 0.47903895 0.4640454 ]
 [0.13769917 0.33569506 0.5266058 ]
 [0.9085422  0.07295928 0.01849851]]
probabilities: [[0. 1. 0.]
 [0. 1. 0.]
 [0. 1. 0.]
 [0. 1. 0.]
 [0. 1. 0.]]
probabilities: [[0.06832908 0.14411512 0.7875558 ]
 [0.68769103 0.13664833 0.17566063]
 [0.66639745 0.00307643 0.3305261 ]
 [0.6583987  0.10005564 0.24154569]
 [0.7582203  0.2066873  0.03509239]]
probabilities: [[0.42195162 0.47583634 0.10221203]
 [0.30203143 0.69420785 0.00376072]
 [0.4640257  0.47853976 0.05743454]
 [0.17518787 0.6835176  0.14129457]
 [0.3038115  0.18593945 0.510249  ]]
probabilities: [[0.01681052 0.45875663 0.52443284]
 [0.19727442 0.52597195 0.27675363]
 [0.4083957  0.24450262 0.34710166]
 [0.24779533 0.5842042  0.16800047]
 [0.46628484 0.4327579  0.10095727]]
probabilities: [[0.2257965  0.43469614 0.33950737]
 [0.14178535 0.75449604 0.10371861]
 [0.12999654 0.79776907 0.07223437]
 [0.23711422 0.29234248 0.47054327]
 [0.14667177 0.03700883 0.8163194 ]]
probabilities: [[0.75314474 0.11111836 0.13573693]
 [0.01580207 0.55310005 0.43109787]
 [0.69545054 0.22397234 0.0805771 ]
 [0.34465808 0.63187784 0.0234641 ]
 [0.05782644 0.5837721  0.35840142]]
probabilities: [[1. 0. 0.]
 [1. 0. 0.]
 [1. 0. 0.]
 [1. 0. 0.]
 [1. 0. 0.]]
probabilities: [[0.56388354 0.06753146 0.36858502]
 [0.18267576 0.04038151 0.77694273]
 [0.50711393 0.07174557 0.4211405 ]
 [0.03599151 0.91752344 0.04648506]
 [0.06844605 0.6090484  0.32250553]]
probabilities: [[0.01082711 0.8146102  0.17456271]
 [0.30402255 0.14211471 0.55386275]
 [0.6535884  0.23090142 0.11551016]
 [0.60971636 0.3691773  0.02110636]
 [0.01605128 0.5957219  0.38822684]]
probabilities: [[0.29127923 0.27778763 0.43093312]
 [0.10940967 0.26249063 0.6280997 ]
 [0.008994   0.45392656 0.5370794 ]
 [0.774345   0.07242455 0.15323049]
 [0.14522552 0.50910115 0.34567332]]
probabilities: [[0.09558677 0.62059355 0.2838197 ]
 [0.62401354 0.10125952 0.27472693]
 [0.6693766  0.15288363 0.17773974]
 [0.3964631  0.00383751 0.59969944]
 [0.3402462  0.40954188 0.25021192]]
probabilities: [[0.26626432 0.2884381  0.44529757]
 [0.32745466 0.17849092 0.49405444]
 [0.01925409 0.6103413  0.37040463]
 [0.7980394  0.00437362 0.19758701]
 [0.39016187 0.48740005 0.1224381 ]]
probabilities: [[0. 0. 1.]
 [0. 1. 0.]
 [0. 0. 1.]
 [0. 0. 1.]
 [0. 0. 1.]]
probabilities: [[0.74145985 0.18108985 0.07745029]
 [0.7034462  0.03920523 0.25734857]
 [0.66967607 0.19423491 0.13608904]
 [0.44377214 0.19325311 0.36297473]
 [0.2592635  0.7261788  0.01455769]]
probabilities: [[0.27457675 0.12247095 0.6029523 ]
 [0.3121161  0.06126352 0.6266204 ]
 [0.38975766 0.18821251 0.42202982]
 [0.45558304 0.5223913  0.02202566]
 [0.00921096 0.9756001  0.0151889 ]]
probabilities: [[3.0691007e-01 1.6750020e-01 5.2558970e-01]
 [1.5473491e-01 5.8117900e-02 7.8714722e-01]
 [8.8794065e-01 1.1166528e-01 3.9407119e-04]
 [8.4126908e-01 1.4093365e-01 1.7797271e-02]
 [5.2114820e-01 3.7859750e-01 1.0025428e-01]]
probabilities: [[0.34582177 0.36873132 0.28544688]
 [0.38608697 0.17013717 0.44377586]
 [0.69241226 0.27401444 0.0335733 ]
 [0.04210483 0.14733672 0.81055844]
 [0.25977322 0.5684918  0.17173496]]
probabilities: [[0.7500359  0.09932037 0.15064377]
 [0.67990834 0.23022513 0.08986653]
 [0.08631636 0.5904682  0.32321543]
 [0.4449788  0.17643948 0.37858173]
 [0.38473615 0.22172041 0.39354345]]
probabilities: [[0. 1. 0.]
 [0. 1. 0.]
 [0. 1. 0.]
 [0. 1. 0.]
 [0. 1. 0.]]
probabilities: [[2.7656848e-02 2.5663605e-01 7.1570712e-01]
 [1.8230161e-02 8.1231311e-04 9.8095751e-01]
 [2.1867642e-01 4.7325292e-01 3.0807066e-01]
 [2.4551383e-01 2.8413206e-01 4.7035411e-01]
 [3.4252355e-01 5.8607352e-01 7.1402937e-02]]
probabilities: [[0.8793007  0.05473043 0.06596888]
 [0.38362256 0.16579056 0.4505869 ]
 [0.95141995 0.02712191 0.02145815]
 [0.09436201 0.11105476 0.7945832 ]
 [0.13104673 0.44320646 0.4257468 ]]
probabilities: [[0.4063367  0.13490915 0.45875415]
 [0.01611106 0.07486439 0.90902454]
 [0.3273809  0.05406461 0.6185545 ]
 [0.24045414 0.586242   0.17330387]
 [0.0407226  0.7785137  0.18076365]]
probabilities: [[0.09284623 0.65222234 0.25493145]
 [0.04516498 0.5387411  0.4160939 ]
 [0.09416357 0.67587143 0.22996502]
 [0.24761455 0.48239973 0.26998574]
 [0.05989138 0.1201017  0.8200069 ]]
probabilities: [[0.29353112 0.13390979 0.57255906]
 [0.3342034  0.20629822 0.4594984 ]
 [0.20819914 0.36685035 0.4249505 ]
 [0.53362304 0.42706904 0.03930791]
 [0.14338318 0.53392166 0.32269514]]
probabilities: [[0. 0. 1.]
 [0. 1. 0.]
 [0. 0. 1.]
 [0. 0. 1.]
 [0. 0. 1.]]
probabilities: [[0.1473826  0.82078445 0.03183294]
 [0.6839819  0.00094379 0.31507432]
 [0.25261787 0.6071039  0.14027826]
 [0.42626604 0.5335656  0.04016836]
 [0.15617914 0.65201217 0.19180867]]
probabilities: [[0.28659406 0.5359128  0.17749314]
 [0.41063583 0.43579623 0.15356793]
 [0.22194934 0.05775957 0.7202911 ]
 [0.891667   0.01052504 0.09780795]
 [0.27510902 0.52979517 0.19509578]]
probabilities: [[0.11855814 0.34822482 0.5332171 ]
 [0.09196377 0.05750124 0.850535  ]
 [0.03908689 0.8885416  0.07237151]
 [0.32751724 0.07322701 0.59925574]
 [0.16261265 0.6300708  0.20731656]]
probabilities: [[0.21457845 0.49100593 0.2944156 ]
 [0.15438713 0.48614326 0.3594696 ]
 [0.76924825 0.21563606 0.01511571]
 [0.25176215 0.27041602 0.4778218 ]
 [0.39426666 0.37689722 0.22883613]]
probabilities: [[0.35880136 0.19259971 0.44859892]
 [0.06863628 0.4531375  0.47822624]
 [0.38873222 0.03883839 0.57242936]
 [0.42451274 0.20408928 0.37139794]
 [0.7649747  0.15150833 0.08351697]]
probabilities: [[1. 0. 0.]
 [1. 0. 0.]
 [1. 0. 0.]
 [1. 0. 0.]
 [1. 0. 0.]]
probabilities: [[0.18324205 0.48653728 0.33022067]
 [0.37102076 0.04255052 0.5864287 ]
 [0.2939899  0.6823706  0.0236395 ]
 [0.00295909 0.6704762  0.32656473]
 [0.6133158  0.38469815 0.00198601]]
probabilities: [[0.02881945 0.8141501  0.1570305 ]
 [0.8179464  0.0103191  0.17173451]
 [0.71599865 0.26050386 0.0234975 ]
 [0.3923125  0.17714062 0.43054688]
 [0.12781209 0.8693252  0.00286266]]
probabilities: [[0.5400187  0.01388657 0.44609472]
 [0.36589864 0.14257286 0.4915285 ]
 [0.36993942 0.5105923  0.11946828]
 [0.39949816 0.2681974  0.33230445]
 [0.17290385 0.66785717 0.15923896]]
probabilities: [[0.21192639 0.6451542  0.14291942]
 [0.15769602 0.71707743 0.12522653]
 [0.36208552 0.22298905 0.41492543]
 [0.622286   0.04056362 0.33715034]
 [0.5191684  0.07696387 0.40386775]]
probabilities: [[0.80522203 0.09584487 0.09893312]
 [0.31350997 0.08350299 0.60298705]
 [0.15083832 0.32936972 0.51979196]
 [0.2957937  0.31799886 0.38620743]
 [0.06201618 0.31146383 0.62652   ]]
probabilities: [[0. 0. 1.]
 [0. 1. 0.]
 [0. 1. 0.]
 [0. 0. 1.]
 [0. 0. 1.]]
probabilities: [[0.24293366 0.05780567 0.69926065]
 [0.11695427 0.5393956  0.34365016]
 [0.70666337 0.02616372 0.26717287]
 [0.76548177 0.06767813 0.1668401 ]
 [0.19573614 0.11387829 0.6903856 ]]
probabilities: [[0.7772374  0.12532039 0.0974422 ]
 [0.01151301 0.2656354  0.7228516 ]
 [0.51644754 0.08997639 0.39357603]
 [0.2066479  0.6035267  0.18982539]
 [0.63074464 0.23151812 0.13773726]]
probabilities: [[0.00417686 0.49762928 0.49819386]
 [0.40100157 0.1768043  0.42219412]
 [0.23851322 0.5394663  0.22202043]
 [0.18113796 0.10256733 0.7162947 ]
 [0.28680575 0.3548715  0.35832274]]
probabilities: [[0.19232114 0.17871316 0.62896574]
 [0.5229134  0.03303766 0.44404894]
 [0.3220984  0.6489069  0.02899472]
 [0.02136423 0.37285727 0.6057785 ]
 [0.60184973 0.24827279 0.14987747]]
probabilities: [[0.305593   0.04830259 0.6461044 ]
 [0.09084343 0.66379076 0.24536581]
 [0.33003205 0.2032413  0.46672663]
 [0.06750331 0.8361679  0.0963288 ]
 [0.15934569 0.03232864 0.8083257 ]]
probabilities: [[1. 0. 0.]
 [1. 0. 0.]
 [1. 0. 0.]
 [1. 0. 0.]
 [1. 0. 0.]]
probabilities: [[0.83007085 0.08347657 0.08645257]
 [0.14134778 0.5684038  0.29024845]
 [0.7620912  0.15176271 0.08614609]
 [0.01038036 0.96822757 0.02139206]
 [0.42145368 0.4405332  0.13801312]]
probabilities: [[0.01877835 0.33157787 0.6496438 ]
 [0.00893563 0.08072296 0.9103414 ]
 [0.39627227 0.2254019  0.37832585]
 [0.45277083 0.06622881 0.48100036]
 [0.267577   0.6210428  0.11138021]]
probabilities: [[0.4559234  0.24916095 0.29491565]
 [0.5006332  0.10052304 0.39884377]
 [0.47696334 0.1420154  0.38102126]
 [0.59157515 0.2640853  0.14433956]
 [0.34909412 0.3528438  0.2980621 ]]
probabilities: [[0.7678725  0.13612844 0.09599905]
 [0.32564574 0.17944184 0.49491245]
 [0.6872076  0.00813303 0.30465937]
 [0.3584107  0.39612263 0.2454667 ]
 [0.2189282  0.36207637 0.4189954 ]]
probabilities: [[0.85669935 0.10375805 0.0395426 ]
 [0.53003293 0.03642487 0.43354216]
 [0.12849312 0.4993599  0.372147  ]
 [0.20799531 0.23740108 0.55460364]
 [0.19937292 0.5320132  0.26861393]]
probabilities: [[0. 0. 1.]
 [0. 1. 0.]
 [0. 0. 1.]
 [0. 0. 1.]
 [0. 0. 1.]]
probabilities: [[0.6988911  0.07128664 0.22982223]
 [0.1419318  0.7151767  0.14289148]
 [0.32873893 0.26490012 0.40636095]
 [0.37785378 0.51104033 0.11110586]
 [0.53353155 0.02920341 0.43726507]]
probabilities: [[0.3446315  0.445001   0.21036752]
 [0.38264373 0.61023295 0.00712334]
 [0.6854834  0.0952704  0.21924624]
 [0.24345157 0.59872264 0.15782581]
 [0.59402066 0.24127549 0.16470386]]
probabilities: [[0.30635437 0.268621   0.42502463]
 [0.71254784 0.09440837 0.1930438 ]
 [0.2439273  0.7396003  0.01647238]
 [0.41934556 0.23908675 0.3415677 ]
 [0.9012243  0.02508086 0.07369483]]
probabilities: [[0.04707536 0.06847897 0.88444567]
 [0.11581846 0.47552538 0.40865615]
 [0.06129846 0.87873    0.05997154]
 [0.2351842  0.13819474 0.62662107]
 [0.0893393  0.37036967 0.540291  ]]
probabilities: [[0.2203382  0.67387396 0.10578784]
 [0.59724575 0.12475384 0.2780004 ]
 [0.2470782  0.18125905 0.5716628 ]
 [0.08063255 0.42510122 0.49426624]
 [0.00352522 0.40439087 0.59208393]]
probabilities: [[0. 0. 1.]
 [0. 1. 0.]
 [0. 1. 0.]
 [0. 0. 1.]
 [0. 0. 1.]]
probabilities: [[0.03719958 0.5475973  0.41520312]
 [0.3863757  0.28857875 0.32504556]
 [0.24221252 0.7432915  0.01449595]
 [0.10352847 0.6088918  0.28757975]
 [0.7077518  0.14357887 0.1486693 ]]
probabilities: [[0.08641773 0.181878   0.73170424]
 [0.13447712 0.5929584  0.27256444]
 [0.6775462  0.14464028 0.17781352]
 [0.28028074 0.61908996 0.1006293 ]
 [0.6317328  0.104756   0.26351115]]
probabilities: [[0.45174462 0.01043947 0.5378159 ]
 [0.06241775 0.5224079  0.41517437]
 [0.13888234 0.17005447 0.69106317]
 [0.47768655 0.08111645 0.44119698]
 [0.3332809  0.61621726 0.05050184]]
probabilities: [[0.7218664  0.08732801 0.19080557]
 [0.25833985 0.35862324 0.3830369 ]
 [0.4089247  0.4096925  0.18138279]
 [0.73724383 0.22488585 0.03787033]
 [0.57353413 0.2206244  0.20584145]]
probabilities: [[0.10779057 0.8493694  0.04283999]
 [0.50449127 0.4403863  0.05512244]
 [0.00206697 0.80277395 0.19515909]
 [0.37294674 0.29486048 0.3321928 ]
 [0.4867193  0.12107277 0.39220792]]
probabilities: [[0. 1. 0.]
 [0. 1. 0.]
 [0. 1. 0.]
 [0. 1. 0.]
 [0. 1. 0.]]
probabilities: [[0.6371823  0.1206     0.2422177 ]
 [0.13989198 0.8452592  0.01484882]
 [0.14799501 0.68675387 0.16525109]
 [0.39532685 0.5129991  0.09167399]
 [0.10384719 0.553075   0.3430778 ]]
probabilities: [[0.175471   0.06641965 0.75810933]
 [0.4830404  0.02855741 0.4884022 ]
 [0.23517418 0.30303815 0.46178767]
 [0.49015158 0.21154247 0.29830596]
 [0.54782933 0.23691772 0.21525297]]
probabilities: [[0.7319987  0.13625799 0.13174336]
 [0.03241016 0.9425198  0.02507007]
 [0.47471467 0.19007859 0.33520675]
 [0.07689152 0.19256774 0.73054075]
 [0.20531206 0.2532468  0.54144114]]
probabilities: [[0.23550639 0.6842315  0.08026209]
 [0.08188429 0.40831736 0.50979835]
 [0.1953803  0.6482451  0.15637457]
 [0.06261975 0.63916284 0.29821742]
 [0.20264468 0.7585144  0.0388409 ]]
probabilities: [[0.5367514  0.32260898 0.14063962]
 [0.9282019  0.02754933 0.04424874]
 [0.26530486 0.73045105 0.00424409]
 [0.9109051  0.056118   0.03297689]
 [0.08606409 0.7870872  0.12684873]]
probabilities: [[0. 1. 0.]
 [0. 1. 0.]
 [0. 1. 0.]
 [0. 1. 0.]
 [0. 1. 0.]]
probabilities: [[0.7573352  0.18630202 0.05636279]
 [0.50210387 0.20197222 0.29592392]
 [0.00586209 0.36813763 0.6260003 ]
 [0.00350015 0.7767622  0.21973768]
 [0.06943206 0.34198338 0.58858454]]
probabilities: [[0.37120032 0.3870283  0.24177137]
 [0.21930216 0.22861725 0.5520806 ]
 [0.13986968 0.68746537 0.17266494]
 [0.26386988 0.38142434 0.35470578]
 [0.39922208 0.4730607  0.12771721]]
probabilities: [[0.02079892 0.25558072 0.72362036]
 [0.3352962  0.47440645 0.19029734]
 [0.41468507 0.2529267  0.33238825]
 [0.42054766 0.39547914 0.18397318]
 [0.32600898 0.41930133 0.2546897 ]]
probabilities: [[0.6155098  0.09392425 0.29056594]
 [0.9477433  0.01739436 0.03486235]
 [0.13824323 0.27019024 0.59156656]
 [0.6106263  0.22652559 0.16284813]
 [0.16222864 0.06271127 0.7750601 ]]
probabilities: [[0.0980994  0.70145273 0.20044789]
 [0.68261313 0.22083075 0.09655609]
 [0.08142134 0.18061931 0.7379593 ]
 [0.02604645 0.6098392  0.36411437]
 [0.43576917 0.21658179 0.34764904]]
probabilities: [[0. 0. 1.]
 [0. 1. 0.]
 [0. 1. 0.]
 [0. 0. 1.]
 [0. 0. 1.]]
probabilities: [[0.05307307 0.8829735  0.06395341]
 [0.14079033 0.18834072 0.67086893]
 [0.12827024 0.64253575 0.22919403]
 [0.09260723 0.8958029  0.01158985]
 [0.63167644 0.31520984 0.05311374]]
probabilities: [[0.5953035  0.12457495 0.28012156]
 [0.69646376 0.01063672 0.29289952]
 [0.42572328 0.4130208  0.16125593]
 [0.5564098  0.33277842 0.11081177]
 [0.32938352 0.44320795 0.22740854]]
probabilities: [[0.0416354  0.84848404 0.10988058]
 [0.41601214 0.37941712 0.20457076]
 [0.10358763 0.26564008 0.6307723 ]
 [0.1990174  0.7128658  0.08811679]
 [0.75462306 0.15749133 0.0878856 ]]
probabilities: [[0.64427054 0.04486726 0.3108622 ]
 [0.38795814 0.30654582 0.305496  ]
 [0.40742272 0.39528245 0.19729483]
 [0.14376968 0.07732294 0.77890736]
 [0.18364905 0.49425465 0.3220963 ]]
probabilities: [[0.4470228  0.302684   0.25029317]
 [0.4592872  0.19550021 0.34521258]
 [0.13999714 0.84986323 0.01013963]
 [0.16838594 0.7327505  0.09886362]
 [0.63962656 0.18755385 0.17281958]]
probabilities: [[0. 0. 1.]
 [0. 1. 0.]
 [0. 0. 1.]
 [0. 0. 1.]
 [0. 0. 1.]]
probabilities: [[0.3293006  0.08079588 0.5899035 ]
 [0.06670888 0.04222726 0.89106387]
 [0.24495947 0.6855001  0.06954043]
 [0.2548518  0.36315334 0.3819949 ]
 [0.5374391  0.21910636 0.24345455]]
probabilities: [[0.19019616 0.4989308  0.31087303]
 [0.29263663 0.5491242  0.1582392 ]
 [0.08807576 0.40069908 0.51122516]
 [0.08122073 0.407406   0.5113733 ]
 [0.3759563  0.42790726 0.19613644]]
probabilities: [[0.31975228 0.579569   0.10067873]
 [0.3936409  0.10994971 0.4964094 ]
 [0.04753599 0.369958   0.582506  ]
 [0.69871324 0.06421944 0.23706734]
 [0.22797866 0.7123563  0.05966502]]
probabilities: [[0.71138155 0.06242398 0.22619444]
 [0.3376092  0.1523991  0.5099917 ]
 [0.665397   0.08299166 0.25161135]
 [0.87288547 0.02112062 0.10599392]
 [0.17935789 0.664796   0.1558461 ]]
probabilities: [[0.0878605  0.6858417  0.22629781]
 [0.02749111 0.65698695 0.31552196]
 [0.43805468 0.37357983 0.18836549]
 [0.28421462 0.03727934 0.678506  ]
 [0.81347674 0.17993364 0.0065896 ]]
probabilities: [[0. 1. 0.]
 [0. 1. 0.]
 [0. 1. 0.]
 [0. 1. 0.]
 [0. 1. 0.]]
probabilities: [[0.09197427 0.1939272  0.7140985 ]
 [0.74175197 0.1727772  0.08547081]
 [0.4325582  0.2119924  0.35544938]
 [0.2840319  0.4675391  0.248429  ]
 [0.22531421 0.06801516 0.70667064]]
probabilities: [[0.3211246  0.35711175 0.32176363]
 [0.5896425  0.16231361 0.2480439 ]
 [0.34299767 0.5709611  0.08604121]
 [0.12858316 0.54720914 0.3242077 ]
 [0.25645465 0.32263842 0.42090696]]
probabilities: [[0.8119067  0.112431   0.07566229]
 [0.4196953  0.2815056  0.2987991 ]
 [0.07378674 0.10174331 0.8244699 ]
 [0.1415771  0.25832173 0.6001012 ]
 [0.58970433 0.10930996 0.3009857 ]]
probabilities: [[0.21071577 0.5564337  0.23285057]
 [0.2335261  0.15515187 0.61132205]
 [0.02800259 0.8374507  0.13454671]
 [0.30309373 0.23923708 0.45766917]
 [0.45690414 0.0551863  0.48790956]]
probabilities: [[0.16660702 0.29690477 0.5364882 ]
 [0.38125125 0.06958382 0.54916495]
 [0.12165537 0.7116407  0.16670391]
 [0.07637136 0.08379117 0.8398375 ]
 [0.2250498  0.35312903 0.42182115]]
probabilities: [[1. 0. 0.]
 [1. 0. 0.]
 [1. 0. 0.]
 [1. 0. 0.]
 [1. 0. 0.]]
probabilities: [[0.81374526 0.12814566 0.05810909]
 [0.09441601 0.5951167  0.3104673 ]
 [0.1174934  0.18756409 0.69494253]
 [0.5583652  0.14035973 0.30127504]
 [0.22038037 0.207542   0.57207763]]
probabilities: [[0.37722814 0.10193069 0.5208412 ]
 [0.01486846 0.91152716 0.0736044 ]
 [0.00150885 0.5537864  0.44470474]
 [0.27162248 0.11648371 0.61189383]
 [0.05562107 0.37640652 0.5679724 ]]
probabilities: [[0.09881169 0.8467536  0.0544347 ]
 [0.7679651  0.06237154 0.16966338]
 [0.43310305 0.02341527 0.5434817 ]
 [0.04236073 0.7548718  0.20276749]
 [0.13312435 0.54573166 0.321144  ]]
probabilities: [[0.32411635 0.1338253  0.54205835]
 [0.30973944 0.16572468 0.5245359 ]
 [0.30517024 0.46758592 0.22724386]
 [0.6244703  0.29657567 0.07895401]
 [0.47196153 0.40312448 0.124914  ]]
probabilities: [[0.53686684 0.4303057  0.03282749]
 [0.3282429  0.36146852 0.31028855]
 [0.7130273  0.2511233  0.03584941]
 [0.15971488 0.29162285 0.54866225]
 [0.11917845 0.46248144 0.41834012]]
probabilities: [[1. 0. 0.]
 [1. 0. 0.]
 [1. 0. 0.]
 [1. 0. 0.]
 [1. 0. 0.]]
probabilities: [[0.6832321  0.06157514 0.25519276]
 [0.6200703  0.02700171 0.35292804]
 [0.52853686 0.4186238  0.05283933]
 [0.01442052 0.13095745 0.854622  ]
 [0.6788456  0.03861382 0.2825406 ]]
probabilities: [[0.49467564 0.12856649 0.3767579 ]
 [0.41263527 0.40556997 0.18179473]
 [0.38775572 0.1596724  0.4525719 ]
 [0.10541276 0.14946812 0.7451191 ]
 [0.25321484 0.59369284 0.15309234]]
probabilities: [[0.7619206  0.02530359 0.21277584]
 [0.8835611  0.07939491 0.03704399]
 [0.01054973 0.24022923 0.749221  ]
 [0.5076464  0.25521958 0.23713401]
 [0.71430576 0.26986435 0.01582985]]
probabilities: [[0.3251857  0.08536313 0.5894512 ]
 [0.69231784 0.24712446 0.06055768]
 [0.10442081 0.07837871 0.8172005 ]
 [0.6500694  0.14103355 0.20889702]
 [0.22951798 0.51240796 0.25807407]]
probabilities: [[0.15446296 0.14176045 0.7037766 ]
 [0.8469408  0.02226944 0.13078976]
 [0.6245341  0.32598794 0.04947798]
 [0.6727066  0.00818084 0.31911257]
 [0.24978372 0.15358861 0.59662765]]
probabilities: [[0. 1. 0.]
 [0. 1. 0.]
 [0. 1. 0.]
 [0. 1. 0.]
 [0. 1. 0.]]
probabilities: [[0.10091601 0.7167585  0.18232547]
 [0.28324965 0.24670693 0.47004342]
 [0.4122808  0.38876876 0.19895044]
 [0.5181886  0.25479662 0.22701475]
 [0.06211399 0.28684655 0.6510395 ]]
probabilities: [[0.6258026  0.3432318  0.03096561]
 [0.03590204 0.54471487 0.41938308]
 [0.21976617 0.586287   0.19394684]
 [0.7696689  0.02383349 0.20649765]
 [0.26026383 0.4264202  0.31331596]]
probabilities: [[0.3233991  0.05907047 0.6175304 ]
 [0.5758092  0.08241688 0.3417739 ]
 [0.19541007 0.11619167 0.68839824]
 [0.5409163  0.42643127 0.03265245]
 [0.18678075 0.05297697 0.7602423 ]]
probabilities: [[0.5361165  0.06110734 0.40277615]
 [0.44419137 0.49938232 0.05642632]
 [0.37942332 0.61774296 0.00283375]
 [0.30647942 0.15841213 0.53510845]
 [0.01650868 0.9396752  0.04381612]]
probabilities: [[0.4121234  0.09847832 0.48939824]
 [0.08567595 0.31847095 0.5958531 ]
 [0.24551997 0.7264142  0.02806585]
 [0.07417278 0.7761039  0.14972332]
 [0.55470896 0.0667128  0.37857825]]
probabilities: [[0. 0. 1.]
 [0. 1. 0.]
 [0. 0. 1.]
 [0. 0. 1.]
 [0. 0. 1.]]
probabilities: [[0.34390032 0.5075702  0.14852948]
 [0.5680089  0.21475297 0.21723811]
 [0.48461288 0.05551641 0.4598707 ]
 [0.29828656 0.0690183  0.63269514]
 [0.13758473 0.22518829 0.637227  ]]
probabilities: [[0.4017867  0.31530043 0.28291282]
 [0.787732   0.20053856 0.01172941]
 [0.08779941 0.07071607 0.84148455]
 [0.3647816  0.07119475 0.5640237 ]
 [0.40680966 0.52537274 0.06781762]]
probabilities: [[0.31654227 0.16215138 0.52130634]
 [0.55652404 0.2751828  0.16829315]
 [0.05166692 0.2657377  0.6825954 ]
 [0.7268766  0.22111066 0.05201275]
 [0.31223303 0.26111713 0.42664984]]
probabilities: [[0.5005333  0.05388088 0.44558585]
 [0.08903798 0.3148918  0.59607023]
 [0.23057179 0.02308589 0.7463423 ]
 [0.24611901 0.29245633 0.46142465]
 [0.48977658 0.29031473 0.21990868]]
probabilities: [[0.17387938 0.12631291 0.6998077 ]
 [0.48819467 0.23880361 0.2730017 ]
 [0.04148249 0.33737186 0.62114567]
 [0.00886959 0.07807069 0.9130597 ]
 [0.17093323 0.7354818  0.09358495]]
probabilities: [[0. 0. 1.]
 [0. 1. 0.]
 [0. 0. 1.]
 [0. 0. 1.]
 [0. 0. 1.]]
probabilities: [[0.17086367 0.65516686 0.17396943]
 [0.34450257 0.5342188  0.12127867]
 [0.39593408 0.52432567 0.07974026]
 [0.26263124 0.23189749 0.5054713 ]
 [0.20450121 0.5176603  0.27783847]]
probabilities: [[0.4417183  0.5202408  0.0380409 ]
 [0.19058596 0.7031943  0.10621975]
 [0.27719894 0.22754909 0.49525195]
 [0.0040221  0.87129253 0.12468539]
 [0.15237734 0.37575287 0.4718698 ]]
probabilities: [[0.3194244  0.2753939  0.4051817 ]
 [0.5456554  0.03386732 0.4204772 ]
 [0.16726215 0.66448194 0.16825594]
 [0.3347209  0.01882236 0.6464567 ]
 [0.34929284 0.02252121 0.6281859 ]]
probabilities: [[0.11251774 0.09077012 0.79671216]
 [0.41647652 0.0996704  0.4838531 ]
 [0.14661466 0.10198029 0.75140506]
 [0.6315546  0.07853458 0.28991082]
 [0.28878605 0.43428746 0.2769265 ]]
probabilities: [[0.48908296 0.23677069 0.27414635]
 [0.37020865 0.35942754 0.2703638 ]
 [0.20051312 0.01165943 0.78782743]
 [0.7073296  0.20693173 0.08573868]
 [0.20347522 0.21072203 0.58580273]]
probabilities: [[1. 0. 0.]
 [1. 0. 0.]
 [1. 0. 0.]
 [1. 0. 0.]
 [1. 0. 0.]]
probabilities: [[0.39282143 0.49024424 0.11693433]
 [0.6279578  0.10426132 0.26778087]
 [0.29352695 0.601461   0.10501207]
 [0.07935601 0.44050318 0.4801408 ]
 [0.50022626 0.22580503 0.2739687 ]]
probabilities: [[0.45766297 0.5368953  0.00544176]
 [0.59835196 0.16236645 0.23928162]
 [0.0580734  0.3262723  0.6156543 ]
 [0.05043249 0.7176731  0.23189436]
 [0.35392118 0.44870237 0.19737647]]
probabilities: [[0.3300118  0.49193543 0.17805275]
 [0.57690114 0.08192076 0.3411781 ]
 [0.5155647  0.25167197 0.23276336]
 [0.8116446  0.04372387 0.14463153]
 [0.29308853 0.340883   0.3660285 ]]
probabilities: [[0.14095943 0.641361   0.21767956]
 [0.24678744 0.05948413 0.69372845]
 [0.09637895 0.728448   0.17517307]
 [0.24399394 0.39311922 0.36288685]
 [0.03735278 0.8091296  0.15351762]]
probabilities: [[0.3588865  0.3282703  0.3128432 ]
 [0.61578137 0.07226551 0.31195313]
 [0.7169259  0.27437088 0.0087032 ]
 [0.66393423 0.2980792  0.03798658]
 [0.44551685 0.5461639  0.00831919]]
probabilities: [[1. 0. 0.]
 [1. 0. 0.]
 [1. 0. 0.]
 [1. 0. 0.]
 [1. 0. 0.]]
probabilities: [[0.33940053 0.14433149 0.516268  ]
 [0.02210493 0.50956166 0.4683334 ]
 [0.5758381  0.01858182 0.40558007]
 [0.15650974 0.3103427  0.5331476 ]
 [0.0637917  0.3884777  0.54773057]]
probabilities: [[2.6995769e-01 3.8942268e-01 3.4061965e-01]
 [3.4703752e-03 5.4956269e-01 4.4696692e-01]
 [3.5997382e-05 3.9205489e-01 6.0790914e-01]
 [3.3617508e-01 3.7890339e-01 2.8492153e-01]
 [1.7972426e-01 3.2183263e-01 4.9844313e-01]]
probabilities: [[0.03119147 0.6528043  0.31600422]
 [0.14927633 0.34340635 0.5073173 ]
 [0.47131467 0.31370592 0.21497941]
 [0.07037547 0.749603   0.18002155]
 [0.18184067 0.10394479 0.71421456]]
probabilities: [[0.2303775  0.2393572  0.5302653 ]
 [0.6088903  0.01367368 0.377436  ]
 [0.20760019 0.11225803 0.6801418 ]
 [0.91516644 0.0202164  0.06461715]
 [0.36375305 0.46189374 0.17435323]]
probabilities: [[0.8409903  0.1518839  0.0071258 ]
 [0.35750443 0.5291521  0.11334345]
 [0.15746292 0.61313784 0.22939922]
 [0.24357352 0.2922608  0.4641657 ]
 [0.58280337 0.21913828 0.19805835]]
probabilities: [[0. 1. 0.]
 [0. 1. 0.]
 [0. 1. 0.]
 [0. 1. 0.]
 [0. 1. 0.]]
probabilities: [[0.36311543 0.6008829  0.03600169]
 [0.10113697 0.07130167 0.8275614 ]
 [0.14717926 0.65042025 0.20240048]
 [0.05463815 0.47567126 0.4696906 ]
 [0.32076442 0.11317313 0.56606245]]
probabilities: [[0.28604248 0.59100556 0.12295199]
 [0.08316255 0.00701475 0.9098227 ]
 [0.36695078 0.5735234  0.05952581]
 [0.10594165 0.66726124 0.22679707]
 [0.7799987  0.20942938 0.01057191]]
probabilities: [[0.22356261 0.10551473 0.67092264]
 [0.1248654  0.15840168 0.7167329 ]
 [0.4602273  0.5201134  0.01965931]
 [0.02388167 0.54746413 0.42865416]
 [0.62515503 0.11843448 0.2564105 ]]
probabilities: [[0.02386874 0.5350243  0.44110695]
 [0.10970633 0.41811338 0.4721803 ]
 [0.65584093 0.11470851 0.22945054]
 [0.5102266  0.07409929 0.41567412]
 [0.51016897 0.22474258 0.26508844]]
probabilities: [[0.7838774  0.04148537 0.17463727]
 [0.01729935 0.2758388  0.70686185]
 [0.09526034 0.02528441 0.87945527]
 [0.38409975 0.19701013 0.41889012]
 [0.03665889 0.24384736 0.71949375]]
probabilities: [[0. 0. 1.]
 [0. 1. 0.]
 [0. 0. 1.]
 [0. 0. 1.]
 [0. 0. 1.]]
probabilities: [[0.11871107 0.7649537  0.11633527]
 [0.42492235 0.3682175  0.20686015]
 [0.71046895 0.19045128 0.09907977]
 [0.2026963  0.38045532 0.4168484 ]
 [0.0630705  0.25124452 0.685685  ]]
probabilities: [[0.28242493 0.16278522 0.55478984]
 [0.24174702 0.68324256 0.07501044]
 [0.18965472 0.62109077 0.18925449]
 [0.321662   0.14767623 0.53066176]
 [0.237934   0.15612614 0.60593987]]
probabilities: [[0.12527137 0.17767246 0.6970562 ]
 [0.08711555 0.47045094 0.4424335 ]
 [0.14872257 0.31700045 0.53427696]
 [0.29518917 0.3079137  0.39689714]
 [0.627522   0.15688585 0.21559218]]
probabilities: [[0.26534042 0.5816762  0.15298343]
 [0.310879   0.42359325 0.26552776]
 [0.18593247 0.16635884 0.6477087 ]
 [0.8212206  0.10908441 0.069695  ]
 [0.2026759  0.34941113 0.44791296]]
probabilities: [[0.5504915  0.10755197 0.3419565 ]
 [0.80520475 0.13903965 0.05575563]
 [0.3090923  0.5363647  0.15454304]
 [0.4970677  0.05724291 0.4456894 ]
 [0.06665723 0.2673129  0.6660299 ]]
probabilities: [[0. 1. 0.]
 [0. 1. 0.]
 [0. 1. 0.]
 [0. 1. 0.]
 [0. 1. 0.]]
probabilities: [[0.32577452 0.49883947 0.175386  ]
 [0.9065396  0.04477146 0.04868893]
 [0.47685415 0.4992942  0.02385167]
 [0.23974037 0.29286364 0.467396  ]
 [0.19557321 0.16118632 0.64324045]]
probabilities: [[0.00677091 0.62449664 0.36873248]
 [0.69079995 0.13874349 0.17045656]
 [0.15755288 0.36778137 0.47466573]
 [0.32291746 0.29073262 0.38634992]
 [0.41341785 0.143569   0.44301316]]
probabilities: [[0.10565494 0.11146072 0.78288436]
 [0.0118681  0.38355002 0.6045819 ]
 [0.3159352  0.65910083 0.02496397]
 [0.36568734 0.48980853 0.14450414]
 [0.36776766 0.6043488  0.02788354]]
probabilities: [[0.1828048  0.74488384 0.07231139]
 [0.21675915 0.09849452 0.6847463 ]
 [0.23579733 0.23293726 0.5312654 ]
 [0.3432299  0.2679308  0.3888393 ]
 [0.01319125 0.6190156  0.36779317]]
probabilities: [[0.58260053 0.22987406 0.1875254 ]
 [0.05676275 0.79969823 0.14353898]
 [0.8718536  0.0453728  0.08277361]
 [0.46592128 0.5309575  0.00312119]
 [0.82503843 0.12020202 0.05475952]]
probabilities: [[0. 1. 0.]
 [0. 1. 0.]
 [0. 1. 0.]
 [0. 1. 0.]
 [0. 1. 0.]]
probabilities: [[0.7118547  0.07625674 0.21188858]
 [0.5870217  0.31759065 0.09538764]
 [0.7041609  0.24782725 0.04801183]
 [0.19785406 0.45895478 0.34319118]
 [0.23936462 0.7465082  0.01412718]]
probabilities: [[0.12433891 0.3566437  0.5190174 ]
 [0.48806787 0.139391   0.37254116]
 [0.9007763  0.08391859 0.01530508]
 [0.94435555 0.0525881  0.00305635]
 [0.8037203  0.05778826 0.13849145]]
probabilities: [[0.44006923 0.3413923  0.21853848]
 [0.04744394 0.48185772 0.47069833]
 [0.32017547 0.37666944 0.30315506]
 [0.21233761 0.06213822 0.7255242 ]
 [0.90915704 0.03026422 0.06057872]]
probabilities: [[0.3235547  0.5536485  0.12279682]
 [0.01904993 0.35791945 0.6230306 ]
 [0.6101578  0.27447608 0.11536609]
 [0.12933299 0.06213662 0.8085304 ]
 [0.04849163 0.4405885  0.51091987]]
probabilities: [[0.02867435 0.5110282  0.4602975 ]
 [0.2533346  0.10830271 0.63836265]
 [0.2806163  0.0283098  0.6910739 ]
 [0.23952904 0.6134355  0.14703543]
 [0.864649   0.04156702 0.09378401]]
probabilities: [[0. 1. 0.]
 [0. 1. 0.]
 [0. 1. 0.]
 [0. 1. 0.]
 [0. 1. 0.]]
probabilities: [[5.93313634e-01 3.60561728e-01 4.61246334e-02]
 [1.15317544e-02 8.62056673e-01 1.26411572e-01]
 [2.39902496e-04 3.71610165e-01 6.28149927e-01]
 [2.13154480e-01 3.49612594e-01 4.37232941e-01]
 [1.21604264e-01 3.59587014e-01 5.18808722e-01]]
probabilities: [[0.3849296  0.17841063 0.43665975]
 [0.88834506 0.05884506 0.05280989]
 [0.34520566 0.32195765 0.3328367 ]
 [0.50200707 0.42859057 0.06940234]
 [0.19175012 0.71224535 0.09600455]]
probabilities: [[0.17479476 0.26351336 0.5616919 ]
 [0.6027151  0.23397152 0.16331342]
 [0.12383686 0.41647035 0.45969278]
 [0.36892322 0.6109304  0.02014638]
 [0.38293687 0.31080118 0.30626196]]
probabilities: [[0.07615186 0.7155627  0.20828542]
 [0.32948962 0.46489176 0.20561862]
 [0.71859413 0.02119284 0.26021302]
 [0.17533982 0.5497356  0.2749246 ]
 [0.28812742 0.6334422  0.07843038]]
probabilities: [[0.16090302 0.43951944 0.39957753]
 [0.4476691  0.23398644 0.31834444]
 [0.32146886 0.50155556 0.17697556]
 [0.29471084 0.37699497 0.3282942 ]
 [0.15636979 0.798546   0.04508422]]
probabilities: [[0. 0. 1.]
 [0. 1. 0.]
 [0. 1. 0.]
 [0. 0. 1.]
 [0. 0. 1.]]
probabilities: [[0.22131886 0.73805404 0.0406271 ]
 [0.63676745 0.00334139 0.35989115]
 [0.29998848 0.44541523 0.2545963 ]
 [0.1034196  0.6998315  0.19674893]
 [0.05415683 0.80737185 0.13847134]]
probabilities: [[0.2299575  0.02378155 0.74626094]
 [0.3295899  0.15005805 0.52035207]
 [0.0073911  0.16161422 0.83099467]
 [0.15410936 0.21694541 0.62894523]
 [0.13209061 0.15769064 0.7102187 ]]
probabilities: [[0.9207824  0.04024659 0.038971  ]
 [0.806593   0.02238132 0.17102568]
 [0.4273812  0.20588191 0.36673692]
 [0.3768842  0.5836491  0.03946669]
 [0.25075722 0.47802395 0.2712188 ]]
probabilities: [[0.56706095 0.02279634 0.41014272]
 [0.47419176 0.1981439  0.32766435]
 [0.57405347 0.14806385 0.27788267]
 [0.07737211 0.8176851  0.10494278]
 [0.5545668  0.04175168 0.40368155]]
probabilities: [[0.1728439  0.47590938 0.3512467 ]
 [0.8037743  0.17206302 0.02416267]
 [0.3752295  0.20176291 0.42300758]
 [0.14244264 0.12353761 0.73401976]
 [0.24789536 0.10878362 0.64332104]]
probabilities: [[0. 0. 1.]
 [0. 1. 0.]
 [0. 0. 1.]
 [0. 0. 1.]
 [0. 0. 1.]]
probabilities: [[0.0784447  0.7113757  0.21017957]
 [0.4373367  0.5358347  0.02682859]
 [0.22003761 0.1132824  0.66668   ]
 [0.30495524 0.30646318 0.38858154]
 [0.10494333 0.3680311  0.5270256 ]]
probabilities: [[0.7934352  0.14115159 0.06541318]
 [0.4842205  0.2618524  0.25392708]
 [0.27443156 0.18771952 0.53784895]
 [0.3727645  0.32396743 0.30326807]
 [0.26230478 0.7011877  0.03650757]]
probabilities: [[0.33768982 0.49808872 0.16422147]
 [0.38321638 0.32076675 0.29601687]
 [0.19360118 0.61875945 0.1876394 ]
 [0.2587921  0.7064872  0.03472072]
 [0.5705611  0.13901362 0.29042524]]
probabilities: [[0.2626611  0.42690673 0.31043217]
 [0.25759712 0.64001286 0.10239001]
 [0.57456255 0.03968913 0.38574833]
 [0.02202933 0.47607535 0.5018953 ]
 [0.08691587 0.16426834 0.7488158 ]]
probabilities: [[0.05052386 0.4437631  0.50571305]
 [0.890705   0.04993994 0.05935507]
 [0.12894619 0.05399212 0.81706166]
 [0.6662944  0.26031965 0.07338595]
 [0.08017015 0.70607406 0.21375579]]
probabilities: [[0. 0. 1.]
 [0. 1. 0.]
 [0. 0. 1.]
 [0. 0. 1.]
 [0. 0. 1.]]
probabilities: [[0.05307285 0.6874971  0.25943008]
 [0.08749412 0.08379868 0.8287072 ]
 [0.10545825 0.49916467 0.3953771 ]
 [0.0025324  0.985605   0.01186261]
 [0.54154664 0.31894955 0.13950379]]
probabilities: [[0.63159746 0.18970743 0.17869508]
 [0.19525881 0.2581407  0.54660046]
 [0.09971714 0.46017423 0.44010863]
 [0.42607322 0.50768304 0.0662437 ]
 [0.5793734  0.04813734 0.37248924]]
probabilities: [[0.7639427  0.21618025 0.01987702]
 [0.10765071 0.264171   0.6281783 ]
 [0.26699007 0.511772   0.22123796]
 [0.06390655 0.5081968  0.42789668]
 [0.42759618 0.2052128  0.36719102]]
probabilities: [[0.2782707  0.45777714 0.26395217]
 [0.2261736  0.75359046 0.02023593]
 [0.5658632  0.21608596 0.21805088]
 [0.3147564  0.5269907  0.1582529 ]
 [0.6355598  0.24601963 0.11842058]]
probabilities: [[0.28778923 0.28510424 0.42710653]
 [0.36094987 0.40977588 0.22927423]
 [0.5554097  0.0438793  0.40071097]
 [0.65082234 0.19989727 0.1492804 ]
 [0.03076087 0.01251956 0.9567196 ]]
probabilities: [[1. 0. 0.]
 [1. 0. 0.]
 [1. 0. 0.]
 [1. 0. 0.]
 [1. 0. 0.]]
probabilities: [[0.05733354 0.25003743 0.69262904]
 [0.5129165  0.18483987 0.30224362]
 [0.00601963 0.60556906 0.38841128]
 [0.21442112 0.38233125 0.4032476 ]
 [0.45497012 0.43866253 0.10636737]]
probabilities: [[0.57901824 0.15101233 0.26996946]
 [0.61709976 0.36313567 0.01976457]
 [0.1795734  0.28067246 0.53975415]
 [0.10774712 0.6714304  0.22082247]
 [0.7094536  0.13235919 0.15818723]]
probabilities: [[0.34791756 0.1601591  0.49192333]
 [0.527313   0.16088246 0.31180456]
 [0.02237826 0.52780885 0.44981292]
 [0.08439586 0.02420139 0.8914028 ]
 [0.47010353 0.19984932 0.33004713]]
probabilities: [[0.066065   0.24235941 0.6915756 ]
