probabilities: [[0. 0. 1.]
 [0. 1. 0.]
 [0. 0. 1.]
 [0. 0. 1.]
 [0. 0. 1.]]
probabilities: [[0.29710105 0.36560616 0.3372928 ]
 [0.49003652 0.46720672 0.04275678]
 [0.00335497 0.01959127 0.97705376]
 [0.12088005 0.01120094 0.867919  ]
 [0.30903637 0.09129668 0.59966695]]
probabilities: [[0.42746028 0.351375   0.22116467]
 [0.04396001 0.3426416  0.6133984 ]
 [0.06534426 0.43210268 0.50255305]
 [0.16483477 0.05869615 0.7764691 ]
 [0.21576789 0.27104792 0.5131842 ]]
probabilities: [[0.5368476  0.00968124 0.45347115]
 [0.09653043 0.82911867 0.0743509 ]
 [0.0999519  0.7483291  0.151719  ]
 [0.14687853 0.08073644 0.77238506]
 [0.27178743 0.5228713  0.20534122]]
probabilities: [[0. 0. 1.]
 [0. 1. 0.]
 [0. 0. 1.]
 [0. 0. 1.]
 [0. 0. 1.]]
probabilities: [[0.36834145 0.5302414  0.10141722]
 [0.53650635 0.3384734  0.12502025]
 [0.40470776 0.4550579  0.14023435]
 [0.01140215 0.4887705  0.49982736]
 [0.5386044  0.19592185 0.26547375]]
probabilities: [[8.8009708e-02 2.4542813e-01 6.6656214e-01]
 [8.6858928e-01 1.3075942e-01 6.5132376e-04]
 [3.0393201e-01 1.3930468e-01 5.5676329e-01]
 [5.4293025e-01 4.2796183e-01 2.9107912e-02]
 [6.0962838e-01 7.1893699e-02 3.1847793e-01]]
probabilities: [[0.06183046 0.8132613  0.12490829]
 [0.3113871  0.01589653 0.6727164 ]
 [0.33737394 0.31961083 0.34301522]
 [0.17036834 0.1569635  0.67266816]
 [0.35700274 0.01354224 0.62945503]]
probabilities: [[0. 0. 1.]
 [0. 1. 0.]
 [0. 0. 1.]
 [0. 0. 1.]
 [0. 0. 1.]]
probabilities: [[0.08073454 0.8614604  0.05780505]
 [0.3547009  0.15109114 0.49420795]
 [0.698767   0.0652699  0.23596309]
 [0.02545936 0.817999   0.15654163]
 [0.6732759  0.09682176 0.22990237]]
probabilities: [[0.62688506 0.11597342 0.25714153]
 [0.43441594 0.03462327 0.5309608 ]
 [0.33708778 0.48204008 0.18087216]
 [0.16546339 0.6301446  0.20439202]
 [0.12194678 0.4234074  0.4546458 ]]
probabilities: [[0.4074893  0.3808569  0.21165381]
 [0.21795835 0.5811731  0.20086856]
 [0.3443179  0.6221817  0.03350038]
 [0.60530996 0.24391663 0.15077342]
 [0.09484261 0.31911647 0.5860409 ]]
probabilities: [[0. 0. 1.]
 [0. 1. 0.]
 [0. 0. 1.]
 [0. 0. 1.]
 [0. 0. 1.]]
probabilities: [[0.020592   0.5477657  0.43164232]
 [0.49769986 0.38986397 0.11243618]
 [0.16760677 0.71993023 0.112463  ]
 [0.02654401 0.40117538 0.57228065]
 [0.40005654 0.27082148 0.32912198]]
probabilities: [[0.39128855 0.35573906 0.2529724 ]
 [0.70030355 0.10736137 0.19233507]
 [0.14651778 0.39882258 0.45465964]
 [0.10739882 0.6809657  0.21163549]
 [0.3709481  0.586424   0.0426279 ]]
probabilities: [[0.84754    0.06044954 0.09201043]
 [0.9497111  0.00334324 0.04694571]
 [0.64447296 0.31598738 0.03953962]
 [0.5394696  0.43700728 0.02352311]
 [0.58791107 0.37733644 0.03475247]]
probabilities: [[0. 1. 0.]
 [0. 1. 0.]
 [0. 1. 0.]
 [0. 1. 0.]
 [0. 1. 0.]]
probabilities: [[0.02168584 0.07917901 0.8991352 ]
 [0.4975504  0.24075434 0.26169527]
 [0.04114998 0.42805922 0.5307908 ]
 [0.00916931 0.85689723 0.13393345]
 [0.0562032  0.15892898 0.7848678 ]]
probabilities: [[0.04156675 0.3662002  0.59223306]
 [0.3915569  0.26616585 0.34227726]
 [0.09542073 0.50341094 0.40116835]
 [0.38809752 0.5307041  0.08119839]
 [0.07228959 0.34645072 0.5812597 ]]
probabilities: [[0.0536039  0.3576812  0.5887149 ]
 [0.23021786 0.50435287 0.26542926]
 [0.35659698 0.23322244 0.41018057]
 [0.01514764 0.89085346 0.09399886]
 [0.34946796 0.03079845 0.6197336 ]]
probabilities: [[0. 0. 1.]
 [0. 1. 0.]
 [0. 1. 0.]
 [0. 0. 1.]
 [0. 0. 1.]]
probabilities: [[0.12245503 0.1183873  0.75915766]
 [0.14940745 0.5409886  0.30960393]
 [0.8537856  0.09519491 0.0510195 ]
 [0.15011348 0.74367636 0.10621019]
 [0.14531098 0.10370624 0.75098276]]
probabilities: [[6.5081817e-04 6.1768562e-01 3.8166356e-01]
 [4.5709010e-02 2.8882080e-01 6.6547018e-01]
 [8.2626857e-02 2.7166578e-01 6.4570737e-01]
 [1.5878537e-01 1.7348371e-01 6.6773093e-01]
 [2.3471135e-01 7.4399106e-02 6.9088954e-01]]
probabilities: [[0.58622634 0.20668136 0.20709229]
 [0.85994714 0.06286174 0.07719109]
 [0.27165613 0.2781265  0.45021737]
 [0.7319846  0.10511695 0.16289845]
 [0.632371   0.0122237  0.3554053 ]]
probabilities: [[0. 1. 0.]
 [0. 1. 0.]
 [0. 1. 0.]
 [0. 1. 0.]
 [0. 1. 0.]]
probabilities: [[0.37518758 0.06323317 0.5615792 ]
 [0.45812783 0.35905305 0.18281911]
 [0.008226   0.13954724 0.85222673]
 [0.6057996  0.17072709 0.22347328]
 [0.5173057  0.0968223  0.385872  ]]
probabilities: [[0.326975   0.6243493  0.04867568]
 [0.29710352 0.30160692 0.40128955]
 [0.07300056 0.04779526 0.8792042 ]
 [0.17534977 0.34368527 0.48096496]
 [0.22992285 0.68514615 0.08493099]]
probabilities: [[0.15979923 0.24923061 0.59097016]
 [0.46705243 0.02448765 0.5084599 ]
 [0.15597852 0.7300699  0.1139516 ]
 [0.77335453 0.13491015 0.09173532]
 [0.2908846  0.6160921  0.0930233 ]]
probabilities: [[0. 0. 1.]
 [0. 1. 0.]
 [0. 0. 1.]
 [0. 0. 1.]
 [0. 0. 1.]]
probabilities: [[0.45698574 0.2791002  0.26391405]
 [0.6237543  0.22280562 0.15344006]
 [0.72293735 0.16865739 0.10840525]
 [0.17743833 0.5571769  0.26538476]
 [0.85956246 0.1252144  0.01522314]]
probabilities: [[0.19458313 0.5931986  0.21221827]
 [0.29368675 0.1744624  0.5318509 ]
 [0.28472227 0.58929443 0.12598328]
 [0.09759451 0.05678632 0.84561914]
 [0.559036   0.153405   0.28755897]]
probabilities: [[0.6134602  0.21424344 0.17229639]
 [0.43438837 0.13223913 0.4333725 ]
 [0.79573894 0.11983144 0.08442964]
 [0.4048853  0.04327905 0.55183566]
 [0.3819902  0.10162111 0.5163887 ]]
probabilities: [[1. 0. 0.]
 [1. 0. 0.]
 [1. 0. 0.]
 [1. 0. 0.]
 [1. 0. 0.]]
probabilities: [[0.3075775  0.4317627  0.2606598 ]
 [0.34507445 0.61712146 0.03780409]
 [0.31711778 0.40832585 0.27455637]
 [0.309318   0.60035634 0.09032568]
 [0.06656187 0.32189122 0.6115469 ]]
probabilities: [[0.259537   0.6360525  0.1044105 ]
 [0.6125532  0.32388622 0.06356059]
 [0.47251496 0.24075691 0.2867281 ]
 [0.6842962  0.01174623 0.3039576 ]
 [0.33754432 0.10475124 0.55770445]]
probabilities: [[0.70464534 0.2458762  0.04947848]
 [0.6607157  0.0191705  0.3201138 ]
 [0.06995266 0.24818225 0.6818651 ]
 [0.06139726 0.90050995 0.03809277]
 [0.77474666 0.15666929 0.06858408]]
probabilities: [[0. 1. 0.]
 [0. 1. 0.]
 [0. 1. 0.]
 [0. 1. 0.]
 [0. 1. 0.]]
probabilities: [[0.5120475  0.44427624 0.04367624]
 [0.05020391 0.70685303 0.24294306]
 [0.05931728 0.7207532  0.21992953]
 [0.0595491  0.40303433 0.5374166 ]
 [0.6170383  0.3165458  0.06641586]]
probabilities: [[0.388362   0.4968899  0.11474814]
 [0.24329154 0.4563265  0.30038193]
 [0.02734245 0.08268657 0.88997096]
 [0.6989603  0.2856076  0.0154321 ]
 [0.33960852 0.14256369 0.5178278 ]]
probabilities: [[0.32074845 0.53825915 0.14099239]
 [0.5494903  0.00858428 0.44192544]
 [0.3445853  0.13042559 0.5249891 ]
 [0.12037549 0.53206325 0.3475613 ]
 [0.37973696 0.5264564  0.09380662]]
probabilities: [[0. 0. 1.]
 [0. 1. 0.]
 [0. 0. 1.]
 [0. 0. 1.]
 [0. 0. 1.]]
probabilities: [[0.14602205 0.62425876 0.2297192 ]
 [0.282963   0.43453407 0.28250292]
 [0.06982449 0.6653785  0.26479697]
 [0.30216897 0.15714611 0.54068494]
 [0.42328352 0.17976637 0.39695013]]
probabilities: [[8.8190492e-03 7.1756177e-02 9.1942477e-01]
 [5.7256114e-01 3.9983469e-01 2.7604179e-02]
 [9.0051574e-01 9.0133376e-02 9.3509015e-03]
 [6.0808069e-01 2.2846644e-04 3.9169082e-01]
 [3.8875449e-01 5.2279526e-01 8.8450246e-02]]
probabilities: [[0.09891342 0.24377327 0.6573133 ]
 [0.17876725 0.4973154  0.32391733]
 [0.75579345 0.05167805 0.19252852]
 [0.647053   0.09078767 0.26215932]
 [0.3922085  0.48825777 0.11953373]]
probabilities: [[1. 0. 0.]
 [1. 0. 0.]
 [1. 0. 0.]
 [1. 0. 0.]
 [1. 0. 0.]]
probabilities: [[0.10072564 0.7629903  0.1362841 ]
 [0.09423319 0.604479   0.3012878 ]
 [0.19227378 0.16053365 0.6471926 ]
 [0.43819794 0.37450257 0.18729949]
 [0.5286659  0.38467464 0.08665946]]
probabilities: [[0.91089225 0.02166904 0.06743869]
 [0.03118068 0.22724769 0.7415716 ]
 [0.34378555 0.3968145  0.25939995]
 [0.2495668  0.7330302  0.01740299]
 [0.13115582 0.29934344 0.56950074]]
probabilities: [[0.5425245  0.30410233 0.15337318]
 [0.40908885 0.2656318  0.32527936]
 [0.2731233  0.5284507  0.19842598]
 [0.13895594 0.2553013  0.60574275]
 [0.25280327 0.39658582 0.35061088]]
probabilities: [[0. 0. 1.]
 [0. 1. 0.]
 [0. 0. 1.]
 [0. 0. 1.]
 [0. 0. 1.]]
probabilities: [[0.44184163 0.5248313  0.03332709]
 [0.43645915 0.4905724  0.07296845]
 [0.70464015 0.06589948 0.22946034]
 [0.24912764 0.16725622 0.58361614]
 [0.7756935  0.15432243 0.06998408]]
probabilities: [[0.19714417 0.7005953  0.10226053]
 [0.31323943 0.26538748 0.4213731 ]
 [0.6415502  0.35158235 0.00686746]
 [0.17782028 0.3505948  0.47158492]
 [0.2232598  0.33590546 0.44083473]]
probabilities: [[0.74679047 0.14564669 0.10756283]
 [0.47471046 0.3125805  0.21270905]
 [0.22182976 0.10571007 0.6724602 ]
 [0.1729669  0.15378931 0.6732438 ]
 [0.00918103 0.8635667  0.12725225]]
probabilities: [[1. 0. 0.]
 [1. 0. 0.]
 [1. 0. 0.]
 [1. 0. 0.]
 [1. 0. 0.]]
probabilities: [[0.6051532  0.05719382 0.33765295]
 [0.18850178 0.292647   0.5188512 ]
 [0.3025959  0.48027503 0.21712904]
 [0.8065499  0.03550426 0.15794586]
 [0.57081354 0.15154816 0.27763835]]
probabilities: [[0.14011191 0.7588521  0.10103595]
 [0.00674635 0.8245465  0.16870712]
 [0.61781937 0.31122944 0.07095116]
 [0.23769462 0.13056432 0.63174105]
 [0.29181764 0.22693253 0.48124984]]
probabilities: [[0.28472686 0.6965089  0.01876422]
 [0.29981884 0.38992938 0.31025177]
 [0.08553422 0.81143564 0.10303015]
 [0.47422236 0.39883396 0.1269437 ]
 [0.17127967 0.07627351 0.75244683]]
probabilities: [[0. 0. 1.]
 [0. 1. 0.]
 [0. 1. 0.]
 [0. 0. 1.]
 [0. 0. 1.]]
probabilities: [[0.12692535 0.32188413 0.55119056]
 [0.3874737  0.15732637 0.45519993]
 [0.03279728 0.4213851  0.5458176 ]
 [0.03077193 0.5245256  0.4447025 ]
 [0.03930632 0.41676793 0.54392576]]
probabilities: [[1.5997430e-02 6.1733943e-01 3.6666313e-01]
 [2.7586350e-01 7.0029743e-02 6.5410674e-01]
 [2.6113579e-01 7.3857129e-01 2.9294551e-04]
 [4.9240357e-01 2.5863922e-01 2.4895722e-01]
 [3.9073467e-01 3.5022490e-02 5.7424283e-01]]
probabilities: [[0.32112077 0.597962   0.08091718]
 [0.5882536  0.01692731 0.39481908]
 [0.308534   0.4613133  0.2301527 ]
 [0.01139596 0.7829033  0.20570074]
 [0.24542604 0.47562143 0.2789525 ]]
probabilities: [[0. 0. 1.]
 [0. 1. 0.]
 [0. 0. 1.]
 [0. 0. 1.]
 [0. 0. 1.]]
probabilities: [[0.70004743 0.24025406 0.05969852]
 [0.64936334 0.01511665 0.33552003]
 [0.74534744 0.04359526 0.21105728]
 [0.12823743 0.31881702 0.55294555]
 [0.0567981  0.35839134 0.58481055]]
probabilities: [[0.3760771  0.3138302  0.31009272]
 [0.0472182  0.8956808  0.05710099]
 [0.22171403 0.05160968 0.7266763 ]
 [0.05773075 0.17416762 0.76810163]
 [0.52452564 0.06939479 0.40607953]]
probabilities: [[0.25325614 0.16665484 0.58008903]
 [0.4319808  0.3866275  0.1813917 ]
 [0.07283346 0.7530694  0.17409714]
 [0.03607557 0.29206222 0.6718622 ]
 [0.27064803 0.6612018  0.06815021]]
probabilities: [[0. 1. 0.]
 [0. 1. 0.]
 [0. 1. 0.]
 [0. 1. 0.]
 [0. 1. 0.]]
probabilities: [[0.324041   0.22938506 0.44657394]
 [0.04632677 0.37597385 0.57769936]
 [0.13838911 0.62760574 0.23400515]
 [0.63765186 0.17593727 0.1864109 ]
 [0.65326136 0.2684352  0.07830345]]
probabilities: [[0.22558135 0.1790677  0.5953509 ]
 [0.47762188 0.31869137 0.20368676]
 [0.11363713 0.5442177  0.34214517]
 [0.23006582 0.67051655 0.09941763]
 [0.11189951 0.22534153 0.66275895]]
probabilities: [[0.01001617 0.14523844 0.8447454 ]
 [0.3895126  0.30278316 0.30770424]
 [0.5507661  0.22474603 0.22448789]
 [0.5173034  0.29010004 0.19259655]
 [0.24909072 0.27109897 0.4798103 ]]
probabilities: [[0. 0. 1.]
 [0. 1. 0.]
 [0. 1. 0.]
 [0. 0. 1.]
 [0. 0. 1.]]
probabilities: [[0.72537273 0.07258305 0.2020442 ]
 [0.07145961 0.37127838 0.557262  ]
 [0.23743556 0.14192024 0.6206442 ]
 [0.2133953  0.6272387  0.15936603]
 [0.15492834 0.4034247  0.44164693]]
probabilities: [[0.49262568 0.45996088 0.04741342]
 [0.23780948 0.254746   0.50744456]
 [0.0932783  0.10227285 0.80444884]
 [0.83559597 0.11230711 0.0520969 ]
 [0.00481331 0.7008249  0.29436177]]
probabilities: [[0.3427959  0.6332383  0.02396579]
 [0.42653966 0.49834982 0.07511055]
 [0.5632095  0.10947549 0.327315  ]
 [0.3401632  0.23869072 0.4211461 ]
 [0.48506784 0.49449098 0.02044118]]
probabilities: [[0. 1. 0.]
 [0. 1. 0.]
 [0. 1. 0.]
 [0. 1. 0.]
 [0. 1. 0.]]
probabilities: [[0.6617323  0.15290087 0.1853668 ]
 [0.3941151  0.5681994  0.03768552]
 [0.26971686 0.18212979 0.54815334]
 [0.04230472 0.9091379  0.0485574 ]
 [0.81945515 0.0289734  0.15157147]]
probabilities: [[0.87235534 0.0323405  0.09530418]
 [0.52269244 0.13219784 0.3451097 ]
 [0.22163558 0.61183965 0.16652478]
 [0.5279715  0.08646685 0.38556167]
 [0.36066672 0.6327978  0.00653547]]
probabilities: [[0.16825569 0.81918734 0.01255696]
 [0.7400538  0.1585543  0.10139195]
 [0.25748837 0.4725909  0.26992074]
 [0.46910378 0.44622603 0.08467018]
 [0.33244735 0.51627934 0.1512733 ]]
probabilities: [[0. 1. 0.]
 [0. 1. 0.]
 [0. 1. 0.]
 [0. 1. 0.]
 [0. 1. 0.]]
probabilities: [[0.1208312  0.5533532  0.32581562]
 [0.4057656  0.39030647 0.20392795]
 [0.3715154  0.4527234  0.17576121]
 [0.21454874 0.6378513  0.14759995]
 [0.2716313  0.05690054 0.67146814]]
probabilities: [[0.09467579 0.03386129 0.87146294]
 [0.10671172 0.53590375 0.35738453]
 [0.02428285 0.49612367 0.4795935 ]
 [0.24868943 0.21403623 0.53727436]
 [0.332646   0.14983834 0.5175156 ]]
probabilities: [[0.31323278 0.598151   0.08861618]
 [0.3057779  0.25595075 0.43827134]
 [0.36189976 0.28782603 0.3502742 ]
 [0.6989568  0.29333913 0.00770407]
 [0.7795537  0.05458806 0.16585825]]
probabilities: [[1. 0. 0.]
 [1. 0. 0.]
 [1. 0. 0.]
 [1. 0. 0.]
 [1. 0. 0.]]
probabilities: [[0.0848931  0.8252652  0.08984167]
 [0.13266857 0.4152986  0.45203283]
 [0.13962811 0.23347235 0.62689954]
 [0.34219265 0.03978981 0.61801755]
 [0.12769356 0.36503464 0.5072718 ]]
probabilities: [[0.00506447 0.21263543 0.7823001 ]
 [0.6210238  0.29493606 0.08404019]
 [0.5363682  0.0506355  0.4129963 ]
 [0.06552389 0.81083524 0.12364089]
 [0.51160824 0.02817298 0.46021882]]
probabilities: [[0.17475793 0.2055208  0.6197213 ]
 [0.2569118  0.70410776 0.03898042]
 [0.41362885 0.02601954 0.5603516 ]
 [0.292989   0.3883733  0.31863773]
 [0.00710142 0.9791789  0.01371971]]
probabilities: [[0. 1. 0.]
 [0. 1. 0.]
 [0. 1. 0.]
 [0. 1. 0.]
 [0. 1. 0.]]
probabilities: [[0.4749582  0.49602544 0.02901635]
 [0.246135   0.2009046  0.5529604 ]
 [0.39469865 0.2595006  0.34580076]
 [0.19691949 0.31841928 0.48466122]
 [0.08543246 0.75423706 0.16033049]]
probabilities: [[0.46762577 0.23374939 0.29862484]
 [0.04163716 0.32603964 0.6323232 ]
 [0.40065044 0.4197522  0.17959736]
 [0.54860884 0.25448185 0.19690931]
 [0.3481266  0.17729284 0.47458056]]
probabilities: [[0.23577738 0.16937624 0.59484637]
 [0.59111243 0.1503688  0.25851876]
 [0.48445842 0.44059846 0.07494312]
 [0.30891564 0.15385287 0.5372315 ]
 [0.1356381  0.6235912  0.2407707 ]]
probabilities: [[0. 1. 0.]
 [0. 1. 0.]
 [0. 1. 0.]
 [0. 1. 0.]
 [0. 1. 0.]]
probabilities: [[0.2102613  0.23652185 0.5532168 ]
 [0.3739541  0.50971234 0.11633357]
 [0.74748063 0.03386165 0.21865772]
 [0.10974883 0.02180288 0.8684483 ]
 [0.38969803 0.44769818 0.16260381]]
probabilities: [[0.08765762 0.29766813 0.61467427]
 [0.64475423 0.16503109 0.19021466]
 [0.2781288  0.28231335 0.43955788]
 [0.24370871 0.6670427  0.08924861]
 [0.75091517 0.09223237 0.15685248]]
probabilities: [[0.04205144 0.12432231 0.8336263 ]
 [0.0183605  0.32578155 0.655858  ]
 [0.5259597  0.00569802 0.4683423 ]
 [0.21100925 0.5482032  0.24078757]
 [0.12784134 0.45278108 0.4193776 ]]
probabilities: [[1. 0. 0.]
 [1. 0. 0.]
 [1. 0. 0.]
 [1. 0. 0.]
 [1. 0. 0.]]
probabilities: [[0.43699658 0.13525677 0.42774665]
 [0.08296432 0.49686757 0.42016813]
 [0.04210097 0.7294152  0.22848384]
 [0.36231828 0.1332289  0.5044528 ]
 [0.29785135 0.3188586  0.38329005]]
probabilities: [[0.05318905 0.01326301 0.9335479 ]
 [0.35932446 0.36347952 0.277196  ]
 [0.32543018 0.58177096 0.09279886]
 [0.3703523  0.44711742 0.18253028]
 [0.0081314  0.29476783 0.69710076]]
probabilities: [[0.17315774 0.10849316 0.7183491 ]
 [0.09458477 0.50399894 0.40141633]
 [0.3007574  0.14166348 0.5575791 ]
 [0.5776289  0.03081329 0.39155778]
 [0.11183484 0.13869998 0.74946517]]
probabilities: [[0. 0. 1.]
 [0. 1. 0.]
 [0. 0. 1.]
 [0. 0. 1.]
 [0. 0. 1.]]
probabilities: [[0.4205408  0.23415045 0.34530872]
 [0.1563097  0.5523515  0.29133883]
 [0.12279787 0.7391135  0.13808864]
 [0.3061981  0.5936407  0.10016124]
 [0.49238315 0.31754765 0.19006921]]
probabilities: [[0.72037405 0.12481055 0.15481542]
 [0.83928186 0.02081406 0.13990408]
 [0.01385099 0.13324042 0.8529086 ]
 [0.32316035 0.15865523 0.5181844 ]
 [0.13957587 0.6224601  0.23796397]]
probabilities: [[0.15050952 0.31267977 0.5368107 ]
 [0.10538305 0.811694   0.08292296]
 [0.01974754 0.8912351  0.08901734]
 [0.14815788 0.2663759  0.5854662 ]
 [0.24846497 0.43271735 0.31881768]]
probabilities: [[1. 0. 0.]
 [1. 0. 0.]
 [1. 0. 0.]
 [1. 0. 0.]
 [1. 0. 0.]]
probabilities: [[0.28874332 0.28453973 0.42671698]
 [0.12318994 0.4952444  0.38156566]
 [0.09206865 0.70996547 0.19796589]
 [0.51821285 0.24832304 0.23346412]
 [0.13704611 0.50505435 0.35789952]]
probabilities: [[0.02554448 0.33364883 0.6408067 ]
 [0.08094606 0.82725865 0.0917953 ]
 [0.7980343  0.06980423 0.13216148]
 [0.44625002 0.24483289 0.30891708]
 [0.78650934 0.03858027 0.17491038]]
probabilities: [[0.4129609  0.5146116  0.07242753]
 [0.5618277  0.392366   0.0458063 ]
 [0.4925561  0.01926079 0.4881831 ]
 [0.14577064 0.06335876 0.7908706 ]
 [0.03687204 0.8614751  0.10165282]]
probabilities: [[1. 0. 0.]
 [1. 0. 0.]
 [1. 0. 0.]
 [1. 0. 0.]
 [1. 0. 0.]]
probabilities: [[0.36133063 0.34004804 0.29862133]
 [0.5269828  0.23417452 0.23884271]
 [0.3534261  0.0575901  0.5889838 ]
 [0.18306032 0.19046657 0.6264731 ]
 [0.01534736 0.7473212  0.23733144]]
probabilities: [[0.04354529 0.8532867  0.10316803]
 [0.28162563 0.57451606 0.14385833]
 [0.5963473  0.14485924 0.2587935 ]
 [0.29912665 0.45051545 0.2503579 ]
 [0.12545688 0.21065159 0.66389155]]
probabilities: [[0.7478804  0.04334379 0.20877579]
 [0.27159306 0.72653055 0.00187641]
 [0.10176858 0.01788374 0.88034767]
 [0.31822637 0.5520183  0.12975536]
 [0.34546283 0.2892789  0.36525828]]
probabilities: [[0. 0. 1.]
 [0. 1. 0.]
 [0. 0. 1.]
 [0. 0. 1.]
 [0. 0. 1.]]
probabilities: [[0.06693395 0.5801134  0.35295266]
 [0.36820483 0.56926286 0.06253227]
 [0.38220307 0.27801648 0.33978048]
 [0.09603764 0.77105796 0.13290438]
 [0.0262274  0.69565415 0.27811846]]
probabilities: [[0.68385196 0.08751173 0.2286363 ]
 [0.23766473 0.6352999  0.12703535]
 [0.66332835 0.03836483 0.29830682]
 [0.45231637 0.25834766 0.28933597]
 [0.6714121  0.17668906 0.15189883]]
probabilities: [[0.08625614 0.34760186 0.566142  ]
 [0.6292067  0.01385716 0.35693613]
 [0.36044255 0.02679027 0.61276716]
 [0.36280677 0.41918537 0.21800789]
 [0.33366585 0.39600924 0.27032492]]
probabilities: [[0. 0. 1.]
 [0. 1. 0.]
 [0. 1. 0.]
 [0. 0. 1.]
 [0. 0. 1.]]
probabilities: [[0.19961196 0.21193258 0.58845544]
 [0.70254284 0.14348218 0.153975  ]
 [0.15487932 0.71424085 0.13087986]
 [0.7093075  0.00177818 0.2889143 ]
 [0.5844325  0.11584051 0.29972702]]
probabilities: [[0.5365091  0.10773584 0.35575506]
 [0.26718226 0.5259695  0.2068482 ]
 [0.789736   0.03911109 0.17115292]
 [0.03240034 0.83700126 0.13059841]
 [0.4408513  0.33658206 0.22256663]]
probabilities: [[0.4739748  0.22452632 0.3014989 ]
 [0.83470005 0.01907565 0.14622429]
 [0.15444843 0.30772504 0.53782654]
 [0.03658492 0.20066188 0.7627532 ]
 [0.01792404 0.7046381  0.27743784]]
probabilities: [[0. 0. 1.]
 [0. 1. 0.]
 [0. 1. 0.]
 [0. 0. 1.]
 [0. 0. 1.]]
probabilities: [[0.64784825 0.3209064  0.03124537]
 [0.02069297 0.8887326  0.09057444]
 [0.3438651  0.5642439  0.09189098]
 [0.4387295  0.31298682 0.24828368]
 [0.504752   0.38956845 0.10567955]]
probabilities: [[4.0845609e-01 5.9138888e-01 1.5500946e-04]
 [1.9554612e-01 1.8445945e-01 6.1999446e-01]
 [3.4260094e-01 4.0338016e-01 2.5401890e-01]
 [2.4563234e-02 6.2328345e-01 3.5215333e-01]
 [2.6290233e-03 5.0590014e-01 4.9147084e-01]]
probabilities: [[0.15369444 0.01552399 0.8307816 ]
 [0.03660537 0.8653018  0.09809282]
 [0.9188987  0.03944023 0.04166106]
 [0.05934791 0.8744316  0.06622047]
 [0.58565396 0.28565297 0.12869304]]
probabilities: [[0. 0. 1.]
 [0. 1. 0.]
 [0. 1. 0.]
 [0. 0. 1.]
 [0. 0. 1.]]
probabilities: [[0.22908162 0.2957417  0.47517666]
 [0.3438118  0.59155786 0.06463033]
 [0.03485171 0.04074571 0.9244026 ]
 [0.4163069  0.22258507 0.361108  ]
 [0.31977153 0.66157234 0.01865615]]
probabilities: [[0.08371954 0.42113134 0.4951491 ]
 [0.4755486  0.0105128  0.5139386 ]
 [0.0713094  0.82081306 0.10787757]
 [0.6297948  0.29149923 0.07870602]
 [0.01072981 0.60388803 0.38538218]]
probabilities: [[0.16114844 0.704085   0.13476658]
 [0.7020917  0.19826235 0.09964598]
 [0.34555775 0.5884341  0.06600814]
 [0.56249636 0.05458059 0.38292304]
 [0.20517617 0.5753435  0.21948034]]
probabilities: [[0. 0. 1.]
 [0. 1. 0.]
 [0. 0. 1.]
 [0. 0. 1.]
 [0. 0. 1.]]
probabilities: [[0.587165   0.32032487 0.09251017]
 [0.15465772 0.469626   0.37571627]
 [0.3489932  0.24783821 0.40316856]
 [0.5016256  0.19075553 0.30761886]
 [0.09977618 0.8485019  0.0517219 ]]
probabilities: [[0.4926722  0.3821089  0.1252189 ]
 [0.05680378 0.00810425 0.935092  ]
 [0.71157736 0.11577781 0.17264482]
 [0.14438325 0.36501604 0.49060073]
 [0.00379805 0.33061796 0.66558397]]
probabilities: [[0.28949776 0.601      0.1095022 ]
 [0.545157   0.30529246 0.14955053]
 [0.69156134 0.08735792 0.22108074]
 [0.09749371 0.59099513 0.31151116]
 [0.68618435 0.07126861 0.24254704]]
probabilities: [[1. 0. 0.]
 [1. 0. 0.]
 [1. 0. 0.]
 [1. 0. 0.]
 [1. 0. 0.]]
probabilities: [[0.22524568 0.5983477  0.17640656]
 [0.4698778  0.47513047 0.05499173]
 [0.5485427  0.31241515 0.13904214]
 [0.35433736 0.34732905 0.29833356]
 [0.593461   0.243071   0.16346803]]
probabilities: [[0.09129629 0.48047486 0.42822886]
 [0.15772831 0.11562745 0.7266442 ]
 [0.03641345 0.42806393 0.5355226 ]
 [0.13071278 0.2649862  0.60430104]
 [0.05165665 0.74552417 0.2028192 ]]
probabilities: [[0.41197225 0.07056577 0.517462  ]
 [0.14032662 0.78080386 0.07886953]
 [0.66868126 0.13334118 0.19797756]
 [0.85582304 0.02237046 0.12180651]
 [0.4059305  0.4131354  0.18093412]]
probabilities: [[1. 0. 0.]
 [1. 0. 0.]
 [1. 0. 0.]
 [1. 0. 0.]
 [1. 0. 0.]]
probabilities: [[0.8484814  0.08750666 0.06401192]
 [0.89343876 0.04900324 0.05755803]
 [0.51098555 0.02091049 0.46810395]
 [0.19470018 0.43190053 0.3733993 ]
 [0.3888431  0.22370365 0.38745326]]
probabilities: [[0.02772732 0.2888978  0.6833749 ]
 [0.39045653 0.06046452 0.54907894]
 [0.06444807 0.62416714 0.31138477]
 [0.3923773  0.5510466  0.05657609]
 [0.44037998 0.15235385 0.40726617]]
probabilities: [[0.18649432 0.5765723  0.23693341]
 [0.02450561 0.47107223 0.5044222 ]
 [0.09653403 0.47430947 0.4291565 ]
 [0.3810166  0.46442178 0.1545616 ]
 [0.117354   0.6486136  0.23403242]]
probabilities: [[0. 0. 1.]
 [0. 1. 0.]
 [0. 0. 1.]
 [0. 0. 1.]
 [0. 0. 1.]]
probabilities: [[0.64161086 0.26827577 0.09011339]
 [0.17529237 0.19745904 0.6272486 ]
 [0.33507225 0.22695881 0.43796894]
 [0.5752482  0.02865803 0.39609382]
 [0.16792962 0.04643926 0.7856311 ]]
probabilities: [[0.8070451  0.0666832  0.12627171]
 [0.63835675 0.02302671 0.33861658]
 [0.09321395 0.4549805  0.45180556]
 [0.2984996  0.31985116 0.38164923]
 [0.03323546 0.3411388  0.6256257 ]]
probabilities: [[0.08423811 0.40767714 0.5080848 ]
 [0.2289432  0.3443272  0.4267296 ]
 [0.37207508 0.52064836 0.10727658]
 [0.37113142 0.11860639 0.5102622 ]
 [0.85094035 0.1000249  0.04903474]]
probabilities: [[0. 0. 1.]
 [0. 1. 0.]
 [0. 0. 1.]
 [0. 0. 1.]
 [0. 0. 1.]]
probabilities: [[0.04776507 0.5426295  0.40960547]
 [0.4630417  0.014141   0.5228173 ]
 [0.11298849 0.02917801 0.8578335 ]
 [0.1646521  0.16811883 0.66722906]
 [0.15139155 0.8207375  0.027871  ]]
probabilities: [[0.62520075 0.3468003  0.02799897]
 [0.23496394 0.625983   0.13905303]
 [0.40812594 0.14333434 0.44853973]
 [0.8951131  0.07217234 0.03271453]
 [0.2702926  0.48816994 0.24153744]]
probabilities: [[0.53119713 0.33723953 0.13156335]
 [0.7713467  0.06536824 0.16328506]
 [0.6912814  0.19276245 0.1159562 ]
 [0.25943935 0.3703958  0.37016484]
 [0.45275727 0.34744012 0.1998026 ]]
probabilities: [[1. 0. 0.]
 [1. 0. 0.]
 [1. 0. 0.]
 [1. 0. 0.]
 [1. 0. 0.]]
probabilities: [[0.04601726 0.86101604 0.09296671]
 [0.5660173  0.22468631 0.20929636]
 [0.08808473 0.3679039  0.54401135]
 [0.44214824 0.03520082 0.52265096]
 [0.14700769 0.322007   0.53098536]]
probabilities: [[0.20801933 0.71389264 0.07808806]
 [0.09674761 0.62162536 0.281627  ]
 [0.42460066 0.3317574  0.24364194]
 [0.03980597 0.73169243 0.22850162]
 [0.13856182 0.37036085 0.49107733]]
probabilities: [[0.01539517 0.07206456 0.91254026]
 [0.21741997 0.08211768 0.70046234]
 [0.12453659 0.35395414 0.5215093 ]
 [0.11893658 0.07273869 0.8083247 ]
 [0.16635104 0.72656053 0.10708845]]
probabilities: [[0. 1. 0.]
 [0. 1. 0.]
 [0. 1. 0.]
 [0. 1. 0.]
 [0. 1. 0.]]
probabilities: [[0.01750751 0.58983195 0.39266056]
 [0.48490006 0.30074418 0.21435577]
 [0.17248477 0.418274   0.40924126]
 [0.11044808 0.09542762 0.7941243 ]
 [0.54458535 0.16589117 0.28952348]]
probabilities: [[0.40402377 0.52591705 0.0700592 ]
 [0.0715327  0.10118322 0.8272841 ]
 [0.19336206 0.40191686 0.40472108]
 [0.26889974 0.6298943  0.10120596]
 [0.24417748 0.49006668 0.26575586]]
probabilities: [[5.77078164e-01 2.10932612e-01 2.11989224e-01]
 [3.46648594e-04 6.20870054e-01 3.78783315e-01]
 [5.16748071e-01 1.10572904e-01 3.72678995e-01]
 [3.26420009e-01 5.23275256e-01 1.50304735e-01]
 [2.63449788e-01 2.20937088e-01 5.15613139e-01]]
probabilities: [[1. 0. 0.]
 [1. 0. 0.]
 [1. 0. 0.]
 [1. 0. 0.]
 [1. 0. 0.]]
probabilities: [[0.37793463 0.08307818 0.53898716]
 [0.29201388 0.5068451  0.201141  ]
 [0.7139577  0.15436567 0.13167661]
 [0.03805551 0.23760135 0.7243431 ]
 [0.39320526 0.48853925 0.11825549]]
probabilities: [[0.36426228 0.2126187  0.423119  ]
 [0.7298743  0.09162283 0.17850286]
 [0.11588417 0.09191917 0.7921967 ]
 [0.04043848 0.8771968  0.08236471]
 [0.51873666 0.16456848 0.31669483]]
probabilities: [[0.09402945 0.5934721  0.31249842]
 [0.4065097  0.58518475 0.00830555]
 [0.17361537 0.7544521  0.07193252]
 [0.14877425 0.22589952 0.6253262 ]
 [0.51832443 0.31837514 0.1633004 ]]
probabilities: [[0. 0. 1.]
 [0. 1. 0.]
 [0. 1. 0.]
 [0. 0. 1.]
 [0. 0. 1.]]
probabilities: [[0.20931691 0.3752774  0.4154057 ]
 [0.54065824 0.06804747 0.3912943 ]
 [0.1747316  0.6763437  0.14892474]
 [0.2903445  0.4373342  0.27232128]
 [0.5537647  0.2948092  0.15142609]]
probabilities: [[0.37908402 0.59200585 0.02891012]
 [0.04297215 0.4851058  0.47192204]
 [0.1655457  0.21017133 0.62428296]
 [0.6267951  0.3475371  0.02566778]
 [0.06919301 0.5788159  0.3519911 ]]
probabilities: [[0.7667513  0.04441343 0.18883531]
 [0.25524867 0.22777177 0.5169796 ]
 [0.50615263 0.05374381 0.44010353]
 [0.1070931  0.56760335 0.32530352]
 [0.02879384 0.09501494 0.8761912 ]]
probabilities: [[1. 0. 0.]
 [1. 0. 0.]
 [1. 0. 0.]
 [1. 0. 0.]
 [1. 0. 0.]]
probabilities: [[0.45141897 0.2581466  0.2904344 ]
 [0.260648   0.7287224  0.01062959]
 [0.29308707 0.5975638  0.10934913]
 [0.15500037 0.13118103 0.7138186 ]
 [0.43408483 0.14238885 0.42352632]]
probabilities: [[0.3587305  0.33327985 0.30798963]
 [0.4348518  0.0166855  0.5484627 ]
 [0.2855275  0.5800455  0.13442701]
 [0.2622115  0.49299064 0.24479787]
 [0.03858284 0.39951786 0.5618993 ]]
probabilities: [[0.01993806 0.62377244 0.3562895 ]
 [0.01316107 0.14312066 0.8437183 ]
 [0.27050212 0.63660926 0.09288864]
 [0.08739709 0.32722858 0.58537436]
 [0.01549043 0.7425586  0.24195099]]
probabilities: [[0. 0. 1.]
 [0. 1. 0.]
 [0. 0. 1.]
 [0. 0. 1.]
 [0. 0. 1.]]
probabilities: [[0.313657   0.22733708 0.45900592]
 [0.53451324 0.3143579  0.15112884]
 [0.35016623 0.23877119 0.41106257]
 [0.18387797 0.6135998  0.20252226]
 [0.31581217 0.28676128 0.39742658]]
probabilities: [[0.17082918 0.79671204 0.03245879]
 [0.5717753  0.19073708 0.2374876 ]
 [0.39497298 0.19259861 0.41242844]
 [0.73239684 0.04373708 0.22386606]
 [0.24915391 0.3873745  0.3634716 ]]
probabilities: [[0.12208269 0.24049358 0.63742375]
 [0.69254875 0.12462027 0.18283097]
 [0.34336916 0.01072786 0.645903  ]
 [0.20381735 0.6610378  0.13514484]
 [0.49935374 0.28663278 0.21401347]]
probabilities: [[0. 0. 1.]
 [0. 1. 0.]
 [0. 0. 1.]
 [0. 0. 1.]
 [0. 0. 1.]]
probabilities: [[0.5378823  0.2573977  0.20471993]
 [0.06939164 0.67303205 0.25757632]
 [0.5254079  0.35121837 0.12337374]
 [0.49582237 0.09200501 0.41217262]
 [0.61361605 0.03769075 0.34869322]]
probabilities: [[0.13091604 0.6891171  0.17996688]
 [0.26035953 0.4465444  0.2930961 ]
 [0.01671261 0.01236438 0.970923  ]
 [0.09302388 0.67144364 0.23553249]
 [0.0349547  0.8229166  0.14212865]]
probabilities: [[0.6707535  0.22620995 0.10303657]
 [0.14140858 0.21041054 0.6481809 ]
 [0.21174212 0.41090202 0.37735584]
 [0.7433046  0.10837859 0.14831682]
 [0.30147323 0.07356039 0.6249664 ]]
probabilities: [[0. 0. 1.]
 [0. 1. 0.]
 [0. 0. 1.]
 [0. 0. 1.]
 [0. 0. 1.]]
probabilities: [[0.22667791 0.49701622 0.27630588]
 [0.2049635  0.43662927 0.35840723]
 [0.17676368 0.09019155 0.73304474]
 [0.15078592 0.3897676  0.45944646]
 [0.20268087 0.7098823  0.08743684]]
probabilities: [[0.32659832 0.669597   0.00380466]
 [0.61653286 0.17776132 0.2057058 ]
 [0.34257886 0.29478857 0.36263257]
 [0.4843101  0.3919575  0.12373243]
 [0.51969767 0.41799045 0.06231191]]
probabilities: [[0.38388222 0.28458217 0.3315356 ]
 [0.09544929 0.0126842  0.8918665 ]
 [0.04829301 0.5828125  0.36889452]
 [0.1528849  0.09526137 0.75185376]
 [0.14712937 0.45870224 0.3941684 ]]
probabilities: [[0. 1. 0.]
 [0. 1. 0.]
 [0. 1. 0.]
 [0. 1. 0.]
 [0. 1. 0.]]
probabilities: [[0.43722016 0.00691669 0.55586314]
 [0.42496327 0.23971628 0.33532044]
 [0.25619164 0.5065098  0.23729855]
 [0.23065972 0.5582856  0.21105468]
 [0.65563613 0.03744501 0.30691886]]
probabilities: [[0.359006   0.04933677 0.5916572 ]
 [0.32223094 0.05269177 0.6250773 ]
 [0.49863112 0.10769601 0.39367288]
 [0.20073366 0.01732437 0.78194195]
 [0.14929166 0.17805244 0.6726559 ]]
probabilities: [[0.05802626 0.6491268  0.29284692]
 [0.74170965 0.13585988 0.12243048]
 [0.06122746 0.8607565  0.07801604]
 [0.08416106 0.85169595 0.064143  ]
 [0.26229826 0.15460697 0.5830948 ]]
probabilities: [[0. 1. 0.]
 [0. 1. 0.]
 [0. 1. 0.]
 [0. 1. 0.]
 [0. 1. 0.]]
probabilities: [[0.26637822 0.61602545 0.1175963 ]
 [0.21747486 0.6023314  0.18019374]
 [0.5937011  0.19828904 0.20800982]
 [0.38550118 0.58744305 0.02705575]
 [0.00626571 0.13857085 0.85516346]]
probabilities: [[0.3864059  0.17637873 0.4372154 ]
 [0.17887916 0.66758174 0.15353912]
 [0.16279297 0.46870935 0.36849767]
 [0.03077483 0.21526444 0.7539607 ]
 [0.3125029  0.33246708 0.35503006]]
probabilities: [[0.35871756 0.5477865  0.09349595]
 [0.23712462 0.25127026 0.51160514]
 [0.58384925 0.1289277  0.28722304]
 [0.10946786 0.79205817 0.09847398]
 [0.2513814  0.67360365 0.07501499]]
probabilities: [[1. 0. 0.]
 [1. 0. 0.]
 [1. 0. 0.]
 [1. 0. 0.]
 [1. 0. 0.]]
probabilities: [[0.52919036 0.18447764 0.286332  ]
 [0.5536429  0.34305653 0.10330053]
 [0.41360027 0.22399017 0.36240956]
 [0.6860013  0.05467607 0.2593226 ]
 [0.36907986 0.47717783 0.15374233]]
probabilities: [[0.07953369 0.19385055 0.7266158 ]
 [0.28412852 0.69689566 0.0189758 ]
 [0.04982734 0.7325524  0.21762024]
 [0.17986648 0.673082   0.14705154]
 [0.12279088 0.41406423 0.4631449 ]]
probabilities: [[0.22171779 0.7571155  0.02116672]
 [0.5947853  0.28840086 0.11681388]
 [0.24005547 0.0493246  0.7106199 ]
 [0.31557512 0.6427443  0.04168058]
 [0.4081603  0.3117589  0.28008083]]
probabilities: [[0. 0. 1.]
 [0. 1. 0.]
 [0. 1. 0.]
 [0. 0. 1.]
 [0. 0. 1.]]
probabilities: [[0.45936015 0.15872185 0.38191798]
 [0.08077877 0.459443   0.45977822]
 [0.29817927 0.42251822 0.27930254]
 [0.3424883  0.1910257  0.466486  ]
 [0.09418285 0.2279293  0.67788786]]
probabilities: [[0.5617577  0.0848045  0.35343778]
 [0.1152624  0.5164742  0.3682634 ]
 [0.03849358 0.81953007 0.14197634]
 [0.23812245 0.37601313 0.3858644 ]
 [0.4573514  0.0347792  0.5078694 ]]
probabilities: [[0.28512076 0.5217408  0.19313844]
 [0.45880505 0.31999913 0.22119583]
 [0.01824071 0.968881   0.01287828]
 [0.49449962 0.2062467  0.29925367]
 [0.2719173  0.61972463 0.10835806]]
probabilities: [[0. 0. 1.]
 [0. 1. 0.]
 [0. 1. 0.]
 [0. 0. 1.]
 [0. 0. 1.]]
probabilities: [[0.33209383 0.524987   0.14291918]
 [0.5380902  0.38150445 0.08040532]
 [0.2863762  0.23831606 0.47530773]
 [0.04860805 0.5051931  0.44619882]
 [0.8980041  0.07146926 0.03052665]]
probabilities: [[0.06393648 0.81391895 0.12214459]
 [0.7245638  0.2552154  0.02022081]
 [0.30345097 0.15911628 0.53743273]
 [0.41309807 0.08174472 0.5051572 ]
 [0.5346503  0.43440896 0.03094072]]
probabilities: [[0.13252121 0.16626915 0.70120966]
 [0.6628408  0.11531954 0.22183965]
 [0.23434417 0.43673363 0.32892218]
 [0.27305692 0.5772673  0.14967582]
 [0.20764945 0.1683995  0.6239511 ]]
probabilities: [[1. 0. 0.]
 [1. 0. 0.]
 [1. 0. 0.]
 [1. 0. 0.]
 [1. 0. 0.]]
probabilities: [[0.00546299 0.3753667  0.6191703 ]
 [0.17230283 0.69717795 0.13051926]
 [0.2249203  0.2526603  0.5224194 ]
 [0.5414884  0.34509876 0.11341283]
 [0.3488447  0.46540612 0.18574917]]
probabilities: [[0.39881793 0.40152213 0.19965993]
 [0.27700484 0.24413252 0.47886264]
 [0.04118595 0.23191753 0.7268965 ]
 [0.6429849  0.11391083 0.24310423]
 [0.18472983 0.69311255 0.12215765]]
probabilities: [[0.24302149 0.49319077 0.26378772]
 [0.46042028 0.47840136 0.06117834]
 [0.49296153 0.45884758 0.04819089]
 [0.43422553 0.50444204 0.06133241]
 [0.22036009 0.52040315 0.25923675]]
probabilities: [[0. 0. 1.]
 [0. 1. 0.]
 [0. 1. 0.]
 [0. 0. 1.]
 [0. 0. 1.]]
probabilities: [[0.06141996 0.52985317 0.40872687]
 [0.6042279  0.0046698  0.3911023 ]
 [0.40767047 0.30807376 0.28425577]
 [0.33734596 0.08592652 0.5767275 ]
 [0.36854056 0.42033213 0.21112733]]
probabilities: [[0.14250503 0.5189765  0.33851847]
 [0.53129    0.1848703  0.28383967]
 [0.9718932  0.02628202 0.00182476]
 [0.11002793 0.4640203  0.42595178]
 [0.7698967  0.13237263 0.09773066]]
probabilities: [[0.4857767  0.045267   0.4689563 ]
 [0.37553507 0.05143918 0.57302576]
 [0.03387341 0.10077957 0.865347  ]
 [0.13800393 0.5427555  0.31924057]
 [0.24594627 0.18749806 0.5665557 ]]
probabilities: [[0. 1. 0.]
 [0. 1. 0.]
 [0. 1. 0.]
 [0. 1. 0.]
 [0. 1. 0.]]
probabilities: [[0.53681797 0.25166124 0.21152078]
 [0.3268618  0.46514875 0.20798944]
 [0.02835772 0.740361   0.23128131]
 [0.13176869 0.7609864  0.10724493]
 [0.7141025  0.16481186 0.12108562]]
probabilities: [[0.12917964 0.2624891  0.60833126]
 [0.39872512 0.3400853  0.26118958]
 [0.35490158 0.5806172  0.06448122]
 [0.27387145 0.7204482  0.00568038]
 [0.68406534 0.22939269 0.08654198]]
probabilities: [[0.71198744 0.0191355  0.26887703]
 [0.0293512  0.85224855 0.11840025]
 [0.8704076  0.06662044 0.06297196]
 [0.71037155 0.1734133  0.11621512]
 [0.6266663  0.29856598 0.07476768]]
probabilities: [[0. 0. 1.]
 [0. 1. 0.]
 [0. 1. 0.]
 [0. 0. 1.]
 [0. 0. 1.]]
probabilities: [[0.37014714 0.28279346 0.34705937]
 [0.76278484 0.21094267 0.02627251]
 [0.44233665 0.45636988 0.10129348]
 [0.07591524 0.41867366 0.5054111 ]
 [0.06092231 0.30797222 0.6311055 ]]
probabilities: [[0.13003309 0.43214387 0.43782306]
 [0.21503961 0.34384477 0.44111562]
 [0.18515837 0.24822702 0.5666146 ]
 [0.84100956 0.07200176 0.08698866]
 [0.7168641  0.23732719 0.04580872]]
probabilities: [[0.16309349 0.6258219  0.2110846 ]
 [0.18852088 0.5467695  0.26470965]
 [0.5957419  0.24026428 0.1639938 ]
 [0.6494595  0.19052923 0.16001126]
 [0.08811647 0.4533576  0.45852593]]
probabilities: [[0. 1. 0.]
 [0. 1. 0.]
 [0. 1. 0.]
 [0. 1. 0.]
 [0. 1. 0.]]
probabilities: [[0.20282283 0.04816072 0.74901646]
 [0.05720812 0.5029119  0.43987995]
 [0.19749042 0.69634163 0.10616796]
 [0.43168172 0.00956523 0.5587531 ]
 [0.78968376 0.10518638 0.10512985]]
probabilities: [[0.7331974  0.1628415  0.10396111]
 [0.382556   0.50070924 0.11673479]
 [0.704457   0.24853119 0.04701179]
 [0.6523966  0.19614135 0.151462  ]
 [0.09772005 0.8922482  0.01003172]]
probabilities: [[0.425111   0.1070943  0.46779472]
 [0.16719583 0.81417274 0.01863144]
 [0.24707209 0.4036164  0.3493115 ]
 [0.02939266 0.7166878  0.25391954]
 [0.18446013 0.20859663 0.60694325]]
probabilities: [[1. 0. 0.]
 [1. 0. 0.]
 [1. 0. 0.]
 [1. 0. 0.]
 [1. 0. 0.]]
probabilities: [[0.1589643  0.2792035  0.5618322 ]
 [0.46446395 0.3861887  0.1493474 ]
 [0.7971328  0.11881378 0.08405345]
 [0.1807659  0.81455654 0.00467754]
 [0.7958815  0.17987965 0.02423883]]
probabilities: [[0.18478478 0.39332035 0.42189485]
 [0.60987574 0.38860744 0.00151682]
 [0.04899589 0.5218515  0.42915264]
 [0.3183604  0.13398623 0.5476534 ]
 [0.8040132  0.17757824 0.01840857]]
probabilities: [[0.2698506  0.5852485  0.14490089]
 [0.29702657 0.05441396 0.64855945]
 [0.7160128  0.23867238 0.04531483]
 [0.69113445 0.13510573 0.17375983]
 [0.36469197 0.24386932 0.39143872]]
probabilities: [[1. 0. 0.]
 [1. 0. 0.]
 [1. 0. 0.]
 [1. 0. 0.]
 [1. 0. 0.]]
probabilities: [[0.47631058 0.03583864 0.4878508 ]
 [0.1625953  0.58323747 0.25416723]
 [0.8447745  0.06940786 0.08581764]
 [0.14405514 0.61678517 0.23915969]
 [0.8787446  0.07453885 0.04671657]]
probabilities: [[0.09144994 0.06101111 0.84753895]
 [0.18129487 0.4214509  0.3972542 ]
 [0.78483737 0.01414683 0.20101583]
 [0.38112226 0.49141094 0.12746678]
 [0.10677081 0.7562178  0.1370114 ]]
probabilities: [[0.49307588 0.4621869  0.04473722]
 [0.65139455 0.09977489 0.24883059]
 [0.6704977  0.13343234 0.19606993]
 [0.18537855 0.62238884 0.19223264]
 [0.45262322 0.32288945 0.22448732]]
probabilities: [[0. 0. 1.]
 [0. 1. 0.]
 [0. 0. 1.]
 [0. 0. 1.]
 [0. 0. 1.]]
probabilities: [[0.09589515 0.07042485 0.83368   ]
 [0.09113158 0.09306993 0.81579846]
 [0.2594883  0.06198544 0.6785262 ]
 [0.07821416 0.15434402 0.7674418 ]
 [0.2658102  0.19785221 0.5363376 ]]
probabilities: [[0.49674308 0.37950677 0.12375017]
 [0.40190178 0.39536014 0.20273806]
 [0.13747275 0.12211307 0.7404142 ]
 [0.24744788 0.6340852  0.11846694]
 [0.4491758  0.27448308 0.2763411 ]]
probabilities: [[0.17583337 0.5656794  0.25848725]
 [0.23605245 0.76284677 0.00110075]
 [0.02065523 0.53148484 0.44785994]
 [0.07582988 0.42838392 0.4957862 ]
 [0.1875864  0.37062314 0.44179046]]
probabilities: [[0. 1. 0.]
 [0. 1. 0.]
 [0. 1. 0.]
 [0. 1. 0.]
 [0. 1. 0.]]
probabilities: [[0.19973941 0.6334645  0.16679606]
 [0.87145865 0.07423688 0.05430448]
 [0.05895503 0.80209666 0.13894832]
 [0.68304133 0.28634742 0.03061126]
 [0.0080893  0.48531678 0.5065939 ]]
probabilities: [[0.3940175  0.50641036 0.09957214]
 [0.35322312 0.5753416  0.0714353 ]
 [0.24918988 0.17213324 0.5786769 ]
 [0.0599735  0.6196819  0.3203446 ]
 [0.6127927  0.28981933 0.09738798]]
probabilities: [[0.581513   0.41775966 0.00072735]
 [0.51179606 0.26505387 0.22315006]
 [0.00490723 0.49149153 0.50360125]
 [0.06977847 0.25131512 0.67890644]
 [0.27383962 0.23808244 0.48807794]]
probabilities: [[0. 0. 1.]
 [0. 1. 0.]
 [0. 0. 1.]
 [0. 0. 1.]
 [0. 0. 1.]]
probabilities: [[0.27604166 0.33524284 0.3887155 ]
 [0.01508573 0.8708722  0.11404207]
 [0.24368915 0.26643762 0.48987323]
 [0.7350492  0.17300092 0.09194989]
 [0.835678   0.07254247 0.09177952]]
probabilities: [[0.2899658  0.06370003 0.6463342 ]
 [0.52791274 0.17101608 0.3010712 ]
 [0.25663677 0.71908706 0.02427619]
 [0.24432568 0.432972   0.32270232]
 [0.16916941 0.36246502 0.46836555]]
probabilities: [[0.06881373 0.65407753 0.27710873]
 [0.2979782  0.39986587 0.30215594]
 [0.39180925 0.2558014  0.35238937]
 [0.1617441  0.7309587  0.10729722]
 [0.20861807 0.05206564 0.7393163 ]]
probabilities: [[1. 0. 0.]
 [1. 0. 0.]
 [1. 0. 0.]
 [1. 0. 0.]
 [1. 0. 0.]]
probabilities: [[0.2794835  0.224048   0.4964685 ]
 [0.40829432 0.12897858 0.4627271 ]
 [0.17478237 0.78453726 0.04068039]
 [0.03971286 0.01023683 0.9500503 ]
 [0.54373693 0.3684234  0.08783966]]
probabilities: [[0.05222024 0.7298758  0.21790397]
 [0.511302   0.37398776 0.11471026]
 [0.39549667 0.5215788  0.08292456]
 [0.20557643 0.6170472  0.17737636]
 [0.02856504 0.15602362 0.8154113 ]]
probabilities: [[0.58156854 0.41476357 0.00366787]
