probabilities: [[0. 0. 1.]
 [0. 1. 0.]
 [0. 1. 0.]
 [0. 0. 1.]
 [0. 0. 1.]]
probabilities: [[0.0040233  0.847307   0.14866969]
 [0.7979448  0.15856983 0.0434854 ]
 [0.5554874  0.34591073 0.09860188]
 [0.2927103  0.50127864 0.2060111 ]
 [0.11640792 0.45406437 0.4295277 ]]
probabilities: [[0.48661566 0.42588234 0.087502  ]
 [0.19536212 0.3296347  0.47500318]
 [0.37989447 0.37718463 0.24292094]
 [0.2112374  0.5596584  0.22910419]
 [0.31614146 0.39353094 0.2903276 ]]
probabilities: [[6.6380566e-01 2.8309727e-01 5.3097092e-02]
 [2.9929695e-01 2.4589139e-01 4.5481169e-01]
 [1.6235149e-01 5.1047283e-01 3.2717568e-01]
 [6.1093025e-02 9.3880916e-01 9.7796423e-05]
 [2.2174390e-01 1.8382913e-01 5.9442699e-01]]
probabilities: [[0.29409948 0.61838454 0.08751597]
 [0.02342172 0.8431914  0.13338688]
 [0.12955385 0.41238537 0.45806077]
 [0.41420552 0.53316534 0.05262913]
 [0.08927526 0.65023434 0.2604904 ]]
probabilities: [[0.3761347  0.19471435 0.42915097]
 [0.19552168 0.7154017  0.08907663]
 [0.8111328  0.04205898 0.1468082 ]
 [0.16586994 0.02637519 0.8077549 ]
 [0.29443732 0.3186494  0.38691327]]
probabilities: [[0. 0. 1.]
 [0. 1. 0.]
 [0. 1. 0.]
 [0. 0. 1.]
 [0. 0. 1.]]
probabilities: [[0.05191911 0.1669755  0.7811054 ]
 [0.46758717 0.39767715 0.13473569]
 [0.14503461 0.511238   0.34372738]
 [0.8662744  0.09632766 0.03739794]
 [0.77309954 0.20381477 0.0230857 ]]
probabilities: [[0.71879095 0.24397102 0.03723804]
 [0.23043633 0.7609408  0.00862288]
 [0.11599986 0.8763724  0.00762774]
 [0.40189564 0.26307967 0.33502465]
 [0.53627515 0.12983212 0.33389273]]
probabilities: [[0.5070597  0.4716373  0.02130299]
 [0.08568487 0.06030225 0.85401285]
 [0.5478227  0.21069992 0.24147736]
 [0.02260264 0.09106304 0.8863343 ]
 [0.97070426 0.00168287 0.02761287]]
probabilities: [[0.4264472  0.12193458 0.4516182 ]
 [0.19268644 0.6780584  0.12925516]
 [0.02946505 0.743345   0.22718994]
 [0.15098198 0.29223675 0.5567813 ]
 [0.3874423  0.6117377  0.00082   ]]
probabilities: [[0.29209304 0.3778739  0.33003303]
 [0.26624492 0.529561   0.2041941 ]
 [0.20287843 0.37575868 0.4213629 ]
 [0.12006105 0.51084906 0.36908987]
 [0.17412323 0.35430017 0.47157663]]
probabilities: [[0. 1. 0.]
 [0. 1. 0.]
 [0. 1. 0.]
 [0. 1. 0.]
 [0. 1. 0.]]
probabilities: [[0.14195696 0.4075049  0.45053816]
 [0.0707292  0.8507957  0.07847513]
 [0.8986577  0.01064348 0.09069886]
 [0.27893463 0.6231219  0.09794347]
 [0.14820014 0.07157888 0.780221  ]]
probabilities: [[0.34335592 0.547209   0.10943505]
 [0.167898   0.5734442  0.2586578 ]
 [0.2865474  0.31592858 0.39752403]
 [0.1540457  0.544669   0.30128533]
 [0.10315031 0.56717235 0.32967734]]
probabilities: [[0.8325753  0.14574961 0.02167506]
 [0.11826575 0.22508791 0.6566464 ]
 [0.46818757 0.5259698  0.00584261]
 [0.6011628  0.14568424 0.253153  ]
 [0.23629062 0.43443355 0.32927585]]
probabilities: [[0.32196963 0.1508878  0.5271426 ]
 [0.02121021 0.38926855 0.5895212 ]
 [0.36962587 0.12928551 0.5010886 ]
 [0.18903184 0.5823607  0.22860746]
 [0.3518378  0.62314767 0.0250145 ]]
probabilities: [[0.29063365 0.6670017  0.04236464]
 [0.301644   0.56272733 0.1356287 ]
 [0.23768099 0.05658586 0.7057332 ]
 [0.15330565 0.41559386 0.43110046]
 [0.4227958  0.52547747 0.05172674]]
probabilities: [[0. 0. 1.]
 [0. 1. 0.]
 [0. 0. 1.]
 [0. 0. 1.]
 [0. 0. 1.]]
probabilities: [[0.3016396  0.6972562  0.00110422]
 [0.44457564 0.16401406 0.39141032]
 [0.12576677 0.53903234 0.3352009 ]
 [0.20249861 0.2607271  0.5367743 ]
 [0.3805479  0.6118808  0.00757133]]
probabilities: [[0.8914405  0.07940337 0.02915615]
 [0.1921562  0.20066223 0.6071816 ]
 [0.15195476 0.42317763 0.4248676 ]
 [0.49685293 0.3979764  0.10517067]
 [0.27428678 0.63453335 0.09117989]]
probabilities: [[0.08059137 0.47093326 0.4484754 ]
 [0.42276376 0.03180077 0.5454355 ]
 [0.12501082 0.5204141  0.35457507]
 [0.24179743 0.56488806 0.19331448]
 [0.84379226 0.10777684 0.04843087]]
probabilities: [[0.2087425  0.16569766 0.62555987]
 [0.17529127 0.7917895  0.03291927]
 [0.22440349 0.24359117 0.53200537]
 [0.06608404 0.53271514 0.4012008 ]
 [0.03044533 0.7976531  0.1719016 ]]
probabilities: [[0.36122495 0.6031349  0.03564018]
 [0.06152072 0.79848015 0.13999915]
 [0.00129777 0.7444154  0.25428683]
 [0.0380585  0.86247176 0.09946975]
 [0.5823113  0.2967619  0.12092681]]
probabilities: [[0. 0. 1.]
 [0. 1. 0.]
 [0. 1. 0.]
 [0. 0. 1.]
 [0. 0. 1.]]
probabilities: [[6.79243624e-01 1.07090406e-01 2.13665962e-01]
 [1.10565305e-01 8.89158249e-01 2.76421837e-04]
 [2.34868452e-01 3.40592384e-01 4.24539179e-01]
 [3.30115855e-01 3.27399194e-01 3.42484951e-01]
 [4.73012239e-01 1.90905511e-01 3.36082250e-01]]
probabilities: [[0.1607007  0.20206794 0.63723135]
 [0.63517237 0.09086958 0.27395806]
 [0.17132518 0.14731662 0.6813582 ]
 [0.10372425 0.2347699  0.6615059 ]
 [0.13917266 0.783392   0.07743535]]
probabilities: [[0.7190099  0.02401154 0.25697857]
 [0.24396794 0.71359515 0.0424369 ]
 [0.21874157 0.6508517  0.1304067 ]
 [0.31353527 0.15524028 0.5312244 ]
 [0.03744393 0.7705137  0.19204234]]
probabilities: [[0.12164723 0.0043143  0.87403846]
 [0.21338993 0.11250542 0.67410463]
 [0.44446608 0.04044681 0.51508707]
 [0.6350944  0.0628125  0.30209312]
 [0.15215418 0.6019387  0.2459071 ]]
probabilities: [[0.51853526 0.17669076 0.30477396]
 [0.26517648 0.60350347 0.13132007]
 [0.62168145 0.24594185 0.13237667]
 [0.26360643 0.05091727 0.6854763 ]
 [0.47189376 0.12390341 0.40420282]]
probabilities: [[0. 0. 1.]
 [0. 1. 0.]
 [0. 0. 1.]
 [0. 0. 1.]
 [0. 0. 1.]]
probabilities: [[0.79139775 0.20502709 0.00357518]
 [0.43455842 0.15593697 0.40950462]
 [0.45470652 0.38174385 0.16354962]
 [0.05125421 0.08159363 0.86715215]
 [0.16901842 0.7041231  0.1268585 ]]
probabilities: [[0.68073285 0.14189358 0.17737357]
 [0.0805493  0.7364954  0.18295531]
 [0.06127133 0.06927325 0.8694554 ]
 [0.19829267 0.6825481  0.11915923]
 [0.11503625 0.73537636 0.1495874 ]]
probabilities: [[0.3060309  0.621179   0.07279009]
 [0.51815253 0.11014384 0.3717036 ]
 [0.05715632 0.25923464 0.68360907]
 [0.11164643 0.21358214 0.6747714 ]
 [0.50789046 0.02590006 0.46620947]]
probabilities: [[0.13120879 0.00950582 0.8592854 ]
 [0.59320253 0.2941132  0.1126843 ]
 [0.15546897 0.69858426 0.14594679]
 [0.19780007 0.76220065 0.03999928]
 [0.24996877 0.3848931  0.36513814]]
probabilities: [[0.4616098  0.2532374  0.2851528 ]
 [0.2539375  0.382426   0.3636365 ]
 [0.69167477 0.22733179 0.08099342]
 [0.28233877 0.6998722  0.01778903]
 [0.25353917 0.13530247 0.6111584 ]]
probabilities: [[0. 0. 1.]
 [0. 1. 0.]
 [0. 1. 0.]
 [0. 0. 1.]
 [0. 0. 1.]]
probabilities: [[0.53160983 0.17797501 0.2904152 ]
 [0.18110728 0.37728712 0.4416056 ]
 [0.15214409 0.79241633 0.05543961]
 [0.34444365 0.15455452 0.50100183]
 [0.65298647 0.09681801 0.25019553]]
probabilities: [[0.03714493 0.24745749 0.7153976 ]
 [0.30682448 0.04769191 0.6454836 ]
 [0.0716287  0.2589017  0.6694696 ]
 [0.7520767  0.10190656 0.14601675]
 [0.8629572  0.09204566 0.04499714]]
probabilities: [[0.5906431  0.38079065 0.02856627]
 [0.21046178 0.5515809  0.23795734]
 [0.5755157  0.2382215  0.18626279]
 [0.1867049  0.08754055 0.72575456]
 [0.43875238 0.23188758 0.32936004]]
probabilities: [[0.22828342 0.20953217 0.5621844 ]
 [0.4758094  0.1926412  0.33154938]
 [0.06580014 0.41519025 0.5190096 ]
 [0.42101273 0.06361158 0.51537573]
 [0.3970883  0.5686556  0.03425611]]
probabilities: [[0.24809086 0.02276534 0.7291438 ]
 [0.41050127 0.13677858 0.45272017]
 [0.09450075 0.6386009  0.2668984 ]
 [0.45967066 0.11742768 0.42290163]
 [0.74767536 0.19507863 0.057246  ]]
probabilities: [[0. 0. 1.]
 [0. 1. 0.]
 [0. 0. 1.]
 [0. 0. 1.]
 [0. 0. 1.]]
probabilities: [[0.01285552 0.43253854 0.55460596]
 [0.15665135 0.42689624 0.4164524 ]
 [0.00120272 0.06673753 0.93205976]
 [0.4794952  0.34051797 0.17998683]
 [0.31947812 0.60315055 0.07737134]]
probabilities: [[0.5794442  0.17813435 0.2424214 ]
 [0.17387001 0.00723381 0.8188962 ]
 [0.21665156 0.42512134 0.3582271 ]
 [0.10055629 0.3136614  0.5857823 ]
 [0.58498275 0.37050635 0.04451087]]
probabilities: [[0.7225145  0.07363058 0.20385492]
 [0.29236823 0.27176023 0.43587154]
 [0.59462476 0.39476693 0.01060834]
 [0.39071262 0.13598105 0.47330633]
 [0.8021758  0.11664246 0.08118175]]
probabilities: [[0.27458978 0.26147738 0.46393284]
 [0.6861134  0.10983837 0.20404819]
 [0.38237807 0.50590295 0.11171897]
 [0.4830493  0.43813646 0.07881424]
 [0.31544575 0.23502114 0.4495331 ]]
probabilities: [[0.34567317 0.6092915  0.04503534]
 [0.07594673 0.3120361  0.6120172 ]
 [0.5897349  0.13787368 0.27239144]
 [0.2077036  0.17908575 0.6132107 ]
 [0.8509939  0.01209749 0.13690864]]
probabilities: [[0. 0. 1.]
 [0. 1. 0.]
 [0. 1. 0.]
 [0. 0. 1.]
 [0. 0. 1.]]
probabilities: [[0.09717139 0.34274197 0.5600866 ]
 [0.53368914 0.4027856  0.06352524]
 [0.48874763 0.41259795 0.09865441]
 [0.6073075  0.04544387 0.34724864]
 [0.5905669  0.25218835 0.15724474]]
probabilities: [[0.5411173  0.11618105 0.34270167]
 [0.30988806 0.14191423 0.5481977 ]
 [0.5573751  0.06895893 0.37366602]
 [0.22146906 0.5145957  0.26393524]
 [0.7626511  0.12200107 0.11534787]]
probabilities: [[0.69248104 0.21430819 0.09321079]
 [0.10661359 0.15458389 0.73880255]
 [0.2358979  0.34611875 0.41798335]
 [0.4463149  0.25316525 0.30051985]
 [0.61250097 0.38521725 0.00228177]]
probabilities: [[0.22723235 0.03784586 0.7349218 ]
 [0.67539054 0.13754803 0.18706143]
 [0.08423918 0.30399355 0.6117673 ]
 [0.01963898 0.6590396  0.3213214 ]
 [0.42783418 0.23213105 0.34003478]]
probabilities: [[0.36775166 0.62391514 0.00833323]
 [0.5722694  0.192297   0.23543361]
 [0.5792648  0.00654143 0.41419372]
 [0.79570824 0.11902571 0.08526608]
 [0.14505842 0.5514432  0.30349836]]
probabilities: [[0. 0. 1.]
 [0. 1. 0.]
 [0. 1. 0.]
 [0. 0. 1.]
 [0. 0. 1.]]
probabilities: [[0.51634526 0.33576515 0.14788958]
 [0.6752638  0.21424486 0.11049131]
 [0.46623805 0.24851227 0.28524968]
 [0.0524771  0.3662381  0.5812848 ]
 [0.1802988  0.04056604 0.77913517]]
probabilities: [[0.0229397  0.69613403 0.28092626]
 [0.05412738 0.14265397 0.80321866]
 [0.15717752 0.36636466 0.4764578 ]
 [0.00392717 0.5789011  0.41717172]
 [0.13447006 0.53103536 0.3344946 ]]
probabilities: [[0.15516882 0.7230007  0.12183047]
 [0.18541634 0.77022606 0.04435762]
 [0.41462445 0.25747332 0.32790223]
 [0.07606764 0.19955593 0.72437644]
 [0.36680847 0.0406446  0.59254694]]
probabilities: [[0.24578926 0.29968047 0.45453027]
 [0.6036964  0.26950666 0.12679696]
 [0.5406055  0.17159033 0.2878042 ]
 [0.22995223 0.39175275 0.378295  ]
 [0.66391176 0.02891059 0.30717763]]
probabilities: [[0.40531197 0.23857652 0.3561115 ]
 [0.68620735 0.14651637 0.16727628]
 [0.3360236  0.12838995 0.5355864 ]
 [0.03316255 0.82424206 0.14259541]
 [0.8054743  0.05817164 0.13635407]]
probabilities: [[0. 0. 1.]
 [0. 1. 0.]
 [0. 0. 1.]
 [0. 0. 1.]
 [0. 0. 1.]]
probabilities: [[0.10733546 0.5366033  0.35606125]
 [0.00270885 0.21622853 0.7810626 ]
 [0.24390776 0.29253024 0.46356198]
 [0.5513857  0.43191874 0.01669556]
 [0.48796752 0.3624782  0.14955428]]
probabilities: [[0.4150667  0.0749364  0.5099969 ]
 [0.1833355  0.5566812  0.2599833 ]
 [0.36700773 0.26238877 0.37060353]
 [0.74957854 0.05018868 0.20023276]
 [0.12270867 0.5496282  0.32766312]]
probabilities: [[0.26408306 0.17803748 0.55787945]
 [0.2771425  0.07049121 0.6523663 ]
 [0.55007136 0.31006104 0.13986759]
 [0.6258838  0.3546146  0.01950158]
 [0.58065027 0.0090251  0.41032463]]
probabilities: [[0.36978915 0.03243496 0.5977759 ]
 [0.19395432 0.03848802 0.7675577 ]
 [0.6156451  0.3044399  0.07991499]
 [0.05914768 0.7259084  0.21494395]
 [0.65729195 0.29183918 0.05086886]]
probabilities: [[0.37063295 0.26638407 0.36298302]
 [0.03129517 0.67380565 0.29489917]
 [0.3669159  0.05664104 0.576443  ]
 [0.59864604 0.28196022 0.11939373]
 [0.2577172  0.13246216 0.60982066]]
probabilities: [[0. 0. 1.]
 [0. 1. 0.]
 [0. 1. 0.]
 [0. 0. 1.]
 [0. 0. 1.]]
probabilities: [[0.03012341 0.33551192 0.63436466]
 [0.6789279  0.18187891 0.13919316]
 [0.14420402 0.18543552 0.67036045]
 [0.47123826 0.009206   0.51955575]
 [0.04085051 0.02672242 0.93242705]]
probabilities: [[0.28852457 0.35213196 0.3593435 ]
 [0.6059264  0.2894513  0.10462232]
 [0.5148026  0.3605789  0.12461854]
 [0.10509    0.74813163 0.14677835]
 [0.06746293 0.3644644  0.5680727 ]]
probabilities: [[0.3711427  0.39978    0.22907732]
 [0.38706958 0.28799826 0.32493216]
 [0.05347266 0.36504832 0.581479  ]
 [0.04738975 0.8492962  0.10331403]
 [0.07327063 0.7356051  0.19112428]]
probabilities: [[0.16808403 0.349176   0.48273998]
 [0.41581613 0.01499437 0.5691895 ]
 [0.54548967 0.02376991 0.43074045]
 [0.04556916 0.5267016  0.4277292 ]
 [0.04525679 0.44355315 0.51119006]]
probabilities: [[0.82262105 0.06605938 0.11131958]
 [0.13576508 0.08298706 0.78124785]
 [0.9197524  0.03161639 0.04863117]
 [0.17197958 0.26545554 0.5625649 ]
 [0.7678904  0.08807971 0.14402987]]
probabilities: [[0. 0. 1.]
 [0. 1. 0.]
 [0. 1. 0.]
 [0. 0. 1.]
 [0. 0. 1.]]
probabilities: [[0.3781829  0.40580073 0.2160164 ]
 [0.03413049 0.955673   0.01019653]
 [0.28731975 0.01003393 0.7026463 ]
 [0.55494833 0.13283144 0.31222025]
 [0.10529697 0.18719487 0.70750815]]
probabilities: [[0.19684094 0.37462953 0.42852953]
 [0.83334374 0.01063718 0.15601909]
 [0.01098535 0.49740157 0.4916131 ]
 [0.03492968 0.9313449  0.03372538]
 [0.22549136 0.6527292  0.12177943]]
probabilities: [[0.23042493 0.5330994  0.23647566]
 [0.13391167 0.6595472  0.20654109]
 [0.07138369 0.5359759  0.39264044]
 [0.10459521 0.24604909 0.6493557 ]
 [0.00326237 0.7041814  0.29255626]]
probabilities: [[0.5298652  0.27650815 0.19362663]
 [0.6473438  0.2942863  0.05836989]
 [0.9265038  0.01814013 0.05535612]
 [0.03922918 0.18987282 0.770898  ]
 [0.01725972 0.18039699 0.8023433 ]]
probabilities: [[0.19818129 0.3827381  0.4190806 ]
 [0.23556004 0.6344245  0.13001545]
 [0.34250575 0.29475048 0.36274377]
 [0.61063457 0.14846098 0.24090447]
 [0.5533317  0.13224134 0.31442696]]
probabilities: [[0. 0. 1.]
 [0. 1. 0.]
 [0. 1. 0.]
 [0. 0. 1.]
 [0. 0. 1.]]
probabilities: [[0.8505819  0.08920394 0.0602142 ]
 [0.5403654  0.11357965 0.3460549 ]
 [0.18675385 0.44779846 0.36544767]
 [0.5989649  0.16848771 0.23254734]
 [0.29019457 0.36713848 0.34266692]]
probabilities: [[0.07152022 0.83933735 0.08914245]
 [0.6747225  0.08446744 0.24081005]
 [0.19307597 0.5999102  0.20701383]
 [0.04192201 0.79921883 0.15885915]
 [0.27169338 0.6404201  0.08788653]]
probabilities: [[0.25066337 0.6490335  0.10030313]
 [0.23531123 0.03552549 0.7291633 ]
 [0.58985037 0.3261894  0.08396019]
 [0.27494776 0.72424424 0.00080799]
 [0.35461497 0.12355118 0.52183384]]
probabilities: [[0.2918847  0.48531988 0.22279544]
 [0.13257274 0.2537555  0.6136718 ]
 [0.789575   0.18621162 0.02421341]
 [0.29634795 0.68548995 0.01816212]
 [0.02465615 0.26240513 0.7129387 ]]
probabilities: [[0.14668281 0.02238177 0.8309354 ]
 [0.5933569  0.3991462  0.00749689]
 [0.55389327 0.31842765 0.1276791 ]
 [0.00513404 0.12572195 0.869144  ]
 [0.35300297 0.3516638  0.29533324]]
probabilities: [[0. 0. 1.]
 [0. 1. 0.]
 [0. 0. 1.]
 [0. 0. 1.]
 [0. 0. 1.]]
probabilities: [[0.13332419 0.5416709  0.32500488]
 [0.21812317 0.39187706 0.38999978]
 [0.39440146 0.34611893 0.2594796 ]
 [0.11683784 0.32813093 0.55503124]
 [0.22241504 0.49833652 0.27924845]]
probabilities: [[7.1748877e-01 9.8416485e-02 1.8409476e-01]
 [3.8406301e-01 3.9618697e-02 5.7631826e-01]
 [3.1547502e-01 4.1894421e-01 2.6558077e-01]
 [3.0666284e-04 5.6538802e-01 4.3430531e-01]
 [7.9808289e-01 1.4369757e-01 5.8219548e-02]]
probabilities: [[0.28350616 0.18185121 0.53464264]
 [0.16323084 0.73140025 0.10536888]
 [0.57422507 0.3588349  0.06694005]
 [0.28820047 0.0937949  0.6180046 ]
 [0.41009086 0.54273134 0.04717783]]
probabilities: [[0.22778066 0.42063585 0.3515835 ]
 [0.09571422 0.81702685 0.08725894]
 [0.530073   0.14990488 0.32002217]
 [0.608911   0.23772298 0.15336603]
 [0.09699479 0.74702364 0.15598157]]
probabilities: [[0.36987737 0.5350599  0.09506269]
 [0.75843686 0.00993709 0.23162606]
 [0.18225636 0.06488927 0.75285435]
 [0.26654974 0.5143557  0.21909453]
 [0.5111456  0.09377852 0.39507592]]
probabilities: [[1. 0. 0.]
 [1. 0. 0.]
 [1. 0. 0.]
 [1. 0. 0.]
 [1. 0. 0.]]
probabilities: [[0.35173923 0.07830192 0.56995887]
 [0.597562   0.1997516  0.2026864 ]
 [0.48757732 0.27427694 0.23814577]
 [0.11191506 0.47234052 0.4157444 ]
 [0.08729465 0.40475675 0.50794864]]
probabilities: [[0.33699906 0.5156294  0.1473715 ]
 [0.17764878 0.110485   0.7118662 ]
 [0.06743357 0.04268467 0.8898818 ]
 [0.09886589 0.2747392  0.62639487]
 [0.27113163 0.0262258  0.70264256]]
probabilities: [[0.71464866 0.05099466 0.23435669]
 [0.9048483  0.00222243 0.09292927]
 [0.19797294 0.42114297 0.3808841 ]
 [0.48838252 0.25667077 0.25494668]
 [0.38763055 0.40136668 0.21100277]]
probabilities: [[0.06759972 0.305502   0.6268983 ]
 [0.17080267 0.44557285 0.38362446]
 [0.09099621 0.5012526  0.40775117]
 [0.30723232 0.65126944 0.04149826]
 [0.48008937 0.0577509  0.46215975]]
probabilities: [[0.04931849 0.07817961 0.8725019 ]
 [0.5638759  0.11842961 0.3176945 ]
 [0.08552154 0.08928685 0.8251916 ]
 [0.4614262  0.45168668 0.08688713]
 [0.26286116 0.07281385 0.664325  ]]
probabilities: [[1. 0. 0.]
 [1. 0. 0.]
 [1. 0. 0.]
 [1. 0. 0.]
 [1. 0. 0.]]
probabilities: [[0.11737099 0.08478876 0.79784024]
 [0.03565927 0.7624977  0.20184302]
 [0.33745635 0.30233014 0.36021352]
 [0.364208   0.19765829 0.4381337 ]
 [0.43184176 0.47175837 0.09639986]]
probabilities: [[0.22345683 0.5740029  0.20254023]
 [0.71715355 0.1323897  0.15045677]
 [0.6079293  0.2832671  0.10880361]
 [0.09615619 0.6888592  0.21498458]
 [0.3700433  0.12937033 0.50058633]]
probabilities: [[0.68701816 0.13480955 0.1781723 ]
 [0.26672834 0.45563197 0.2776397 ]
 [0.07540759 0.10289661 0.8216958 ]
 [0.17468357 0.02188548 0.803431  ]
 [0.15537602 0.40844378 0.4361802 ]]
probabilities: [[0.14752774 0.2609103  0.591562  ]
 [0.4018323  0.47379008 0.12437762]
 [0.8496583  0.09496103 0.05538065]
 [0.28083548 0.71824414 0.00092038]
 [0.5051258  0.20951274 0.2853614 ]]
probabilities: [[0.40077117 0.22921796 0.37001088]
 [0.47830254 0.08984645 0.431851  ]
 [0.22645791 0.21159801 0.56194407]
 [0.7821648  0.14501032 0.07282485]
 [0.74943495 0.17620926 0.0743558 ]]
probabilities: [[0. 0. 1.]
 [0. 1. 0.]
 [0. 0. 1.]
 [0. 0. 1.]
 [0. 0. 1.]]
probabilities: [[0.68107545 0.09411281 0.22481173]
 [0.00278138 0.8527323  0.14448634]
 [0.2612373  0.11084241 0.62792027]
 [0.47994488 0.22152467 0.29853043]
 [0.2250605  0.70831513 0.06662438]]
probabilities: [[0.22080755 0.5489296  0.23026289]
 [0.7401579  0.05733468 0.20250742]
 [0.68085295 0.04980307 0.26934394]
 [0.43088552 0.352281   0.21683346]
 [0.15470979 0.44034648 0.40494373]]
probabilities: [[0.12205577 0.28774473 0.59019953]
 [0.5557638  0.10816228 0.3360739 ]
 [0.8957121  0.07564031 0.02864761]
 [0.7650351  0.05588895 0.17907599]
 [0.6377906  0.07491728 0.28729212]]
probabilities: [[0.28282282 0.6894122  0.02776501]
 [0.3304772  0.02509363 0.64442915]
 [0.5569576  0.21270882 0.23033355]
 [0.2745086  0.03275509 0.6927363 ]
 [0.08842346 0.10672427 0.80485225]]
probabilities: [[0.41695344 0.25357836 0.32946816]
 [0.00442876 0.21491042 0.7806608 ]
 [0.16925983 0.52486867 0.3058715 ]
 [0.06203301 0.62974536 0.30822167]
 [0.25197056 0.5155428  0.23248662]]
probabilities: [[1. 0. 0.]
 [1. 0. 0.]
 [1. 0. 0.]
 [1. 0. 0.]
 [1. 0. 0.]]
probabilities: [[0.40166464 0.4509074  0.14742796]
 [0.1128254  0.5721009  0.3150737 ]
 [0.36116675 0.16893432 0.46989894]
 [0.15294147 0.5148739  0.3321846 ]
 [0.75258076 0.23025914 0.0171601 ]]
probabilities: [[0.5199662  0.09355576 0.38647804]
 [0.03333566 0.17204967 0.7946147 ]
 [0.03169516 0.9596817  0.00862315]
 [0.02895669 0.87904716 0.09199614]
 [0.30731803 0.6286708  0.06401114]]
probabilities: [[0.56086934 0.4380407  0.00108997]
 [0.39813933 0.32537806 0.2764826 ]
 [0.48288736 0.10620928 0.41090336]
 [0.38814783 0.46577153 0.14608064]
 [0.38867334 0.4584201  0.15290658]]
probabilities: [[0.943887   0.01872486 0.03738814]
 [0.72154266 0.17375143 0.10470591]
 [0.6392573  0.15065359 0.21008909]
 [0.574439   0.25123277 0.17432825]
 [0.2628798  0.4653009  0.27181932]]
probabilities: [[0.76404214 0.05245977 0.1834981 ]
 [0.31167558 0.6038415  0.08448292]
 [0.6131     0.18830481 0.19859517]
 [0.0092401  0.10798574 0.8827742 ]
 [0.7882435  0.10457061 0.10718592]]
probabilities: [[1. 0. 0.]
 [1. 0. 0.]
 [1. 0. 0.]
 [1. 0. 0.]
 [1. 0. 0.]]
probabilities: [[0.7161392  0.01715887 0.2667019 ]
 [0.00217291 0.03491829 0.9629088 ]
 [0.4831541  0.0191342  0.49771172]
 [0.5876119  0.17371693 0.23867117]
 [0.599816   0.24823317 0.15195082]]
probabilities: [[0.5919151  0.0103296  0.39775532]
 [0.44115278 0.52468216 0.03416505]
 [0.2269152  0.17707944 0.5960054 ]
 [0.20687437 0.50852156 0.2846041 ]
 [0.04554972 0.0176942  0.9367561 ]]
probabilities: [[0.08559956 0.55819595 0.3562045 ]
 [0.4951865  0.43167794 0.07313555]
 [0.41464883 0.05521326 0.5301379 ]
 [0.5046316  0.33487198 0.16049647]
 [0.3426604  0.6538952  0.00344442]]
probabilities: [[0.8697168  0.04582141 0.08446179]
 [0.01200019 0.11958051 0.8684193 ]
 [0.5837706  0.1531084  0.263121  ]
 [0.2680739  0.5780869  0.15383922]
 [0.01329719 0.7100622  0.27664062]]
probabilities: [[0.3178846  0.02836754 0.65374786]
 [0.2362202  0.1643674  0.59941244]
 [0.27698642 0.20500705 0.5180065 ]
 [0.43593386 0.4538854  0.11018075]
 [0.9268333  0.00505822 0.0681085 ]]
probabilities: [[0. 0. 1.]
 [0. 1. 0.]
 [0. 0. 1.]
 [0. 0. 1.]
 [0. 0. 1.]]
probabilities: [[0.01853296 0.6542759  0.32719114]
 [0.0599537  0.40445027 0.535596  ]
 [0.36910322 0.21660115 0.4142956 ]
 [0.58783853 0.12865993 0.28350154]
 [0.38811317 0.21777289 0.39411396]]
probabilities: [[0.29560727 0.48324183 0.22115092]
 [0.21163823 0.05886711 0.72949463]
 [0.3778293  0.4753273  0.14684339]
 [0.6028892  0.04192329 0.35518754]
 [0.020143   0.32698035 0.6528767 ]]
probabilities: [[0.29505035 0.39592052 0.30902913]
 [0.865062   0.06975478 0.06518322]
 [0.00950218 0.69326335 0.29723445]
 [0.55706334 0.2943386  0.14859806]
 [0.23980418 0.73536664 0.02482918]]
probabilities: [[0.5622865  0.35299554 0.08471794]
 [0.06488129 0.8326158  0.10250293]
 [0.13466091 0.37858057 0.48675853]
 [0.0037898  0.31907007 0.6771401 ]
 [0.53524333 0.35394967 0.11080703]]
probabilities: [[0.22932778 0.26871404 0.5019582 ]
 [0.3296939  0.0734678  0.5968383 ]
 [0.6837651  0.29597422 0.02026066]
 [0.01694182 0.5932997  0.38975847]
 [0.7699324  0.17275831 0.05730927]]
probabilities: [[1. 0. 0.]
 [1. 0. 0.]
 [1. 0. 0.]
 [1. 0. 0.]
 [1. 0. 0.]]
probabilities: [[0.32158583 0.06880517 0.609609  ]
 [0.2867631  0.6047876  0.1084493 ]
 [0.1366451  0.1858305  0.6775244 ]
 [0.33706215 0.02683276 0.63610506]
 [0.34336686 0.23047417 0.42615896]]
probabilities: [[0.06628161 0.35321435 0.58050406]
 [0.81972265 0.17395073 0.00632663]
 [0.01528101 0.67864347 0.3060755 ]
 [0.24581872 0.583021   0.17116028]
 [0.61680776 0.1386217  0.24457055]]
probabilities: [[0.28747225 0.17413417 0.53839356]
 [0.48251373 0.25326532 0.26422095]
 [0.45635697 0.00114645 0.54249656]
 [0.63556635 0.19587062 0.16856304]
 [0.41576862 0.3294136  0.25481778]]
probabilities: [[0.49036062 0.17624071 0.33339867]
 [0.16732457 0.64470196 0.1879735 ]
 [0.16798683 0.67036843 0.16164474]
 [0.03912233 0.5992177  0.36165994]
 [0.65332025 0.1457766  0.20090315]]
probabilities: [[0.31481138 0.35973096 0.32545766]
 [0.32709777 0.18682723 0.486075  ]
 [0.05634185 0.0961008  0.84755737]
 [0.44626546 0.12337114 0.4303634 ]
 [0.06964017 0.6612952  0.26906464]]
probabilities: [[0. 0. 1.]
 [0. 1. 0.]
 [0. 1. 0.]
 [0. 0. 1.]
 [0. 0. 1.]]
probabilities: [[0.36952582 0.10152377 0.5289504 ]
 [0.08962251 0.32446712 0.5859104 ]
 [0.17604403 0.63071054 0.19324544]
 [0.21069013 0.04706909 0.7422408 ]
 [0.22062023 0.03600052 0.74337924]]
probabilities: [[0.18385708 0.19736405 0.6187789 ]
 [0.08878011 0.47447136 0.4367485 ]
 [0.4945471  0.22021975 0.28523317]
 [0.6215364  0.26241475 0.1160489 ]
 [0.23576547 0.12493028 0.6393042 ]]
probabilities: [[0.7507251  0.01159978 0.23767512]
 [0.51223993 0.4464324  0.04132764]
 [0.8757106  0.01399383 0.11029556]
 [0.19202952 0.37303814 0.43493235]
 [0.2818878  0.05652811 0.6615841 ]]
probabilities: [[0.40825853 0.57985187 0.01188961]
 [0.10811325 0.6505968  0.24128994]
 [0.07766467 0.2701221  0.6522132 ]
 [0.25906658 0.36436754 0.37656587]
 [0.21471298 0.57217443 0.21311261]]
probabilities: [[0.06887802 0.41600558 0.5151164 ]
 [0.63038784 0.23694372 0.13266842]
 [0.0798136  0.5761846  0.34400183]
 [0.13157701 0.673039   0.19538398]
 [0.45340824 0.22015165 0.32644013]]
probabilities: [[0. 0. 1.]
 [0. 1. 0.]
 [0. 1. 0.]
 [0. 0. 1.]
 [0. 0. 1.]]
probabilities: [[0.29687205 0.01474907 0.6883789 ]
 [0.16135822 0.64251137 0.19613042]
 [0.23306243 0.62639326 0.1405443 ]
 [0.5078257  0.12480655 0.36736777]
 [0.26725444 0.5664472  0.16629839]]
probabilities: [[0.4543307  0.08893331 0.456736  ]
 [0.11147811 0.44361606 0.44490582]
 [0.03491634 0.6733575  0.29172617]
 [0.49634844 0.41564932 0.08800223]
 [0.08194394 0.70093083 0.21712524]]
probabilities: [[0.7833378  0.19544499 0.02121725]
 [0.78530693 0.20264338 0.01204968]
 [0.12963797 0.30819792 0.5621641 ]
 [0.17605636 0.11560649 0.7083371 ]
 [0.49251464 0.25980443 0.24768093]]
probabilities: [[0.31461927 0.46344396 0.22193676]
 [0.5492453  0.01381081 0.43694386]
 [0.88918    0.02676674 0.08405325]
 [0.40479112 0.43498722 0.16022168]
 [0.600679   0.16438536 0.23493566]]
probabilities: [[0.45906028 0.3445694  0.19637029]
 [0.27357894 0.48334435 0.24307671]
 [0.52963144 0.19570251 0.27466607]
 [0.16380137 0.57542545 0.2607732 ]
 [0.32996392 0.02173311 0.648303  ]]
probabilities: [[0. 1. 0.]
 [0. 1. 0.]
 [0. 1. 0.]
 [0. 1. 0.]
 [0. 1. 0.]]
probabilities: [[0.50049317 0.21754457 0.28196228]
 [0.33336645 0.09702466 0.56960887]
 [0.189812   0.06402063 0.74616736]
 [0.42035684 0.53503096 0.04461219]
 [0.01929835 0.8785616  0.10214001]]
probabilities: [[0.03777596 0.1709466  0.79127747]
 [0.00702647 0.35271594 0.6402576 ]
 [0.6498016  0.12265681 0.22754155]
 [0.17497756 0.5449256  0.2800969 ]
 [0.7878986  0.05605539 0.156046  ]]
probabilities: [[0.31310898 0.55809706 0.12879395]
 [0.37988183 0.12570287 0.4944153 ]
 [0.5147526  0.45173046 0.03351691]
 [0.6474769  0.26918277 0.08334031]
 [0.08756156 0.72568893 0.1867495 ]]
probabilities: [[0.11322568 0.06757426 0.81920004]
 [0.06531864 0.77581275 0.15886863]
 [0.7444405  0.07515686 0.18040265]
 [0.165422   0.7777702  0.05680778]
 [0.42496866 0.37897357 0.19605777]]
probabilities: [[0.8325337  0.00484538 0.16262089]
 [0.2504538  0.3883613  0.3611849 ]
 [0.12245469 0.49570373 0.38184157]
 [0.04633076 0.94403285 0.00963637]
 [0.5625048  0.30451033 0.13298482]]
probabilities: [[0. 0. 1.]
 [0. 1. 0.]
 [0. 1. 0.]
 [0. 0. 1.]
 [0. 0. 1.]]
probabilities: [[0.4194912  0.4618851  0.11862371]
 [0.07656892 0.77420485 0.14922623]
 [0.6959908  0.11186812 0.19214106]
 [0.3259615  0.36392143 0.31011704]
 [0.5673662  0.13260764 0.30002618]]
probabilities: [[0.4977119  0.27284095 0.22944717]
 [0.10898192 0.46142715 0.42959094]
 [0.41202086 0.5282393  0.05973982]
 [0.09535524 0.7602439  0.1444009 ]
 [0.03212516 0.02499511 0.94287974]]
probabilities: [[0.9070803  0.02324156 0.06967817]
 [0.71281564 0.18322274 0.10396165]
 [0.13004418 0.26359493 0.6063609 ]
 [0.57331955 0.16068272 0.26599774]
 [0.56671965 0.35110208 0.08217825]]
probabilities: [[0.35598135 0.22663656 0.4173821 ]
 [0.0911007  0.26128617 0.6476131 ]
 [0.13619058 0.11077815 0.75303125]
 [0.1863466  0.10976135 0.70389205]
 [0.00835132 0.94140804 0.05024063]]
probabilities: [[0.10643742 0.5015586  0.39200398]
 [0.04367007 0.41696766 0.53936225]
 [0.42155555 0.09981568 0.47862875]
 [0.35595578 0.6342767  0.00976757]
 [0.31882414 0.33141783 0.34975803]]
probabilities: [[0. 0. 1.]
 [0. 1. 0.]
 [0. 0. 1.]
 [0. 0. 1.]
 [0. 0. 1.]]
probabilities: [[0.01301895 0.9103634  0.0766177 ]
 [0.41244566 0.4945718  0.09298253]
 [0.05538491 0.2270033  0.7176118 ]
 [0.09755718 0.67817396 0.22426885]
 [0.4549509  0.2925245  0.2525246 ]]
probabilities: [[0.8691203  0.12535946 0.00552024]
 [0.30992135 0.17757773 0.5125009 ]
 [0.29447472 0.4661569  0.23936838]
 [0.33769026 0.02283103 0.63947874]
 [0.4057516  0.5432087  0.0510397 ]]
probabilities: [[0.305095   0.4563714  0.23853362]
 [0.11505817 0.01944973 0.8654921 ]
 [0.20683196 0.66963995 0.12352807]
 [0.7155707  0.11045245 0.17397685]
 [0.47585425 0.256082   0.26806375]]
probabilities: [[0.26167157 0.18377228 0.55455613]
 [0.688432   0.06351784 0.24805017]
 [0.44474435 0.3516073  0.20364837]
 [0.36519837 0.31746373 0.3173379 ]
 [0.16489907 0.7354504  0.09965054]]
probabilities: [[0.07592994 0.6581286  0.26594147]
 [0.7069349  0.02044399 0.2726211 ]
 [0.33896554 0.41690907 0.24412538]
 [0.7175713  0.23563574 0.04679292]
 [0.47606635 0.48590887 0.03802476]]
probabilities: [[1. 0. 0.]
 [1. 0. 0.]
 [1. 0. 0.]
 [1. 0. 0.]
 [1. 0. 0.]]
probabilities: [[0.2413973  0.06139994 0.69720274]
 [0.12625696 0.29940557 0.5743375 ]
 [0.21396689 0.21314396 0.57288915]
 [0.10878738 0.7977407  0.09347192]
 [0.48120698 0.42874557 0.09004746]]
probabilities: [[0.33813822 0.03063172 0.63123006]
 [0.6491114  0.1833451  0.16754355]
 [0.5482636  0.26586568 0.18587072]
 [0.04353563 0.44919464 0.50726974]
 [0.08183695 0.16373786 0.75442517]]
probabilities: [[0.6696289  0.23759413 0.09277695]
 [0.2988096  0.46675283 0.2344376 ]
 [0.1272027  0.7356272  0.13717012]
 [0.17114449 0.1732917  0.65556383]
 [0.38543847 0.23284611 0.38171542]]
probabilities: [[0.77840555 0.1825988  0.03899566]
 [0.18868428 0.03503339 0.7762823 ]
 [0.4010649  0.5133432  0.0855919 ]
 [0.43787017 0.5418285  0.02030129]
 [0.5661553  0.41691548 0.01692923]]
probabilities: [[0.07451043 0.46939728 0.4560923 ]
 [0.10831212 0.8870942  0.00459366]
 [0.19159749 0.22434807 0.58405447]
 [0.3819802  0.00497245 0.61304736]
 [0.5566019  0.17273557 0.27066252]]
probabilities: [[0. 1. 0.]
 [0. 1. 0.]
 [0. 1. 0.]
 [0. 1. 0.]
 [0. 1. 0.]]
probabilities: [[0.38683736 0.15052973 0.4626329 ]
 [0.45034578 0.37700343 0.1726508 ]
 [0.8166301  0.03204342 0.15132646]
 [0.18545043 0.79339886 0.02115072]
 [0.04744534 0.51429504 0.4382596 ]]
probabilities: [[0.432766   0.47927177 0.08796225]
 [0.79346186 0.04479675 0.1617414 ]
 [0.3592585  0.59849614 0.04224535]
 [0.44552493 0.32357484 0.23090021]
 [0.16780952 0.7096073  0.1225832 ]]
probabilities: [[0.34973878 0.29489642 0.3553648 ]
 [0.15304752 0.65412307 0.19282943]
 [0.2661282  0.5492329  0.1846389 ]
 [0.22065197 0.73109305 0.04825501]
 [0.07295921 0.74371654 0.18332425]]
probabilities: [[0.85560703 0.11977801 0.02461494]
 [0.03741885 0.60261947 0.3599617 ]
 [0.00217542 0.59240985 0.4054147 ]
 [0.53953695 0.25997055 0.20049253]
 [0.1791447  0.6851173  0.135738  ]]
probabilities: [[0.6833793  0.1454498  0.17117092]
 [0.32966894 0.36777627 0.30255482]
 [0.12547895 0.5332096  0.34131145]
 [0.26674086 0.6819102  0.05134891]
 [0.19080646 0.5343272  0.2748663 ]]
probabilities: [[1. 0. 0.]
 [1. 0. 0.]
 [1. 0. 0.]
 [1. 0. 0.]
 [1. 0. 0.]]
probabilities: [[0.52699345 0.03045699 0.4425496 ]
 [0.14701964 0.5031862  0.34979415]
 [0.33801714 0.3580587  0.30392417]
 [0.6462116  0.12440331 0.22938505]
 [0.49803942 0.09153819 0.41042238]]
probabilities: [[0.26386547 0.00633328 0.72980124]
 [0.7942103  0.17941044 0.02637924]
 [0.7453644  0.03967821 0.21495734]
 [0.8468375  0.06715787 0.08600459]
 [0.2497475  0.03262434 0.7176282 ]]
probabilities: [[0.05452705 0.3592011  0.5862718 ]
 [0.02580747 0.85976803 0.11442453]
 [0.1141137  0.73327893 0.1526074 ]
 [0.18710667 0.25091302 0.5619803 ]
 [0.5940057  0.01269719 0.39329708]]
probabilities: [[0.01852428 0.9188292  0.06264651]
 [0.08272966 0.67151344 0.2457569 ]
 [0.6337871  0.30770686 0.05850604]
 [0.86558867 0.10366058 0.03075078]
 [0.40040138 0.18966484 0.40993378]]
probabilities: [[0.7710325  0.1533509  0.07561659]
 [0.74830264 0.08436873 0.16732861]
 [0.46725282 0.20816796 0.3245792 ]
 [0.1891548  0.38068926 0.43015593]
 [0.20972218 0.7212777  0.06900012]]
probabilities: [[0. 1. 0.]
 [0. 1. 0.]
 [0. 1. 0.]
 [0. 1. 0.]
 [0. 1. 0.]]
probabilities: [[0.60047215 0.2144308  0.18509704]
 [0.77541393 0.12576166 0.09882438]
 [0.33262733 0.5523886  0.11498404]
 [0.5983136  0.04049847 0.36118788]
 [0.2771961  0.54820025 0.17460363]]
probabilities: [[0.06178287 0.9322925  0.00592463]
 [0.3543622  0.41434518 0.23129262]
 [0.07294296 0.77827823 0.14877883]
 [0.8031298  0.19458821 0.00228197]
 [0.52809274 0.35257775 0.11932948]]
probabilities: [[0.62183434 0.3135371  0.06462856]
 [0.14001313 0.42341173 0.4365751 ]
 [0.22771882 0.48862585 0.28365532]
 [0.588447   0.2197558  0.19179724]
 [0.5727945  0.180863   0.24634248]]
probabilities: [[0.07862701 0.47826254 0.44311044]
 [0.4596577  0.17312264 0.36721966]
 [0.16421592 0.5405423  0.29524177]
 [0.7630805  0.22730044 0.0096191 ]
 [0.6146005  0.15068746 0.23471203]]
probabilities: [[0.50049514 0.04255826 0.45694658]
 [0.68392026 0.23083015 0.0852496 ]
 [0.30109918 0.28498805 0.41391277]
 [0.00155188 0.18026993 0.8181782 ]
 [0.40049872 0.35337994 0.24612135]]
probabilities: [[0. 1. 0.]
 [0. 1. 0.]
 [0. 1. 0.]
 [0. 1. 0.]
 [0. 1. 0.]]
probabilities: [[0.43604496 0.08312242 0.4808326 ]
 [0.56438464 0.26353678 0.1720786 ]
 [0.0604275  0.24583389 0.69373864]
 [0.59457296 0.33038417 0.0750429 ]
 [0.39285606 0.4373646  0.16977935]]
probabilities: [[0.33567378 0.29462072 0.3697055 ]
 [0.43527213 0.43969202 0.12503587]
 [0.24225947 0.36749926 0.39024127]
 [0.54784626 0.06978065 0.38237306]
 [0.13281494 0.31490746 0.55227757]]
probabilities: [[0.16884078 0.5877137  0.24344553]
 [0.3779284  0.39877987 0.22329172]
 [0.06178649 0.0291014  0.9091121 ]
 [0.08328898 0.06702624 0.8496848 ]
 [0.74631536 0.18801579 0.06566886]]
probabilities: [[0.5271258  0.2443482  0.22852601]
 [0.34093884 0.44785634 0.21120484]
 [0.18570267 0.57807237 0.23622498]
 [0.1751239  0.5497926  0.27508354]
 [0.6876371  0.19541606 0.11694688]]
probabilities: [[0.07583645 0.55830014 0.36586344]
 [0.7050011  0.26708287 0.027916  ]
 [0.13814382 0.22410986 0.63774633]
 [0.12941721 0.68935204 0.18123074]
 [0.05395452 0.30433953 0.64170593]]
probabilities: [[0. 0. 1.]
 [0. 1. 0.]
 [0. 1. 0.]
 [0. 0. 1.]
 [0. 0. 1.]]
probabilities: [[0.15995069 0.5264987  0.31355062]
 [0.08833637 0.8057037  0.10595994]
 [0.81657386 0.10095569 0.08247043]
 [0.14848988 0.77969176 0.07181834]
 [0.5525789  0.25462613 0.19279496]]
probabilities: [[0.11707824 0.67910606 0.20381571]
 [0.36675143 0.0786327  0.55461586]
 [0.34078515 0.49876577 0.1604491 ]
 [0.02564726 0.9093365  0.0650162 ]
 [0.01184944 0.44997    0.53818053]]
probabilities: [[0.22319527 0.60893106 0.16787365]
 [0.48962727 0.32082906 0.18954366]
 [0.21510158 0.02566553 0.7592329 ]
 [0.633421   0.13365816 0.23292084]
 [0.29898265 0.07377175 0.6272456 ]]
probabilities: [[0.33348402 0.29557672 0.37093928]
 [0.5063318  0.20961224 0.28405598]
 [0.42207322 0.19183365 0.38609314]
 [0.3728587  0.5229351  0.10420622]
 [0.08455763 0.4535232  0.4619192 ]]
probabilities: [[0.5245818  0.09536103 0.38005722]
 [0.36254603 0.20243959 0.4350144 ]
 [0.5221966  0.1090369  0.36876652]
 [0.23579401 0.32987267 0.43433332]
 [0.6296174  0.10824503 0.26213753]]
probabilities: [[1. 0. 0.]
 [1. 0. 0.]
 [1. 0. 0.]
 [1. 0. 0.]
 [1. 0. 0.]]
probabilities: [[1.13108642e-01 7.91196108e-01 9.56952497e-02]
 [8.33013535e-01 1.66347504e-01 6.38942642e-04]
 [8.78636777e-01 2.06338614e-03 1.19299844e-01]
 [2.34966770e-01 6.93999767e-01 7.10334554e-02]
 [2.77185589e-01 2.92330474e-01 4.30483937e-01]]
probabilities: [[0.39489728 0.03680019 0.5683025 ]
 [0.23959136 0.05042782 0.7099808 ]
 [0.24321957 0.28437886 0.47240156]
 [0.7613483  0.10035963 0.13829203]
 [0.06375303 0.64439744 0.29184955]]
probabilities: [[0.4724617  0.31004363 0.21749467]
 [0.16765262 0.67165935 0.16068803]
 [0.20719554 0.21873726 0.57406723]
 [0.09514143 0.09297072 0.81188786]
 [0.40618315 0.36541986 0.22839697]]
probabilities: [[0.32691026 0.19471349 0.47837627]
 [0.06834879 0.84264326 0.08900797]
 [0.23494208 0.54623437 0.21882355]
 [0.665982   0.24191752 0.09210046]
 [0.25934684 0.35770866 0.3829445 ]]
probabilities: [[0.42689157 0.43605855 0.13704988]
 [0.18939923 0.3087732  0.5018276 ]
 [0.51521254 0.01512166 0.46966577]
 [0.5963115  0.13131933 0.27236918]
 [0.2353372  0.61091596 0.15374683]]
probabilities: [[0. 0. 1.]
 [0. 1. 0.]
 [0. 1. 0.]
 [0. 0. 1.]
 [0. 0. 1.]]
probabilities: [[0.00995826 0.48140174 0.50864   ]
 [0.60643005 0.2833715  0.1101984 ]
 [0.11310855 0.511062   0.3758294 ]
 [0.15843637 0.15633915 0.6852245 ]
 [0.5169016  0.18628667 0.2968117 ]]
probabilities: [[0.11846214 0.8011402  0.08039768]
 [0.5929756  0.3355498  0.07147457]
 [0.6221521  0.32146737 0.05638052]
 [0.5272054  0.03606951 0.43672508]
 [0.45969304 0.17776315 0.36254382]]
probabilities: [[0.02526751 0.6297008  0.34503174]
 [0.47782308 0.4112311  0.11094584]
 [0.7400929  0.03976706 0.22014005]
 [0.09257641 0.53861773 0.36880586]
 [0.48475274 0.16490933 0.35033792]]
probabilities: [[0.06845728 0.1826847  0.74885803]
 [0.06463003 0.7470062  0.18836378]
 [0.15052827 0.5139217  0.3355501 ]
 [0.7108753  0.16328788 0.12583683]
 [0.4736369  0.35157222 0.17479087]]
probabilities: [[0.01778358 0.5623009  0.4199155 ]
 [0.8868321  0.0081898  0.10497805]
 [0.14522868 0.39237705 0.46239427]
 [0.1101476  0.8300829  0.05976951]
 [0.4124867  0.48700193 0.10051139]]
probabilities: [[0. 0. 1.]
 [0. 1. 0.]
 [0. 1. 0.]
 [0. 0. 1.]
 [0. 0. 1.]]
probabilities: [[0.24892096 0.13252094 0.6185581 ]
 [0.78503454 0.08372314 0.13124233]
 [0.4948484  0.1818383  0.3233133 ]
 [0.09387347 0.13437012 0.7717564 ]
 [0.95751363 0.03793536 0.00455102]]
probabilities: [[7.07987070e-01 2.87778140e-03 2.89135158e-01]
 [9.67663109e-01 3.22178826e-02 1.19018885e-04]
 [4.04340595e-01 2.79136598e-01 3.16522837e-01]
 [1.48707703e-01 1.07053667e-01 7.44238615e-01]
 [2.36105323e-01 2.30325833e-01 5.33568859e-01]]
probabilities: [[0.10806689 0.05941289 0.83252025]
 [0.47198334 0.18207456 0.3459421 ]
 [0.28933507 0.16331701 0.5473479 ]
 [0.18978    0.708453   0.10176703]
 [0.08547156 0.09339232 0.8211361 ]]
probabilities: [[0.47565076 0.41384992 0.11049932]
 [0.5584707  0.12896094 0.3125683 ]
 [0.38097945 0.30082986 0.3181907 ]
 [0.2180329  0.29753852 0.48442858]
 [0.16646105 0.31669357 0.51684535]]
probabilities: [[0.31958732 0.27335626 0.4070564 ]
 [0.34421292 0.14451952 0.51126754]
 [0.05303266 0.08094177 0.86602557]
 [0.00926045 0.10830336 0.88243616]
 [0.1241542  0.12030421 0.75554156]]
probabilities: [[0. 0. 1.]
 [0. 1. 0.]
 [0. 0. 1.]
 [0. 0. 1.]
 [0. 0. 1.]]
probabilities: [[0.21600454 0.2258002  0.5581953 ]
 [0.29472646 0.2083626  0.49691093]
 [0.62437904 0.0217751  0.35384586]
 [0.46061665 0.44459483 0.09478851]
 [0.724034   0.16932073 0.10664528]]
probabilities: [[0.0038139  0.1202655  0.8759206 ]
 [0.6390125  0.1564032  0.20458427]
 [0.19968641 0.3943021  0.4060115 ]
 [0.28631964 0.63724923 0.07643112]
 [0.1535302  0.23374951 0.6127203 ]]
probabilities: [[0.04799053 0.11774117 0.8342683 ]
 [0.04239344 0.03060176 0.9270048 ]
 [0.6663008  0.08582035 0.2478789 ]
 [0.09408823 0.12193723 0.7839745 ]
 [0.3711196  0.21089381 0.4179866 ]]
probabilities: [[0.7424318  0.12356204 0.13400616]
 [0.38124615 0.1298222  0.48893166]
 [0.16786213 0.07472784 0.75741005]
 [0.46851358 0.06383412 0.4676523 ]
 [0.36618736 0.4323014  0.20151125]]
probabilities: [[0.22116464 0.72933775 0.04949759]
 [0.31517488 0.5758167  0.10900846]
 [0.6782999  0.10461202 0.21708806]
 [0.22237341 0.11209867 0.66552794]
 [0.6429637  0.21853732 0.13849898]]
probabilities: [[0. 1. 0.]
 [0. 1. 0.]
 [0. 1. 0.]
 [0. 1. 0.]
 [0. 1. 0.]]
probabilities: [[0.7086224  0.1102764  0.18110119]
 [0.5636835  0.27181298 0.16450348]
 [0.35239804 0.4922022  0.15539977]
 [0.01192663 0.02140335 0.96667004]
 [0.40093768 0.1211192  0.47794312]]
probabilities: [[0.04231039 0.16993435 0.78775525]
 [0.07363835 0.30040014 0.6259615 ]
 [0.37905943 0.27759025 0.34335032]
 [0.3661751  0.3145743  0.3192506 ]
 [0.35540503 0.5757973  0.06879764]]
probabilities: [[0.01842989 0.35311162 0.6284585 ]
 [0.22617826 0.0844183  0.6894034 ]
 [0.7187129  0.13427958 0.14700751]
 [0.06409159 0.87924135 0.05666707]
