probabilities: [[0. 0. 1.]
 [0. 1. 0.]
 [0. 1. 0.]
 [0. 0. 1.]
 [0. 0. 1.]]
probabilities: [[0.15269202 0.53864115 0.30866686]
 [0.00401688 0.77042186 0.22556123]
 [0.197045   0.72849905 0.07445592]
 [0.6063225  0.23084353 0.16283393]
 [0.38005456 0.6040225  0.01592295]]
probabilities: [[0.45237958 0.3716306  0.1759898 ]
 [0.10593167 0.28057945 0.6134889 ]
 [0.30853614 0.41350237 0.2779615 ]
 [0.46224457 0.02601256 0.5117429 ]
 [0.29973128 0.38745326 0.3128155 ]]
probabilities: [[0.53435194 0.10951362 0.3561344 ]
 [0.27807906 0.50932956 0.2125914 ]
 [0.3711851  0.44955873 0.17925617]
 [0.21463683 0.7583282  0.02703499]
 [0.20553917 0.35369772 0.44076312]]
probabilities: [[0.516484   0.29831043 0.18520553]
 [0.33501166 0.21288006 0.45210826]
 [0.08318038 0.7003083  0.21651132]
 [0.7474181  0.22986716 0.02271476]
 [0.2434564  0.30518955 0.45135406]]
probabilities: [[0.5075283  0.04691047 0.4455612 ]
 [0.5989105  0.33526808 0.06582142]
 [0.59513634 0.01616973 0.38869393]
 [0.0215502  0.30506277 0.67338705]
 [0.04778945 0.62029207 0.33191845]]
probabilities: [[0. 0. 1.]
 [0. 1. 0.]
 [0. 1. 0.]
 [0. 0. 1.]
 [0. 0. 1.]]
probabilities: [[0.36931807 0.29512456 0.33555737]
 [0.6611397  0.13309023 0.20577002]
 [0.00206302 0.31639287 0.6815441 ]
 [0.24288465 0.6091985  0.14791685]
 [0.7777678  0.11877072 0.10346151]]
probabilities: [[0.6037582  0.12629469 0.2699471 ]
 [0.40596116 0.1362675  0.45777133]
 [0.39490852 0.23295222 0.37213925]
 [0.31598297 0.3539084  0.33010864]
 [0.561808   0.20365903 0.234533  ]]
probabilities: [[0.4617147  0.3669944  0.17129087]
 [0.71986634 0.10357971 0.17655398]
 [0.28334248 0.6018197  0.11483784]
 [0.1646447  0.17423286 0.66112244]
 [0.6926992  0.1372719  0.17002892]]
probabilities: [[0.04047462 0.6790201  0.28050527]
 [0.24440384 0.22537427 0.5302219 ]
 [0.31524637 0.34725508 0.33749855]
 [0.13224202 0.676528   0.19122998]
 [0.6572072  0.2224092  0.12038358]]
probabilities: [[0.38861942 0.11946142 0.49191916]
 [0.07043155 0.75349855 0.17606989]
 [0.6436291  0.10840703 0.24796389]
 [0.03974832 0.19566405 0.76458764]
 [0.7789602  0.0304758  0.19056396]]
probabilities: [[0. 0. 1.]
 [0. 1. 0.]
 [0. 0. 1.]
 [0. 0. 1.]
 [0. 0. 1.]]
probabilities: [[0.726731   0.15568264 0.11758639]
 [0.5519852  0.3567029  0.09131193]
 [0.19268918 0.7788812  0.02842964]
 [0.55665195 0.35477003 0.08857802]
 [0.07791417 0.05905389 0.8630319 ]]
probabilities: [[0.5408259  0.44710097 0.01207309]
 [0.5621782  0.0498534  0.3879684 ]
 [0.2243426  0.07541318 0.7002442 ]
 [0.12776408 0.43423107 0.43800482]
 [0.8727232  0.04134721 0.08592958]]
probabilities: [[0.7640285  0.1371117  0.09885982]
 [0.50903845 0.1041416  0.38681993]
 [0.03190653 0.737189   0.2309045 ]
 [0.20693894 0.47701403 0.316047  ]
 [0.23713446 0.06647629 0.69638926]]
probabilities: [[0.08973872 0.35599837 0.55426294]
 [0.16454913 0.57446074 0.2609901 ]
 [0.2778981  0.47185516 0.25024673]
 [0.44470724 0.49213022 0.06316254]
 [0.55144584 0.03354763 0.4150065 ]]
probabilities: [[0.3458291  0.3615532  0.2926177 ]
 [0.46393916 0.50440246 0.03165835]
 [0.06438788 0.3024458  0.6331663 ]
 [0.83357817 0.07629262 0.09012921]
 [0.05927819 0.44398046 0.49674135]]
probabilities: [[0. 1. 0.]
 [0. 1. 0.]
 [0. 1. 0.]
 [0. 1. 0.]
 [0. 1. 0.]]
probabilities: [[0.7462515  0.11060868 0.14313978]
 [0.26917797 0.05274492 0.6780771 ]
 [0.25107244 0.63839954 0.11052803]
 [0.328133   0.28065166 0.39121535]
 [0.76472914 0.22101948 0.01425139]]
probabilities: [[0.2705704  0.28883326 0.44059634]
 [0.7503307  0.10274519 0.1469241 ]
 [0.5984437  0.05630953 0.3452468 ]
 [0.44589663 0.52906364 0.02503975]
 [0.29599214 0.5694743  0.13453358]]
probabilities: [[0.301148   0.6809756  0.01787638]
 [0.84610206 0.00416248 0.14973548]
 [0.31830347 0.3559748  0.3257217 ]
 [0.47899663 0.1578471  0.36315626]
 [0.5341153  0.11018052 0.3557042 ]]
probabilities: [[0.29536378 0.5049502  0.199686  ]
 [0.34100294 0.46182403 0.19717303]
 [0.7902085  0.09291232 0.11687915]
 [0.18065292 0.74434954 0.07499757]
 [0.79554814 0.1227512  0.08170068]]
probabilities: [[0.14178316 0.6602639  0.19795291]
 [0.11669105 0.7519255  0.13138343]
 [0.16683377 0.04943375 0.7837325 ]
 [0.032489   0.7123908  0.25512022]
 [0.04894594 0.757926   0.19312808]]
probabilities: [[1. 0. 0.]
 [1. 0. 0.]
 [1. 0. 0.]
 [1. 0. 0.]
 [1. 0. 0.]]
probabilities: [[0.6125207  0.07209944 0.31537986]
 [0.36282247 0.03529828 0.60187924]
 [0.7014606  0.12019167 0.17834774]
 [0.5431315  0.22368833 0.23318021]
 [0.27839446 0.04330844 0.6782971 ]]
probabilities: [[0.2242105  0.5656861  0.2101034 ]
 [0.6021562  0.036691   0.36115277]
 [0.70035726 0.17428672 0.12535603]
 [0.77396965 0.08184385 0.14418648]
 [0.7219061  0.00883717 0.26925668]]
probabilities: [[0.06149625 0.00450577 0.933998  ]
 [0.26153156 0.08516117 0.65330726]
 [0.20446022 0.7822129  0.01332689]
 [0.8107931  0.06251807 0.12668882]
 [0.20610861 0.15734325 0.6365481 ]]
probabilities: [[0.2018412  0.19402333 0.60413545]
 [0.23751552 0.25128937 0.5111951 ]
 [0.19428435 0.66105556 0.1446601 ]
 [0.11816882 0.21409415 0.667737  ]
 [0.4546726  0.33715603 0.20817137]]
probabilities: [[0.05584539 0.54978055 0.39437407]
 [0.40799853 0.29649508 0.2955064 ]
 [0.29676363 0.55814135 0.14509504]
 [0.54763323 0.16569014 0.28667662]
 [0.31910944 0.6091011  0.07178943]]
probabilities: [[0. 0. 1.]
 [0. 1. 0.]
 [0. 1. 0.]
 [0. 0. 1.]
 [0. 0. 1.]]
probabilities: [[0.18075483 0.74833226 0.07091293]
 [0.06084125 0.7297     0.2094587 ]
 [0.01131323 0.7775391  0.21114773]
 [0.28686497 0.3492494  0.36388564]
 [0.14716166 0.09510311 0.75773525]]
probabilities: [[8.4023434e-01 4.5094968e-04 1.5931469e-01]
 [1.1604895e-01 5.4893398e-01 3.3501706e-01]
 [1.3051754e-01 6.1888266e-01 2.5059980e-01]
 [5.9627211e-01 2.4749407e-01 1.5623380e-01]
 [1.3381712e-01 6.2856650e-01 2.3761638e-01]]
probabilities: [[0.19591892 0.759815   0.04426613]
 [0.80674446 0.14426541 0.04899015]
 [0.49991176 0.30836448 0.19172378]
 [0.41914597 0.12642187 0.45443216]
 [0.01848307 0.8655849  0.115932  ]]
probabilities: [[0.22087179 0.31399986 0.46512833]
 [0.6241157  0.04968138 0.3262029 ]
 [0.5398105  0.41519055 0.04499896]
 [0.07218067 0.72884005 0.1989793 ]
 [0.32911596 0.5239341  0.1469499 ]]
probabilities: [[0.79162204 0.04550733 0.1628706 ]
 [0.5897916  0.2469639  0.16324452]
 [0.408994   0.03250977 0.55849624]
 [0.13538285 0.51894987 0.3456673 ]
 [0.66304564 0.2935637  0.04339067]]
probabilities: [[1. 0. 0.]
 [1. 0. 0.]
 [1. 0. 0.]
 [1. 0. 0.]
 [1. 0. 0.]]
probabilities: [[2.4262799e-01 2.4329527e-01 5.1407677e-01]
 [7.5304843e-02 4.7770211e-01 4.4699305e-01]
 [6.2859482e-01 6.5879739e-04 3.7074637e-01]
 [4.4424287e-03 8.5704136e-01 1.3851620e-01]
 [1.3877031e-01 5.2296114e-01 3.3826855e-01]]
probabilities: [[0.5109465  0.03462107 0.4544324 ]
 [0.15766911 0.3555946  0.48673627]
 [0.8916667  0.06505908 0.04327422]
 [0.02400089 0.25379398 0.7222051 ]
 [0.06013235 0.24652204 0.6933456 ]]
probabilities: [[0.09716096 0.5629962  0.33984286]
 [0.67432445 0.11721468 0.20846087]
 [0.4889508  0.5035452  0.00750399]
 [0.71919715 0.236914   0.04388886]
 [0.688996   0.18194583 0.12905815]]
probabilities: [[0.06283814 0.3978505  0.53931135]
 [0.01611239 0.6386681  0.3452195 ]
 [0.05972971 0.36518565 0.5750846 ]
 [0.18885592 0.06730459 0.7438395 ]
 [0.09790734 0.6978495  0.20424317]]
probabilities: [[0.47276935 0.02755682 0.4996738 ]
 [0.26177233 0.5745642  0.16366345]
 [0.12160955 0.3171002  0.56129026]
 [0.63452405 0.13190006 0.23357588]
 [0.64595383 0.11840007 0.23564607]]
probabilities: [[0. 1. 0.]
 [0. 1. 0.]
 [0. 1. 0.]
 [0. 1. 0.]
 [0. 1. 0.]]
probabilities: [[0.6630884  0.0935487  0.24336289]
 [0.5239601  0.34353828 0.1325016 ]
 [0.49648476 0.47580764 0.02770759]
 [0.3304821  0.61593664 0.05358127]
 [0.7191613  0.21291417 0.06792458]]
probabilities: [[0.17744124 0.7436703  0.07888848]
 [0.4955495  0.32196894 0.18248157]
 [0.37780076 0.55451494 0.06768426]
 [0.46460032 0.23879904 0.29660064]
 [0.26919663 0.6203065  0.11049686]]
probabilities: [[0.24945742 0.20783333 0.54270923]
 [0.30896416 0.35288367 0.33815217]
 [0.44420758 0.3617815  0.19401091]
 [0.15384184 0.5046217  0.34153646]
 [0.12541431 0.05473139 0.8198543 ]]
probabilities: [[0.19034165 0.62055    0.18910839]
 [0.19323348 0.6783875  0.12837897]
 [0.06572969 0.33090055 0.6033698 ]
 [0.6239954  0.0827763  0.29322827]
 [0.24149719 0.3496418  0.408861  ]]
probabilities: [[0.5193225  0.05086331 0.42981422]
 [0.60401714 0.29014656 0.10583633]
 [0.41758814 0.5473181  0.03509376]
 [0.49932563 0.09193473 0.40873963]
 [0.17206609 0.44312584 0.38480806]]
probabilities: [[1. 0. 0.]
 [1. 0. 0.]
 [1. 0. 0.]
 [1. 0. 0.]
 [1. 0. 0.]]
probabilities: [[0.05505872 0.24287121 0.70207006]
 [0.09053244 0.75262094 0.1568466 ]
 [0.73309624 0.14071488 0.12618886]
 [0.06100104 0.1293039  0.80969507]
 [0.00272486 0.1808133  0.81646186]]
probabilities: [[0.03361301 0.18933767 0.7770493 ]
 [0.38949215 0.1908993  0.41960856]
 [0.6804829  0.29085553 0.02866155]
 [0.00300217 0.15745875 0.83953905]
 [0.24684294 0.49831575 0.25484133]]
probabilities: [[0.40785417 0.22776335 0.36438248]
 [0.25935015 0.6486172  0.09203266]
 [0.20730078 0.756271   0.03642822]
 [0.04050407 0.81454545 0.14495048]
 [0.1951016  0.65007955 0.15481883]]
probabilities: [[0.03773808 0.48516443 0.4770975 ]
 [0.24217331 0.6387209  0.11910579]
 [0.568721   0.3329289  0.09835009]
 [0.2838319  0.46176338 0.25440472]
 [0.33217815 0.1740288  0.49379304]]
probabilities: [[0.44110215 0.3589397  0.19995815]
 [0.00290403 0.58338434 0.4137116 ]
 [0.0779315  0.16481522 0.7572533 ]
 [0.50880307 0.46098378 0.03021313]
 [0.46754166 0.03871056 0.49374777]]
probabilities: [[0. 1. 0.]
 [0. 1. 0.]
 [0. 1. 0.]
 [0. 1. 0.]
 [0. 1. 0.]]
probabilities: [[0.32383075 0.6120259  0.06414333]
 [0.304266   0.6538411  0.04189291]
 [0.34875646 0.22002144 0.43122208]
 [0.1075675  0.17198654 0.720446  ]
 [0.21011046 0.21145439 0.5784352 ]]
probabilities: [[0.4340215  0.3033202  0.2626583 ]
 [0.1882688  0.61860424 0.19312698]
 [0.01146934 0.32904074 0.6594899 ]
 [0.8547179  0.02862123 0.11666086]
 [0.43310127 0.38570487 0.18119386]]
probabilities: [[4.0075001e-01 4.4803252e-03 5.9476966e-01]
 [6.3705426e-01 5.2091554e-02 3.1085420e-01]
 [4.0864021e-01 3.6609089e-01 2.2526889e-01]
 [1.7656936e-01 5.9486169e-01 2.2856896e-01]
 [6.2029225e-01 6.0688332e-04 3.7910089e-01]]
probabilities: [[4.7282740e-01 4.3617901e-01 9.0993583e-02]
 [3.2198380e-04 5.3175253e-01 4.6792546e-01]
 [1.7913541e-01 6.1892962e-01 2.0193495e-01]
 [7.2670907e-02 1.4142230e-01 7.8590679e-01]
 [6.5395665e-01 1.6895272e-02 3.2914808e-01]]
probabilities: [[0.76853687 0.03445326 0.19700985]
 [0.72076166 0.22921997 0.05001836]
 [0.53299433 0.14418161 0.32282406]
 [0.36426538 0.6245993  0.01113534]
 [0.32694083 0.42969307 0.24336608]]
probabilities: [[1. 0. 0.]
 [1. 0. 0.]
 [1. 0. 0.]
 [1. 0. 0.]
 [1. 0. 0.]]
probabilities: [[0.03000734 0.52909863 0.44089404]
 [0.51152384 0.13337234 0.35510385]
 [0.5657511  0.03169191 0.40255705]
 [0.69726723 0.29000798 0.01272478]
 [0.46966276 0.25881135 0.2715259 ]]
probabilities: [[0.51277965 0.38909552 0.09812481]
 [0.08322302 0.21253811 0.7042389 ]
 [0.11104899 0.69102544 0.19792558]
 [0.67535293 0.20269747 0.12194963]
 [0.00779736 0.55322355 0.43897912]]
probabilities: [[0.374677   0.3853573  0.2399657 ]
 [0.45986935 0.39479476 0.1453359 ]
 [0.28282574 0.354664   0.36251026]
 [0.7035852  0.14419277 0.15222202]
 [0.20558794 0.04227324 0.7521388 ]]
probabilities: [[4.8040736e-01 4.3606129e-01 8.3531342e-02]
 [1.4986812e-01 4.6746716e-01 3.8266474e-01]
 [6.3663644e-01 2.5424978e-04 3.6310929e-01]
 [5.5217457e-01 1.2720649e-01 3.2061896e-01]
 [1.5498974e-02 5.0078177e-01 4.8371926e-01]]
probabilities: [[0.0611603  0.23034048 0.70849925]
 [0.21765816 0.53830236 0.24403949]
 [0.09130486 0.7047347  0.20396045]
 [0.60536987 0.07292429 0.32170588]
 [0.14615446 0.6326179  0.22122766]]
probabilities: [[1. 0. 0.]
 [1. 0. 0.]
 [1. 0. 0.]
 [1. 0. 0.]
 [1. 0. 0.]]
probabilities: [[0.5412296  0.32304633 0.13572404]
 [0.47772086 0.26422495 0.25805417]
 [0.66999674 0.32691422 0.00308903]
 [0.1948906  0.401778   0.4033314 ]
 [0.33844352 0.31462097 0.3469355 ]]
probabilities: [[0.32847342 0.2744138  0.3971128 ]
 [0.05935397 0.1272212  0.8134248 ]
 [0.28236565 0.04605592 0.67157847]
 [0.10955989 0.18745534 0.70298475]
 [0.5674276  0.10713121 0.32544118]]
probabilities: [[0.32801056 0.22989245 0.442097  ]
 [0.06048986 0.79216796 0.14734218]
 [0.02319688 0.909019   0.06778413]
 [0.7088703  0.18914336 0.10198636]
 [0.10217167 0.57228416 0.32554412]]
probabilities: [[0.22119117 0.20086643 0.5779424 ]
 [0.3498089  0.0071168  0.6430743 ]
 [0.74013036 0.05171067 0.20815897]
 [0.18513574 0.15030706 0.6645572 ]
 [0.105366   0.49502084 0.39961314]]
probabilities: [[0.3712295  0.20224264 0.42652786]
 [0.31068438 0.18965478 0.49966082]
 [0.31474718 0.4461853  0.23906751]
 [0.76416963 0.08341956 0.1524108 ]
 [0.2428441  0.69629323 0.06086267]]
probabilities: [[0. 0. 1.]
 [0. 1. 0.]
 [0. 1. 0.]
 [0. 0. 1.]
 [0. 0. 1.]]
probabilities: [[0.3189689  0.5701042  0.11092693]
 [0.7628143  0.10193707 0.13524866]
 [0.6883648  0.21929465 0.09234052]
 [0.16611376 0.36995354 0.4639327 ]
 [0.48658696 0.14255413 0.3708589 ]]
probabilities: [[0.06187033 0.64499646 0.2931332 ]
 [0.01490165 0.36183408 0.62326425]
 [0.45570862 0.38478848 0.15950291]
 [0.5425848  0.14186881 0.31554636]
 [0.0516636  0.7745772  0.17375919]]
probabilities: [[0.26509097 0.32312694 0.4117821 ]
 [0.20924906 0.35561505 0.4351359 ]
 [0.53802955 0.31949037 0.14248005]
 [0.33890104 0.3955494  0.2655496 ]
 [0.05777527 0.88090366 0.06132106]]
probabilities: [[0.46428844 0.36684442 0.16886713]
 [0.2639516  0.02699658 0.70905185]
 [0.5778167  0.11898587 0.3031974 ]
 [0.43384397 0.56322414 0.00293188]
 [0.8424629  0.12282655 0.03471053]]
probabilities: [[0.01390275 0.14476284 0.8413344 ]
 [0.18819307 0.6274585  0.18434842]
 [0.10610162 0.22775576 0.66614264]
 [0.02562788 0.71071804 0.26365405]
 [0.53203434 0.23443295 0.23353271]]
probabilities: [[0. 0. 1.]
 [0. 1. 0.]
 [0. 1. 0.]
 [0. 0. 1.]
 [0. 0. 1.]]
probabilities: [[0.27093    0.55310965 0.17596035]
 [0.15474732 0.3444419  0.5008108 ]
 [0.7532245  0.16454801 0.08222752]
 [0.64039433 0.31126675 0.04833892]
 [0.06304515 0.56240267 0.37455222]]
probabilities: [[0.36466393 0.04634628 0.5889898 ]
 [0.35046303 0.41852474 0.23101223]
 [0.17617242 0.45037526 0.3734523 ]
 [0.03011908 0.6809003  0.2889806 ]
 [0.5093881  0.3299157  0.16069618]]
probabilities: [[0.53541136 0.20988122 0.25470743]
 [0.74257183 0.06506764 0.19236054]
 [0.03382703 0.85881835 0.1073546 ]
 [0.49121648 0.4029683  0.10581524]
 [0.46094948 0.07569191 0.46335864]]
probabilities: [[0.13843222 0.5054406  0.3561272 ]
 [0.12812783 0.5737424  0.29812983]
 [0.39378658 0.38948953 0.21672389]
 [0.8678669  0.11054038 0.02159272]
 [0.22322506 0.38723844 0.3895365 ]]
probabilities: [[0.05401646 0.04970551 0.896278  ]
 [0.29501405 0.65389127 0.05109468]
 [0.29211095 0.12718892 0.5807001 ]
 [0.2793236  0.6644155  0.05626091]
 [0.72631544 0.16397046 0.1097141 ]]
probabilities: [[1. 0. 0.]
 [1. 0. 0.]
 [1. 0. 0.]
 [1. 0. 0.]
 [1. 0. 0.]]
probabilities: [[0.0928051  0.21840657 0.68878835]
 [0.26698047 0.38987556 0.34314397]
 [0.7061868  0.11020403 0.18360919]
 [0.15851395 0.26214308 0.57934296]
 [0.39949197 0.24348019 0.35702786]]
probabilities: [[0.7171078  0.2525059  0.03038632]
 [0.3451237  0.39284182 0.26203448]
 [0.51188666 0.48304605 0.00506726]
 [0.3768582  0.5098901  0.11325169]
 [0.15465248 0.73658496 0.10876255]]
probabilities: [[0.16240211 0.7199134  0.11768445]
 [0.11583689 0.1689327  0.7152304 ]
 [0.18927267 0.6221387  0.18858865]
 [0.1588514  0.21748091 0.6236677 ]
 [0.31689897 0.10469344 0.5784076 ]]
probabilities: [[0.05206585 0.3028303  0.6451038 ]
 [0.01959794 0.4371591  0.54324293]
 [0.5071392  0.24726804 0.24559277]
 [0.20127419 0.11273234 0.6859935 ]
 [0.38051412 0.529663   0.08982286]]
probabilities: [[0.20139255 0.41918314 0.3794243 ]
 [0.5815862  0.1689644  0.24944943]
 [0.40017065 0.02263627 0.5771931 ]
 [0.53839487 0.04944324 0.4121619 ]
 [0.10240284 0.03980855 0.8577886 ]]
probabilities: [[0. 0. 1.]
 [0. 1. 0.]
 [0. 1. 0.]
 [0. 0. 1.]
 [0. 0. 1.]]
probabilities: [[0.32066047 0.32917565 0.35016388]
 [0.85873926 0.11803678 0.02322396]
 [0.25760412 0.27080867 0.4715872 ]
 [0.69216967 0.20555241 0.10227791]
 [0.30850402 0.6793606  0.01213535]]
probabilities: [[0.4704833  0.09162255 0.43789414]
 [0.07319078 0.8054718  0.12133747]
 [0.16176614 0.28409886 0.554135  ]
 [0.09043561 0.1048317  0.8047327 ]
 [0.13996854 0.4635969  0.39643455]]
probabilities: [[0.5865297  0.23207173 0.1813986 ]
 [0.42941704 0.44032574 0.1302572 ]
 [0.24593185 0.442265   0.31180316]
 [0.02059687 0.929868   0.04953514]
 [0.37816554 0.27514738 0.34668705]]
probabilities: [[0.2014302  0.09261169 0.7059581 ]
 [0.1595155  0.1345418  0.7059427 ]
 [0.5589834  0.1892771  0.2517395 ]
 [0.88734424 0.06222927 0.05042648]
 [0.00545849 0.8267387  0.16780283]]
probabilities: [[0.01603197 0.41294703 0.57102096]
 [0.19158608 0.7668222  0.04159169]
 [0.4197349  0.33740216 0.24286294]
 [0.08293124 0.8771657  0.0399031 ]
 [0.11208731 0.64369893 0.24421376]]
probabilities: [[0. 1. 0.]
 [0. 1. 0.]
 [0. 1. 0.]
 [0. 1. 0.]
 [0. 1. 0.]]
probabilities: [[0.6015841  0.08152562 0.31689033]
 [0.2718439  0.2165552  0.5116009 ]
 [0.14843093 0.49948335 0.35208574]
 [0.11711556 0.36525276 0.51763165]
 [0.02508278 0.60853004 0.3663872 ]]
probabilities: [[0.14124589 0.24736504 0.61138904]
 [0.3992694  0.04152818 0.55920243]
 [0.3057656  0.43708348 0.25715092]
 [0.5068856  0.04539689 0.44771752]
 [0.28766623 0.01290927 0.6994245 ]]
probabilities: [[0.31956545 0.6791931  0.00124146]
 [0.21046647 0.2886853  0.50084823]
 [0.54148453 0.03019691 0.42831853]
 [0.08193596 0.45982024 0.4582438 ]
 [0.65994877 0.28559703 0.0544542 ]]
probabilities: [[0.17938873 0.52118367 0.29942763]
 [0.02454829 0.5989368  0.37651494]
 [0.35065332 0.03468736 0.6146593 ]
 [0.2387435  0.5173855  0.24387103]
 [0.5773385  0.26493758 0.1577239 ]]
probabilities: [[0.6259411  0.1252759  0.24878302]
 [0.7404966  0.09155773 0.16794568]
 [0.12155943 0.01726976 0.8611708 ]
 [0.6742078  0.20675793 0.11903428]
 [0.7685207  0.05856875 0.17291053]]
probabilities: [[0. 1. 0.]
 [0. 1. 0.]
 [0. 1. 0.]
 [0. 1. 0.]
 [0. 1. 0.]]
probabilities: [[0.13757087 0.62394565 0.23848347]
 [0.11928099 0.3079598  0.5727592 ]
 [0.04339118 0.21379171 0.7428171 ]
 [0.01676071 0.5262187  0.45702058]
 [0.3683605  0.24064222 0.39099726]]
probabilities: [[0.1907372  0.3680455  0.4412173 ]
 [0.00989601 0.94006014 0.05004387]
 [0.15878454 0.3436809  0.49753457]
 [0.01616627 0.10122728 0.88260645]
 [0.72694856 0.12168843 0.15136303]]
probabilities: [[0.77051866 0.17846148 0.05101985]
 [0.27562642 0.04165993 0.6827136 ]
 [0.80927265 0.15778838 0.03293897]
 [0.1024456  0.78350806 0.11404633]
 [0.15879257 0.3371195  0.5040879 ]]
probabilities: [[0.74940866 0.15933003 0.09126133]
 [0.19133191 0.70459396 0.10407414]
 [0.09929346 0.7136871  0.18701945]
 [0.2724555  0.44413632 0.28340816]
 [0.34147358 0.56196153 0.09656489]]
probabilities: [[0.0836441  0.6407708  0.27558514]
 [0.07699439 0.6065295  0.3164761 ]
 [0.38729253 0.18053381 0.43217364]
 [0.34219688 0.05247462 0.6053285 ]
 [0.696029   0.21023999 0.09373099]]
probabilities: [[0. 0. 1.]
 [0. 1. 0.]
 [0. 0. 1.]
 [0. 0. 1.]
 [0. 0. 1.]]
probabilities: [[0.14863549 0.24493629 0.6064282 ]
 [0.39990157 0.06684452 0.5332539 ]
 [0.37645113 0.20751172 0.41603714]
 [0.15172572 0.19330965 0.6549646 ]
 [0.33994883 0.41638854 0.2436626 ]]
probabilities: [[0.3823149  0.11572586 0.50195926]
 [0.04074278 0.7794209  0.17983633]
 [0.49993593 0.38734704 0.11271703]
 [0.04677786 0.09903575 0.85418636]
 [0.6301647  0.31142637 0.05840896]]
probabilities: [[0.01343114 0.58746415 0.39910474]
 [0.21255659 0.31337932 0.47406408]
 [0.11374151 0.0911945  0.795064  ]
 [0.33509013 0.41134086 0.253569  ]
 [0.138823   0.68376344 0.17741355]]
probabilities: [[4.8624456e-01 5.1342291e-01 3.3249948e-04]
 [3.8303968e-01 5.4972351e-01 6.7236789e-02]
 [3.5919991e-01 3.2743835e-01 3.1336173e-01]
 [4.1396868e-01 5.1130736e-01 7.4723996e-02]
 [7.5814813e-01 6.8206392e-02 1.7364548e-01]]
probabilities: [[0.46944284 0.35016838 0.18038876]
 [0.06409366 0.86697596 0.06893039]
 [0.20992044 0.11164077 0.6784388 ]
 [0.03499877 0.22522661 0.73977464]
 [0.51919186 0.18361832 0.2971898 ]]
probabilities: [[0. 0. 1.]
 [0. 1. 0.]
 [0. 0. 1.]
 [0. 0. 1.]
 [0. 0. 1.]]
probabilities: [[0.04372262 0.27558324 0.68069416]
 [0.44307318 0.5269601  0.02996674]
 [0.73404086 0.01649612 0.24946302]
 [0.34588075 0.25825116 0.3958681 ]
 [0.12160487 0.382033   0.49636215]]
probabilities: [[0.27421504 0.4227765  0.3030085 ]
 [0.03926472 0.020309   0.9404263 ]
 [0.00791279 0.1547959  0.8372913 ]
 [0.2239832  0.23700021 0.5390166 ]
 [0.93165267 0.04380957 0.02453774]]
probabilities: [[0.8989397  0.09248258 0.00857768]
 [0.61086154 0.2423342  0.14680429]
 [0.36656857 0.05945287 0.57397854]
 [0.05631785 0.73967993 0.2040022 ]
 [0.34396523 0.02552657 0.6305082 ]]
probabilities: [[0.7221782  0.06481586 0.21300595]
 [0.01014807 0.3900755  0.59977645]
 [0.5596416  0.24149346 0.19886497]
 [0.15271764 0.03081839 0.81646395]
 [0.512354   0.01872799 0.468918  ]]
probabilities: [[0.25697154 0.4024783  0.34055015]
 [0.0726151  0.03928006 0.88810486]
 [0.79946136 0.04844942 0.1520892 ]
 [0.38302138 0.40174684 0.21523178]
 [0.4117134  0.03378136 0.5545052 ]]
probabilities: [[0. 0. 1.]
 [0. 1. 0.]
 [0. 1. 0.]
 [0. 0. 1.]
 [0. 0. 1.]]
probabilities: [[0.6930027  0.2018995  0.10509782]
 [0.6715556  0.17715587 0.15128854]
 [0.05711997 0.873299   0.06958102]
 [0.06434185 0.01025271 0.92540544]
 [0.04465292 0.8548262  0.10052086]]
probabilities: [[0.1040282  0.30373332 0.5922385 ]
 [0.21448962 0.01458315 0.77092725]
 [0.7378316  0.04705305 0.21511534]
 [0.22828132 0.3250399  0.4466788 ]
 [0.54316    0.24673624 0.21010372]]
probabilities: [[0.11273979 0.40690064 0.48035958]
 [0.1395155  0.7936989  0.06678562]
 [0.27035978 0.11210093 0.6175393 ]
 [0.9120259  0.07693975 0.01103429]
 [0.3213003  0.5165171  0.1621826 ]]
probabilities: [[0.5910734  0.3844339  0.02449271]
 [0.27160192 0.42241612 0.30598196]
 [0.37247735 0.24018115 0.3873415 ]
 [0.30423465 0.49972674 0.1960386 ]
 [0.84265745 0.1409845  0.01635805]]
probabilities: [[0.5941158  0.28693593 0.11894831]
 [0.3292965  0.22439066 0.44631284]
 [0.0572381  0.11416405 0.82859784]
 [0.46519056 0.50901425 0.0257952 ]
 [0.41233534 0.4837778  0.10388687]]
probabilities: [[0. 1. 0.]
 [0. 1. 0.]
 [0. 1. 0.]
 [0. 1. 0.]
 [0. 1. 0.]]
probabilities: [[6.8324733e-01 2.0273004e-01 1.1402263e-01]
 [1.9158043e-01 8.0818075e-01 2.3880065e-04]
 [4.7956851e-01 4.6503344e-01 5.5398047e-02]
 [6.1867122e-02 3.7362599e-01 5.6450689e-01]
 [1.4895995e-01 6.8587053e-01 1.6516954e-01]]
probabilities: [[0.59658206 0.33684936 0.06656858]
 [0.40492365 0.1932234  0.40185294]
 [0.03160394 0.93978983 0.02860625]
 [0.09160817 0.41895115 0.48944068]
 [0.17707604 0.58468586 0.2382381 ]]
probabilities: [[0.0352428  0.48149642 0.48326078]
 [0.21919824 0.23536716 0.5454346 ]
 [0.64896804 0.07019873 0.28083327]
 [0.4689096  0.13607185 0.39501858]
 [0.2226067  0.44493082 0.3324625 ]]
probabilities: [[1.6594264e-01 4.1649890e-01 4.1755846e-01]
 [6.9252064e-04 2.8637696e-02 9.7066981e-01]
 [4.3037003e-01 2.7760720e-01 2.9202273e-01]
 [2.6214781e-01 5.6736207e-01 1.7049015e-01]
 [6.0553122e-01 1.9644456e-01 1.9802423e-01]]
probabilities: [[0.33133847 0.44076428 0.22789726]
 [0.1387798  0.5266663  0.3345539 ]
 [0.09053053 0.48787642 0.42159307]
 [0.7972823  0.09280525 0.10991248]
 [0.01366105 0.3562227  0.6301163 ]]
probabilities: [[1. 0. 0.]
 [1. 0. 0.]
 [1. 0. 0.]
 [1. 0. 0.]
 [1. 0. 0.]]
probabilities: [[0.23856586 0.58077097 0.18066317]
 [0.52571344 0.42992905 0.0443575 ]
 [0.49775064 0.04970161 0.45254776]
 [0.30098307 0.6854838  0.01353309]
 [0.40311116 0.40783542 0.18905342]]
probabilities: [[0.01809222 0.13487287 0.84703493]
 [0.88941616 0.00192663 0.10865724]
 [0.88527    0.03422898 0.08050104]
 [0.45320916 0.2112808  0.33551008]
 [0.06560802 0.14442098 0.789971  ]]
probabilities: [[0.3334773  0.22619541 0.44032732]
 [0.6122283  0.02776402 0.3600077 ]
 [0.03323975 0.13492998 0.83183026]
 [0.7571128  0.06816316 0.17472401]
 [0.62507164 0.24659993 0.12832846]]
probabilities: [[0.24336207 0.24079414 0.5158438 ]
 [0.16358538 0.7336847  0.10272989]
 [0.37516546 0.355535   0.26929954]
 [0.2671345  0.37645957 0.35640594]
 [0.37793526 0.22546886 0.39659587]]
probabilities: [[0.01959956 0.5712381  0.4091623 ]
 [0.10866338 0.03717284 0.85416377]
 [0.34191388 0.11252678 0.54555935]
 [0.5309304  0.07778738 0.39128223]
 [0.02473898 0.28746268 0.6877983 ]]
probabilities: [[0. 0. 1.]
 [0. 1. 0.]
 [0. 1. 0.]
 [0. 0. 1.]
 [0. 0. 1.]]
probabilities: [[0.05598785 0.781622   0.16239017]
 [0.47285324 0.29353568 0.23361108]
 [0.14432251 0.37958837 0.47608912]
 [0.20060195 0.29221594 0.5071821 ]
 [0.05285122 0.09692312 0.8502257 ]]
probabilities: [[0.286194   0.1025209  0.6112851 ]
 [0.1684577  0.3998924  0.43164992]
 [0.2884226  0.48322213 0.22835526]
 [0.3916514  0.05319668 0.55515194]
 [0.52037776 0.06788391 0.41173834]]
probabilities: [[0.19533782 0.79202616 0.01263604]
 [0.41601443 0.34634465 0.23764092]
 [0.7196796  0.09089891 0.18942152]
 [0.8776048  0.10434316 0.01805204]
 [0.4694495  0.27970192 0.2508486 ]]
probabilities: [[0.05816427 0.7530731  0.1887626 ]
 [0.10425248 0.8861647  0.00958277]
 [0.76948166 0.03720668 0.19331166]
 [0.52504474 0.02813199 0.44682327]
 [0.23320463 0.62297994 0.14381541]]
probabilities: [[0.6582422  0.2989774  0.04278035]
 [0.11713678 0.33242488 0.55043834]
 [0.2727619  0.44706574 0.28017235]
 [0.04994435 0.8585582  0.09149749]
 [0.15565918 0.2560401  0.5883007 ]]
probabilities: [[0. 0. 1.]
 [0. 1. 0.]
 [0. 0. 1.]
 [0. 0. 1.]
 [0. 0. 1.]]
probabilities: [[0.15982832 0.5035686  0.33660308]
 [0.3427563  0.23396662 0.42327708]
 [0.28751218 0.14589755 0.56659025]
 [0.07025761 0.41144094 0.5183015 ]
 [0.773271   0.03546998 0.19125897]]
probabilities: [[0.2490749  0.00199343 0.74893165]
 [0.07839232 0.28123483 0.6403729 ]
 [0.02998204 0.7246905  0.24532747]
 [0.3952293  0.16878222 0.4359885 ]
 [0.30841506 0.56233895 0.129246  ]]
probabilities: [[0.22754759 0.3070633  0.4653891 ]
 [0.5339159  0.10996455 0.35611954]
 [0.26773444 0.29265487 0.4396107 ]
 [0.33905417 0.5884168  0.07252899]
 [0.23117416 0.57090425 0.19792157]]
probabilities: [[0.3628233  0.26626018 0.3709165 ]
 [0.31613794 0.4367966  0.24706545]
 [0.23898603 0.47759318 0.2834208 ]
 [0.46651307 0.11760347 0.41588348]
 [0.05151442 0.06361131 0.8848743 ]]
probabilities: [[0.4571393  0.50648874 0.03637193]
 [0.5392816  0.19330777 0.2674106 ]
 [0.45151252 0.09484504 0.45364246]
 [0.33161435 0.33826694 0.33011875]
 [0.3964586  0.5267545  0.07678694]]
probabilities: [[1. 0. 0.]
 [1. 0. 0.]
 [1. 0. 0.]
 [1. 0. 0.]
 [1. 0. 0.]]
probabilities: [[0.10539247 0.8749212  0.0196863 ]
 [0.14001262 0.04644527 0.8135421 ]
 [0.49654117 0.17866413 0.3247947 ]
 [0.01961824 0.66077805 0.3196037 ]
 [0.1650977  0.83216053 0.00274176]]
probabilities: [[0.06777986 0.535093   0.39712715]
 [0.09175092 0.22736195 0.68088716]
 [0.09266044 0.31288397 0.5944556 ]
 [0.17439407 0.4421709  0.38343504]
 [0.04768711 0.8599203  0.09239254]]
probabilities: [[0.2720996  0.17841649 0.5494839 ]
 [0.3093564  0.48983335 0.20081025]
 [0.22224528 0.66975915 0.10799555]
 [0.14096577 0.18706305 0.67197114]
 [0.27937868 0.6405407  0.08008059]]
probabilities: [[0.33784172 0.66131866 0.00083961]
 [0.07983293 0.21250373 0.70766336]
 [0.16517569 0.5901898  0.24463451]
 [0.53056073 0.03479561 0.43464363]
 [0.5625177  0.04036759 0.3971147 ]]
probabilities: [[0.03231309 0.78746724 0.18021968]
 [0.715215   0.01758633 0.26719868]
 [0.173682   0.7888785  0.03743953]
 [0.08980601 0.5018586  0.40833542]
 [0.4942678  0.4712404  0.03449181]]
probabilities: [[0. 0. 1.]
 [0. 1. 0.]
 [0. 1. 0.]
 [0. 0. 1.]
 [0. 0. 1.]]
probabilities: [[0.04667375 0.5351688  0.41815743]
 [0.04081444 0.01065895 0.9485266 ]
 [0.23749506 0.3266347  0.43587023]
 [0.20269296 0.36772597 0.42958105]
 [0.30584115 0.50157297 0.1925859 ]]
probabilities: [[0.79625    0.05697212 0.14677791]
 [0.15886715 0.30237976 0.5387531 ]
 [0.02331051 0.55882734 0.41786215]
 [0.06926698 0.06899498 0.861738  ]
 [0.5270871  0.25615028 0.21676263]]
probabilities: [[0.01609727 0.8573075  0.12659523]
 [0.3315208  0.33131525 0.33716395]
 [0.16972984 0.8130516  0.0172186 ]
 [0.30084088 0.05702555 0.64213353]
 [0.17368881 0.00319518 0.823116  ]]
probabilities: [[0.74924034 0.2153377  0.03542199]
 [0.29385936 0.37384787 0.3322928 ]
 [0.21033227 0.5906568  0.19901092]
 [0.21046668 0.40744886 0.38208446]
 [0.721994   0.10681986 0.17118615]]
probabilities: [[0.01889261 0.749976   0.23113143]
 [0.45549074 0.50535667 0.0391526 ]
 [0.19293432 0.2793849  0.52768075]
 [0.8257316  0.10978491 0.06448349]
 [0.45264867 0.42153028 0.12582105]]
probabilities: [[0. 0. 1.]
 [0. 1. 0.]
 [0. 1. 0.]
 [0. 0. 1.]
 [0. 0. 1.]]
probabilities: [[0.55986965 0.06967953 0.3704508 ]
 [0.3043753  0.01063023 0.6849945 ]
 [0.95209473 0.04212345 0.00578182]
 [0.20956726 0.21760128 0.57283145]
 [0.3713739  0.1455728  0.48305333]]
probabilities: [[0.06924193 0.48391217 0.4468459 ]
 [0.45788276 0.2474125  0.29470474]
 [0.53913003 0.4521557  0.00871423]
 [0.47902814 0.508595   0.01237689]
 [0.06265205 0.64085305 0.29649493]]
probabilities: [[0.5275768  0.09971578 0.37270743]
 [0.29831076 0.40220526 0.29948398]
 [0.16961491 0.6698372  0.16054791]
 [0.8774115  0.05969274 0.06289577]
 [0.718535   0.25643203 0.02503295]]
probabilities: [[0.15818714 0.38855636 0.4532565 ]
 [0.5041865  0.25741944 0.23839405]
 [0.11743146 0.1431253  0.73944324]
 [0.2788906  0.13206786 0.58904153]
 [0.25219792 0.3586908  0.38911128]]
probabilities: [[9.4402966e-04 4.7305478e-03 9.9432540e-01]
 [2.7141133e-01 6.5933502e-01 6.9253661e-02]
 [4.2770526e-01 2.5736535e-01 3.1492940e-01]
 [7.2658002e-01 2.4585760e-01 2.7562374e-02]
 [1.0757240e-01 4.0048930e-01 4.9193829e-01]]
probabilities: [[0. 0. 1.]
 [0. 1. 0.]
 [0. 0. 1.]
 [0. 0. 1.]
 [0. 0. 1.]]
probabilities: [[0.59414583 0.17795275 0.22790143]
 [0.5356191  0.3880466  0.07633432]
 [0.05612843 0.07412799 0.8697436 ]
 [0.22311883 0.29242858 0.48445258]
 [0.298793   0.61297184 0.08823516]]
probabilities: [[0.45769778 0.22342521 0.318877  ]
 [0.5570686  0.41087815 0.03205327]
 [0.60299176 0.01159971 0.38540852]
 [0.9106401  0.08186436 0.0074955 ]
 [0.41611317 0.4922428  0.09164402]]
probabilities: [[0.10699584 0.53823453 0.3547696 ]
 [0.38669255 0.04121488 0.57209253]
 [0.2851371  0.38111374 0.33374915]
 [0.12237111 0.65977705 0.21785186]
 [0.04881104 0.26782396 0.683365  ]]
probabilities: [[0.21275753 0.75310403 0.03413844]
 [0.39737627 0.5330276  0.06959615]
 [0.3610453  0.28190336 0.35705134]
 [0.09680273 0.31313968 0.5900576 ]
 [0.14413105 0.28809398 0.56777495]]
probabilities: [[0.6581164  0.24962915 0.09225444]
 [0.0246799  0.36356336 0.61175674]
 [0.8167973  0.10155069 0.08165199]
 [0.27087426 0.65624166 0.07288409]
 [0.07485797 0.02028705 0.904855  ]]
probabilities: [[1. 0. 0.]
 [1. 0. 0.]
 [1. 0. 0.]
 [1. 0. 0.]
 [1. 0. 0.]]
probabilities: [[0.4464846  0.43876037 0.11475503]
 [0.1386719  0.10787836 0.75344974]
 [0.7604955  0.1884815  0.051023  ]
 [0.11603732 0.00135223 0.88261044]
 [0.5409077  0.17172968 0.28736264]]
probabilities: [[0.29908785 0.46618986 0.2347223 ]
 [0.36883378 0.14047064 0.49069557]
 [0.2402592  0.37113115 0.38860965]
 [0.67505187 0.12268857 0.20225954]
 [0.19744022 0.24632485 0.55623496]]
probabilities: [[0.67118865 0.24143285 0.08737852]
 [0.03479012 0.23570505 0.7295048 ]
 [0.33047315 0.18537745 0.4841494 ]
 [0.6355812  0.10883011 0.25558868]
 [0.58817226 0.2939504  0.1178773 ]]
probabilities: [[0.2726858  0.6158361  0.11147811]
 [0.3442944  0.3809893  0.2747163 ]
 [0.5124941  0.08846658 0.39903933]
 [0.11580504 0.12249871 0.7616962 ]
 [0.35385612 0.05564424 0.59049964]]
probabilities: [[0.4277107  0.4257515  0.1465378 ]
 [0.20650077 0.69202954 0.10146967]
 [0.2399882  0.28752807 0.47248375]
 [0.4972294  0.18890746 0.31386316]
 [0.51292825 0.04517902 0.44189274]]
probabilities: [[1. 0. 0.]
 [1. 0. 0.]
 [1. 0. 0.]
 [1. 0. 0.]
 [1. 0. 0.]]
probabilities: [[0.00432382 0.39428425 0.6013919 ]
 [0.39446795 0.2816512  0.32388085]
 [0.24288529 0.04382791 0.7132868 ]
 [0.5480972  0.27961278 0.17229001]
 [0.58483964 0.40171325 0.0134471 ]]
probabilities: [[0.346135   0.26301572 0.3908493 ]
 [0.38743755 0.03737636 0.5751861 ]
 [0.96171397 0.0021124  0.03617361]
 [0.3596968  0.5251724  0.11513081]
 [0.48488647 0.5036969  0.01141662]]
probabilities: [[0.38123056 0.16486652 0.4539029 ]
 [0.6792022  0.24319905 0.07759874]
 [0.20769256 0.7845318  0.00777567]
 [0.43411225 0.4016252  0.16426256]
 [0.17887442 0.7579831  0.06314252]]
probabilities: [[0.23982668 0.21104264 0.5491307 ]
 [0.30055332 0.65172696 0.04771971]
 [0.09864771 0.86076367 0.04058859]
 [0.69658834 0.10759816 0.19581352]
 [0.13035211 0.14644448 0.7232034 ]]
probabilities: [[0.18025504 0.3704386  0.44930637]
 [0.2676591  0.52913016 0.20321079]
 [0.09547753 0.65485185 0.24967064]
 [0.8433985  0.12941533 0.02718614]
 [0.5129982  0.4690971  0.01790464]]
probabilities: [[0. 1. 0.]
 [0. 1. 0.]
 [0. 1. 0.]
 [0. 1. 0.]
 [0. 1. 0.]]
probabilities: [[0.27086607 0.48356307 0.24557087]
 [0.05185289 0.7272773  0.22086982]
 [0.1509724  0.81727123 0.03175639]
 [0.04212753 0.46691957 0.4909529 ]
 [0.7270064  0.13403457 0.13895905]]
probabilities: [[0.6836588  0.28202444 0.0343168 ]
 [0.32700387 0.1977573  0.47523883]
 [0.41477984 0.24545354 0.33976662]
 [0.05970474 0.03606866 0.9042266 ]
 [0.06505059 0.25473925 0.6802102 ]]
probabilities: [[0.23148786 0.712052   0.05646019]
 [0.01652569 0.33015573 0.6533186 ]
 [0.3460779  0.39611897 0.2578031 ]
 [0.31543982 0.18992107 0.4946391 ]
 [0.8332677  0.130472   0.03626031]]
probabilities: [[0.08467104 0.17021535 0.7451136 ]
 [0.69821054 0.26296273 0.03882673]
 [0.15439665 0.7544521  0.09115124]
 [0.5613359  0.22493745 0.21372661]
 [0.19374575 0.6219429  0.18431136]]
probabilities: [[0.11404315 0.7529817  0.13297512]
 [0.21674168 0.51587474 0.2673836 ]
 [0.36164436 0.40759167 0.23076397]
 [0.17264695 0.19753347 0.6298196 ]
 [0.27348137 0.26244482 0.4640738 ]]
probabilities: [[0. 1. 0.]
 [0. 1. 0.]
 [0. 1. 0.]
 [0. 1. 0.]
 [0. 1. 0.]]
probabilities: [[0.3061226  0.48218337 0.21169402]
 [0.727506   0.10205372 0.1704403 ]
 [0.25284693 0.13051428 0.6166388 ]
 [0.13168682 0.02869689 0.8396163 ]
 [0.0451975  0.04512835 0.90967417]]
probabilities: [[0.0447696  0.45739287 0.4978375 ]
 [0.10674106 0.03596038 0.85729855]
 [0.3563479  0.13519642 0.5084557 ]
 [0.14896165 0.10689282 0.7441455 ]
 [0.04856205 0.18336663 0.7680713 ]]
probabilities: [[0.17428376 0.21837766 0.60733855]
 [0.33720618 0.49375486 0.16903895]
 [0.21711718 0.45009175 0.33279106]
 [0.5566114  0.38464335 0.05874521]
 [0.47683653 0.4531066  0.07005686]]
probabilities: [[0.2326982  0.57289034 0.19441144]
 [0.50361013 0.10148412 0.39490575]
 [0.26942587 0.5256465  0.20492761]
 [0.09853636 0.49153537 0.4099283 ]
 [0.32281435 0.00244103 0.67474467]]
probabilities: [[0.15807806 0.3823111  0.45961082]
 [0.25642672 0.2238749  0.5196984 ]
 [0.80926585 0.10129653 0.08943765]
 [0.33286592 0.57739    0.08974408]
 [0.5219285  0.3597348  0.11833674]]
probabilities: [[0. 1. 0.]
 [0. 1. 0.]
 [0. 1. 0.]
 [0. 1. 0.]
 [0. 1. 0.]]
probabilities: [[0.17043792 0.22609408 0.603468  ]
 [0.3704633  0.2413874  0.3881493 ]
 [0.7896868  0.10072871 0.1095845 ]
 [0.36937365 0.18365453 0.44697183]
 [0.43055022 0.54493403 0.02451575]]
probabilities: [[0.03908361 0.37667266 0.5842437 ]
 [0.11043938 0.02299988 0.86656076]
 [0.2679977  0.34427413 0.38772818]
 [0.07716633 0.09893899 0.8238947 ]
 [0.26254895 0.19136277 0.5460883 ]]
probabilities: [[0.10832734 0.87449765 0.01717501]
 [0.33157298 0.26577818 0.4026488 ]
 [0.41038707 0.43946832 0.1501446 ]
 [0.11396725 0.66710526 0.21892752]
 [0.20351624 0.28976876 0.506715  ]]
probabilities: [[0.3192381  0.04059261 0.6401693 ]
 [0.25947067 0.649595   0.09093431]
 [0.16326992 0.27135572 0.5653744 ]
 [0.08622985 0.83584654 0.07792361]
 [0.25669906 0.54128975 0.20201117]]
probabilities: [[4.1335747e-01 6.9438882e-02 5.1720363e-01]
 [4.9777783e-02 1.2666832e-01 8.2355392e-01]
 [5.4020751e-01 1.9249217e-01 2.6730031e-01]
 [4.8237175e-01 4.9667144e-01 2.0956814e-02]
 [3.7926392e-04 4.8824143e-01 5.1137930e-01]]
probabilities: [[0. 0. 1.]
 [0. 1. 0.]
 [0. 0. 1.]
 [0. 0. 1.]
 [0. 0. 1.]]
probabilities: [[0.41046643 0.08152505 0.5080085 ]
 [0.1116358  0.28023565 0.60812855]
 [0.512756   0.32749447 0.15974954]
 [0.47070813 0.04593121 0.48336065]
 [0.06981899 0.69151694 0.23866406]]
probabilities: [[0.35095665 0.38902965 0.26001367]
 [0.19872294 0.53812885 0.26314822]
 [0.02142269 0.3595808  0.6189965 ]
 [0.6094838  0.08334269 0.30717352]
 [0.1478597  0.47497633 0.37716398]]
probabilities: [[0.22470255 0.24199381 0.5333036 ]
 [0.60679287 0.12946132 0.2637458 ]
 [0.2167667  0.58892477 0.19430852]
 [0.1411659  0.07621752 0.7826166 ]
 [0.33557037 0.6122592  0.05217042]]
probabilities: [[0.52412015 0.4338128  0.04206703]
 [0.0272051  0.4441389  0.52865595]
 [0.37405556 0.5824243  0.04352013]
 [0.08724839 0.7021065  0.21064515]
 [0.08980805 0.21268722 0.69750476]]
probabilities: [[0.6660806  0.18829346 0.14562593]
 [0.21602213 0.18572672 0.59825116]
 [0.14147551 0.6933141  0.1652104 ]
 [0.06831264 0.26635534 0.665332  ]
 [0.48761883 0.45802847 0.0543527 ]]
probabilities: [[1. 0. 0.]
 [1. 0. 0.]
 [1. 0. 0.]
 [1. 0. 0.]
 [1. 0. 0.]]
probabilities: [[0.42114246 0.40313065 0.17572689]
 [0.5037576  0.07714704 0.41909534]
 [0.5227481  0.25885794 0.21839394]
 [0.01025435 0.95389944 0.03584618]
 [0.45655107 0.5065863  0.03686258]]
probabilities: [[0.24605344 0.6983023  0.05564426]
 [0.6544071  0.33135277 0.01424019]
 [0.0656291  0.818697   0.11567389]
 [0.04467527 0.4685654  0.48675933]
 [0.07218861 0.9200508  0.00776058]]
probabilities: [[0.70899975 0.1535979  0.13740237]
 [0.01378259 0.86950994 0.11670747]
 [0.2455276  0.3348429  0.4196295 ]
 [0.20117952 0.7588999  0.03992054]
 [0.22726603 0.21582913 0.55690485]]
probabilities: [[0.4415573  0.0756228  0.4828199 ]
 [0.545388   0.16700383 0.28760818]
 [0.20609663 0.37822053 0.41568285]
 [0.26930147 0.29244798 0.43825054]
 [0.0971609  0.33679572 0.5660434 ]]
probabilities: [[0.40947768 0.11162964 0.47889268]
 [0.05917372 0.24902375 0.6918025 ]
 [0.22789879 0.19984674 0.5722545 ]
 [0.37394604 0.5217972  0.10425679]
 [0.16207294 0.815817   0.02211006]]
probabilities: [[0. 0. 1.]
 [0. 1. 0.]
 [0. 1. 0.]
 [0. 0. 1.]
 [0. 0. 1.]]
probabilities: [[0.5880367  0.3750866  0.03687667]
 [0.11971981 0.76357126 0.11670893]
 [0.57137424 0.30372918 0.12489662]
 [0.15356791 0.07031722 0.7761149 ]
 [0.39430964 0.07418614 0.5315042 ]]
probabilities: [[0.11588107 0.16602056 0.7180984 ]
 [0.8404803  0.10338602 0.05613368]
 [0.5824321  0.03168361 0.3858843 ]
 [0.54980755 0.2994954  0.15069707]
 [0.05659429 0.51358646 0.42981926]]
probabilities: [[0.89510524 0.07049834 0.0343964 ]
 [0.50889635 0.19276536 0.29833826]
 [0.0388125  0.34076828 0.6204192 ]
 [0.509271   0.2856922  0.2050368 ]
 [0.26425138 0.3588305  0.37691814]]
probabilities: [[0.12803553 0.77696097 0.09500349]
 [0.00697787 0.96342695 0.02959519]
 [0.30982405 0.40065175 0.28952417]
 [0.3047442  0.08043306 0.61482275]
 [0.38608608 0.24373326 0.37018067]]
probabilities: [[0.5333056  0.0550812  0.41161323]
 [0.45488098 0.47083366 0.07428538]
 [0.2606776  0.6978009  0.0415215 ]
 [0.5841663  0.2261587  0.189675  ]
 [0.45396274 0.5267953  0.0192419 ]]
probabilities: [[1. 0. 0.]
 [1. 0. 0.]
 [1. 0. 0.]
 [1. 0. 0.]
 [1. 0. 0.]]
probabilities: [[0.27570468 0.41344213 0.31085318]
 [0.36795408 0.23622377 0.39582214]
 [0.18669847 0.51639694 0.29690456]
 [0.5629445  0.18342677 0.2536288 ]
 [0.11236843 0.05597952 0.83165205]]
probabilities: [[0.19353993 0.07823192 0.72822815]
 [0.16865262 0.16479859 0.6665488 ]
 [0.10899006 0.79364127 0.09736868]
 [0.1145772  0.29367584 0.591747  ]
 [0.7177423  0.12505116 0.15720654]]
