probabilities: [[1. 0. 0.]
 [1. 0. 0.]
 [1. 0. 0.]
 [1. 0. 0.]
 [1. 0. 0.]]
probabilities: [[0.38434646 0.17593493 0.43971863]
 [0.33030793 0.03768073 0.63201135]
 [0.8682866  0.02847065 0.10324276]
 [0.2466483  0.6771564  0.0761953 ]
 [0.16415809 0.14576517 0.69007677]]
probabilities: [[0.31438786 0.5524248  0.13318738]
 [0.20625238 0.56596804 0.22777961]
 [0.01442621 0.2824289  0.7031449 ]
 [0.13466711 0.00304165 0.8622912 ]
 [0.5417684  0.02094088 0.43729073]]
probabilities: [[0.34333143 0.49729243 0.15937613]
 [0.10386657 0.7919066  0.10422684]
 [0.05881169 0.5963699  0.3448184 ]
 [0.15101083 0.10659785 0.74239135]
 [0.01805996 0.9574089  0.02453112]]
probabilities: [[0. 1. 0.]
 [0. 1. 0.]
 [0. 1. 0.]
 [0. 1. 0.]
 [0. 1. 0.]]
probabilities: [[0.20138755 0.26193073 0.5366817 ]
 [0.3626151  0.53454655 0.1028383 ]
 [0.2336985  0.44278458 0.32351694]
 [0.06374516 0.14193092 0.7943239 ]
 [0.01661609 0.33103618 0.65234774]]
probabilities: [[0.20987308 0.41468272 0.3754442 ]
 [0.1877855  0.5783482  0.23386624]
 [0.1947173  0.3471116  0.45817107]
 [0.1401246  0.7301453  0.12973012]
 [0.21404827 0.5224479  0.26350385]]
probabilities: [[0.7685863  0.04774216 0.18367153]
 [0.11171343 0.5281645  0.36012208]
 [0.3429555  0.09903222 0.5580123 ]
 [0.34989315 0.01106652 0.63904035]
 [0.86061335 0.06088719 0.07849947]]
probabilities: [[0. 0. 1.]
 [0. 1. 0.]
 [0. 1. 0.]
 [0. 0. 1.]
 [0. 0. 1.]]
probabilities: [[0.08369124 0.20824085 0.7080679 ]
 [0.39727885 0.30261377 0.3001074 ]
 [0.5848428  0.19848596 0.21667123]
 [0.48598963 0.3492508  0.16475956]
 [0.03266489 0.20950702 0.75782806]]
probabilities: [[0.05555933 0.3330087  0.61143196]
 [0.13402864 0.5878516  0.27811977]
 [0.82212955 0.07310448 0.10476596]
 [0.06167779 0.8622443  0.07607788]
 [0.18881384 0.6900533  0.1211329 ]]
probabilities: [[0.55336857 0.42518425 0.02144716]
 [0.04204638 0.26514167 0.69281197]
 [0.76843655 0.04639004 0.18517339]
 [0.13835932 0.7736706  0.08797008]
 [0.34568945 0.55951977 0.09479079]]
probabilities: [[0. 0. 1.]
 [0. 1. 0.]
 [0. 1. 0.]
 [0. 0. 1.]
 [0. 0. 1.]]
probabilities: [[0.47879815 0.36046588 0.16073596]
 [0.05514153 0.5520135  0.39284495]
 [0.1482454  0.18397777 0.6677768 ]
 [0.18347435 0.26942864 0.547097  ]
 [0.61295444 0.05429015 0.3327554 ]]
probabilities: [[0.12055232 0.62268806 0.25675964]
 [0.42666325 0.29345238 0.27988437]
 [0.6328851  0.18761387 0.17950101]
 [0.94631696 0.01840062 0.03528241]
 [0.18988743 0.33216318 0.47794938]]
probabilities: [[0.022173   0.7143016  0.2635254 ]
 [0.20422854 0.703961   0.09181044]
 [0.87749445 0.11347357 0.009032  ]
 [0.06906471 0.37781975 0.55311555]
 [0.17583415 0.72218525 0.10198059]]
probabilities: [[0. 1. 0.]
 [0. 1. 0.]
 [0. 1. 0.]
 [0. 1. 0.]
 [0. 1. 0.]]
probabilities: [[0.3578036  0.59719753 0.04499885]
 [0.41089645 0.47541207 0.11369148]
 [0.905787   0.09130189 0.00291112]
 [0.45463073 0.34161222 0.20375703]
 [0.30445382 0.3292044  0.36634177]]
probabilities: [[0.5917372  0.20677556 0.20148723]
 [0.19820067 0.30633417 0.49546516]
 [0.4297735  0.02225672 0.54796976]
 [0.17054711 0.6294139  0.20003897]
 [0.05672957 0.43606994 0.5072005 ]]
probabilities: [[0.05873715 0.65703547 0.28422737]
 [0.67195356 0.3150179  0.01302854]
 [0.4257215  0.3394606  0.23481788]
 [0.08831021 0.7397799  0.17190991]
 [0.220213   0.3094228  0.47036424]]
probabilities: [[0. 1. 0.]
 [0. 1. 0.]
 [0. 1. 0.]
 [0. 1. 0.]
 [0. 1. 0.]]
probabilities: [[0.24937412 0.11718855 0.63343734]
 [0.65833855 0.09084427 0.2508172 ]
 [0.27994558 0.13767818 0.58237624]
 [0.67767245 0.17644861 0.14587896]
 [0.3301856  0.58029574 0.08951867]]
probabilities: [[0.24806967 0.36500907 0.38692126]
 [0.22252148 0.48914805 0.28833044]
 [0.10238595 0.4934644  0.40414962]
 [0.48065814 0.37910813 0.14023373]
 [0.67279875 0.212779   0.11442226]]
probabilities: [[0.23546948 0.39151496 0.37301558]
 [0.05255665 0.6196954  0.32774794]
 [0.05850905 0.13641042 0.80508053]
 [0.8441662  0.12663423 0.02919955]
 [0.11167778 0.31838706 0.56993514]]
probabilities: [[0. 0. 1.]
 [0. 1. 0.]
 [0. 0. 1.]
 [0. 0. 1.]
 [0. 0. 1.]]
probabilities: [[0.06400476 0.7550762  0.18091902]
 [0.76666903 0.12422483 0.10910613]
 [0.36368048 0.1421472  0.49417233]
 [0.22235437 0.25829947 0.5193462 ]
 [0.33397335 0.01642821 0.6495984 ]]
probabilities: [[0.7189707  0.13281497 0.14821433]
 [0.11523262 0.05328083 0.8314865 ]
 [0.26929116 0.58615786 0.144551  ]
 [0.34028968 0.5020248  0.15768552]
 [0.61725783 0.18645018 0.19629197]]
probabilities: [[0.40414876 0.45844808 0.13740316]
 [0.31717682 0.5157746  0.16704857]
 [0.22138433 0.15486364 0.62375206]
 [0.15545823 0.24087918 0.6036626 ]
 [0.33457464 0.37734184 0.28808352]]
probabilities: [[0. 0. 1.]
 [0. 1. 0.]
 [0. 1. 0.]
 [0. 0. 1.]
 [0. 0. 1.]]
probabilities: [[0.09865323 0.44642892 0.45491785]
 [0.02370153 0.09433772 0.88196075]
 [0.7244496  0.08430194 0.19124849]
 [0.22059537 0.18079022 0.5986144 ]
 [0.7892141  0.12130465 0.08948131]]
probabilities: [[0.16518861 0.20284522 0.6319662 ]
 [0.1783131  0.4853838  0.33630309]
 [0.20260306 0.46087238 0.33652455]
 [0.17788729 0.50482273 0.31728998]
 [0.2561535  0.55265075 0.19119574]]
probabilities: [[0.6834931  0.08056071 0.23594622]
 [0.38830352 0.579566   0.03213049]
 [0.49079892 0.47301078 0.03619031]
 [0.08980626 0.2611124  0.64908135]
 [0.60599405 0.21464378 0.17936218]]
probabilities: [[0. 1. 0.]
 [0. 1. 0.]
 [0. 1. 0.]
 [0. 1. 0.]
 [0. 1. 0.]]
probabilities: [[0.2235348  0.675538   0.10092722]
 [0.71534675 0.27079022 0.01386299]
 [0.55735    0.38972178 0.05292822]
 [0.32689533 0.14383902 0.52926564]
 [0.41389897 0.08830915 0.4977919 ]]
probabilities: [[0.01381322 0.06531452 0.9208723 ]
 [0.14623381 0.30236533 0.55140084]
 [0.5248518  0.29155046 0.18359773]
 [0.7077453  0.25408113 0.03817359]
 [0.44685456 0.45275685 0.10038858]]
probabilities: [[0.7479585  0.16245748 0.08958407]
 [0.52440304 0.09982864 0.37576833]
 [0.18076758 0.793765   0.02546741]
 [0.05595067 0.8299331  0.11411624]
 [0.2821216  0.3848088  0.3330696 ]]
probabilities: [[1. 0. 0.]
 [1. 0. 0.]
 [1. 0. 0.]
 [1. 0. 0.]
 [1. 0. 0.]]
probabilities: [[0.7135018  0.17884213 0.10765605]
 [0.10104923 0.53532845 0.36362234]
 [0.0601367  0.86699235 0.07287097]
 [0.6529817  0.15097761 0.1960407 ]
 [0.5699966  0.21281318 0.21719022]]
probabilities: [[0.01034779 0.02483524 0.964817  ]
 [0.37256077 0.4131418  0.21429744]
 [0.08194099 0.48065856 0.43740043]
 [0.3370277  0.5108377  0.15213464]
 [0.2367927  0.5383494  0.22485793]]
probabilities: [[0.09471534 0.01794938 0.8873353 ]
 [0.49060002 0.50095487 0.00844511]
 [0.32006872 0.3350196  0.3449117 ]
 [0.03209816 0.7711488  0.19675301]
 [0.22837524 0.51074994 0.2608748 ]]
probabilities: [[0. 1. 0.]
 [0. 1. 0.]
 [0. 1. 0.]
 [0. 1. 0.]
 [0. 1. 0.]]
probabilities: [[0.5125003  0.30340886 0.18409087]
 [0.40629646 0.36009297 0.23361057]
 [0.06339433 0.6398284  0.2967773 ]
 [0.7514603  0.15604772 0.09249198]
 [0.02302642 0.2204052  0.7565684 ]]
probabilities: [[0.04409893 0.46975163 0.48614946]
 [0.41378826 0.02989136 0.55632037]
 [0.14921226 0.13929576 0.711492  ]
 [0.20873323 0.7841172  0.00714955]
 [0.25956908 0.15926032 0.5811706 ]]
probabilities: [[0.8682076  0.01200266 0.11978976]
 [0.09022301 0.8017642  0.10801278]
 [0.37562367 0.49600345 0.12837288]
 [0.23618017 0.6870351  0.07678475]
 [0.5268136  0.27397034 0.19921601]]
probabilities: [[0. 0. 1.]
 [0. 1. 0.]
 [0. 1. 0.]
 [0. 0. 1.]
 [0. 0. 1.]]
probabilities: [[0.30197248 0.44102046 0.25700706]
 [0.05572313 0.63694775 0.30732912]
 [0.07652749 0.28391963 0.63955283]
 [0.04835475 0.44431108 0.5073342 ]
 [0.5462721  0.32320452 0.13052337]]
probabilities: [[0.05352657 0.71402216 0.23245127]
 [0.425837   0.24238963 0.33177334]
 [0.07111562 0.17593692 0.75294745]
 [0.10427539 0.25220287 0.6435217 ]
 [0.30653736 0.1071403  0.58632237]]
probabilities: [[0.319926   0.46530867 0.21476537]
 [0.3008978  0.17837614 0.520726  ]
 [0.7000173  0.07418276 0.22579996]
 [0.41205233 0.18739101 0.40055665]
 [0.4277698  0.21557547 0.3566547 ]]
probabilities: [[0. 1. 0.]
 [0. 1. 0.]
 [0. 1. 0.]
 [0. 1. 0.]
 [0. 1. 0.]]
probabilities: [[0.4245544  0.02220482 0.5532408 ]
 [0.03666146 0.62756693 0.3357716 ]
 [0.6211078  0.16906723 0.20982493]
 [0.23664823 0.2972415  0.46611026]
 [0.38023588 0.13842034 0.48134378]]
probabilities: [[0.40461928 0.4774279  0.11795282]
 [0.15426499 0.82767135 0.01806365]
 [0.15592358 0.34273508 0.50134134]
 [0.14221539 0.59245294 0.26533166]
 [0.589979   0.04894895 0.36107206]]
probabilities: [[0.62007016 0.04293269 0.33699715]
 [0.09780596 0.89017135 0.01202267]
 [0.08272491 0.6695275  0.24774764]
 [0.23683584 0.2057426  0.55742157]
 [0.00908227 0.23815244 0.7527653 ]]
probabilities: [[0. 1. 0.]
 [0. 1. 0.]
 [0. 1. 0.]
 [0. 1. 0.]
 [0. 1. 0.]]
probabilities: [[0.3912956  0.16835168 0.4403527 ]
 [0.35809135 0.1571993  0.48470935]
 [0.15492393 0.03398203 0.81109405]
 [0.04500958 0.71353763 0.24145277]
 [0.20478477 0.65126735 0.14394788]]
probabilities: [[0.01814017 0.32540601 0.65645385]
 [0.398726   0.14049183 0.4607822 ]
 [0.17111412 0.1125671  0.7163188 ]
 [0.75421447 0.13517188 0.11061366]
 [0.22338195 0.7741741  0.00244397]]
probabilities: [[0.03903754 0.88758206 0.07338042]
 [0.2983271  0.26332605 0.43834686]
 [0.32625225 0.6194101  0.05433766]
 [0.5343379  0.22420031 0.2414618 ]
 [0.25914684 0.10243762 0.6384156 ]]
probabilities: [[0. 0. 1.]
 [0. 1. 0.]
 [0. 1. 0.]
 [0. 0. 1.]
 [0. 0. 1.]]
probabilities: [[0.02029874 0.51078856 0.4689127 ]
 [0.15229948 0.12651652 0.721184  ]
 [0.6768107  0.00813244 0.31505686]
 [0.23357692 0.6557656  0.11065747]
 [0.58922094 0.36127883 0.0495002 ]]
probabilities: [[0.76146823 0.02516527 0.21336648]
 [0.6945691  0.3014243  0.00400663]
 [0.5311927  0.46737745 0.00142981]
 [0.10848206 0.22884862 0.6626693 ]
 [0.01696304 0.13014941 0.8528876 ]]
probabilities: [[0.63311267 0.06364421 0.3032431 ]
 [0.35878494 0.0843256  0.5568895 ]
 [0.5942257  0.1928474  0.21292686]
 [0.24195255 0.2858243  0.47222316]
 [0.12451611 0.5761684  0.29931545]]
probabilities: [[0. 1. 0.]
 [0. 1. 0.]
 [0. 1. 0.]
 [0. 1. 0.]
 [0. 1. 0.]]
probabilities: [[0.18767294 0.5533485  0.2589786 ]
 [0.13413231 0.6635707  0.20229699]
 [0.05119593 0.38229966 0.5665044 ]
 [0.04448568 0.29646125 0.6590531 ]
 [0.3774691  0.10395257 0.51857835]]
probabilities: [[0.01669313 0.9258768  0.05743005]
 [0.2572035  0.05328879 0.6895077 ]
 [0.30606726 0.16470584 0.5292269 ]
 [0.63817024 0.05447067 0.30735907]
 [0.04323608 0.6413538  0.31541014]]
probabilities: [[0.2613502  0.13341114 0.6052386 ]
 [0.08416373 0.33563003 0.5802062 ]
 [0.77023834 0.14968945 0.08007219]
 [0.34598574 0.3495488  0.30446547]
 [0.63465893 0.3057131  0.059628  ]]
probabilities: [[1. 0. 0.]
 [1. 0. 0.]
 [1. 0. 0.]
 [1. 0. 0.]
 [1. 0. 0.]]
probabilities: [[0.14299689 0.3571965  0.49980658]
 [0.05218571 0.64008    0.30773428]
 [0.34853125 0.3583553  0.2931134 ]
 [0.34798118 0.34521443 0.30680442]
 [0.499668   0.35015336 0.15017866]]
probabilities: [[0.02107893 0.53235924 0.44656184]
 [0.23056768 0.38003296 0.38939938]
 [0.31586617 0.5805702  0.10356363]
 [0.45920983 0.51112187 0.02966832]
 [0.475474   0.37060267 0.15392332]]
probabilities: [[0.30885985 0.05319243 0.63794774]
 [0.12286443 0.2279022  0.64923334]
 [0.33741397 0.35480344 0.3077826 ]
 [0.19752078 0.409041   0.39343822]
 [0.22274792 0.4635233  0.31372878]]
probabilities: [[0. 1. 0.]
 [0. 1. 0.]
 [0. 1. 0.]
 [0. 1. 0.]
 [0. 1. 0.]]
probabilities: [[0.40174004 0.24219655 0.3560634 ]
 [0.6418478  0.12879656 0.22935566]
 [0.1483462  0.18199767 0.6696561 ]
 [0.45150807 0.21761172 0.3308802 ]
 [0.23644799 0.58563304 0.17791894]]
probabilities: [[0.20634833 0.04115737 0.75249434]
 [0.5681232  0.42687544 0.00500135]
 [0.09453247 0.1212116  0.7842559 ]
 [0.6577558  0.31215245 0.03009178]
 [0.30899486 0.16135539 0.52964973]]
probabilities: [[0.01389125 0.52536374 0.46074504]
 [0.49841893 0.26788598 0.23369509]
 [0.23761684 0.05186573 0.7105174 ]
 [0.780531   0.1666303  0.05283874]
 [0.04582852 0.5226926  0.43147886]]
probabilities: [[1. 0. 0.]
 [1. 0. 0.]
 [1. 0. 0.]
 [1. 0. 0.]
 [1. 0. 0.]]
probabilities: [[0.19867313 0.34516993 0.45615694]
 [0.00546657 0.23932743 0.755206  ]
 [0.232198   0.7189499  0.04885208]
 [0.18848516 0.4572795  0.35423535]
 [0.01103913 0.4610466  0.5279142 ]]
probabilities: [[0.23222566 0.50460714 0.2631672 ]
 [0.21165736 0.24465355 0.5436891 ]
 [0.13131355 0.36789596 0.5007905 ]
 [0.6145048  0.13609436 0.24940082]
 [0.39573705 0.2447454  0.35951754]]
probabilities: [[0.2597476  0.48990962 0.2503428 ]
 [0.61544526 0.22348939 0.16106535]
 [0.17281286 0.33039537 0.49679175]
 [0.21200463 0.2181158  0.5698796 ]
 [0.09710274 0.47025216 0.4326451 ]]
probabilities: [[0. 1. 0.]
 [0. 1. 0.]
 [0. 1. 0.]
 [0. 1. 0.]
 [0. 1. 0.]]
probabilities: [[0.83116287 0.10197802 0.06685913]
 [0.33868232 0.15586318 0.5054545 ]
 [0.68228215 0.06864481 0.24907303]
 [0.29987606 0.11394203 0.58618194]
 [0.4742205  0.2786733  0.24710618]]
probabilities: [[0.61420393 0.3197103  0.06608574]
 [0.26175305 0.4329607  0.30528626]
 [0.60663766 0.06160621 0.33175614]
 [0.42697698 0.18805826 0.38496476]
 [0.2771219  0.2898904  0.4329877 ]]
probabilities: [[0.33981985 0.22481316 0.435367  ]
 [0.70790875 0.17631297 0.11577827]
 [0.22826087 0.6841444  0.08759477]
 [0.5684749  0.25714457 0.17438054]
 [0.59970236 0.18465385 0.21564376]]
probabilities: [[0. 0. 1.]
 [0. 1. 0.]
 [0. 1. 0.]
 [0. 0. 1.]
 [0. 0. 1.]]
probabilities: [[0.22935744 0.48634198 0.2843006 ]
 [0.1475203  0.7754711  0.0770086 ]
 [0.20101045 0.06509597 0.7338936 ]
 [0.0874288  0.15675029 0.75582093]
 [0.09158773 0.229557   0.6788553 ]]
probabilities: [[0.70123553 0.00676455 0.29199994]
 [0.09957428 0.8398112  0.06061454]
 [0.2614631  0.17922488 0.55931205]
 [0.6910911  0.25171185 0.05719706]
 [0.4430749  0.41372204 0.14320308]]
probabilities: [[0.28898343 0.2002983  0.5107183 ]
 [0.4468828  0.5472519  0.00586529]
 [0.41636944 0.24093051 0.34270003]
 [0.2864611  0.69880223 0.01473663]
 [0.5514469  0.03627523 0.41227788]]
probabilities: [[0. 0. 1.]
 [0. 1. 0.]
 [0. 1. 0.]
 [0. 0. 1.]
 [0. 0. 1.]]
probabilities: [[0.26945108 0.6490055  0.08154347]
 [0.5285373  0.09834417 0.37311858]
 [0.10759955 0.66882473 0.2235757 ]
 [0.10608653 0.3482151  0.54569834]
 [0.77413476 0.14289662 0.08296862]]
probabilities: [[0.14107345 0.5531704  0.30575618]
 [0.31426013 0.2855397  0.4002002 ]
 [0.00393818 0.95969856 0.03636324]
 [0.04914621 0.03261887 0.9182349 ]
 [0.42549396 0.16800903 0.40649703]]
probabilities: [[0.48753864 0.19756398 0.3148974 ]
 [0.34591192 0.52306944 0.13101862]
 [0.19200875 0.01821321 0.78977805]
 [0.01739488 0.6478654  0.33473969]
 [0.34566873 0.23209028 0.422241  ]]
probabilities: [[1. 0. 0.]
 [1. 0. 0.]
 [1. 0. 0.]
 [1. 0. 0.]
 [1. 0. 0.]]
probabilities: [[0.85485107 0.0665883  0.07856064]
 [0.1470131  0.12178245 0.73120445]
 [0.40340477 0.02565837 0.57093686]
 [0.0432271  0.7998346  0.1569383 ]
 [0.02310775 0.5800093  0.39688298]]
probabilities: [[0.01412774 0.96315414 0.02271813]
 [0.35251388 0.47539228 0.17209382]
 [0.7998102  0.0647653  0.13542454]
 [0.08124979 0.27247196 0.6462782 ]
 [0.00732476 0.17729878 0.81537646]]
probabilities: [[0.6283641  0.12291761 0.24871832]
 [0.46417552 0.19538806 0.3404364 ]
 [0.03398338 0.40357447 0.5624421 ]
 [0.76554763 0.12516917 0.10928319]
 [0.20614284 0.02187633 0.7719808 ]]
probabilities: [[0. 0. 1.]
 [0. 1. 0.]
 [0. 0. 1.]
 [0. 0. 1.]
 [0. 0. 1.]]
probabilities: [[0.6244816  0.02283724 0.35268113]
 [0.08044718 0.0598801  0.8596727 ]
 [0.35008255 0.3976669  0.25225052]
 [0.20377326 0.5467137  0.249513  ]
 [0.758508   0.06928683 0.17220515]]
probabilities: [[0.37504295 0.06695083 0.5580062 ]
 [0.15228428 0.249044   0.59867173]
 [0.19853842 0.5608401  0.24062152]
 [0.11257227 0.8766741  0.01075364]
 [0.2224786  0.42406106 0.35346034]]
probabilities: [[0.3758494  0.3039382  0.3202124 ]
 [0.38727015 0.5123541  0.10037576]
 [0.36600858 0.13219073 0.50180066]
 [0.5995731  0.29690236 0.10352458]
 [0.26369542 0.04686496 0.68943965]]
probabilities: [[0. 0. 1.]
 [0. 1. 0.]
 [0. 0. 1.]
 [0. 0. 1.]
 [0. 0. 1.]]
probabilities: [[0.01913104 0.32113615 0.6597328 ]
 [0.37368178 0.21254277 0.41377544]
 [0.03690373 0.80505973 0.15803652]
 [0.7850073  0.21409649 0.00089619]
 [0.8430773  0.13309671 0.02382595]]
probabilities: [[0.19187012 0.4736797  0.33445022]
 [0.20251045 0.60736376 0.1901258 ]
 [0.5348514  0.00672096 0.4584277 ]
 [0.19739898 0.5940098  0.20859122]
 [0.63955307 0.27310115 0.0873458 ]]
probabilities: [[0.45670834 0.10018549 0.44310617]
 [0.3997257  0.08928838 0.5109859 ]
 [0.36043632 0.0339319  0.60563177]
 [0.47424597 0.45760703 0.068147  ]
 [0.18790981 0.09956486 0.7125253 ]]
probabilities: [[1. 0. 0.]
 [1. 0. 0.]
 [1. 0. 0.]
 [1. 0. 0.]
 [1. 0. 0.]]
probabilities: [[0.35256657 0.43471393 0.2127195 ]
 [0.15590596 0.10766971 0.7364243 ]
 [0.05450177 0.00096272 0.9445355 ]
 [0.6127066  0.05992998 0.32736343]
 [0.51227593 0.45957476 0.02814932]]
probabilities: [[0.10194483 0.35027626 0.5477789 ]
 [0.6752986  0.26875404 0.05594741]
 [0.00776122 0.87263155 0.11960725]
 [0.09565953 0.5621855  0.34215495]
 [0.31963053 0.28739855 0.39297092]]
probabilities: [[0.5672008  0.17122681 0.2615724 ]
 [0.42838123 0.1450792  0.42653957]
 [0.2413109  0.45990732 0.29878178]
 [0.33417702 0.06047183 0.60535115]
 [0.06346219 0.7916713  0.14486654]]
probabilities: [[1. 0. 0.]
 [1. 0. 0.]
 [1. 0. 0.]
 [1. 0. 0.]
 [1. 0. 0.]]
probabilities: [[0.21693209 0.64027137 0.14279653]
 [0.6479698  0.34311697 0.00891322]
 [0.12445422 0.5656973  0.3098485 ]
 [0.57163924 0.33586478 0.09249597]
 [0.1692231  0.19915795 0.6316189 ]]
probabilities: [[0.49767217 0.04388821 0.45843962]
 [0.3050809  0.1911997  0.5037194 ]
 [0.7811392  0.06776807 0.15109272]
 [0.4310607  0.22297066 0.34596863]
 [0.68463737 0.06587274 0.2494899 ]]
probabilities: [[0.66971284 0.01067013 0.31961703]
 [0.14371276 0.5411164  0.31517082]
 [0.47098774 0.28054318 0.24846908]
 [0.50349975 0.305317   0.19118328]
 [0.7613362  0.10529681 0.13336696]]
probabilities: [[0. 0. 1.]
 [0. 1. 0.]
 [0. 0. 1.]
 [0. 0. 1.]
 [0. 0. 1.]]
probabilities: [[0.07748941 0.3692593  0.5532513 ]
 [0.09098046 0.06145921 0.84756035]
 [0.4890023  0.3886335  0.12236422]
 [0.25719434 0.32180664 0.42099902]
 [0.09263997 0.4857517  0.42160836]]
probabilities: [[0.21965277 0.13877147 0.64157575]
 [0.42348823 0.06110935 0.51540244]
 [0.02455943 0.29685128 0.6785893 ]
 [0.29538563 0.31961283 0.38500154]
 [0.23053062 0.711966   0.05750341]]
probabilities: [[0.06420798 0.00581237 0.9299797 ]
 [0.02980247 0.03923169 0.93096584]
 [0.33530363 0.20094746 0.4637489 ]
 [0.19687034 0.04226329 0.76086634]
 [0.17731135 0.5145006  0.30818808]]
probabilities: [[0. 1. 0.]
 [0. 1. 0.]
 [0. 1. 0.]
 [0. 1. 0.]
 [0. 1. 0.]]
probabilities: [[0.32770282 0.49144638 0.1808508 ]
 [0.10365428 0.89470243 0.00164327]
 [0.32025525 0.65380216 0.02594256]
 [0.5224105  0.2844306  0.1931589 ]
 [0.74209166 0.102414   0.15549435]]
probabilities: [[0.31069648 0.44237837 0.24692512]
 [0.31367224 0.63939506 0.04693269]
 [0.07565001 0.8000007  0.12434929]
 [0.43814442 0.4143678  0.14748779]
 [0.27764142 0.5593678  0.1629908 ]]
probabilities: [[0.14999221 0.64567816 0.20432964]
 [0.21147081 0.27308637 0.5154428 ]
 [0.49899513 0.32657406 0.17443083]
 [0.33037785 0.30952927 0.36009288]
 [0.59294266 0.30886123 0.09819613]]
probabilities: [[1. 0. 0.]
 [1. 0. 0.]
 [1. 0. 0.]
 [1. 0. 0.]
 [1. 0. 0.]]
probabilities: [[0.4266928  0.19866563 0.37464154]
 [0.69155145 0.10856228 0.19988625]
 [0.31591058 0.25818858 0.42590085]
 [0.31692263 0.59581655 0.08726079]
 [0.44984168 0.11412764 0.4360307 ]]
probabilities: [[0.19615273 0.08007227 0.72377497]
 [0.18579096 0.6613787  0.15283039]
 [0.49830103 0.4110373  0.09066165]
 [0.01444273 0.6480577  0.33749956]
 [0.36847803 0.4264845  0.20503747]]
probabilities: [[0.49191958 0.20644003 0.3016404 ]
 [0.08166263 0.04871824 0.86961913]
 [0.85125333 0.06892893 0.07981775]
 [0.5917611  0.1884589  0.21977995]
 [0.33712    0.4887362  0.17414379]]
probabilities: [[0. 0. 1.]
 [0. 1. 0.]
 [0. 1. 0.]
 [0. 0. 1.]
 [0. 0. 1.]]
probabilities: [[0.8702111  0.01090956 0.11887929]
 [0.11358451 0.47951442 0.40690106]
 [0.30527025 0.50156    0.19316977]
 [0.4720917  0.16917796 0.35873032]
 [0.878367   0.04293238 0.0787006 ]]
probabilities: [[0.7838856  0.20189385 0.01422057]
 [0.5270545  0.16807854 0.30486697]
 [0.48027253 0.00877548 0.510952  ]
 [0.5406475  0.30969852 0.14965396]
 [0.14182386 0.2708249  0.58735126]]
probabilities: [[0.32289323 0.10073926 0.5763675 ]
 [0.12783816 0.26492578 0.6072361 ]
 [0.20550187 0.2659315  0.52856666]
 [0.9248879  0.04289249 0.0322196 ]
 [0.20559691 0.46979585 0.32460725]]
probabilities: [[1. 0. 0.]
 [1. 0. 0.]
 [1. 0. 0.]
 [1. 0. 0.]
 [1. 0. 0.]]
probabilities: [[0.5725726  0.33428383 0.09314358]
 [0.5905362  0.03683046 0.37263334]
 [0.42337248 0.49409208 0.08253545]
 [0.04486222 0.7142977  0.24084006]
 [0.7419384  0.22119342 0.03686817]]
probabilities: [[0.19267528 0.3477054  0.4596193 ]
 [0.69980234 0.06774784 0.23244981]
 [0.4490312  0.09922621 0.4517426 ]
 [0.513728   0.20751451 0.27875748]
 [0.23811299 0.3092292  0.45265782]]
probabilities: [[0.05605165 0.6784174  0.26553097]
 [0.62872374 0.21563128 0.155645  ]
 [0.7602792  0.08878016 0.15094066]
 [0.04091739 0.063564   0.8955186 ]
 [0.05388722 0.3057809  0.64033186]]
probabilities: [[0. 0. 1.]
 [0. 1. 0.]
 [0. 1. 0.]
 [0. 0. 1.]
 [0. 0. 1.]]
probabilities: [[0.5425958  0.02052969 0.43687454]
 [0.33704507 0.13249078 0.5304641 ]
 [0.5805444  0.3683184  0.05113716]
 [0.34507006 0.11676271 0.53816724]
 [0.26118973 0.34769693 0.3911133 ]]
probabilities: [[0.7893979  0.17475675 0.03584537]
 [0.00205203 0.90222645 0.09572152]
 [0.21567973 0.54364836 0.24067192]
 [0.08476703 0.42003515 0.4951978 ]
 [0.13648894 0.5370883  0.32642278]]
probabilities: [[0.13662222 0.41902062 0.4443572 ]
 [0.0493713  0.17227867 0.77835   ]
 [0.37703216 0.22769395 0.3952739 ]
 [0.27505982 0.69913423 0.02580598]
 [0.8378644  0.07136971 0.09076586]]
probabilities: [[0. 1. 0.]
 [0. 1. 0.]
 [0. 1. 0.]
 [0. 1. 0.]
 [0. 1. 0.]]
probabilities: [[0.14686476 0.75427663 0.0988586 ]
 [0.34897226 0.00645589 0.64457184]
 [0.5249518  0.16738003 0.30766815]
 [0.18872167 0.7199997  0.09127867]
 [0.2918246  0.5358051  0.17237027]]
probabilities: [[0.44561434 0.4660984  0.08828728]
 [0.833817   0.14858563 0.01759735]
 [0.6015484  0.02939828 0.3690533 ]
 [0.73009807 0.09459366 0.17530826]
 [0.37739003 0.22767355 0.3949364 ]]
probabilities: [[0.03010277 0.27939934 0.6904979 ]
 [0.1639599  0.6002681  0.23577195]
 [0.27241126 0.40787813 0.31971064]
 [0.15172611 0.70645875 0.14181513]
 [0.0580712  0.14025834 0.80167043]]
probabilities: [[0. 0. 1.]
 [0. 1. 0.]
 [0. 1. 0.]
 [0. 0. 1.]
 [0. 0. 1.]]
probabilities: [[0.20334728 0.52581805 0.27083465]
 [0.18035726 0.46271396 0.35692877]
 [0.36865303 0.38269842 0.24864855]
 [0.6731889  0.262843   0.06396804]
 [0.08710509 0.48953354 0.42336136]]
probabilities: [[1.8067460e-01 2.7868107e-01 5.4064429e-01]
 [3.2461512e-01 2.4804468e-01 4.2734021e-01]
 [2.3938499e-01 1.0595926e-01 6.5465575e-01]
 [4.2048219e-04 3.8197201e-01 6.1760747e-01]
 [1.5427464e-01 2.7205795e-01 5.7366741e-01]]
probabilities: [[0.08020993 0.0048679  0.9149222 ]
 [0.45512834 0.41196513 0.1329065 ]
 [0.40913123 0.07333712 0.51753163]
 [0.09229396 0.10895479 0.79875124]
 [0.12933874 0.16928278 0.70137846]]
probabilities: [[0. 1. 0.]
 [0. 1. 0.]
 [0. 1. 0.]
 [0. 1. 0.]
 [0. 1. 0.]]
probabilities: [[0.56787896 0.11506196 0.3170591 ]
 [0.74739903 0.15906936 0.09353163]
 [0.15114233 0.8258976  0.02296013]
 [0.29726854 0.37153316 0.3311983 ]
 [0.04462997 0.2827031  0.6726669 ]]
probabilities: [[0.42606118 0.10116442 0.4727744 ]
 [0.6710649  0.23283364 0.09610146]
 [0.25222054 0.491601   0.25617847]
 [0.33425283 0.5433036  0.12244355]
 [0.19400738 0.6283467  0.17764592]]
probabilities: [[0.54775655 0.19043885 0.2618046 ]
 [0.26883593 0.06167196 0.6694921 ]
 [0.68975455 0.19284041 0.11740505]
 [0.22854307 0.45443282 0.3170241 ]
 [0.8066023  0.02328233 0.17011537]]
probabilities: [[0. 0. 1.]
 [0. 1. 0.]
 [0. 0. 1.]
 [0. 0. 1.]
 [0. 0. 1.]]
probabilities: [[0.17569764 0.11971283 0.70458955]
 [0.27200243 0.4832211  0.24477643]
 [0.07584947 0.12591942 0.7982311 ]
 [0.05134114 0.76757365 0.18108521]
 [0.09285608 0.04374606 0.86339784]]
probabilities: [[0.09761487 0.7164576  0.18592755]
 [0.01509882 0.7958803  0.18902084]
 [0.26835525 0.43908417 0.29256058]
 [0.2804183  0.22101222 0.4985695 ]
 [0.33318684 0.5646077  0.10220548]]
probabilities: [[2.3510605e-01 2.2407696e-06 7.6489168e-01]
 [5.9080732e-01 1.8742564e-01 2.2176705e-01]
 [3.2372135e-01 1.6285117e-01 5.1342750e-01]
 [4.4891562e-02 7.2930968e-01 2.2579874e-01]
 [5.5534333e-01 6.4500928e-02 3.8015571e-01]]
probabilities: [[1. 0. 0.]
 [1. 0. 0.]
 [1. 0. 0.]
 [1. 0. 0.]
 [1. 0. 0.]]
probabilities: [[0.4548219  0.41177946 0.13339864]
 [0.69621843 0.29400802 0.00977357]
 [0.41930255 0.37200248 0.20869496]
 [0.07887646 0.80736226 0.11376131]
 [0.61500555 0.16402458 0.22096989]]
probabilities: [[0.01645273 0.0953332  0.88821405]
 [0.27609587 0.07416413 0.64974   ]
 [0.02385047 0.22318728 0.75296223]
 [0.19274577 0.45404866 0.35320556]
 [0.03454869 0.6578787  0.30757263]]
probabilities: [[0.72854614 0.10876512 0.16268873]
 [0.21295974 0.52819884 0.2588414 ]
 [0.61903286 0.36033338 0.02063376]
 [0.30303228 0.5063419  0.19062585]
 [0.03114856 0.01576605 0.95308536]]
probabilities: [[1. 0. 0.]
 [1. 0. 0.]
 [1. 0. 0.]
 [1. 0. 0.]
 [1. 0. 0.]]
probabilities: [[0.3232002  0.06897237 0.6078274 ]
 [0.29343507 0.12497865 0.5815863 ]
 [0.09587071 0.8068892  0.09724009]
 [0.10218049 0.7398751  0.15794441]
 [0.12625419 0.04769886 0.82604694]]
probabilities: [[0.31174886 0.67930686 0.00894428]
 [0.01632966 0.7555275  0.22814284]
 [0.12357207 0.68847126 0.18795668]
 [0.26731446 0.44838807 0.28429747]
 [0.4238887  0.15330176 0.4228095 ]]
probabilities: [[0.69167143 0.10765317 0.2006754 ]
 [0.46603125 0.4722835  0.06168524]
 [0.33369857 0.24455303 0.4217484 ]
 [0.43520522 0.01015323 0.55464154]
 [0.46834224 0.3176307  0.21402705]]
probabilities: [[1. 0. 0.]
 [1. 0. 0.]
 [1. 0. 0.]
 [1. 0. 0.]
 [1. 0. 0.]]
probabilities: [[1.8648247e-01 8.1320310e-01 3.1442475e-04]
 [4.6842960e-01 2.1847786e-01 3.1309256e-01]
 [2.0556173e-01 6.0840708e-01 1.8603121e-01]
 [4.2832080e-01 2.1553263e-01 3.5614657e-01]
 [3.7514251e-01 5.4621822e-01 7.8639284e-02]]
probabilities: [[0.44802603 0.19436409 0.35760987]
 [0.00952409 0.6688556  0.32162032]
 [0.02527118 0.17104784 0.803681  ]
 [0.37463766 0.23016222 0.39520013]
 [0.03593855 0.53498465 0.42907676]]
probabilities: [[0.29440555 0.3087223  0.39687216]
 [0.30594552 0.03917728 0.6548772 ]
 [0.26298586 0.20855497 0.5284592 ]
 [0.3155924  0.37580666 0.30860093]
 [0.20932166 0.2974153  0.49326307]]
probabilities: [[1. 0. 0.]
 [1. 0. 0.]
 [1. 0. 0.]
 [1. 0. 0.]
 [1. 0. 0.]]
probabilities: [[0.82019734 0.14838599 0.0314167 ]
 [0.02707906 0.6707923  0.30212867]
 [0.24878046 0.15964484 0.59157467]
 [0.74838245 0.00962333 0.24199419]
 [0.0468911  0.695385   0.25772393]]
probabilities: [[0.007873   0.11476636 0.87736064]
 [0.6738441  0.19935328 0.12680264]
 [0.07787891 0.5487474  0.3733737 ]
 [0.45306966 0.43342805 0.11350228]
 [0.13223974 0.834845   0.03291525]]
probabilities: [[0.2766284  0.03577321 0.68759835]
 [0.46955532 0.25448483 0.27595985]
 [0.25043058 0.35908318 0.3904862 ]
 [0.41261417 0.53917557 0.04821028]
 [0.28960714 0.63532203 0.07507083]]
probabilities: [[0. 0. 1.]
 [0. 1. 0.]
 [0. 1. 0.]
 [0. 0. 1.]
 [0. 0. 1.]]
probabilities: [[0.43878028 0.38278517 0.17843454]
 [0.7857206  0.19386898 0.02041041]
 [0.21518101 0.17974956 0.6050694 ]
 [0.01881878 0.8340168  0.14716445]
 [0.12108202 0.4352924  0.4436256 ]]
probabilities: [[0.1467758  0.6940722  0.159152  ]
 [0.02485924 0.94621664 0.02892409]
 [0.01770298 0.5037878  0.47850922]
 [0.04931638 0.30787125 0.6428124 ]
 [0.83934945 0.0031452  0.15750535]]
probabilities: [[0.1946048  0.59687006 0.20852514]
 [0.08297767 0.7509666  0.16605574]
 [0.40096915 0.36449096 0.23453991]
 [0.06633979 0.458866   0.4747942 ]
 [0.15152065 0.44749323 0.40098614]]
probabilities: [[0. 0. 1.]
 [0. 1. 0.]
 [0. 0. 1.]
 [0. 0. 1.]
 [0. 0. 1.]]
probabilities: [[0.40738133 0.5268975  0.06572118]
 [0.11619657 0.34646043 0.537343  ]
 [0.2511151  0.6447811  0.1041038 ]
 [0.8046449  0.05091222 0.14444289]
 [0.25125936 0.74038655 0.00835413]]
probabilities: [[0.3701707  0.27715278 0.3526765 ]
 [0.3308175  0.03319846 0.63598406]
 [0.63161355 0.04995701 0.31842947]
 [0.87105256 0.04138523 0.08756222]
 [0.3281179  0.5301107  0.14177139]]
probabilities: [[0.68832827 0.12582178 0.18584998]
 [0.07171372 0.2011847  0.72710156]
 [0.10208853 0.17501602 0.72289544]
 [0.23239747 0.11443264 0.6531699 ]
 [0.13231921 0.6022617  0.26541907]]
probabilities: [[0. 0. 1.]
 [0. 1. 0.]
 [0. 1. 0.]
 [0. 0. 1.]
 [0. 0. 1.]]
probabilities: [[0.08061421 0.6907935  0.22859229]
 [0.28554943 0.02812446 0.6863261 ]
 [0.46480688 0.02128389 0.5139092 ]
 [0.10469238 0.31280214 0.58250546]
 [0.5771602  0.35417327 0.06866658]]
probabilities: [[0.18450324 0.2827249  0.5327719 ]
 [0.43414074 0.46123877 0.10462048]
 [0.7035063  0.26806507 0.02842865]
 [0.5259068  0.00448739 0.4696058 ]
 [0.609315   0.2732801  0.11740493]]
probabilities: [[0.6068975  0.2573054  0.13579716]
 [0.8753021  0.03098523 0.09371272]
 [0.7504925  0.11643729 0.1330702 ]
 [0.787086   0.16697823 0.04593576]
 [0.33039555 0.60020405 0.06940043]]
probabilities: [[1. 0. 0.]
 [1. 0. 0.]
 [1. 0. 0.]
 [1. 0. 0.]
 [1. 0. 0.]]
probabilities: [[0.25767633 0.28636733 0.45595634]
 [0.235944   0.6457199  0.1183361 ]
 [0.4734002  0.40050957 0.12609023]
 [0.13594936 0.12401967 0.74003094]
 [0.746222   0.22357348 0.03020449]]
probabilities: [[0.38401335 0.51994574 0.09604088]
 [0.5903944  0.31455427 0.09505136]
 [0.40332508 0.40209943 0.19457547]
 [0.02279723 0.59909815 0.3781046 ]
 [0.20035253 0.20416808 0.59547937]]
probabilities: [[0.13781871 0.8004165  0.06176478]
 [0.48922387 0.3510303  0.15974583]
 [0.02151949 0.2923782  0.68610233]
 [0.7766632  0.05194304 0.17139377]
 [0.08324213 0.38946098 0.5272969 ]]
probabilities: [[0. 0. 1.]
 [0. 1. 0.]
 [0. 1. 0.]
 [0. 0. 1.]
 [0. 0. 1.]]
probabilities: [[0.08064421 0.5111776  0.4081782 ]
 [0.41473433 0.37580326 0.2094624 ]
 [0.29398742 0.3021048  0.40390778]
 [0.42863292 0.53410095 0.03726617]
 [0.43591318 0.51355517 0.05053166]]
probabilities: [[0.02031805 0.23482727 0.7448547 ]
 [0.5163472  0.14497037 0.3386824 ]
 [0.21649279 0.6049626  0.17854464]
 [0.00424713 0.7594087  0.23634414]
 [0.4665837  0.43625566 0.09716066]]
probabilities: [[2.2197250e-01 1.0468368e-01 6.7334384e-01]
 [2.4895412e-01 5.6765683e-02 6.9428021e-01]
 [3.6895537e-04 4.0764081e-01 5.9199023e-01]
 [2.1291143e-01 7.6917487e-01 1.7913679e-02]
 [5.3197764e-02 6.6578150e-01 2.8102076e-01]]
probabilities: [[0. 0. 1.]
 [0. 1. 0.]
 [0. 1. 0.]
 [0. 0. 1.]
 [0. 0. 1.]]
probabilities: [[0.43468314 0.3461773  0.21913953]
 [0.37046573 0.32459986 0.30493444]
 [0.30467626 0.09891577 0.59640795]
 [0.34764865 0.31450334 0.337848  ]
 [0.33208615 0.29418615 0.3737277 ]]
probabilities: [[0.02109774 0.36920753 0.6096947 ]
 [0.36910746 0.38914758 0.24174497]
 [0.0639617  0.021868   0.9141703 ]
 [0.28930143 0.12057687 0.59012175]
 [0.488134   0.41495964 0.09690637]]
probabilities: [[0.35317084 0.5957879  0.05104126]
 [0.8028277  0.18052226 0.01665002]
 [0.04327787 0.00453134 0.95219076]
 [0.4439284  0.1708505  0.3852211 ]
 [0.05735616 0.71801555 0.22462831]]
probabilities: [[0. 0. 1.]
 [0. 1. 0.]
 [0. 1. 0.]
 [0. 0. 1.]
 [0. 0. 1.]]
probabilities: [[0.12449692 0.6955301  0.17997299]
 [0.33850735 0.37639824 0.2850944 ]
 [0.5276665  0.0826225  0.389711  ]
 [0.07913972 0.01175094 0.90910935]
 [0.00456188 0.78490525 0.21053289]]
probabilities: [[0.08359244 0.31287372 0.60353386]
 [0.6238099  0.10172549 0.27446464]
 [0.86427563 0.05586835 0.07985602]
 [0.77243227 0.22077735 0.00679038]
 [0.13953449 0.06021583 0.8002497 ]]
probabilities: [[0.07331236 0.48963472 0.4370529 ]
 [0.2414629  0.6426242  0.11591286]
 [0.4238317  0.12394027 0.452228  ]
 [0.5389142  0.18023954 0.28084627]
 [0.47882244 0.3049421  0.21623546]]
probabilities: [[1. 0. 0.]
 [1. 0. 0.]
 [1. 0. 0.]
 [1. 0. 0.]
 [1. 0. 0.]]
probabilities: [[0.5791829  0.07166547 0.3491516 ]
 [0.22756577 0.40409258 0.36834165]
 [0.6656109  0.06231445 0.27207464]
 [0.01775987 0.5237525  0.45848763]
 [0.25314823 0.42689958 0.31995222]]
probabilities: [[0.0848254  0.8416425  0.07353208]
 [0.15995058 0.58961177 0.25043762]
 [0.04118745 0.17098665 0.7878259 ]
 [0.49332452 0.21790418 0.2887713 ]
 [0.11162174 0.02305446 0.8653238 ]]
probabilities: [[0.06735433 0.43575385 0.4968918 ]
 [0.12321328 0.17393447 0.70285225]
 [0.5762867  0.03058814 0.39312518]
 [0.377003   0.5013515  0.12164551]
 [0.02247026 0.57704705 0.40048265]]
probabilities: [[0. 0. 1.]
 [0. 1. 0.]
 [0. 1. 0.]
 [0. 0. 1.]
 [0. 0. 1.]]
probabilities: [[0.4614182  0.2409783  0.2976035 ]
 [0.471275   0.11596892 0.4127561 ]
 [0.12058432 0.18130468 0.698111  ]
 [0.26854017 0.16826673 0.5631931 ]
 [0.16183779 0.10627888 0.73188335]]
probabilities: [[0.21000147 0.73918784 0.0508107 ]
 [0.41538605 0.15380362 0.43081033]
 [0.40297577 0.4151814  0.18184283]
 [0.6070731  0.15025459 0.24267225]
 [0.01796566 0.44573417 0.5363002 ]]
probabilities: [[0.66470206 0.04066881 0.29462913]
 [0.13752402 0.09181999 0.770656  ]
 [0.04740977 0.9370188  0.01557144]
 [0.48399016 0.04432856 0.47168127]
 [0.5101033  0.3049385  0.18495822]]
probabilities: [[0. 1. 0.]
 [0. 1. 0.]
 [0. 1. 0.]
 [0. 1. 0.]
 [0. 1. 0.]]
probabilities: [[0.20893696 0.26190084 0.52916217]
 [0.39154595 0.4233409  0.18511318]
 [0.37039986 0.2739044  0.35569572]
 [0.31943998 0.24403886 0.43652114]
 [0.47549614 0.12643874 0.39806512]]
probabilities: [[0.0909358  0.89180875 0.01725545]
 [0.02272791 0.22889325 0.7483788 ]
 [0.8940615  0.02128489 0.08465361]
 [0.28195363 0.0552524  0.66279393]
 [0.29063785 0.6571554  0.05220673]]
probabilities: [[0.22992563 0.11008945 0.6599849 ]
 [0.27703774 0.09973559 0.62322664]
 [0.40557274 0.30472693 0.28970033]
 [0.8318416  0.06263779 0.10552065]
 [0.16958635 0.6975888  0.13282488]]
probabilities: [[0. 0. 1.]
 [0. 1. 0.]
 [0. 0. 1.]
 [0. 0. 1.]
 [0. 0. 1.]]
probabilities: [[0.04629407 0.7857743  0.16793165]
 [0.31610483 0.09849042 0.58540475]
 [0.6570742  0.33028382 0.01264197]
 [0.2714033  0.47323558 0.2553611 ]
 [0.3079775  0.5014371  0.19058536]]
probabilities: [[0.17906801 0.28271198 0.53822   ]
 [0.04707646 0.00606068 0.9468629 ]
 [0.34183508 0.39554    0.26262492]
 [0.02042012 0.41877624 0.56080365]
 [0.12934093 0.37823278 0.49242628]]
probabilities: [[0.9141084  0.06462803 0.02126358]
 [0.34678754 0.3688308  0.28438166]
 [0.37916443 0.03621967 0.5846159 ]
 [0.598135   0.05367739 0.34818763]
 [0.63553596 0.02058678 0.34387726]]
probabilities: [[1. 0. 0.]
 [1. 0. 0.]
 [1. 0. 0.]
 [1. 0. 0.]
 [1. 0. 0.]]
probabilities: [[0.12649542 0.29816452 0.5753401 ]
 [0.24861644 0.49138492 0.25999862]
 [0.50416434 0.29810184 0.19773383]
 [0.7991786  0.17660339 0.02421803]
 [0.39794028 0.4441124  0.15794733]]
probabilities: [[0.42737928 0.14606062 0.4265601 ]
 [0.02296864 0.44298577 0.5340456 ]
 [0.07234025 0.3317685  0.59589124]
 [0.70832545 0.04466377 0.24701075]
 [0.01327046 0.526479   0.46025056]]
probabilities: [[0.6910196  0.06362139 0.24535905]
 [0.5204034  0.44940242 0.0301942 ]
 [0.03489914 0.09243121 0.87266964]
 [0.24186207 0.5531189  0.20501904]
 [0.47388062 0.1502722  0.37584716]]
probabilities: [[0. 0. 1.]
 [0. 1. 0.]
 [0. 1. 0.]
 [0. 0. 1.]
 [0. 0. 1.]]
probabilities: [[0.10577784 0.66569513 0.22852704]
 [0.4838941  0.40035823 0.11574765]
 [0.52746737 0.41984528 0.05268736]
 [0.6754609  0.04630072 0.2782384 ]
 [0.00417447 0.6401357  0.35568982]]
probabilities: [[0.21266463 0.7755193  0.01181606]
 [0.00154912 0.3412066  0.65724427]
 [0.11860715 0.49670866 0.3846842 ]
 [0.41455474 0.12090281 0.46454245]
 [0.4455614  0.19337924 0.36105937]]
probabilities: [[0.49672902 0.09521707 0.4080539 ]
 [0.10674852 0.29098263 0.6022689 ]
 [0.5819377  0.15890865 0.25915366]
 [0.5388886  0.3676558  0.0934556 ]
 [0.17531915 0.1346629  0.69001794]]
probabilities: [[0. 0. 1.]
 [0. 1. 0.]
 [0. 0. 1.]
 [0. 0. 1.]
 [0. 0. 1.]]
probabilities: [[0.3737905  0.40818655 0.21802294]
 [0.71409476 0.20157999 0.08432524]
 [0.07605397 0.24990994 0.6740361 ]
 [0.6429795  0.30691832 0.05010219]
 [0.23480374 0.5736807  0.1915156 ]]
probabilities: [[0.06957614 0.8097527  0.12067115]
 [0.32579008 0.11434542 0.5598645 ]
 [0.44606107 0.12083937 0.43309957]
 [0.26366878 0.34434354 0.39198765]
 [0.062071   0.82946557 0.10846341]]
probabilities: [[0.53337204 0.02049278 0.44613516]
 [0.15781051 0.16696024 0.67522925]
 [0.01674848 0.5671476  0.4161039 ]
 [0.3229024  0.11836619 0.5587314 ]
 [0.23671657 0.16807963 0.5952038 ]]
probabilities: [[0. 1. 0.]
 [0. 1. 0.]
 [0. 1. 0.]
 [0. 1. 0.]
 [0. 1. 0.]]
probabilities: [[0.59753025 0.33465242 0.06781735]
 [0.04443086 0.26083076 0.6947384 ]
 [0.49706542 0.32536256 0.17757201]
 [0.3219871  0.33648503 0.34152788]
 [0.1222944  0.46237534 0.41533026]]
probabilities: [[6.8652582e-01 4.5165870e-02 2.6830831e-01]
 [8.4419566e-01 5.7840435e-04 1.5522595e-01]
 [4.2279378e-01 4.9134406e-01 8.5862160e-02]
 [3.8883647e-01 6.4955957e-02 5.4620755e-01]
 [4.4438443e-01 1.3922707e-02 5.4169285e-01]]
probabilities: [[0.40410042 0.21915981 0.37673977]
 [0.12040465 0.21851145 0.6610839 ]
 [0.1325998  0.4308351  0.4365651 ]
 [0.0845697  0.784952   0.13047834]
 [0.33326983 0.3383701  0.32836005]]
probabilities: [[1. 0. 0.]
 [1. 0. 0.]
 [1. 0. 0.]
 [1. 0. 0.]
 [1. 0. 0.]]
probabilities: [[0.4494207  0.4495803  0.100999  ]
 [0.14372964 0.38779438 0.46847597]
 [0.36708838 0.55262303 0.08028861]
 [0.04286842 0.01435977 0.9427718 ]
 [0.04754444 0.09679285 0.8556627 ]]
probabilities: [[0.38203114 0.38997436 0.22799453]
 [0.61870646 0.24704078 0.13425274]
 [0.02384859 0.8282257  0.14792575]
 [0.26733226 0.5475703  0.18509747]
 [0.33750758 0.46689463 0.19559781]]
probabilities: [[0.4280725  0.19336422 0.37856328]
 [0.16439527 0.5047325  0.33087224]
 [0.0185664  0.7004326  0.281001  ]
 [0.26853192 0.59579366 0.13567443]
 [0.1390795  0.16299781 0.6979227 ]]
probabilities: [[0. 1. 0.]
 [0. 1. 0.]
 [0. 1. 0.]
 [0. 1. 0.]
 [0. 1. 0.]]
probabilities: [[0.29600084 0.5976008  0.10639833]
 [0.6681099  0.3015672  0.03032294]
 [0.5570761  0.41394758 0.02897635]
 [0.31292647 0.6439814  0.04309212]
 [0.03110348 0.74963206 0.21926449]]
probabilities: [[0.08828798 0.34102035 0.57069165]
 [0.0469529  0.83568245 0.11736462]
 [0.02055707 0.4467788  0.5326641 ]
 [0.4144518  0.3214885  0.26405972]
 [0.30063352 0.14676152 0.5526049 ]]
probabilities: [[0.6578317  0.15989193 0.18227632]
 [0.67313087 0.20218918 0.12467998]
 [0.8337274  0.01907105 0.14720152]
 [0.19824202 0.28628692 0.51547104]
 [0.08341411 0.8209468  0.09563906]]
probabilities: [[1. 0. 0.]
 [1. 0. 0.]
 [1. 0. 0.]
 [1. 0. 0.]
 [1. 0. 0.]]
probabilities: [[0.11589321 0.18106829 0.7030385 ]
 [0.0718524  0.8854246  0.04272299]
 [0.33732584 0.26757342 0.39510077]
 [0.7680096  0.02311499 0.2088754 ]
 [0.5827724  0.1463187  0.27090892]]
probabilities: [[0.45974347 0.05049181 0.48976472]
 [0.3269035  0.44329193 0.22980456]
 [0.44445693 0.4215757  0.13396738]
 [0.10789277 0.5392775  0.35282975]
 [0.13262723 0.44526535 0.4221074 ]]
probabilities: [[0.9135585  0.05812239 0.02831911]
 [0.29837117 0.40599805 0.29563078]
 [0.08521182 0.28717113 0.62761706]
 [0.48798975 0.285891   0.22611922]
 [0.7511563  0.11567321 0.13317055]]
probabilities: [[0. 1. 0.]
 [0. 1. 0.]
 [0. 1. 0.]
 [0. 1. 0.]
 [0. 1. 0.]]
probabilities: [[0.509631   0.4802083  0.01016068]
 [0.2506875  0.678676   0.07063647]
 [0.07849125 0.829564   0.09194481]
 [0.47172412 0.19921601 0.32905987]
 [0.2968126  0.5180952  0.18509223]]
probabilities: [[0.20346613 0.38966316 0.40687072]
 [0.349628   0.1753093  0.4750627 ]
 [0.3626166  0.39943257 0.23795083]
 [0.43848947 0.3576041  0.20390645]
 [0.0569487  0.770372   0.17267932]]
probabilities: [[0.9077128  0.01235674 0.07993045]
 [0.74465644 0.15528728 0.10005629]
 [0.13344526 0.31145763 0.5550971 ]
