probabilities: [[0. 0. 1.]
 [0. 1. 0.]
 [0. 1. 0.]
 [0. 0. 1.]
 [0. 0. 1.]]
probabilities: [[0.39767334 0.34161285 0.26071382]
 [0.7537593  0.24471821 0.00152247]
 [0.21549302 0.2759658  0.50854117]
 [0.4507377  0.10890797 0.44035432]
 [0.02654871 0.50088847 0.4725628 ]]
probabilities: [[0.07105067 0.7564197  0.17252961]
 [0.1810844  0.5160171  0.3028985 ]
 [0.5024189  0.01563907 0.48194206]
 [0.03033554 0.11882919 0.85083526]
 [0.459611   0.25977543 0.28061357]]
probabilities: [[0.01690148 0.35086665 0.6322319 ]
 [0.61924446 0.25914377 0.12161178]
 [0.74726754 0.23097828 0.02175418]
 [0.29302385 0.20215869 0.5048175 ]
 [0.11680403 0.10866817 0.7745278 ]]
probabilities: [[0. 1. 0.]
 [0. 1. 0.]
 [0. 1. 0.]
 [0. 1. 0.]
 [0. 1. 0.]]
probabilities: [[0.07616564 0.24455266 0.6792817 ]
 [0.05104086 0.7511038  0.19785532]
 [0.24806522 0.7240804  0.02785439]
 [0.35543534 0.38584277 0.25872192]
 [0.36191252 0.49458477 0.14350271]]
probabilities: [[0.03485228 0.7951214  0.17002638]
 [0.03435309 0.9226789  0.04296804]
 [0.26539943 0.08486132 0.64973927]
 [0.11259875 0.21563773 0.67176354]
 [0.03638446 0.23081413 0.73280144]]
probabilities: [[0.6206763  0.32106215 0.05826158]
 [0.07864242 0.57088137 0.35047618]
 [0.15203102 0.40119162 0.44677737]
 [0.45093912 0.52689505 0.02216581]
 [0.45749336 0.524      0.01850666]]
probabilities: [[0. 1. 0.]
 [0. 1. 0.]
 [0. 1. 0.]
 [0. 1. 0.]
 [0. 1. 0.]]
probabilities: [[0.4349682  0.03614625 0.52888554]
 [0.7219349  0.03433914 0.24372596]
 [0.71012485 0.27823257 0.01164259]
 [0.4348024  0.02691008 0.5382875 ]
 [0.16928467 0.26065996 0.57005537]]
probabilities: [[0.462076   0.03595225 0.5019718 ]
 [0.30414847 0.2285224  0.46732914]
 [0.5613732  0.1904369  0.24818991]
 [0.39603552 0.14744058 0.4565239 ]
 [0.16257733 0.31932402 0.51809865]]
probabilities: [[0.4078993  0.00148592 0.5906148 ]
 [0.22481684 0.06440818 0.71077496]
 [0.32338572 0.1001533  0.57646096]
 [0.0653827  0.4298952  0.5047221 ]
 [0.08983583 0.10293952 0.80722463]]
probabilities: [[0. 1. 0.]
 [0. 1. 0.]
 [0. 1. 0.]
 [0. 1. 0.]
 [0. 1. 0.]]
probabilities: [[0.30035552 0.42505622 0.2745883 ]
 [0.01773903 0.32802752 0.65423346]
 [0.26405224 0.2889198  0.44702795]
 [0.14532202 0.08759128 0.7670867 ]
 [0.24610853 0.02662385 0.7272676 ]]
probabilities: [[0.06940255 0.8917449  0.03885255]
 [0.22401398 0.14608604 0.6299    ]
 [0.24403305 0.6052749  0.15069206]
 [0.07403722 0.55348116 0.3724816 ]
 [0.18922526 0.5127824  0.29799235]]
probabilities: [[0.23103353 0.25671047 0.51225597]
 [0.75298464 0.2047608  0.04225456]
 [0.10287143 0.4649054  0.43222314]
 [0.16670449 0.54017603 0.2931195 ]
 [0.4558321  0.31037116 0.23379675]]
probabilities: [[0. 0. 1.]
 [0. 1. 0.]
 [0. 1. 0.]
 [0. 0. 1.]
 [0. 0. 1.]]
probabilities: [[0.85929084 0.08503176 0.05567739]
 [0.38984865 0.34054568 0.26960567]
 [0.65557396 0.23864888 0.10577717]
 [0.48416433 0.00268474 0.51315093]
 [0.19045378 0.41572404 0.3938222 ]]
probabilities: [[0.4310791  0.26928017 0.29964074]
 [0.40141764 0.06261612 0.5359662 ]
 [0.7434566  0.02110566 0.23543775]
 [0.06612595 0.7754621  0.15841193]
 [0.21246257 0.6860579  0.10147949]]
probabilities: [[0.3432189  0.18738464 0.46939647]
 [0.22115088 0.22643195 0.55241716]
 [0.39526105 0.09957889 0.5051601 ]
 [0.34881505 0.49041638 0.16076857]
 [0.03908598 0.82738036 0.13353369]]
probabilities: [[0. 1. 0.]
 [0. 1. 0.]
 [0. 1. 0.]
 [0. 1. 0.]
 [0. 1. 0.]]
probabilities: [[0.04380922 0.23955998 0.7166308 ]
 [0.1248216  0.76597667 0.10920176]
 [0.05641188 0.73417336 0.20941478]
 [0.69246054 0.1897075  0.11783196]
 [0.4778     0.49201378 0.03018622]]
probabilities: [[0.3427781  0.04799818 0.6092237 ]
 [0.6472554  0.09911124 0.25363335]
 [0.64916515 0.34100974 0.0098251 ]
 [0.29949778 0.16022539 0.5402768 ]
 [0.22256902 0.07139318 0.7060378 ]]
probabilities: [[0.19710284 0.481407   0.32149017]
 [0.15519215 0.28250855 0.5622993 ]
 [0.37724838 0.10136107 0.52139056]
 [0.16726376 0.3338661  0.49887013]
 [0.21558805 0.24209066 0.5423213 ]]
probabilities: [[0. 1. 0.]
 [0. 1. 0.]
 [0. 1. 0.]
 [0. 1. 0.]
 [0. 1. 0.]]
probabilities: [[0.10461131 0.43917653 0.45621216]
 [0.38382936 0.00809182 0.60807884]
 [0.4530348  0.16972123 0.377244  ]
 [0.2002442  0.31184024 0.48791558]
 [0.30497134 0.12846853 0.5665601 ]]
probabilities: [[0.69773984 0.2707658  0.03149436]
 [0.92570376 0.04789142 0.02640482]
 [0.1871137  0.49083352 0.32205278]
 [0.17178293 0.0815049  0.74671215]
 [0.339249   0.5595803  0.10117064]]
probabilities: [[0.34958398 0.5364127  0.11400333]
 [0.16514699 0.38422364 0.45062938]
 [0.14456962 0.81607234 0.03935803]
 [0.12808008 0.34641597 0.52550393]
 [0.14150037 0.11552838 0.74297124]]
probabilities: [[0. 0. 1.]
 [0. 1. 0.]
 [0. 1. 0.]
 [0. 0. 1.]
 [0. 0. 1.]]
probabilities: [[0.5379815  0.20814231 0.25387618]
 [0.21016833 0.77935094 0.0104807 ]
 [0.5327072  0.38580155 0.08149122]
 [0.14759637 0.27030137 0.58210224]
 [0.5571238  0.01412155 0.4287547 ]]
probabilities: [[0.2673418  0.66784596 0.06481221]
 [0.37539724 0.22204226 0.4025605 ]
 [0.3281673  0.54045415 0.1313786 ]
 [0.8190405  0.1338228  0.04713671]
 [0.02620677 0.12248288 0.8513103 ]]
probabilities: [[0.23895201 0.73419756 0.02685043]
 [0.4164105  0.32377887 0.25981063]
 [0.0201458  0.5229986  0.45685562]
 [0.3013646  0.6874705  0.01116491]
 [0.24562578 0.19988889 0.5544853 ]]
probabilities: [[0. 0. 1.]
 [0. 1. 0.]
 [0. 1. 0.]
 [0. 0. 1.]
 [0. 0. 1.]]
probabilities: [[0.07131136 0.71358204 0.21510662]
 [0.03729082 0.08926694 0.87344223]
 [0.18447371 0.29298607 0.5225402 ]
 [0.06572567 0.8764272  0.05784714]
 [0.27766442 0.6072426  0.11509301]]
probabilities: [[0.13974042 0.4067868  0.4534728 ]
 [0.40363643 0.22489545 0.37146813]
 [0.4121945  0.02691919 0.5608863 ]
 [0.00225198 0.6365421  0.36120594]
 [0.6850448  0.3073596  0.00759556]]
probabilities: [[0.8683904  0.05242747 0.07918215]
 [0.46498075 0.35182175 0.1831975 ]
 [0.12984328 0.7986577  0.07149902]
 [0.31197134 0.45346397 0.2345647 ]
 [0.3436326  0.48208877 0.1742786 ]]
probabilities: [[0. 0. 1.]
 [0. 1. 0.]
 [0. 0. 1.]
 [0. 0. 1.]
 [0. 0. 1.]]
probabilities: [[0.32348472 0.3017315  0.37478378]
 [0.27041292 0.7108521  0.01873497]
 [0.6902566  0.07678557 0.23295785]
 [0.4913281  0.25574228 0.25292963]
 [0.234966   0.64643097 0.11860304]]
probabilities: [[0.42765477 0.5683096  0.00403565]
 [0.7212777  0.08633837 0.19238392]
 [0.0544709  0.85149115 0.09403797]
 [0.02657577 0.33981848 0.6336058 ]
 [0.6340435  0.12596974 0.23998675]]
probabilities: [[0.25059283 0.5874099  0.16199727]
 [0.20485899 0.46189964 0.33324137]
 [0.52485234 0.41730663 0.05784106]
 [0.37916234 0.48380506 0.13703258]
 [0.25789255 0.46880955 0.27329794]]
probabilities: [[0. 0. 1.]
 [0. 1. 0.]
 [0. 1. 0.]
 [0. 0. 1.]
 [0. 0. 1.]]
probabilities: [[0.6932454  0.04902808 0.25772655]
 [0.6006168  0.19637592 0.2030073 ]
 [0.30809963 0.3137238  0.3781766 ]
 [0.61633724 0.16033086 0.2233319 ]
 [0.16376579 0.11650804 0.71972615]]
probabilities: [[0.67233557 0.20142773 0.12623668]
 [0.09170573 0.18438941 0.72390485]
 [0.02127209 0.37499824 0.60372967]
 [0.09826541 0.5371404  0.36459416]
 [0.28263515 0.38203102 0.33533382]]
probabilities: [[0.4783375  0.17597301 0.3456895 ]
 [0.26877978 0.7190982  0.01212199]
 [0.20753369 0.1107714  0.6816949 ]
 [0.19111565 0.2678424  0.5410419 ]
 [0.0797603  0.6607275  0.2595122 ]]
probabilities: [[0. 1. 0.]
 [0. 1. 0.]
 [0. 1. 0.]
 [0. 1. 0.]
 [0. 1. 0.]]
probabilities: [[0.23579192 0.74061555 0.02359255]
 [0.07233853 0.4660649  0.46159658]
 [0.6981033  0.16470194 0.13719474]
 [0.06472265 0.62060654 0.31467083]
 [0.511725   0.10122466 0.38705033]]
probabilities: [[0.06351215 0.0097595  0.92672837]
 [0.51190454 0.47220948 0.01588601]
 [0.35202968 0.03092677 0.61704355]
 [0.38878173 0.27572644 0.33549184]
 [0.29455805 0.0999281  0.6055139 ]]
probabilities: [[0.7582638  0.1344312  0.107305  ]
 [0.5108585  0.37714416 0.11199734]
 [0.20735684 0.02951607 0.7631271 ]
 [0.47744733 0.13940015 0.38315254]
 [0.02055958 0.53448796 0.44495243]]
probabilities: [[0. 0. 1.]
 [0. 1. 0.]
 [0. 0. 1.]
 [0. 0. 1.]
 [0. 0. 1.]]
probabilities: [[0.18447119 0.53183126 0.28369752]
 [0.28438732 0.07784887 0.6377638 ]
 [0.30164093 0.45993343 0.23842563]
 [0.3007655  0.13906032 0.56017417]
 [0.11412096 0.34709102 0.538788  ]]
probabilities: [[0.09542303 0.19430152 0.7102755 ]
 [0.20151214 0.00181963 0.79666823]
 [0.26302212 0.643724   0.09325389]
 [0.4927033  0.43125942 0.0760373 ]
 [0.18552817 0.3303113  0.48416054]]
probabilities: [[0.0906724  0.36288226 0.5464453 ]
 [0.44742993 0.11997598 0.4325941 ]
 [0.8473824  0.07123122 0.08138636]
 [0.09576315 0.24894108 0.6552958 ]
 [0.3972538  0.49060607 0.11214011]]
probabilities: [[1. 0. 0.]
 [1. 0. 0.]
 [1. 0. 0.]
 [1. 0. 0.]
 [1. 0. 0.]]
probabilities: [[0.20058584 0.3492865  0.4501277 ]
 [0.89636993 0.06052985 0.04310019]
 [0.2770051  0.56848174 0.15451315]
 [0.04193989 0.89318556 0.06487454]
 [0.16846973 0.57337487 0.25815544]]
probabilities: [[0.09706285 0.12277634 0.7801608 ]
 [0.2254069  0.56267846 0.21191461]
 [0.06200375 0.43762386 0.5003724 ]
 [0.7090262  0.14372765 0.14724617]
 [0.12156636 0.23040375 0.64802986]]
probabilities: [[0.46754423 0.4074825  0.12497327]
 [0.23121741 0.5665295  0.20225304]
 [0.21306686 0.69107807 0.09585511]
 [0.22965913 0.13168707 0.6386538 ]
 [0.57986206 0.03837476 0.3817632 ]]
probabilities: [[0. 1. 0.]
 [0. 1. 0.]
 [0. 1. 0.]
 [0. 1. 0.]
 [0. 1. 0.]]
probabilities: [[0.13738209 0.1979017  0.66471624]
 [0.39223933 0.34352803 0.26423264]
 [0.10311648 0.39132604 0.5055575 ]
 [0.1687656  0.09967527 0.7315591 ]
 [0.5531675  0.13908413 0.30774835]]
probabilities: [[0.7625559  0.11298791 0.12445617]
 [0.710562   0.12118836 0.16824967]
 [0.04613428 0.4808264  0.47303933]
 [0.02552891 0.3002586  0.67421246]
 [0.49216652 0.00193067 0.5059028 ]]
probabilities: [[0.57596177 0.27050966 0.15352856]
 [0.48552623 0.08204257 0.4324312 ]
 [0.7320904  0.0181417  0.24976791]
 [0.4373572  0.33007404 0.23256876]
 [0.15794225 0.0162783  0.82577944]]
probabilities: [[1. 0. 0.]
 [1. 0. 0.]
 [1. 0. 0.]
 [1. 0. 0.]
 [1. 0. 0.]]
probabilities: [[0.01857147 0.60417134 0.37725723]
 [0.17092066 0.6781224  0.15095697]
 [0.30384147 0.6120995  0.08405896]
 [0.2167247  0.4075813  0.375694  ]
 [0.04569738 0.08530465 0.868998  ]]
probabilities: [[0.21098222 0.3525281  0.4364897 ]
 [0.22126813 0.02287869 0.7558532 ]
 [0.54015744 0.43559334 0.02424925]
 [0.04019315 0.20998104 0.74982584]
 [0.63523155 0.15019676 0.21457165]]
probabilities: [[0.23408495 0.31508952 0.4508255 ]
 [0.35339242 0.10717357 0.539434  ]
 [0.4726826  0.2237745  0.3035429 ]
 [0.04327393 0.52826935 0.42845672]
 [0.40412766 0.503427   0.09244531]]
probabilities: [[1. 0. 0.]
 [1. 0. 0.]
 [1. 0. 0.]
 [1. 0. 0.]
 [1. 0. 0.]]
probabilities: [[0.02309136 0.9353082  0.04160042]
 [0.38785252 0.48248652 0.12966093]
 [0.2656753  0.4100235  0.32430118]
 [0.40144387 0.31083903 0.2877171 ]
 [0.03907454 0.49716222 0.46376324]]
probabilities: [[0.77700514 0.20821086 0.01478399]
 [0.3688134  0.47738412 0.1538025 ]
 [0.33017972 0.02883308 0.6409872 ]
 [0.02202347 0.5458157  0.4321608 ]
 [0.5018356  0.06487968 0.43328476]]
probabilities: [[0.62290025 0.3718655  0.00523422]
 [0.5153647  0.28903377 0.19560154]
 [0.45916173 0.19038455 0.35045373]
 [0.5217269  0.2206279  0.25764522]
 [0.37964544 0.22366063 0.39669392]]
probabilities: [[1. 0. 0.]
 [1. 0. 0.]
 [1. 0. 0.]
 [1. 0. 0.]
 [1. 0. 0.]]
probabilities: [[0.22818916 0.6422115  0.12959932]
 [0.13543363 0.26034778 0.6042186 ]
 [0.90492505 0.07066695 0.02440802]
 [0.2608845  0.07027251 0.668843  ]
 [0.79511833 0.18381667 0.02106497]]
probabilities: [[0.41463944 0.13961007 0.4457505 ]
 [0.5757674  0.13478832 0.2894443 ]
 [0.4953664  0.39471325 0.10992037]
 [0.3062777  0.32761726 0.36610505]
 [0.60401    0.26356778 0.13242222]]
probabilities: [[0.30765018 0.05411433 0.6382355 ]
 [0.1654716  0.0058161  0.8287123 ]
 [0.6798734  0.22689764 0.09322897]
 [0.38284647 0.07628064 0.5408729 ]
 [0.44465747 0.10210647 0.45323604]]
probabilities: [[0. 1. 0.]
 [0. 1. 0.]
 [0. 1. 0.]
 [0. 1. 0.]
 [0. 1. 0.]]
probabilities: [[0.44699517 0.02004579 0.53295904]
 [0.5370747  0.2792125  0.18371284]
 [0.08085304 0.37358993 0.545557  ]
 [0.2009626  0.12867329 0.6703641 ]
 [0.25145286 0.0371132  0.71143395]]
probabilities: [[0.5903518  0.28005978 0.12958835]
 [0.20606491 0.09131567 0.70261943]
 [0.26445845 0.5564313  0.17911024]
 [0.77297366 0.2026345  0.02439183]
 [0.03104428 0.9183937  0.05056206]]
probabilities: [[0.53474694 0.03774473 0.4275083 ]
 [0.14645547 0.2641206  0.58942395]
 [0.05244666 0.0633285  0.88422483]
 [0.12775114 0.5847325  0.28751636]
 [0.29497346 0.70308137 0.00194515]]
probabilities: [[0. 0. 1.]
 [0. 1. 0.]
 [0. 1. 0.]
 [0. 0. 1.]
 [0. 0. 1.]]
probabilities: [[0.42646882 0.32288182 0.2506494 ]
 [0.12566347 0.6760619  0.1982746 ]
 [0.48195872 0.12969463 0.38834664]
 [0.42028153 0.5348658  0.04485269]
 [0.34278372 0.32268837 0.3345279 ]]
probabilities: [[0.5809148  0.04181337 0.37727183]
 [0.6623746  0.19967204 0.13795336]
 [0.14592536 0.3155444  0.53853023]
 [0.38194308 0.37792775 0.24012917]
 [0.6625796  0.18710193 0.15031849]]
probabilities: [[0.29848778 0.10222094 0.59929127]
 [0.10559077 0.38332382 0.5110854 ]
 [0.02811829 0.22352971 0.748352  ]
 [0.07304484 0.36350653 0.5634486 ]
 [0.11724929 0.7401882  0.14256254]]
probabilities: [[0. 0. 1.]
 [0. 1. 0.]
 [0. 1. 0.]
 [0. 0. 1.]
 [0. 0. 1.]]
probabilities: [[0.10820282 0.8393865  0.05241067]
 [0.18602555 0.5778645  0.23610993]
 [0.17775266 0.7054482  0.11679912]
 [0.6116189  0.08463021 0.3037509 ]
 [0.35626143 0.19293524 0.4508033 ]]
probabilities: [[0.5567074  0.36288264 0.08040997]
 [0.42432156 0.16551752 0.41016093]
 [0.5649515  0.03588494 0.39916354]
 [0.37191528 0.24492276 0.38316196]
 [0.25321046 0.34935564 0.3974339 ]]
probabilities: [[0.25492498 0.2858943  0.45918068]
 [0.04155647 0.81621903 0.14222448]
 [0.03850351 0.5674358  0.39406067]
 [0.11124898 0.3952849  0.4934661 ]
 [0.505898   0.4637577  0.03034432]]
probabilities: [[1. 0. 0.]
 [1. 0. 0.]
 [1. 0. 0.]
 [1. 0. 0.]
 [1. 0. 0.]]
probabilities: [[0.5483897  0.05279687 0.39881343]
 [0.29806253 0.33778322 0.36415428]
 [0.18597119 0.3783917  0.43563712]
 [0.16826324 0.14560544 0.6861313 ]
 [0.15632644 0.5076596  0.33601394]]
probabilities: [[0.4197444  0.1454662  0.4347894 ]
 [0.5110016  0.06702488 0.42197356]
 [0.57789165 0.3501007  0.07200766]
 [0.78577703 0.03598048 0.17824249]
 [0.21781084 0.0504239  0.7317653 ]]
probabilities: [[0.22037427 0.3611031  0.41852263]
 [0.544139   0.35695294 0.09890802]
 [0.19151084 0.3190917  0.48939747]
 [0.50298506 0.11369657 0.38331836]
 [0.3753658  0.55169207 0.07294212]]
probabilities: [[1. 0. 0.]
 [1. 0. 0.]
 [1. 0. 0.]
 [1. 0. 0.]
 [1. 0. 0.]]
probabilities: [[0.4190472  0.29485053 0.28610227]
 [0.36292374 0.33789584 0.29918045]
 [0.4720672  0.08673637 0.44119644]
 [0.501008   0.14375168 0.35524037]
 [0.18272775 0.15677004 0.6605022 ]]
probabilities: [[0.40064955 0.56668663 0.03266381]
 [0.9175778  0.01767553 0.06474669]
 [0.19850826 0.36432448 0.43716726]
 [0.41662037 0.06402938 0.51935023]
 [0.49737188 0.20964926 0.29297885]]
probabilities: [[0.348319   0.09916487 0.55251616]
 [0.45937678 0.47389093 0.0667323 ]
 [0.3786587  0.04808202 0.57325923]
 [0.06359443 0.35109138 0.5853142 ]
 [0.25817797 0.535561   0.20626101]]
probabilities: [[0. 0. 1.]
 [0. 1. 0.]
 [0. 1. 0.]
 [0. 0. 1.]
 [0. 0. 1.]]
probabilities: [[0.32760772 0.6223228  0.05006944]
 [0.35711697 0.5575339  0.0853491 ]
 [0.03170995 0.46358112 0.50470895]
 [0.31631735 0.27786288 0.40581977]
 [0.3700054  0.5985568  0.0314378 ]]
probabilities: [[0.70635766 0.2450784  0.04856395]
 [0.26031217 0.37089112 0.3687967 ]
 [0.3014836  0.4215171  0.2769993 ]
 [0.51304173 0.19936122 0.28759706]
 [0.00406528 0.32583737 0.67009735]]
probabilities: [[0.6126053  0.20935859 0.17803611]
 [0.03228604 0.29989514 0.6678188 ]
 [0.11438489 0.4875191  0.39809602]
 [0.4624467  0.15187488 0.3856784 ]
 [0.22155175 0.5933027  0.18514554]]
probabilities: [[0. 0. 1.]
 [0. 1. 0.]
 [0. 1. 0.]
 [0. 0. 1.]
 [0. 0. 1.]]
probabilities: [[0.45894274 0.18108997 0.3599673 ]
 [0.58308125 0.21739179 0.19952698]
 [0.5527228  0.13198458 0.3152926 ]
 [0.30748597 0.37283987 0.31967413]
 [0.6893028  0.1849066  0.12579057]]
probabilities: [[0.1113326  0.10993735 0.77873003]
 [0.19612044 0.7093887  0.09449089]
 [0.21689996 0.7493813  0.03371873]
 [0.27011353 0.27991    0.44997647]
 [0.27559406 0.59510624 0.12929969]]
probabilities: [[0.17746606 0.40472153 0.4178124 ]
 [0.32253122 0.00835907 0.6691097 ]
 [0.19312494 0.22241472 0.5844603 ]
 [0.12414463 0.4773687  0.39848664]
 [0.34999835 0.12429515 0.52570647]]
probabilities: [[1. 0. 0.]
 [1. 0. 0.]
 [1. 0. 0.]
 [1. 0. 0.]
 [1. 0. 0.]]
probabilities: [[0.0833016  0.20543729 0.7112611 ]
 [0.282562   0.35445556 0.36298245]
 [0.20173685 0.50122714 0.297036  ]
 [0.16341218 0.54754424 0.28904358]
 [0.00350463 0.37300792 0.6234875 ]]
probabilities: [[0.54647714 0.08000289 0.37351996]
 [0.10321435 0.24574232 0.65104336]
 [0.5874169  0.12745595 0.28512716]
 [0.4120416  0.37388483 0.21407355]
 [0.05662644 0.26112258 0.682251  ]]
probabilities: [[0.39495575 0.01600073 0.58904356]
 [0.65855724 0.08324225 0.25820053]
 [0.34744704 0.11248337 0.5400696 ]
 [0.41713855 0.4377049  0.14515656]
 [0.51042116 0.4095078  0.08007103]]
probabilities: [[0. 0. 1.]
 [0. 1. 0.]
 [0. 1. 0.]
 [0. 0. 1.]
 [0. 0. 1.]]
probabilities: [[0.06278418 0.6534046  0.2838112 ]
 [0.57137954 0.0118312  0.41678923]
 [0.32000354 0.44869772 0.23129874]
 [0.58196026 0.39826867 0.01977108]
 [0.12846634 0.09416794 0.77736574]]
probabilities: [[0.77745235 0.04097079 0.18157686]
 [0.82144576 0.03469337 0.14386085]
 [0.47279364 0.1294775  0.39772886]
 [0.42056796 0.3408074  0.2386246 ]
 [0.10836104 0.7414544  0.15018456]]
probabilities: [[0.3029026  0.60996103 0.08713633]
 [0.952031   0.02646466 0.02150431]
 [0.46684998 0.5202842  0.01286586]
 [0.73458064 0.00353556 0.2618838 ]
 [0.57630223 0.17434059 0.2493572 ]]
probabilities: [[0. 0. 1.]
 [0. 1. 0.]
 [0. 0. 1.]
 [0. 0. 1.]
 [0. 0. 1.]]
probabilities: [[0.6504724  0.31116202 0.03836557]
 [0.5795428  0.31449324 0.10596393]
 [0.35844237 0.06157931 0.57997835]
 [0.7498171  0.02982771 0.22035521]
 [0.47553807 0.32465222 0.19980969]]
probabilities: [[0.49296758 0.3619366  0.14509583]
 [0.3780757  0.28391612 0.33800817]
 [0.08433915 0.4868096  0.42885122]
 [0.46079314 0.50358546 0.03562137]
 [0.18241861 0.49869844 0.31888294]]
probabilities: [[0.08959091 0.2630238  0.6473853 ]
 [0.6032515  0.03108782 0.3656607 ]
 [0.00283389 0.45353833 0.54362774]
 [0.1863403  0.5430595  0.2706002 ]
 [0.41646907 0.22397551 0.35955542]]
probabilities: [[0. 0. 1.]
 [0. 1. 0.]
 [0. 0. 1.]
 [0. 0. 1.]
 [0. 0. 1.]]
probabilities: [[0.31364197 0.54636675 0.13999128]
 [0.31804463 0.19998111 0.48197427]
 [0.5519444  0.4180992  0.0299564 ]
 [0.6554473  0.13793778 0.20661491]
 [0.18399306 0.66710734 0.1488996 ]]
probabilities: [[0.02372629 0.2415989  0.7346748 ]
 [0.17622763 0.02088803 0.80288434]
 [0.29302573 0.5319729  0.17500138]
 [0.39532858 0.38971037 0.21496104]
 [0.2836725  0.23227537 0.4840521 ]]
probabilities: [[0.3564953  0.34297708 0.30052763]
 [0.40106058 0.35359743 0.24534199]
 [0.65313    0.04758056 0.29928944]
 [0.25887543 0.03747464 0.70364994]
 [0.47096157 0.27139446 0.25764397]]
probabilities: [[0. 0. 1.]
 [0. 1. 0.]
 [0. 1. 0.]
 [0. 0. 1.]
 [0. 0. 1.]]
probabilities: [[0.29911846 0.41179156 0.28908998]
 [0.6664144  0.23836537 0.09522026]
 [0.36454374 0.05749839 0.57795787]
 [0.73149556 0.1947757  0.07372871]
 [0.2021682  0.20940216 0.58842963]]
probabilities: [[0.32452464 0.2680642  0.40741116]
 [0.0066927  0.6288303  0.364477  ]
 [0.5069577  0.18942347 0.3036188 ]
 [0.6590861  0.21816298 0.1227509 ]
 [0.2067941  0.14387913 0.64932674]]
probabilities: [[0.34209475 0.31407276 0.3438325 ]
 [0.20370522 0.52926636 0.26702845]
 [0.19552773 0.78964114 0.01483112]
 [0.01872542 0.20521495 0.7760596 ]
 [0.23111872 0.16814555 0.6007357 ]]
probabilities: [[1. 0. 0.]
 [1. 0. 0.]
 [1. 0. 0.]
 [1. 0. 0.]
 [1. 0. 0.]]
probabilities: [[0.4734728  0.20062222 0.325905  ]
 [0.2564451  0.04494056 0.6986143 ]
 [0.02363183 0.85202533 0.12434281]
 [0.11194011 0.7842734  0.10378652]
 [0.20464534 0.6372144  0.15814021]]
probabilities: [[0.2715397  0.6969137  0.03154662]
 [0.95087135 0.04453649 0.00459217]
 [0.7465119  0.22687766 0.02661046]
 [0.5304495  0.22387286 0.24567765]
 [0.16948324 0.6331074  0.19740933]]
probabilities: [[0.46153027 0.09571008 0.44275966]
 [0.39445305 0.38693562 0.21861131]
 [0.25397548 0.00857882 0.7374457 ]
 [0.4491104  0.03016543 0.5207242 ]
 [0.69367564 0.16402563 0.14229874]]
probabilities: [[0. 0. 1.]
 [0. 1. 0.]
 [0. 0. 1.]
 [0. 0. 1.]
 [0. 0. 1.]]
probabilities: [[0.5032323  0.34881997 0.14794774]
 [0.83786017 0.02854676 0.13359305]
 [0.18623418 0.50655794 0.30720785]
 [0.59426296 0.18609673 0.21964028]
 [0.15650104 0.2071019  0.63639706]]
probabilities: [[0.33528703 0.17483874 0.48987424]
 [0.27781668 0.21919282 0.5029905 ]
 [0.21508928 0.1116455  0.6732652 ]
 [0.48434362 0.03709804 0.47855833]
 [0.8646508  0.01111503 0.1242342 ]]
probabilities: [[0.5738005  0.00623208 0.4199674 ]
 [0.5950997  0.1469103  0.25799   ]
 [0.27647656 0.2737387  0.44978476]
 [0.12340946 0.15195614 0.7246344 ]
 [0.55493706 0.25277352 0.19228938]]
probabilities: [[0. 0. 1.]
 [0. 1. 0.]
 [0. 1. 0.]
 [0. 0. 1.]
 [0. 0. 1.]]
probabilities: [[0.17448364 0.6079532  0.21756314]
 [0.6949047  0.26420307 0.04089226]
 [0.01561201 0.25081408 0.7335739 ]
 [0.10072663 0.10587817 0.7933952 ]
 [0.3197204  0.49432608 0.18595354]]
probabilities: [[0.61100835 0.16332951 0.22566211]
 [0.87640244 0.00990118 0.11369637]
 [0.09657183 0.70456964 0.19885853]
 [0.15633065 0.57334626 0.2703231 ]
 [0.78479666 0.18227915 0.0329242 ]]
probabilities: [[0.31236094 0.59912694 0.0885121 ]
 [0.22355066 0.42728058 0.34916875]
 [0.22423814 0.2809941  0.49476779]
 [0.6638075  0.14935048 0.18684202]
 [0.02830813 0.80984414 0.16184776]]
probabilities: [[1. 0. 0.]
 [1. 0. 0.]
 [1. 0. 0.]
 [1. 0. 0.]
 [1. 0. 0.]]
probabilities: [[0.50202966 0.10942536 0.38854498]
 [0.08115843 0.40641338 0.51242816]
 [0.26236358 0.69783133 0.03980507]
 [0.15262912 0.2003402  0.6470307 ]
 [0.39930952 0.09938399 0.5013065 ]]
probabilities: [[0.27560392 0.66006035 0.06433576]
 [0.616001   0.03123356 0.3527654 ]
 [0.7114549  0.21104732 0.07749777]
 [0.01595518 0.6556285  0.32841632]
 [0.06334724 0.2610974  0.67555535]]
probabilities: [[0.18780036 0.00279927 0.8094004 ]
 [0.8976516  0.00835717 0.09399121]
 [0.4869491  0.00747769 0.5055732 ]
 [0.26815718 0.49707457 0.23476823]
 [0.273254   0.42768842 0.29905757]]
probabilities: [[0. 0. 1.]
 [0. 1. 0.]
 [0. 1. 0.]
 [0. 0. 1.]
 [0. 0. 1.]]
probabilities: [[0.05694523 0.4059789  0.5370759 ]
 [0.1292675  0.6667343  0.2039982 ]
 [0.04280109 0.31306833 0.6441306 ]
 [0.39469242 0.55897635 0.04633124]
 [0.2434488  0.54679596 0.20975526]]
probabilities: [[0.13606676 0.73776364 0.12616958]
 [0.02194893 0.27879867 0.6992524 ]
 [0.4004201  0.5032754  0.09630448]
 [0.03867022 0.93169177 0.02963801]
 [0.0948193  0.25150687 0.6536738 ]]
probabilities: [[0.16764821 0.5288364  0.30351537]
 [0.56317645 0.04572884 0.3910947 ]
 [0.40429252 0.16681898 0.42888847]
 [0.1255438  0.03748783 0.83696836]
 [0.13970596 0.27642354 0.58387053]]
probabilities: [[0. 1. 0.]
 [0. 1. 0.]
 [0. 1. 0.]
 [0. 1. 0.]
 [0. 1. 0.]]
probabilities: [[0.9022863  0.09280861 0.00490508]
 [0.8370087  0.04375608 0.11923521]
 [0.83488643 0.03172131 0.13339224]
 [0.19981499 0.384304   0.415881  ]
 [0.0866359  0.71237695 0.20098715]]
probabilities: [[0.63312644 0.17261636 0.1942572 ]
 [0.07964616 0.4400086  0.48034525]
 [0.21455707 0.25549144 0.5299515 ]
 [0.43100876 0.26418036 0.30481088]
 [0.0665297  0.7875451  0.14592524]]
probabilities: [[0.89076453 0.08909185 0.02014361]
 [0.5775144  0.13883412 0.2836515 ]
 [0.6046952  0.01070054 0.38460425]
 [0.01386178 0.5798348  0.4063034 ]
 [0.44789585 0.37220412 0.1799    ]]
probabilities: [[0. 0. 1.]
 [0. 1. 0.]
 [0. 1. 0.]
 [0. 0. 1.]
 [0. 0. 1.]]
probabilities: [[0.2599473  0.64263344 0.09741928]
 [0.33941323 0.25764412 0.4029427 ]
 [0.40336132 0.12510423 0.47153443]
 [0.46372542 0.3511774  0.18509716]
 [0.07418589 0.06125117 0.8645629 ]]
probabilities: [[0.09583198 0.07270949 0.8314585 ]
 [0.53512305 0.02289719 0.44197974]
 [0.5391934  0.34290016 0.11790645]
 [0.5824784  0.11747009 0.30005154]
 [0.32001546 0.2954389  0.38454562]]
probabilities: [[5.7312876e-01 1.4021493e-01 2.8665629e-01]
 [9.7684655e-03 3.0093664e-05 9.9020141e-01]
 [4.3232000e-01 3.8893586e-01 1.7874414e-01]
 [8.0967300e-02 3.8017035e-01 5.3886235e-01]
 [9.8591559e-02 7.1431321e-01 1.8709525e-01]]
probabilities: [[0. 0. 1.]
 [0. 1. 0.]
 [0. 0. 1.]
 [0. 0. 1.]
 [0. 0. 1.]]
probabilities: [[0.47583932 0.49966708 0.0244936 ]
 [0.1114106  0.43644425 0.45214516]
 [0.35799152 0.37131    0.2706985 ]
 [0.3724364  0.00436415 0.62319946]
 [0.55931306 0.02265269 0.41803426]]
probabilities: [[0.02187602 0.8745139  0.10361006]
 [0.05343481 0.25104368 0.69552153]
 [0.31695357 0.14086121 0.5421852 ]
 [0.08533883 0.831298   0.08336316]
 [0.7750531  0.01253006 0.21241689]]
probabilities: [[0.46115285 0.21354629 0.32530087]
 [0.30766213 0.5460678  0.14627011]
 [0.3597342  0.26152214 0.37874365]
 [0.1512172  0.5811832  0.26759955]
 [0.29420036 0.1338691  0.5719305 ]]
probabilities: [[0. 1. 0.]
 [0. 1. 0.]
 [0. 1. 0.]
 [0. 1. 0.]
 [0. 1. 0.]]
probabilities: [[0.8492242  0.05143883 0.09933694]
 [0.7481821  0.16687717 0.08494073]
 [0.06025501 0.73394424 0.20580074]
 [0.33033526 0.6468187  0.02284607]
 [0.2500092  0.45197567 0.29801512]]
probabilities: [[0.325419   0.50658834 0.16799268]
 [0.33952725 0.10515358 0.5553192 ]
 [0.25339165 0.03942211 0.7071862 ]
 [0.22698317 0.4472236  0.32579324]
 [0.34961066 0.25060588 0.39978346]]
probabilities: [[0.50123733 0.2213038  0.27745885]
 [0.46534827 0.03233443 0.5023173 ]
 [0.04890902 0.8509295  0.10016149]
 [0.12068538 0.5926982  0.28661644]
 [0.4521077  0.10312843 0.4447639 ]]
probabilities: [[0. 0. 1.]
 [0. 1. 0.]
 [0. 0. 1.]
 [0. 0. 1.]
 [0. 0. 1.]]
probabilities: [[0.0991445  0.586188   0.3146675 ]
 [0.38423532 0.24473156 0.3710331 ]
 [0.10053755 0.219936   0.67952645]
 [0.3869871  0.33605143 0.27696145]
 [0.48705542 0.4948745  0.01807007]]
probabilities: [[0.2231361  0.4881481  0.2887158 ]
 [0.87736547 0.05775658 0.06487793]
 [0.76944417 0.0102048  0.22035107]
 [0.46812847 0.526007   0.00586453]
 [0.27041137 0.60645354 0.12313508]]
probabilities: [[0.37261403 0.5627121  0.06467391]
 [0.15089487 0.04534418 0.80376095]
 [0.69320405 0.1915186  0.11527733]
 [0.6183417  0.09072942 0.2909289 ]
 [0.39088985 0.33027038 0.27883977]]
probabilities: [[0. 0. 1.]
 [0. 1. 0.]
 [0. 1. 0.]
 [0. 0. 1.]
 [0. 0. 1.]]
probabilities: [[0.31269664 0.67694217 0.01036122]
 [0.10625444 0.3960225  0.49772307]
 [0.05643921 0.5640042  0.37955663]
 [0.55476856 0.08487131 0.36036012]
 [0.37373653 0.1068593  0.5194042 ]]
probabilities: [[0.03858981 0.6966762  0.264734  ]
 [0.37654588 0.48511824 0.13833588]
 [0.4318789  0.1177655  0.45035562]
 [0.27220348 0.6940773  0.0337192 ]
 [0.46560004 0.29877612 0.23562384]]
probabilities: [[0.10761016 0.6605108  0.23187907]
 [0.12220415 0.18085729 0.6969386 ]
 [0.09963805 0.4905821  0.40977985]
 [0.43931884 0.1094984  0.45118278]
 [0.40197378 0.12908925 0.46893698]]
probabilities: [[0. 0. 1.]
 [0. 1. 0.]
 [0. 1. 0.]
 [0. 0. 1.]
 [0. 0. 1.]]
probabilities: [[1.9379245e-01 3.7088642e-01 4.3532112e-01]
 [5.7755917e-04 2.7720036e-02 9.7170240e-01]
 [1.8004110e-01 5.5750549e-01 2.6245341e-01]
 [5.8553118e-01 1.0331262e-01 3.1115624e-01]
 [4.2631832e-01 1.8302138e-01 3.9066032e-01]]
probabilities: [[0.2080579  0.64046586 0.15147625]
 [0.37034324 0.33419892 0.29545784]
 [0.07139543 0.9264844  0.00212018]
 [0.266425   0.6778959  0.05567906]
 [0.05951308 0.29256517 0.64792174]]
probabilities: [[0.3036527  0.05959065 0.63675666]
 [0.02454715 0.64265406 0.33279878]
 [0.09925892 0.4967126  0.40402848]
 [0.04811233 0.20325048 0.7486372 ]
 [0.33401743 0.24794048 0.4180421 ]]
probabilities: [[0. 0. 1.]
 [0. 1. 0.]
 [0. 1. 0.]
 [0. 0. 1.]
 [0. 0. 1.]]
probabilities: [[0.06876151 0.3859899  0.54524857]
 [0.21580298 0.6512486  0.13294846]
 [0.2655101  0.37953687 0.35495302]
 [0.08871121 0.5088441  0.40244472]
 [0.43044138 0.01798805 0.5515706 ]]
probabilities: [[0.72375226 0.08618458 0.19006316]
 [0.10512664 0.22742604 0.6674473 ]
 [0.75204223 0.09338602 0.15457174]
 [0.7644227  0.12341501 0.11216228]
 [0.13947119 0.01762362 0.84290516]]
probabilities: [[0.1708268  0.18572304 0.64345014]
 [0.5798116  0.18288727 0.23730116]
 [0.04326545 0.09106115 0.8656734 ]
 [0.37088376 0.05012013 0.5789961 ]
 [0.1686591  0.804277   0.02706391]]
probabilities: [[0. 1. 0.]
 [0. 1. 0.]
 [0. 1. 0.]
 [0. 1. 0.]
 [0. 1. 0.]]
probabilities: [[0.12272873 0.23076394 0.6465073 ]
 [0.5490225  0.06714598 0.38383156]
 [0.1329481  0.04822631 0.8188256 ]
 [0.04999723 0.25703824 0.69296455]
 [0.14209159 0.7997892  0.05811922]]
probabilities: [[0.18504381 0.37292224 0.44203395]
 [0.2828337  0.10493842 0.61222786]
 [0.17108887 0.3449309  0.48398024]
 [0.16162725 0.81651115 0.02186158]
 [0.58435833 0.26093644 0.15470521]]
probabilities: [[0.4289689  0.50259393 0.0684372 ]
 [0.29650792 0.11514404 0.58834803]
 [0.35192293 0.13579237 0.5122847 ]
 [0.47581702 0.16389781 0.36028516]
 [0.88101214 0.06895916 0.05002868]]
probabilities: [[0. 0. 1.]
 [0. 1. 0.]
 [0. 1. 0.]
 [0. 0. 1.]
 [0. 0. 1.]]
probabilities: [[0.1197849  0.07749453 0.80272055]
 [0.08282287 0.6394855  0.27769166]
 [0.1575842  0.6417349  0.20068087]
 [0.5589419  0.12562664 0.31543148]
 [0.61616695 0.14459437 0.23923866]]
probabilities: [[0.35318226 0.43906745 0.2077503 ]
 [0.49578425 0.11691076 0.387305  ]
 [0.0249439  0.03073832 0.94431776]
 [0.30566356 0.19405171 0.50028473]
 [0.19435096 0.20715143 0.5984976 ]]
probabilities: [[0.92404586 0.0727087  0.00324547]
 [0.25150847 0.28537315 0.46311834]
 [0.27155158 0.03442447 0.69402397]
 [0.08101967 0.68534404 0.23363626]
 [0.8889017  0.07799763 0.03310068]]
probabilities: [[0. 0. 1.]
 [0. 1. 0.]
 [0. 0. 1.]
 [0. 0. 1.]
 [0. 0. 1.]]
probabilities: [[0.09685871 0.79340047 0.1097408 ]
 [0.27272204 0.38600072 0.34127724]
 [0.13561329 0.5307448  0.3336419 ]
 [0.47699803 0.46472916 0.05827279]
 [0.29200578 0.41207573 0.2959185 ]]
probabilities: [[0.6440069  0.33452925 0.02146387]
 [0.4643588  0.13768126 0.39795995]
 [0.06970824 0.38605767 0.5442341 ]
 [0.02572083 0.54688793 0.42739123]
 [0.36259577 0.3878492  0.24955502]]
probabilities: [[0.32172942 0.4520609  0.22620969]
 [0.16760358 0.64056236 0.19183409]
 [0.6412477  0.07197037 0.2867819 ]
 [0.15534489 0.43366128 0.4109938 ]
 [0.03021168 0.40732756 0.5624608 ]]
probabilities: [[0. 1. 0.]
 [0. 1. 0.]
 [0. 1. 0.]
 [0. 1. 0.]
 [0. 1. 0.]]
probabilities: [[0.3303448  0.02445322 0.645202  ]
 [0.48374462 0.45825166 0.05800373]
 [0.92548937 0.03754964 0.03696099]
 [0.25324962 0.16469944 0.582051  ]
 [0.16708443 0.04168738 0.7912282 ]]
probabilities: [[0.03636388 0.12758927 0.8360468 ]
 [0.08983999 0.3400498  0.5701102 ]
 [0.91016644 0.00731446 0.08251909]
 [0.4999103  0.3398672  0.16022252]
 [0.650629   0.2732119  0.0761591 ]]
probabilities: [[0.61873555 0.37357152 0.00769295]
 [0.3366501  0.3726125  0.2907374 ]
 [0.24349853 0.5390382  0.21746331]
 [0.31749848 0.21712337 0.46537814]
 [0.01588725 0.4415262  0.54258657]]
probabilities: [[0. 1. 0.]
 [0. 1. 0.]
 [0. 1. 0.]
 [0. 1. 0.]
 [0. 1. 0.]]
probabilities: [[0.5286078  0.11708663 0.3543056 ]
 [0.7727245  0.14873327 0.07854223]
 [0.34943387 0.02026125 0.6303049 ]
 [0.4364459  0.03156061 0.5319935 ]
 [0.01035636 0.85262346 0.13702016]]
probabilities: [[0.08662911 0.48334506 0.43002582]
 [0.06408504 0.7925175  0.14339747]
 [0.16918552 0.768547   0.06226748]
 [0.5065997  0.26181412 0.23158616]
 [0.00839703 0.50827307 0.4833299 ]]
probabilities: [[0.21151645 0.67026186 0.11822171]
 [0.3351173  0.11466623 0.55021644]
 [0.3551967  0.5647217  0.08008157]
 [0.26124668 0.25081533 0.487938  ]
 [0.6952724  0.05474211 0.2499855 ]]
probabilities: [[0. 0. 1.]
 [0. 1. 0.]
 [0. 1. 0.]
 [0. 0. 1.]
 [0. 0. 1.]]
probabilities: [[0.12613362 0.32348672 0.55037963]
 [0.09202404 0.22407307 0.6839029 ]
 [0.7947945  0.12088811 0.08431737]
 [0.1680787  0.75917625 0.07274505]
 [0.43276656 0.2604549  0.30677855]]
probabilities: [[0.13297966 0.6966293  0.17039105]
 [0.50380045 0.316949   0.17925057]
 [0.04096905 0.63666534 0.3223656 ]
 [0.39585435 0.14775153 0.4563941 ]
 [0.14018048 0.76096505 0.09885445]]
probabilities: [[0.02073392 0.15438011 0.82488596]
 [0.33358574 0.50347847 0.16293578]
 [0.3631376  0.44877833 0.18808407]
 [0.81555265 0.11418381 0.07026354]
 [0.44564155 0.458554   0.09580445]]
probabilities: [[0. 0. 1.]
 [0. 1. 0.]
 [0. 1. 0.]
 [0. 0. 1.]
 [0. 0. 1.]]
probabilities: [[0.8646664  0.02057343 0.11476019]
 [0.49263245 0.38208154 0.12528598]
 [0.01360262 0.58421683 0.40218052]
 [0.6665529  0.10614288 0.22730419]
 [0.16794245 0.68222547 0.14983208]]
probabilities: [[0.7379337  0.20048107 0.06158522]
 [0.28998888 0.48793146 0.22207966]
 [0.15632683 0.18288125 0.66079193]
 [0.21156742 0.7304596  0.057973  ]
 [0.3401326  0.29368106 0.36618632]]
probabilities: [[0.38835815 0.25649142 0.35515043]
 [0.4271531  0.17931254 0.39353433]
 [0.00926367 0.10927883 0.8814575 ]
 [0.16294739 0.7808073  0.05624532]
 [0.22755297 0.47785917 0.29458785]]
probabilities: [[0. 0. 1.]
 [0. 1. 0.]
 [0. 0. 1.]
 [0. 0. 1.]
 [0. 0. 1.]]
probabilities: [[0.6845694  0.2536391  0.06179145]
 [0.56637585 0.00584685 0.42777726]
 [0.7582589  0.08901281 0.1527283 ]
 [0.03376605 0.18447892 0.78175503]
 [0.3008898  0.38377845 0.3153318 ]]
probabilities: [[0.21187505 0.20388299 0.584242  ]
 [0.1899096  0.13472115 0.67536926]
 [0.11613495 0.724774   0.15909103]
 [0.7383745  0.22563477 0.03599078]
 [0.52307737 0.09989513 0.37702748]]
probabilities: [[0.89912015 0.08086602 0.02001385]
 [0.7128169  0.22172694 0.06545614]
 [0.00732509 0.7380415  0.25463337]
 [0.34648678 0.46859777 0.18491547]
 [0.0611975  0.05874627 0.8800562 ]]
probabilities: [[1. 0. 0.]
 [1. 0. 0.]
 [1. 0. 0.]
 [1. 0. 0.]
 [1. 0. 0.]]
probabilities: [[0.02735689 0.50139356 0.47124952]
 [0.77942985 0.02234056 0.1982296 ]
 [0.06139413 0.18623345 0.75237244]
 [0.17992592 0.2843472  0.53572685]
 [0.10559233 0.37458482 0.51982284]]
probabilities: [[0.5561712  0.29891732 0.14491148]
 [0.27070874 0.5240693  0.20522197]
 [0.30703616 0.09679598 0.59616786]
 [0.41925582 0.57346725 0.00727692]
 [0.44056007 0.10819014 0.4512498 ]]
probabilities: [[0.01313286 0.4705109  0.5163562 ]
 [0.00599182 0.72100776 0.27300042]
 [0.46429458 0.25875953 0.2769459 ]
 [0.4529728  0.19464983 0.35237736]
 [0.7740142  0.18739043 0.03859541]]
probabilities: [[0. 0. 1.]
 [0. 1. 0.]
 [0. 0. 1.]
 [0. 0. 1.]
 [0. 0. 1.]]
probabilities: [[0.13211884 0.82842124 0.03945993]
 [0.14562532 0.61442554 0.23994914]
 [0.63208336 0.21438378 0.15353285]
 [0.46919414 0.03242919 0.4983767 ]
 [0.11178963 0.03618032 0.85203004]]
probabilities: [[0.39138478 0.45305374 0.15556146]
 [0.02539558 0.08984344 0.884761  ]
 [0.49206185 0.07059704 0.43734112]
 [0.56232834 0.43240812 0.00526353]
 [0.32634416 0.07546825 0.59818757]]
probabilities: [[0.44026467 0.18263903 0.37709627]
 [0.45722407 0.30842254 0.23435342]
 [0.01753831 0.8660343  0.11642736]
 [0.40941575 0.3721466  0.21843764]
 [0.17280199 0.78801984 0.03917817]]
probabilities: [[0. 0. 1.]
 [0. 1. 0.]
 [0. 0. 1.]
 [0. 0. 1.]
 [0. 0. 1.]]
probabilities: [[0.05017287 0.8767903  0.07303682]
 [0.50740695 0.16171153 0.33088154]
 [0.57184494 0.30369264 0.12446242]
 [0.05329295 0.34541947 0.6012876 ]
 [0.50882214 0.31803983 0.17313804]]
probabilities: [[0.7166862  0.12976666 0.15354714]
 [0.45382115 0.4816465  0.06453232]
 [0.26080647 0.51025903 0.22893447]
 [0.7149442  0.2094678  0.07558803]
 [0.331834   0.11268563 0.55548036]]
probabilities: [[0.27844343 0.5901701  0.13138652]
 [0.11844905 0.2626797  0.6188713 ]
 [0.0765457  0.8736034  0.04985092]
 [0.49543962 0.19824369 0.30631667]
 [0.6630633  0.06218225 0.2747545 ]]
probabilities: [[0. 0. 1.]
 [0. 1. 0.]
 [0. 1. 0.]
 [0. 0. 1.]
 [0. 0. 1.]]
probabilities: [[0.49211013 0.00510463 0.5027852 ]
 [0.33705932 0.39350948 0.2694312 ]
 [0.2795842  0.03644882 0.683967  ]
 [0.97670525 0.00593906 0.01735567]
 [0.60212445 0.02480888 0.3730667 ]]
probabilities: [[0.14582543 0.3863948  0.4677798 ]
 [0.4535179  0.35990232 0.18657976]
 [0.29369488 0.39301217 0.31329295]
 [0.22715382 0.44241953 0.33042663]
 [0.25158834 0.45723674 0.29117495]]
probabilities: [[0.22669001 0.39971206 0.37359792]
 [0.48617992 0.47660756 0.03721254]
 [0.0490521  0.14415348 0.8067944 ]
 [0.58630764 0.34002778 0.07366458]
 [0.3779574  0.2916578  0.3303848 ]]
probabilities: [[0. 1. 0.]
 [0. 1. 0.]
 [0. 1. 0.]
 [0. 1. 0.]
 [0. 1. 0.]]
probabilities: [[0.43880683 0.05199094 0.50920224]
 [0.18464786 0.38403335 0.4313188 ]
 [0.15974516 0.23406838 0.60618645]
 [0.06499235 0.43120924 0.5037984 ]
 [0.7499788  0.09636211 0.1536591 ]]
probabilities: [[0.38325414 0.09874715 0.5179987 ]
 [0.69524544 0.28325573 0.02149884]
 [0.22946095 0.44727108 0.32326797]
 [0.66334075 0.28960285 0.04705641]
 [0.27768084 0.05700736 0.66531175]]
probabilities: [[0.37218982 0.55360794 0.07420225]
 [0.1995388  0.59877473 0.20168647]
 [0.48960364 0.4476411  0.06275526]
 [0.27782202 0.6317353  0.09044266]
 [0.19460744 0.52783346 0.27755907]]
probabilities: [[1. 0. 0.]
 [1. 0. 0.]
 [1. 0. 0.]
 [1. 0. 0.]
 [1. 0. 0.]]
probabilities: [[0.58157605 0.24127553 0.17714843]
 [0.5265821  0.02771454 0.44570336]
 [0.51713824 0.420622   0.0622398 ]
 [0.11181461 0.7793945  0.10879089]
 [0.20771183 0.6006427  0.19164549]]
probabilities: [[0.00586673 0.57513684 0.41899642]
 [0.03780387 0.34193525 0.6202609 ]
 [0.09199768 0.79739296 0.11060937]
 [0.23711298 0.06982847 0.69305855]
 [0.22002575 0.19463564 0.5853386 ]]
probabilities: [[0.5011404  0.03502579 0.4638338 ]
 [0.47309712 0.23601966 0.29088324]
 [0.7254787  0.10387568 0.17064561]
 [0.35502702 0.4469052  0.19806777]
 [0.21390438 0.6136916  0.17240399]]
probabilities: [[1. 0. 0.]
 [1. 0. 0.]
 [1. 0. 0.]
 [1. 0. 0.]
 [1. 0. 0.]]
probabilities: [[6.8402696e-01 3.1585270e-01 1.2035930e-04]
 [4.7326681e-01 9.0867557e-02 4.3586561e-01]
 [4.5533627e-02 5.4266471e-01 4.1180167e-01]
 [1.8936409e-02 5.9155476e-01 3.8950884e-01]
 [4.9900463e-01 2.5861213e-01 2.4238323e-01]]
probabilities: [[0.04790492 0.87212425 0.07997086]
 [0.20504703 0.17091173 0.62404126]
 [0.02187619 0.5167221  0.46140173]
 [0.038737   0.16533288 0.79593015]
 [0.07685979 0.3374117  0.5857285 ]]
probabilities: [[0.20289767 0.77915186 0.0179505 ]
 [0.15468445 0.6199266  0.22538896]
 [0.00978007 0.23468687 0.75553304]
 [0.37618566 0.04812445 0.5756899 ]
 [0.4360533  0.42513016 0.13881652]]
probabilities: [[0. 1. 0.]
 [0. 1. 0.]
 [0. 1. 0.]
 [0. 1. 0.]
 [0. 1. 0.]]
probabilities: [[0.1698976  0.16191478 0.6681876 ]
 [0.19848385 0.5987075  0.20280863]
 [0.6002682  0.34681946 0.05291236]
 [0.5799853  0.13481891 0.28519574]
 [0.4957031  0.16770187 0.33659503]]
probabilities: [[0.88966817 0.0228663  0.08746556]
 [0.39604184 0.5271597  0.0767985 ]
 [0.35822046 0.04429277 0.5974868 ]
 [0.41128948 0.17011051 0.41860002]
 [0.8583039  0.08473408 0.05696199]]
probabilities: [[0.40242597 0.25926176 0.33831224]
 [0.27567527 0.64412296 0.08020182]
 [0.25884977 0.64505976 0.0960905 ]
 [0.6652048  0.12065347 0.2141417 ]
 [0.24772194 0.6485294  0.10374864]]
probabilities: [[0. 0. 1.]
 [0. 1. 0.]
 [0. 0. 1.]
 [0. 0. 1.]
 [0. 0. 1.]]
probabilities: [[0.51098216 0.0054159  0.48360196]
 [0.5933555  0.01096707 0.39567745]
 [0.45327407 0.3216756  0.22505033]
 [0.29241955 0.16257437 0.5450061 ]
 [0.38390267 0.23387636 0.38222098]]
probabilities: [[0.199561   0.36335424 0.43708476]
 [0.27457717 0.15636083 0.569062  ]
 [0.44154638 0.08663349 0.47182015]
 [0.1951719  0.18471803 0.6201101 ]
 [0.13924715 0.5749611  0.2857917 ]]
probabilities: [[0.3912352  0.36295512 0.24580969]
 [0.61851275 0.07328831 0.30819893]
 [0.08387374 0.7224799  0.19364636]
 [0.475339   0.47174242 0.05291858]
 [0.5588766  0.11543765 0.3256858 ]]
