probabilities: [[0. 0. 1.]
 [0. 1. 0.]
 [0. 0. 1.]
 [0. 0. 1.]
 [0. 0. 1.]]
probabilities: [[0.49852738 0.09406281 0.40740982]
 [0.24923304 0.57476515 0.1760018 ]
 [0.15191463 0.26539803 0.5826873 ]
 [0.32395956 0.49679807 0.17924236]
 [0.36711988 0.5154389  0.11744121]]
probabilities: [[0.8142982  0.0455556  0.14014618]
 [0.6650589  0.10148367 0.23345743]
 [0.4351128  0.30922642 0.25566077]
 [0.2442544  0.13010998 0.6256356 ]
 [0.31821424 0.41532892 0.26645687]]
probabilities: [[0.6040197  0.3117204  0.08425989]
 [0.28153107 0.16156255 0.5569064 ]
 [0.5336375  0.33504158 0.13132091]
 [0.13276638 0.1570001  0.7102335 ]
 [0.4696466  0.3953324  0.13502102]]
probabilities: [[0.3097876  0.40551454 0.28469786]
 [0.45230892 0.3998482  0.14784285]
 [0.8051896  0.13630092 0.05850947]
 [0.02119325 0.08357752 0.8952292 ]
 [0.82093817 0.10234173 0.07672011]]
probabilities: [[0.18831174 0.53489864 0.27678964]
 [0.30184793 0.4761704  0.22198166]
 [0.04262175 0.5225273  0.43485096]
 [0.51859903 0.39430198 0.08709899]
 [0.4149628  0.2996065  0.28543067]]
probabilities: [[0. 1. 0.]
 [0. 1. 0.]
 [0. 1. 0.]
 [0. 1. 0.]
 [0. 1. 0.]]
probabilities: [[0.36612988 0.5244854  0.10938473]
 [0.04017447 0.13311514 0.8267104 ]
 [0.44817075 0.16379312 0.38803613]
 [0.450095   0.51964015 0.03026487]
 [0.73895895 0.16175023 0.09929079]]
probabilities: [[0.5037927  0.42717645 0.06903081]
 [0.08723637 0.02570944 0.8870542 ]
 [0.09105539 0.53731364 0.37163097]
 [0.08164497 0.8954322  0.02292283]
 [0.38348836 0.00646027 0.61005133]]
probabilities: [[0.8101237  0.16395669 0.02591962]
 [0.07685015 0.21706775 0.7060821 ]
 [0.34914425 0.49763757 0.15321818]
 [0.56075126 0.05863766 0.38061112]
 [0.6858399  0.20293508 0.11122503]]
probabilities: [[0.2059991  0.78081226 0.01318861]
 [0.06088083 0.7565225  0.1825967 ]
 [0.08109786 0.47936115 0.43954098]
 [0.4320538  0.49865782 0.06928838]
 [0.00459855 0.5019429  0.49345857]]
probabilities: [[0.37567064 0.18130314 0.4430262 ]
 [0.31156203 0.6212926  0.06714536]
 [0.15551299 0.37882534 0.46566167]
 [0.23444222 0.36872035 0.39683744]
 [0.04319469 0.24027403 0.7165313 ]]
probabilities: [[0. 1. 0.]
 [0. 1. 0.]
 [0. 1. 0.]
 [0. 1. 0.]
 [0. 1. 0.]]
probabilities: [[0.39767942 0.20719731 0.39512327]
 [0.7665985  0.13329303 0.10010847]
 [0.7652626  0.04088269 0.19385469]
 [0.32417512 0.5005642  0.17526065]
 [0.666965   0.2508798  0.08215521]]
probabilities: [[0.07628421 0.33215004 0.5915657 ]
 [0.06508528 0.46711436 0.46780035]
 [0.39626285 0.03944313 0.56429404]
 [0.74126554 0.00108105 0.25765342]
 [0.29976007 0.49183944 0.20840049]]
probabilities: [[0.5617435  0.22991203 0.20834449]
 [0.2415233  0.6506419  0.10783478]
 [0.5426717  0.39619198 0.06113632]
 [0.1032728  0.3465589  0.55016834]
 [0.51900315 0.375597   0.10539986]]
probabilities: [[0.53065854 0.41261137 0.05673008]
 [0.24414136 0.38050988 0.37534875]
 [0.4549612  0.46672282 0.07831596]
 [0.04580913 0.9203261  0.03386478]
 [0.32919022 0.3727099  0.29809988]]
probabilities: [[0.01070392 0.94257563 0.04672047]
 [0.37145904 0.16558412 0.46295682]
 [0.39793143 0.23999433 0.36207423]
 [0.6083798  0.34325042 0.04836979]
 [0.27724433 0.5593694  0.1633863 ]]
probabilities: [[0. 1. 0.]
 [0. 1. 0.]
 [0. 1. 0.]
 [0. 1. 0.]
 [0. 1. 0.]]
probabilities: [[0.4681207  0.28129578 0.25058353]
 [0.31437632 0.29949817 0.38612553]
 [0.02203661 0.27272084 0.7052426 ]
 [0.02548268 0.07541026 0.89910704]
 [0.36633044 0.4416638  0.19200572]]
probabilities: [[0.33733594 0.10754873 0.55511534]
 [0.53882277 0.02325036 0.4379269 ]
 [0.313694   0.5097382  0.17656776]
 [0.03045203 0.37585723 0.59369075]
 [0.7471037  0.24008398 0.01281233]]
probabilities: [[0.02280175 0.7377023  0.23949592]
 [0.15855649 0.76202303 0.07942048]
 [0.3696232  0.05908367 0.5712931 ]
 [0.03845175 0.17261997 0.7889283 ]
 [0.01358381 0.23359814 0.75281805]]
probabilities: [[0.09312244 0.7247082  0.18216935]
 [0.23286219 0.30826062 0.45887718]
 [0.5197665  0.20719041 0.27304307]
 [0.75593406 0.09843127 0.14563467]
 [0.8563347  0.11371259 0.02995275]]
probabilities: [[0.00627071 0.00236161 0.9913677 ]
 [0.01786798 0.10360552 0.8785265 ]
 [0.4127206  0.23737308 0.34990633]
 [0.5323973  0.4645489  0.00305384]
 [0.28877017 0.02543998 0.6857899 ]]
probabilities: [[1. 0. 0.]
 [1. 0. 0.]
 [1. 0. 0.]
 [1. 0. 0.]
 [1. 0. 0.]]
probabilities: [[0.23402561 0.4811463  0.2848281 ]
 [0.12157308 0.47866428 0.39976266]
 [0.32009578 0.32319131 0.3567129 ]
 [0.6767499  0.200005   0.12324513]
 [0.1890246  0.63349324 0.17748214]]
probabilities: [[0.3097479  0.54306495 0.14718716]
 [0.8294463  0.0363782  0.1341755 ]
 [0.18717974 0.5557175  0.2571027 ]
 [0.097942   0.3887034  0.5133546 ]
 [0.01397177 0.28585804 0.7001702 ]]
probabilities: [[0.15492256 0.33730617 0.50777125]
 [0.64152145 0.32549676 0.0329818 ]
 [0.06393136 0.65449214 0.28157648]
 [0.5451882  0.1106881  0.34412375]
 [0.40401807 0.40996298 0.18601893]]
probabilities: [[0.44827467 0.08705414 0.46467116]
 [0.11868876 0.43637004 0.4449412 ]
 [0.5102035  0.32157698 0.1682195 ]
 [0.02635624 0.7307469  0.24289683]
 [0.03239972 0.9584504  0.00914991]]
probabilities: [[0.35622087 0.4515018  0.19227733]
 [0.74553794 0.20363812 0.05082394]
 [0.403965   0.39364293 0.20239207]
 [0.03098305 0.91657215 0.0524448 ]
 [0.40966514 0.13667698 0.45365787]]
probabilities: [[1. 0. 0.]
 [1. 0. 0.]
 [1. 0. 0.]
 [1. 0. 0.]
 [1. 0. 0.]]
probabilities: [[0.09116913 0.7672761  0.14155474]
 [0.30229923 0.36430866 0.33339214]
 [0.0867326  0.61515206 0.29811537]
 [0.19308928 0.15876642 0.6481443 ]
 [0.00828757 0.46959266 0.52211976]]
probabilities: [[0.06717581 0.38182113 0.5510031 ]
 [0.06649886 0.8110656  0.1224355 ]
 [0.04403774 0.1015448  0.85441744]
 [0.18374862 0.21463366 0.6016177 ]
 [0.5556672  0.3393312  0.1050016 ]]
probabilities: [[0.09036274 0.6650434  0.24459383]
 [0.40513748 0.40077126 0.19409125]
 [0.72150135 0.03303343 0.24546522]
 [0.02627574 0.29492795 0.6787963 ]
 [0.0710864  0.80593735 0.12297627]]
probabilities: [[0.81278825 0.07784567 0.10936606]
 [0.02208661 0.8002929  0.1776205 ]
 [0.02166485 0.08008543 0.8982497 ]
 [0.3225803  0.6462672  0.03115254]
 [0.556304   0.20973869 0.23395737]]
probabilities: [[0.39480665 0.28291023 0.32228312]
 [0.897104   0.04571955 0.0571764 ]
 [0.68153656 0.14610101 0.17236242]
 [0.02856989 0.19800046 0.77342963]
 [0.16640618 0.09946473 0.7341291 ]]
probabilities: [[0. 0. 1.]
 [0. 1. 0.]
 [0. 0. 1.]
 [0. 0. 1.]
 [0. 0. 1.]]
probabilities: [[0.15286247 0.07462201 0.77251554]
 [0.789894   0.04521424 0.16489178]
 [0.4729547  0.3085831  0.2184622 ]
 [0.2645628  0.53602684 0.19941036]
 [0.3148729  0.279881   0.4052461 ]]
probabilities: [[0.34729266 0.04594065 0.6067667 ]
 [0.6093666  0.11533114 0.27530226]
 [0.4167772  0.45586786 0.12735495]
 [0.11963449 0.8228576  0.05750789]
 [0.38296217 0.13588764 0.48115018]]
probabilities: [[0.0210983  0.676035   0.30286673]
 [0.23145421 0.23559298 0.5329528 ]
 [0.45945418 0.29622394 0.24432187]
 [0.19135873 0.14754036 0.6611009 ]
 [0.48986188 0.46911642 0.04102172]]
probabilities: [[0.23115094 0.5973538  0.17149521]
 [0.24810643 0.42551532 0.32637823]
 [0.3405077  0.28054276 0.37894955]
 [0.4384294  0.27622616 0.28534445]
 [0.36350688 0.30483148 0.33166164]]
probabilities: [[0.2969143  0.41904393 0.28404176]
 [0.3686168  0.494674   0.1367092 ]
 [0.00871522 0.98038954 0.01089526]
 [0.06800731 0.81766886 0.11432382]
 [0.28266367 0.6669855  0.05035083]]
probabilities: [[1. 0. 0.]
 [1. 0. 0.]
 [1. 0. 0.]
 [1. 0. 0.]
 [1. 0. 0.]]
probabilities: [[0.22438106 0.28267393 0.49294502]
 [0.9100053  0.04417573 0.04581899]
 [0.47262174 0.31501484 0.21236344]
 [0.46871287 0.115348   0.41593915]
 [0.623767   0.3552     0.021033  ]]
probabilities: [[0.3599371  0.11677775 0.52328515]
 [0.23988006 0.65118957 0.10893036]
 [0.39715412 0.5936337  0.00921217]
 [0.8629351  0.09576075 0.04130414]
 [0.188934   0.73176575 0.07930025]]
probabilities: [[0.28487527 0.48276997 0.23235476]
 [0.2334617  0.41526392 0.35127437]
 [0.26878795 0.5958202  0.13539185]
 [0.16293448 0.5378461  0.29921946]
 [0.09906825 0.37322578 0.52770597]]
probabilities: [[0.48093042 0.01521128 0.5038583 ]
 [0.19323523 0.3486429  0.45812187]
 [0.24332371 0.23031057 0.5263657 ]
 [0.16459146 0.55674446 0.2786641 ]
 [0.36205894 0.55818194 0.07975913]]
probabilities: [[0.5098524  0.36634183 0.12380577]
 [0.02269384 0.9537693  0.02353683]
 [0.729995   0.07245295 0.19755203]
 [0.10969718 0.34252444 0.54777837]
 [0.1879425  0.20472564 0.6073319 ]]
probabilities: [[0. 0. 1.]
 [0. 1. 0.]
 [0. 1. 0.]
 [0. 0. 1.]
 [0. 0. 1.]]
probabilities: [[0.47414264 0.3833856  0.14247175]
 [0.56431544 0.31259954 0.12308501]
 [0.08496112 0.27329543 0.6417435 ]
 [0.8062566  0.08823769 0.10550575]
 [0.21168874 0.47783342 0.31047782]]
probabilities: [[0.07314185 0.8649769  0.06188127]
 [0.01697389 0.97133327 0.01169282]
 [0.15399781 0.7411531  0.10484908]
 [0.33726773 0.3903161  0.27241617]
 [0.34033906 0.6394281  0.02023288]]
probabilities: [[0.2825462  0.27260175 0.44485205]
 [0.3216311  0.51990896 0.15845992]
 [0.4545044  0.5431274  0.0023682 ]
 [0.17104611 0.3695968  0.45935708]
 [0.5822498  0.10674347 0.31100672]]
probabilities: [[0.645893   0.3139591  0.04014791]
 [0.6765053  0.07978977 0.24370492]
 [0.19743785 0.7072968  0.09526534]
 [0.14345951 0.39509845 0.46144202]
 [0.5990485  0.1425299  0.2584216 ]]
probabilities: [[0.09320147 0.49491018 0.41188836]
 [0.12851395 0.16429551 0.7071905 ]
 [0.03896815 0.66010654 0.3009253 ]
 [0.2564442  0.03263418 0.71092165]
 [0.30843166 0.66604924 0.02551909]]
probabilities: [[1. 0. 0.]
 [1. 0. 0.]
 [1. 0. 0.]
 [1. 0. 0.]
 [1. 0. 0.]]
probabilities: [[0.16981219 0.18024446 0.64994335]
 [0.13552663 0.7964945  0.06797888]
 [0.47189415 0.3820468  0.14605908]
 [0.83425236 0.06490963 0.10083799]
 [0.58013785 0.22811793 0.19174424]]
probabilities: [[0.5352022  0.2436309  0.2211669 ]
 [0.04328716 0.09137988 0.86533296]
 [0.28579566 0.07575767 0.6384467 ]
 [0.6763612  0.16112871 0.16251005]
 [0.01496429 0.6595662  0.32546946]]
probabilities: [[0.2690506  0.21544413 0.51550525]
 [0.5571176  0.00988558 0.43299687]
 [0.12728547 0.79575795 0.07695659]
 [0.33537644 0.4331681  0.23145543]
 [0.35373336 0.19611384 0.4501528 ]]
probabilities: [[0.36877412 0.58308136 0.04814449]
 [0.00351376 0.8135821  0.18290414]
 [0.26939616 0.49391997 0.23668389]
 [0.04099136 0.5838451  0.37516356]
 [0.10063567 0.62312084 0.27624345]]
probabilities: [[0.47073275 0.50099313 0.02827412]
 [0.3264532  0.3299469  0.3435999 ]
 [0.37699378 0.34622553 0.2767807 ]
 [0.07759728 0.68270475 0.23969796]
 [0.24735305 0.6280116  0.12463535]]
probabilities: [[1. 0. 0.]
 [1. 0. 0.]
 [1. 0. 0.]
 [1. 0. 0.]
 [1. 0. 0.]]
probabilities: [[0.35353616 0.09081002 0.5556538 ]
 [0.24519841 0.23245566 0.52234596]
 [0.5651537  0.06924808 0.3655982 ]
 [0.5627598  0.27029592 0.16694422]
 [0.05397646 0.12068985 0.8253337 ]]
probabilities: [[0.08001271 0.87340677 0.04658053]
 [0.20942686 0.15197493 0.6385982 ]
 [0.42653576 0.32130668 0.25215757]
 [0.3821639  0.17113446 0.44670165]
 [0.07807309 0.812809   0.10911793]]
probabilities: [[0.49610296 0.38940957 0.11448746]
 [0.53467435 0.28983882 0.17548683]
 [0.4592334  0.35661444 0.18415214]
 [0.24704114 0.6756831  0.07727575]
 [0.61329097 0.21973011 0.16697893]]
probabilities: [[0.74240506 0.0825829  0.17501207]
 [0.12734981 0.37987596 0.49277422]
 [0.5216948  0.34267622 0.135629  ]
 [0.02422984 0.294417   0.68135315]
 [0.04871076 0.22151068 0.7297786 ]]
probabilities: [[0.37590972 0.28997695 0.33411333]
 [0.6980134  0.02567042 0.27631614]
 [0.1365433  0.2169891  0.64646757]
 [0.6953025  0.18897538 0.11572216]
 [0.6401543  0.2221285  0.13771717]]
probabilities: [[0. 1. 0.]
 [0. 1. 0.]
 [0. 1. 0.]
 [0. 1. 0.]
 [0. 1. 0.]]
probabilities: [[0.56416214 0.39537936 0.0404585 ]
 [0.4809198  0.26926965 0.24981056]
 [0.00422255 0.21033327 0.7854442 ]
 [0.1732577  0.5693141  0.2574282 ]
 [0.64434075 0.35400817 0.00165106]]
probabilities: [[0.1810011  0.19040018 0.62859875]
 [0.27719212 0.05528271 0.6675252 ]
 [0.4722106  0.2531639  0.2746255 ]
 [0.8089643  0.0031821  0.18785356]
 [0.04724325 0.26194957 0.69080716]]
probabilities: [[0.43030566 0.33567664 0.23401771]
 [0.33393696 0.03059182 0.6354712 ]
 [0.03737575 0.46533784 0.4972864 ]
 [0.13745369 0.2403106  0.6222357 ]
 [0.6303056  0.15424179 0.21545264]]
probabilities: [[0.05826649 0.11954711 0.8221864 ]
 [0.3195856  0.16624337 0.514171  ]
 [0.2767121  0.46887589 0.25441206]
 [0.33240274 0.5082884  0.15930888]
 [0.24753267 0.26247138 0.48999596]]
probabilities: [[0.27644423 0.07282591 0.65072984]
 [0.5564104  0.06269062 0.38089904]
 [0.8030995  0.17640984 0.02049068]
 [0.10983716 0.8457313  0.04443154]
 [0.2588473  0.19057548 0.5505772 ]]
probabilities: [[0. 1. 0.]
 [0. 1. 0.]
 [0. 1. 0.]
 [0. 1. 0.]
 [0. 1. 0.]]
probabilities: [[0.18837209 0.70616794 0.10546   ]
 [0.11774011 0.3065559  0.575704  ]
 [0.17463595 0.50994885 0.31541523]
 [0.25871074 0.5531208  0.18816844]
 [0.10253586 0.20293568 0.69452846]]
probabilities: [[0.21659319 0.07747937 0.70592743]
 [0.16821507 0.5626057  0.26917925]
 [0.532907   0.27118993 0.19590308]
 [0.22669004 0.5799517  0.19335826]
 [0.43609968 0.09233283 0.47156748]]
probabilities: [[0.12763487 0.15209919 0.7202659 ]
 [0.0994715  0.78349763 0.11703089]
 [0.44123393 0.35393593 0.20483014]
 [0.76414233 0.03618984 0.19966784]
 [0.40994176 0.18712625 0.402932  ]]
probabilities: [[0.35631868 0.09575933 0.54792196]
 [0.11249118 0.7723974  0.1151114 ]
 [0.2401447  0.07656284 0.68329245]
 [0.2673231  0.60889125 0.12378565]
 [0.05999555 0.31608784 0.6239166 ]]
probabilities: [[0.6526709  0.31575942 0.03156963]
 [0.11019094 0.05821922 0.8315898 ]
 [0.19192171 0.3138083  0.49427   ]
 [0.14679272 0.34976935 0.50343794]
 [0.25887597 0.5169112  0.22421281]]
probabilities: [[0. 0. 1.]
 [0. 1. 0.]
 [0. 1. 0.]
 [0. 0. 1.]
 [0. 0. 1.]]
probabilities: [[0.00407136 0.08255193 0.9133767 ]
 [0.20224357 0.0022762  0.79548025]
 [0.04688496 0.09412542 0.8589896 ]
 [0.6218665  0.272878   0.10525552]
 [0.38862804 0.41738647 0.19398549]]
probabilities: [[0.54313356 0.39744273 0.05942373]
 [0.79922265 0.12241259 0.07836478]
 [0.2238476  0.43864456 0.33750784]
 [0.11894305 0.43451625 0.4465407 ]
 [0.41374567 0.0279044  0.5583499 ]]
probabilities: [[0.54247785 0.16196929 0.29555285]
 [0.109588   0.72876126 0.16165075]
 [0.20563848 0.4279016  0.36645994]
 [0.39702395 0.1224889  0.48048714]
 [0.13008244 0.6802798  0.18963778]]
probabilities: [[0.11108176 0.56690353 0.32201472]
 [0.84077466 0.06590849 0.09331687]
 [0.42487994 0.24439125 0.33072883]
 [0.3102049  0.09128357 0.5985115 ]
 [0.7295025  0.23831029 0.03218722]]
probabilities: [[0.45710403 0.07511734 0.46777865]
 [0.4022957  0.4961531  0.10155122]
 [0.5945169  0.15586168 0.24962147]
 [0.58350253 0.16526829 0.25122917]
 [0.45191938 0.29899552 0.24908508]]
probabilities: [[0. 1. 0.]
 [0. 1. 0.]
 [0. 1. 0.]
 [0. 1. 0.]
 [0. 1. 0.]]
probabilities: [[0.28272277 0.7074102  0.00986702]
 [0.02770636 0.41219124 0.5601024 ]
 [0.02375124 0.23097104 0.74527776]
 [0.27225298 0.08656442 0.6411826 ]
 [0.16890214 0.06373917 0.76735866]]
probabilities: [[0.15646607 0.4225079  0.42102602]
 [0.14731698 0.1433161  0.7093669 ]
 [0.620022   0.00298934 0.37698868]
 [0.0356399  0.14750615 0.81685394]
 [0.39258248 0.17408814 0.4333294 ]]
probabilities: [[0.27976966 0.2945352  0.42569515]
 [0.789106   0.10559131 0.10530266]
 [0.05053312 0.8968995  0.05256734]
 [0.09351142 0.6923905  0.21409805]
 [0.04071    0.27940866 0.67988133]]
probabilities: [[0.44126293 0.19143078 0.3673063 ]
 [0.5331587  0.31308106 0.15376022]
 [0.63248056 0.30208802 0.06543142]
 [0.20224202 0.7108373  0.08692065]
 [0.06226489 0.21063742 0.7270977 ]]
probabilities: [[0.42563877 0.37698492 0.19737633]
 [0.2658677  0.4366962  0.2974361 ]
 [0.16394629 0.4352081  0.4008456 ]
 [0.11707485 0.17730737 0.7056178 ]
 [0.07673865 0.58092785 0.3423335 ]]
probabilities: [[0. 1. 0.]
 [0. 1. 0.]
 [0. 1. 0.]
 [0. 1. 0.]
 [0. 1. 0.]]
probabilities: [[0.02563232 0.18650353 0.78786415]
 [0.01153377 0.2672253  0.72124094]
 [0.60900897 0.29994723 0.09104377]
 [0.11968739 0.7108105  0.16950214]
 [0.69344425 0.25279194 0.05376379]]
probabilities: [[0.07464968 0.7261242  0.19922611]
 [0.07003178 0.82644755 0.10352067]
 [0.14188777 0.5357899  0.3223223 ]
 [0.1671373  0.2265112  0.6063515 ]
 [0.35103956 0.03914938 0.60981107]]
probabilities: [[0.00974295 0.6679696  0.32228744]
 [0.36847368 0.39360538 0.23792094]
 [0.57885927 0.20482856 0.2163122 ]
 [0.11994018 0.7224953  0.15756452]
 [0.09491325 0.16457328 0.74051344]]
probabilities: [[0.4728569  0.37363288 0.15351021]
 [0.18837093 0.34895906 0.46267003]
 [0.20526691 0.31268778 0.48204532]
 [0.17297803 0.30984783 0.5171741 ]
 [0.3277331  0.1318025  0.5404644 ]]
probabilities: [[0.07131194 0.42428955 0.5043985 ]
 [0.8773827  0.04435399 0.07826334]
 [0.05678406 0.8213296  0.12188633]
 [0.63626647 0.35186303 0.0118705 ]
 [0.38161787 0.13577081 0.4826113 ]]
probabilities: [[0. 0. 1.]
 [0. 1. 0.]
 [0. 1. 0.]
 [0. 0. 1.]
 [0. 0. 1.]]
probabilities: [[0.00785058 0.04334304 0.9488064 ]
 [0.16244645 0.6973606  0.14019299]
 [0.2713542  0.44515035 0.28349546]
 [0.17314851 0.3721472  0.45470428]
 [0.42073673 0.5190344  0.06022889]]
probabilities: [[0.13809612 0.43768004 0.42422384]
 [0.07783934 0.531256   0.39090466]
 [0.39897028 0.21482012 0.3862096 ]
 [0.29682398 0.22987238 0.47330365]
 [0.5553566  0.20789501 0.2367484 ]]
probabilities: [[0.55047697 0.29142454 0.15809849]
 [0.02928332 0.5756722  0.3950445 ]
 [0.80022246 0.184427   0.01535054]
 [0.30741456 0.5953982  0.09718727]
 [0.3675819  0.20671234 0.42570576]]
probabilities: [[0.11704288 0.5413888  0.34156832]
 [0.10959426 0.60346454 0.2869412 ]
 [0.00414122 0.75118536 0.24467339]
 [0.16744937 0.29254192 0.5400087 ]
 [0.22752225 0.28952792 0.48294985]]
probabilities: [[0.38531694 0.2949121  0.31977096]
 [0.47524995 0.44532043 0.07942963]
 [0.29060885 0.48446074 0.22493042]
 [0.15075123 0.6352555  0.21399324]
 [0.3564745  0.06983421 0.5736913 ]]
probabilities: [[0. 0. 1.]
 [0. 1. 0.]
 [0. 1. 0.]
 [0. 0. 1.]
 [0. 0. 1.]]
probabilities: [[0.01288546 0.10783136 0.8792832 ]
 [0.19056141 0.27460852 0.53483003]
 [0.23066708 0.7536621  0.01567078]
 [0.14459145 0.28841838 0.5669902 ]
 [0.9221346  0.02894784 0.0489176 ]]
probabilities: [[0.5374087  0.44094145 0.0216498 ]
 [0.14699057 0.47241873 0.3805907 ]
 [0.24005835 0.32112348 0.4388182 ]
 [0.34575516 0.31117246 0.34307238]
 [0.5632052  0.24643107 0.19036372]]
probabilities: [[5.8204073e-01 3.1816235e-01 9.9796906e-02]
 [4.9184856e-01 4.6195930e-01 4.6192128e-02]
 [6.7772371e-01 2.9020867e-01 3.2067649e-02]
 [2.3916724e-01 6.2599897e-01 1.3483375e-01]
 [5.0551957e-04 6.4471650e-01 3.5477796e-01]]
probabilities: [[0.05351408 0.2577616  0.6887243 ]
 [0.40944648 0.23062673 0.3599268 ]
 [0.13097756 0.53719795 0.33182448]
 [0.4204509  0.47896314 0.10058596]
 [0.35829505 0.52012444 0.12158053]]
probabilities: [[0.13877976 0.51762825 0.343592  ]
 [0.29462752 0.14588442 0.55948806]
 [0.09024779 0.3394904  0.5702618 ]
 [0.48492327 0.0251597  0.489917  ]
 [0.08217384 0.1431633  0.77466285]]
probabilities: [[0. 0. 1.]
 [0. 1. 0.]
 [0. 0. 1.]
 [0. 0. 1.]
 [0. 0. 1.]]
probabilities: [[0.3583025  0.60990757 0.03178992]
 [0.10106505 0.73925936 0.15967557]
 [0.30482697 0.3888474  0.3063256 ]
 [0.12059885 0.22400366 0.6553975 ]
 [0.7569631  0.00796633 0.23507062]]
probabilities: [[0.47307366 0.07533183 0.45159453]
 [0.0097116  0.45619953 0.5340889 ]
 [0.00468742 0.21410309 0.78120947]
 [0.4590795  0.22435383 0.31656668]
 [0.2380566  0.19024712 0.5716963 ]]
probabilities: [[0.44273186 0.03400417 0.523264  ]
 [0.10078532 0.05644942 0.8427653 ]
 [0.5804177  0.2810958  0.13848652]
 [0.2142384  0.10658777 0.6791738 ]
 [0.57416964 0.08386528 0.3419651 ]]
probabilities: [[0.4706968  0.50797325 0.02132995]
 [0.03673694 0.7170939  0.24616916]
 [0.22250485 0.6293957  0.14809942]
 [0.25014132 0.07814983 0.6717088 ]
 [0.02925792 0.20995408 0.760788  ]]
probabilities: [[0.17646454 0.5333323  0.29020318]
 [0.3846052  0.3822338  0.23316102]
 [0.12301815 0.63445026 0.24253157]
 [0.19983543 0.55917156 0.24099302]
 [0.07611213 0.5457252  0.37816265]]
probabilities: [[0. 1. 0.]
 [0. 1. 0.]
 [0. 1. 0.]
 [0. 1. 0.]
 [0. 1. 0.]]
probabilities: [[0.2098424  0.38438845 0.40576914]
 [0.05845346 0.6562962  0.28525034]
 [0.4189466  0.53189474 0.04915864]
 [0.56191313 0.2510258  0.18706109]
 [0.4295009  0.11901015 0.45148894]]
probabilities: [[0.40078405 0.10914113 0.49007484]
 [0.20781592 0.0761387  0.7160454 ]
 [0.45575398 0.33579126 0.20845476]
 [0.4778328  0.49120966 0.03095755]
 [0.20885757 0.13749151 0.65365094]]
probabilities: [[0.21295047 0.08751949 0.69953007]
 [0.12665823 0.65811026 0.21523154]
 [0.00204696 0.05627538 0.9416777 ]
 [0.5142218  0.30378032 0.18199787]
 [0.54718125 0.19663894 0.2561798 ]]
probabilities: [[0.36099222 0.13835672 0.50065106]
 [0.09653646 0.4752106  0.42825294]
 [0.29191923 0.5755028  0.13257797]
 [0.3338667  0.08642768 0.57970566]
 [0.7382162  0.02833663 0.23344713]]
probabilities: [[0.24288458 0.21006447 0.54705095]
 [0.06455617 0.60499346 0.33045036]
 [0.57351506 0.41545847 0.01102646]
 [0.11764545 0.07883971 0.80351484]
 [0.22175384 0.14917827 0.6290679 ]]
probabilities: [[0. 0. 1.]
 [0. 1. 0.]
 [0. 1. 0.]
 [0. 0. 1.]
 [0. 0. 1.]]
probabilities: [[0.4013005  0.463819   0.13488053]
 [0.10159507 0.06268672 0.8357182 ]
 [0.02380128 0.692631   0.2835677 ]
 [0.5346522  0.18401119 0.28133664]
 [0.11190021 0.33473426 0.5533655 ]]
probabilities: [[0.3278634  0.5222239  0.1499127 ]
 [0.25170138 0.732971   0.01532759]
 [0.00754652 0.72051245 0.271941  ]
 [0.08912539 0.6925331  0.21834154]
 [0.88993084 0.09927628 0.01079288]]
probabilities: [[0.784521   0.15782025 0.0576588 ]
 [0.4781917  0.10330918 0.4184991 ]
 [0.4183115  0.15975729 0.4219312 ]
 [0.30059254 0.22934209 0.47006536]
 [0.844091   0.03552841 0.12038057]]
probabilities: [[0.2013316  0.10885074 0.68981767]
 [0.06219154 0.9085477  0.02926074]
 [0.15914486 0.54686135 0.2939938 ]
 [0.5372961  0.4039634  0.05874048]
 [0.03547815 0.576059   0.38846284]]
probabilities: [[0.09293296 0.32797337 0.5790937 ]
 [0.04561036 0.7654417  0.1889479 ]
 [0.15922546 0.31144568 0.5293288 ]
 [0.8256124  0.10247197 0.07191562]
 [0.21718547 0.70498115 0.07783341]]
probabilities: [[0. 1. 0.]
 [0. 1. 0.]
 [0. 1. 0.]
 [0. 1. 0.]
 [0. 1. 0.]]
probabilities: [[0.01388906 0.31683856 0.66927236]
 [0.01356381 0.1505154  0.83592075]
 [0.92636585 0.04019187 0.03344228]
 [0.5293311  0.17892662 0.29174227]
 [0.0162954  0.3161631  0.6675415 ]]
probabilities: [[0.44850102 0.06731182 0.48418716]
 [0.3151674  0.4913531  0.1934795 ]
 [0.08968008 0.27313378 0.63718617]
 [0.68390256 0.27610108 0.03999635]
 [0.0097751  0.96306527 0.02715962]]
probabilities: [[9.6803796e-01 3.9979955e-04 3.1562254e-02]
 [2.1865636e-01 5.9021384e-01 1.9112983e-01]
 [8.2807690e-03 7.5609714e-01 2.3562209e-01]
 [5.5714119e-02 7.6876765e-01 1.7551821e-01]
 [5.7426941e-01 2.9206190e-01 1.3366872e-01]]
probabilities: [[0.27093363 0.5815073  0.14755905]
 [0.09651038 0.52538574 0.37810388]
 [0.05955262 0.62822825 0.3122191 ]
 [0.71591955 0.02431348 0.25976697]
 [0.3163388  0.25437954 0.42928165]]
probabilities: [[0.08049329 0.13351661 0.7859901 ]
 [0.26439542 0.19716595 0.5384386 ]
 [0.6552918  0.08313984 0.26156837]
 [0.07183988 0.02050294 0.9076572 ]
 [0.18550666 0.5061013  0.30839202]]
probabilities: [[0. 0. 1.]
 [0. 1. 0.]
 [0. 1. 0.]
 [0. 0. 1.]
 [0. 0. 1.]]
probabilities: [[0.710834   0.2165588  0.07260716]
 [0.37839633 0.05559444 0.5660092 ]
 [0.3347377  0.08497351 0.58028877]
 [0.26905373 0.63883495 0.09211134]
 [0.33979732 0.04699071 0.613212  ]]
probabilities: [[0.37950572 0.2864238  0.33407047]
 [0.2712649  0.463508   0.2652271 ]
 [0.82502383 0.10078772 0.07418843]
 [0.01095281 0.82258517 0.16646205]
 [0.73435044 0.07838456 0.18726498]]
probabilities: [[0.21859504 0.68107283 0.10033212]
 [0.37412477 0.03982892 0.5860463 ]
 [0.557644   0.20918375 0.23317222]
 [0.30089438 0.14572693 0.5533787 ]
 [0.279841   0.668567   0.05159202]]
probabilities: [[0.07286515 0.5163523  0.41078255]
 [0.16567661 0.77637094 0.05795246]
 [0.2556551  0.5896017  0.1547432 ]
 [0.6337227  0.24978912 0.11648816]
 [0.19415605 0.791262   0.01458198]]
probabilities: [[0.9254462  0.06144771 0.01310611]
 [0.22584295 0.05000579 0.72415125]
 [0.23354094 0.20082973 0.5656293 ]
 [0.13932264 0.41773704 0.44294032]
 [0.03114599 0.38426146 0.5845925 ]]
probabilities: [[1. 0. 0.]
 [1. 0. 0.]
 [1. 0. 0.]
 [1. 0. 0.]
 [1. 0. 0.]]
probabilities: [[0.5283068  0.3671933  0.1044999 ]
 [0.23263659 0.37901342 0.38835   ]
 [0.7862377  0.20340659 0.0103557 ]
 [0.15584244 0.7176692  0.12648837]
 [0.7326913  0.1289118  0.1383969 ]]
probabilities: [[0.3551584  0.39098474 0.25385687]
 [0.05355221 0.6882706  0.25817716]
 [0.6338853  0.17650096 0.18961369]
 [0.8835591  0.01959371 0.09684715]
 [0.6982231  0.07194929 0.22982763]]
probabilities: [[0.8133825  0.17251419 0.01410331]
 [0.3494414  0.50611037 0.14444822]
 [0.3244788  0.5728549  0.10266633]
 [0.05150619 0.6121923  0.33630157]
 [0.5426641  0.02904467 0.4282912 ]]
probabilities: [[0.20605192 0.4125049  0.38144317]
 [0.24651735 0.184659   0.56882364]
 [0.36868033 0.34238645 0.28893322]
 [0.7464943  0.03538951 0.21811618]
 [0.33379212 0.57488453 0.09132333]]
probabilities: [[0.28256592 0.5011921  0.21624199]
 [0.15364511 0.59446687 0.25188804]
 [0.22996102 0.26284856 0.5071904 ]
 [0.17449535 0.5619703  0.26353437]
 [0.62971646 0.35248208 0.01780144]]
probabilities: [[0. 0. 1.]
 [0. 1. 0.]
 [0. 0. 1.]
 [0. 0. 1.]
 [0. 0. 1.]]
probabilities: [[0.3740722  0.08311857 0.54280925]
 [0.05598089 0.5472876  0.39673153]
 [0.45741507 0.12100401 0.4215809 ]
 [0.7879821  0.0057196  0.20629832]
 [0.5868657  0.0473226  0.36581168]]
probabilities: [[0.48067775 0.00634994 0.5129723 ]
 [0.33533987 0.57282877 0.09183136]
 [0.5446712  0.4392062  0.01612259]
 [0.57709867 0.39220798 0.03069332]
 [0.53134215 0.10707747 0.36158037]]
probabilities: [[0.59848094 0.19075681 0.21076225]
 [0.1443909  0.65849113 0.19711795]
 [0.12499207 0.3136049  0.56140304]
 [0.20715868 0.56149274 0.23134859]
 [0.15193203 0.2044229  0.64364505]]
probabilities: [[0.05602097 0.30643088 0.63754815]
 [0.13236032 0.5773371  0.29030257]
 [0.23568286 0.45350724 0.31080988]
 [0.37962803 0.04653487 0.5738371 ]
 [0.11934932 0.4582976  0.42235306]]
probabilities: [[0.34634703 0.10259961 0.55105335]
 [0.1815917  0.06538212 0.7530262 ]
 [0.09129399 0.6410599  0.26764613]
 [0.29232696 0.5473333  0.16033973]
 [0.01390869 0.9162568  0.06983455]]
probabilities: [[0. 0. 1.]
 [0. 1. 0.]
 [0. 1. 0.]
 [0. 0. 1.]
 [0. 0. 1.]]
probabilities: [[0.73906165 0.00638509 0.25455323]
 [0.79904187 0.14460735 0.05635076]
 [0.20854735 0.6736535  0.11779915]
 [0.1593208  0.2083771  0.6323021 ]
 [0.08847225 0.8607994  0.0507284 ]]
probabilities: [[0.09232599 0.24727106 0.66040295]
 [0.3163532  0.31735206 0.3662947 ]
 [0.08712415 0.737656   0.17521986]
 [0.15569085 0.31909257 0.5252166 ]
 [0.53396904 0.11926762 0.34676334]]
probabilities: [[0.45689854 0.4955864  0.04751507]
 [0.4845515  0.19561307 0.31983542]
 [0.7290139  0.09299154 0.17799452]
 [0.14278239 0.04409751 0.81312007]
 [0.4893205  0.39128348 0.11939604]]
probabilities: [[0.88394505 0.06255292 0.05350202]
 [0.54510814 0.21522371 0.23966818]
 [0.3278243  0.08446834 0.58770734]
 [0.6975932  0.00695643 0.29545036]
 [0.25422603 0.2542115  0.49156246]]
probabilities: [[0.34811488 0.41229615 0.23958896]
 [0.24849313 0.4653841  0.28612277]
 [0.29825902 0.38866648 0.31307447]
 [0.4470544  0.11105824 0.44188738]
 [0.51951265 0.45407715 0.02641018]]
probabilities: [[0. 0. 1.]
 [0. 1. 0.]
 [0. 1. 0.]
 [0. 0. 1.]
 [0. 0. 1.]]
probabilities: [[0.08448923 0.90571415 0.00979659]
 [0.03222404 0.09731236 0.8704636 ]
 [0.13927333 0.8238546  0.03687206]
 [0.31332472 0.23718217 0.4494931 ]
 [0.5222957  0.35279402 0.12491026]]
probabilities: [[0.12293906 0.5344041  0.34265685]
 [0.18479918 0.55351686 0.26168394]
 [0.22316645 0.6958213  0.08101224]
 [0.51045793 0.4732148  0.01632723]
 [0.07098895 0.590008   0.33900306]]
probabilities: [[0.2852828  0.41663232 0.29808488]
 [0.7366243  0.25079405 0.01258168]
 [0.33952028 0.64173824 0.01874147]
 [0.7293895  0.1153874  0.1552231 ]
 [0.33694738 0.16264248 0.50041014]]
probabilities: [[0.5566989  0.32942277 0.11387832]
 [0.92973226 0.00443173 0.06583599]
 [0.19627824 0.30370322 0.50001854]
 [0.15237555 0.5033791  0.3442453 ]
 [0.49865854 0.2487392  0.25260225]]
probabilities: [[0.5196133  0.45507103 0.02531564]
 [0.03193139 0.59671706 0.37135154]
 [0.28900376 0.38902375 0.3219725 ]
 [0.02965138 0.7749009  0.1954477 ]
 [0.27048638 0.30143398 0.42807966]]
probabilities: [[1. 0. 0.]
 [1. 0. 0.]
 [1. 0. 0.]
 [1. 0. 0.]
 [1. 0. 0.]]
probabilities: [[0.21637776 0.6377256  0.14589664]
 [0.73285395 0.00315176 0.26399428]
 [0.6630107  0.11926958 0.21771972]
 [0.56466806 0.28873    0.14660193]
 [0.4527072  0.26018724 0.28710556]]
probabilities: [[0.42139912 0.5615154  0.01708548]
 [0.09651677 0.80612975 0.09735347]
 [0.5229729  0.319999   0.15702811]
 [0.7141025  0.24636304 0.03953448]
 [0.36921036 0.50082606 0.12996355]]
probabilities: [[0.78241557 0.14597374 0.07161072]
 [0.29950836 0.5232079  0.17728372]
 [0.53893495 0.38971576 0.07134929]
 [0.30377808 0.64866817 0.04755373]
 [0.353193   0.21481206 0.43199492]]
probabilities: [[0.251819   0.3910286  0.35715237]
 [0.4556681  0.5415136  0.00281829]
 [0.30908838 0.01284554 0.6780661 ]
 [0.18535344 0.12758031 0.68706626]
 [0.83777404 0.08607344 0.0761525 ]]
probabilities: [[0.3807379  0.42103904 0.19822305]
 [0.02268135 0.47767264 0.499646  ]
 [0.69067276 0.14094785 0.16837941]
 [0.11273245 0.7521731  0.13509443]
 [0.03638567 0.8053571  0.15825725]]
probabilities: [[0. 0. 1.]
 [0. 1. 0.]
 [0. 0. 1.]
 [0. 0. 1.]
 [0. 0. 1.]]
probabilities: [[0.01827169 0.35904908 0.62267923]
 [0.06227062 0.11751758 0.82021177]
 [0.23653929 0.4526477  0.310813  ]
 [0.11783033 0.8174069  0.06476276]
 [0.06400515 0.56484705 0.37114778]]
probabilities: [[0.09648136 0.44090828 0.46261033]
 [0.6153756  0.0528997  0.33172473]
 [0.7357371  0.23877476 0.02548818]
 [0.0358901  0.20949589 0.754614  ]
 [0.7664687  0.14035852 0.09317276]]
probabilities: [[0.08134439 0.2825736  0.636082  ]
 [0.08590076 0.6684721  0.24562715]
 [0.00373045 0.7194532  0.27681637]
 [0.13420977 0.7552251  0.1105651 ]
 [0.15158938 0.5174251  0.33098552]]
probabilities: [[0.07838317 0.37217978 0.54943705]
 [0.9218681  0.04357694 0.03455494]
 [0.38473853 0.30162543 0.31363603]
 [0.40644488 0.42848074 0.16507438]
 [0.05654687 0.08912093 0.8543322 ]]
probabilities: [[0.42291623 0.21656787 0.3605159 ]
 [0.6559677  0.28344542 0.06058688]
 [0.49255794 0.04177242 0.46566963]
 [0.56650406 0.10543551 0.32806045]
 [0.13958229 0.52507865 0.33533904]]
probabilities: [[0. 1. 0.]
 [0. 1. 0.]
 [0. 1. 0.]
 [0. 1. 0.]
 [0. 1. 0.]]
probabilities: [[0.7234799  0.1426264  0.13389368]
 [0.14538269 0.51277727 0.34184003]
 [0.25883612 0.41379842 0.32736546]
 [0.41922155 0.28134322 0.2994352 ]
 [0.12951936 0.59439677 0.27608386]]
probabilities: [[0.41764447 0.53180796 0.05054757]
 [0.25330323 0.24130696 0.5053898 ]
 [0.00995573 0.44093296 0.5491113 ]
 [0.11829363 0.29830286 0.5834035 ]
 [0.17347005 0.56365484 0.2628751 ]]
probabilities: [[0.39143935 0.15241718 0.45614347]
 [0.61781055 0.27047372 0.11171573]
 [0.53215235 0.24953784 0.21830983]
 [0.44990975 0.37906528 0.171025  ]
 [0.20929135 0.20116186 0.5895468 ]]
probabilities: [[0.03104552 0.9268947  0.04205973]
 [0.78969675 0.03136965 0.17893359]
 [0.35062167 0.28317937 0.36619896]
 [0.24918509 0.41802478 0.33279014]
 [0.07423197 0.86466265 0.06110541]]
probabilities: [[0.08599139 0.22675978 0.6872488 ]
 [0.14276391 0.15284613 0.7043899 ]
 [0.03343574 0.3185942  0.6479701 ]
 [0.2263038  0.74436134 0.02933487]
 [0.24414097 0.12346445 0.63239455]]
probabilities: [[0. 1. 0.]
 [0. 1. 0.]
 [0. 1. 0.]
 [0. 1. 0.]
 [0. 1. 0.]]
probabilities: [[0.5636325  0.43306053 0.00330699]
 [0.43092784 0.23427951 0.33479264]
 [0.50471157 0.22965385 0.2656346 ]
 [0.68897176 0.24959293 0.06143532]
 [0.38170457 0.23750769 0.38078773]]
probabilities: [[0.113001   0.49631396 0.39068505]
 [0.6146915  0.20203921 0.18326928]
 [0.256995   0.63742936 0.10557567]
 [0.05644682 0.8651329  0.07842026]
 [0.13072671 0.62768006 0.24159324]]
probabilities: [[0.20894536 0.15405114 0.6370035 ]
 [0.33035317 0.47688058 0.19276626]
 [0.94672996 0.0115422  0.04172785]
 [0.26417542 0.22979523 0.50602937]
 [0.32340732 0.0768082  0.5997845 ]]
probabilities: [[0.21783952 0.20145896 0.58070153]
 [0.3791287  0.5470257  0.07384564]
 [0.3603367  0.06914847 0.57051486]
 [0.20754583 0.6989835  0.09347066]
 [0.05061596 0.08010743 0.8692766 ]]
probabilities: [[0.10780594 0.7498638  0.14233029]
 [0.16490982 0.10272605 0.7323641 ]
 [0.06243033 0.4628537  0.47471598]
 [0.6149536  0.34688443 0.038162  ]
 [0.8330704  0.05326905 0.11366052]]
probabilities: [[1. 0. 0.]
 [1. 0. 0.]
 [1. 0. 0.]
 [1. 0. 0.]
 [1. 0. 0.]]
probabilities: [[0.70670223 0.18532428 0.10797352]
 [0.15053563 0.31501928 0.5344451 ]
 [0.03346159 0.8903396  0.07619879]
 [0.6153225  0.08143981 0.30323774]
 [0.26909843 0.03356057 0.69734097]]
probabilities: [[0.649386   0.01585606 0.33475792]
 [0.0729489  0.572497   0.35455412]
 [0.09661976 0.13380097 0.7695793 ]
 [0.13781714 0.47007847 0.3921044 ]
 [0.26863918 0.56750554 0.16385528]]
probabilities: [[4.6670502e-01 4.9333802e-01 3.9956950e-02]
 [5.5858113e-02 5.4773135e-04 9.4359416e-01]
 [4.1815943e-01 5.4894131e-01 3.2899231e-02]
 [6.2503618e-01 2.4964902e-01 1.2531482e-01]
 [1.5978983e-01 7.3923808e-01 1.0097207e-01]]
probabilities: [[0.1166973  0.5061152  0.37718752]
 [0.11941532 0.5335838  0.34700084]
 [0.3911824  0.3328349  0.2759827 ]
 [0.27416754 0.24406883 0.48176363]
 [0.10436785 0.11827084 0.7773613 ]]
probabilities: [[0.15462923 0.69879496 0.14657578]
 [0.0817953  0.20019765 0.718007  ]
 [0.05118346 0.8209297  0.12788685]
 [0.50155145 0.13995464 0.3584939 ]
 [0.09176815 0.06231729 0.84591454]]
probabilities: [[1. 0. 0.]
 [1. 0. 0.]
 [1. 0. 0.]
 [1. 0. 0.]
 [1. 0. 0.]]
probabilities: [[0.3903847  0.07269636 0.53691894]
 [0.11849826 0.44906935 0.43243238]
 [0.28126362 0.6722509  0.04648545]
 [0.1178069  0.83615214 0.04604096]
 [0.02628794 0.13743618 0.8362759 ]]
probabilities: [[0.32847658 0.08613487 0.58538854]
 [0.61310124 0.30340627 0.08349249]
 [0.06720009 0.6834569  0.24934304]
 [0.70020777 0.07187504 0.22791716]
 [0.5997441  0.3174755  0.08278045]]
probabilities: [[0.59547275 0.37278768 0.03173957]
 [0.12396767 0.49473318 0.38129914]
 [0.60087746 0.31199116 0.08713134]
 [0.5282542  0.17475879 0.29698703]
 [0.18679331 0.00951081 0.80369586]]
probabilities: [[0.32059523 0.3284769  0.35092786]
 [0.86805576 0.09288207 0.03906216]
 [0.01998273 0.88932896 0.09068833]
 [0.2367437  0.26491004 0.49834627]
 [0.11229768 0.22421235 0.66348994]]
probabilities: [[0.47150186 0.28277263 0.2457255 ]
 [0.87822133 0.07430138 0.04747728]
 [0.44816893 0.00423186 0.5475992 ]
 [0.0431717  0.78482544 0.17200284]
 [0.7996181  0.06731617 0.13306572]]
probabilities: [[1. 0. 0.]
 [1. 0. 0.]
 [1. 0. 0.]
 [1. 0. 0.]
 [1. 0. 0.]]
probabilities: [[0.20080222 0.37875515 0.42044264]
 [0.08950267 0.8274112  0.08308615]
 [0.44625035 0.01906987 0.5346798 ]
 [0.59671825 0.00399927 0.39928246]
 [0.09767281 0.41054538 0.49178183]]
probabilities: [[0.45734042 0.3471728  0.19548678]
 [0.48617116 0.37701467 0.13681419]
 [0.22515506 0.14427166 0.6305733 ]
 [0.48813152 0.48100376 0.03086472]
 [0.18038426 0.09537956 0.7242362 ]]
probabilities: [[0.3016832  0.03926475 0.6590521 ]
 [0.15081654 0.70563406 0.14354938]
 [0.21620645 0.34853238 0.43526116]
 [0.0131051  0.9628818  0.02401309]
 [0.08036158 0.69753456 0.22210386]]
probabilities: [[0.15881048 0.57425416 0.26693535]
 [0.55943143 0.34170502 0.09886354]
 [0.20875956 0.48657256 0.30466786]
 [0.84901273 0.01239858 0.13858871]
 [0.58027524 0.3361768  0.08354794]]
probabilities: [[0.2749977  0.62655807 0.09844421]
 [0.18824293 0.09035608 0.721401  ]
 [0.18755372 0.16066079 0.6517855 ]
 [0.80621994 0.14670813 0.0470719 ]
 [0.5609124  0.3862253  0.05286233]]
probabilities: [[0. 0. 1.]
 [0. 1. 0.]
 [0. 1. 0.]
 [0. 0. 1.]
 [0. 0. 1.]]
probabilities: [[0.030003   0.6535569  0.31644014]
 [0.28599665 0.30522346 0.40877992]
 [0.07036337 0.8451745  0.08446212]
 [0.35119453 0.50600106 0.14280441]
 [0.33936474 0.01429357 0.6463417 ]]
probabilities: [[0.2216381  0.5093793  0.26898262]
 [0.12151299 0.0565523  0.8219347 ]
 [0.44674346 0.00110197 0.5521546 ]
 [0.31016666 0.6528291  0.03700426]
 [0.59409034 0.03417802 0.37173164]]
probabilities: [[0.78126866 0.18602021 0.03271115]
 [0.47036865 0.42534196 0.10428939]
 [0.718602   0.21527217 0.06612581]
 [0.30624974 0.38251877 0.3112315 ]
 [0.37750474 0.44619504 0.17630023]]
probabilities: [[0.512373   0.22043079 0.26719627]
 [0.03147364 0.93196785 0.03655852]
 [0.1135741  0.29367626 0.59274966]
 [0.20745115 0.10604968 0.6864992 ]
 [0.09308532 0.66703254 0.23988213]]
probabilities: [[0.5583277  0.3479159  0.09375647]
 [0.20770486 0.39781293 0.39448223]
 [0.5237525  0.0729255  0.40332198]
 [0.5734825  0.24477643 0.18174104]
 [0.57720155 0.06950683 0.35329166]]
probabilities: [[0. 0. 1.]
 [0. 1. 0.]
 [0. 0. 1.]
 [0. 0. 1.]
 [0. 0. 1.]]
probabilities: [[0.41891253 0.22458558 0.3565019 ]
 [0.40827465 0.30860952 0.28311583]
 [0.02982995 0.11744494 0.8527251 ]
 [0.73151886 0.03254397 0.23593718]
 [0.30478176 0.60065436 0.09456388]]
probabilities: [[0.0425164  0.15158212 0.80590147]
 [0.12064374 0.12272702 0.7566292 ]
 [0.67387676 0.14017533 0.1859479 ]
 [0.57872593 0.39738163 0.02389243]
 [0.01633677 0.7764441  0.20721917]]
probabilities: [[0.14133671 0.06242105 0.79624224]
 [0.22557601 0.21211426 0.56230974]
 [0.4782373  0.20467158 0.3170911 ]
 [0.24134871 0.7446082  0.01404304]
 [0.29217544 0.2055047  0.5023199 ]]
probabilities: [[0.7997259  0.03909308 0.16118105]
 [0.659297   0.02247821 0.3182248 ]
 [0.2373722  0.682035   0.08059278]
 [0.3121704  0.34990093 0.33792868]
 [0.7127685  0.22720437 0.06002715]]
probabilities: [[0.11398795 0.17184646 0.71416557]
 [0.21813937 0.3490778  0.43278286]
 [0.7424276  0.02117613 0.23639625]
 [0.49223182 0.12336297 0.38440523]
 [0.16227573 0.46860683 0.36911744]]
probabilities: [[0. 0. 1.]
 [0. 1. 0.]
 [0. 0. 1.]
 [0. 0. 1.]
 [0. 0. 1.]]
probabilities: [[0.5097147  0.05832789 0.4319574 ]
 [0.31420037 0.4470504  0.23874922]
 [0.55989367 0.37020805 0.0698983 ]
 [0.0152702  0.7285381  0.25619167]
 [0.52303904 0.2557546  0.22120637]]
probabilities: [[0.06403649 0.21822861 0.7177349 ]
 [0.6771083  0.27667028 0.04622146]
 [0.01626772 0.9441129  0.03961939]
 [0.3024179  0.5813266  0.11625552]
 [0.37838003 0.56762725 0.05399272]]
probabilities: [[0.49772778 0.25859112 0.24368109]
 [0.2434524  0.12972976 0.6268178 ]
 [0.05547533 0.37403607 0.5704886 ]
 [0.20107992 0.6627476  0.13617249]
 [0.66996354 0.06447241 0.26556402]]
probabilities: [[0.03210291 0.33232656 0.6355705 ]
 [0.08941043 0.7351984  0.17539117]
 [0.38824436 0.04386357 0.5678921 ]
 [0.6019953  0.22460546 0.17339927]
 [0.21065691 0.03024443 0.75909865]]
probabilities: [[0.10564041 0.49951044 0.39484915]
 [0.20946099 0.28619024 0.5043488 ]
 [0.03474183 0.8890838  0.07617438]
 [0.2443227  0.5480766  0.20760067]
 [0.60586977 0.20470615 0.18942411]]
probabilities: [[1. 0. 0.]
 [1. 0. 0.]
 [1. 0. 0.]
 [1. 0. 0.]
 [1. 0. 0.]]
probabilities: [[0.34900644 0.5884683  0.06252526]
 [0.47125375 0.03214335 0.4966029 ]
 [0.07214284 0.79386866 0.13398848]
 [0.891244   0.04213157 0.06662443]
 [0.3031349  0.23527302 0.46159208]]
probabilities: [[0.69119585 0.00795159 0.30085257]
 [0.04887525 0.54195255 0.40917218]
 [0.51561904 0.10565537 0.37872556]
 [0.28932357 0.05382921 0.65684724]
 [0.06714134 0.2670287  0.66582996]]
probabilities: [[0.10342479 0.2564664  0.6401088 ]
 [0.14778367 0.7253496  0.12686674]
 [0.46917537 0.08880025 0.44202438]
 [0.4328584  0.12785222 0.4392894 ]
 [0.02380246 0.14254059 0.83365697]]
probabilities: [[0.06290277 0.5785838  0.35851344]
 [0.14916897 0.54457295 0.30625808]
 [0.21085417 0.36442548 0.42472035]
