probabilities: [[0. 0. 1.]
 [0. 1. 0.]
 [0. 0. 1.]
 [0. 0. 1.]
 [0. 0. 1.]]
probabilities: [[0.15467975 0.6354143  0.20990592]
 [0.37232095 0.49977502 0.12790401]
 [0.45138302 0.23520972 0.31340724]
 [0.06859983 0.24576898 0.6856312 ]
 [0.7737463  0.09388526 0.13236843]]
probabilities: [[0.29099807 0.07961724 0.6293847 ]
 [0.84734535 0.12390374 0.02875092]
 [0.4300504  0.14374761 0.42620197]
 [0.32216206 0.18273456 0.49510336]
 [0.14298733 0.501591   0.35542163]]
probabilities: [[0.4613856  0.06523344 0.47338095]
 [0.44434536 0.37760562 0.17804904]
 [0.40377006 0.5519656  0.04426436]
 [0.03740029 0.7613293  0.2012704 ]
 [0.40829557 0.33374003 0.2579644 ]]
probabilities: [[0.5974663  0.34371206 0.05882165]
 [0.08995499 0.38961348 0.5204315 ]
 [0.31113958 0.39546883 0.2933916 ]
 [0.6886037  0.14968547 0.16171081]
 [0.31794515 0.0371313  0.64492357]]
probabilities: [[0.5673053  0.24950753 0.18318714]
 [0.12938659 0.59165967 0.27895373]
 [0.14106424 0.01299178 0.845944  ]
 [0.11243002 0.64280933 0.24476062]
 [0.85066295 0.04142331 0.10791371]]
probabilities: [[0. 0. 1.]
 [0. 1. 0.]
 [0. 0. 1.]
 [0. 0. 1.]
 [0. 0. 1.]]
probabilities: [[0.26593536 0.58074313 0.15332149]
 [0.05769215 0.21821016 0.72409767]
 [0.21452565 0.6825166  0.10295774]
 [0.21552855 0.39274275 0.3917287 ]
 [0.1644501  0.50175333 0.3337966 ]]
probabilities: [[4.5859256e-01 6.7410298e-04 5.4073334e-01]
 [2.7916366e-01 9.2493929e-02 6.2834239e-01]
 [7.9060026e-02 9.0708166e-01 1.3858290e-02]
 [4.8209509e-01 2.4418990e-01 2.7371502e-01]
 [3.3591190e-01 5.0425094e-01 1.5983714e-01]]
probabilities: [[0.02785165 0.8193513  0.15279701]
 [0.16837935 0.6901275  0.14149314]
 [0.04772158 0.11470708 0.8375713 ]
 [0.4518858  0.19279496 0.35531926]
 [0.34985048 0.15268545 0.49746406]]
probabilities: [[0.4722545  0.350754   0.17699152]
 [0.46143818 0.2598033  0.27875853]
 [0.08211693 0.12725772 0.79062533]
 [0.84386843 0.10763049 0.04850107]
 [0.5400349  0.06524008 0.39472505]]
probabilities: [[0.8277034  0.05626858 0.11602799]
 [0.23725018 0.7598427  0.00290712]
 [0.43505847 0.16657051 0.398371  ]
 [0.04849963 0.13853034 0.81297004]
 [0.23294413 0.04945197 0.7176039 ]]
probabilities: [[1. 0. 0.]
 [1. 0. 0.]
 [1. 0. 0.]
 [1. 0. 0.]
 [1. 0. 0.]]
probabilities: [[0.14083627 0.7486899  0.11047385]
 [0.39311013 0.3542307  0.25265914]
 [0.27072805 0.11272602 0.6165459 ]
 [0.42316756 0.07289883 0.5039336 ]
 [0.15455903 0.4600982  0.38534275]]
probabilities: [[0.10712869 0.48216623 0.4107051 ]
 [0.14363639 0.16016905 0.6961946 ]
 [0.02871872 0.3037885  0.66749275]
 [0.11730863 0.45931432 0.42337707]
 [0.91693455 0.0401522  0.04291324]]
probabilities: [[0.20933677 0.5888281  0.20183517]
 [0.50972503 0.25673828 0.23353668]
 [0.54648554 0.19470325 0.2588112 ]
 [0.5747394  0.01410967 0.4111509 ]
 [0.4386389  0.32286724 0.23849387]]
probabilities: [[0.04232999 0.8005824  0.1570876 ]
 [0.06574538 0.7305149  0.20373972]
 [0.3301959  0.089628   0.5801761 ]
 [0.03173758 0.18389247 0.78436995]
 [0.15541059 0.00421122 0.84037817]]
probabilities: [[0.07929426 0.3486807  0.57202506]
 [0.01462917 0.1120835  0.8732873 ]
 [0.52351034 0.40961346 0.06687617]
 [0.04251429 0.8740487  0.08343701]
 [0.30196673 0.5753916  0.1226417 ]]
probabilities: [[1. 0. 0.]
 [1. 0. 0.]
 [1. 0. 0.]
 [1. 0. 0.]
 [1. 0. 0.]]
probabilities: [[0.2909117  0.5238415  0.18524681]
 [0.4620567  0.18401337 0.3539299 ]
 [0.38047805 0.2858143  0.33370766]
 [0.37265903 0.21163838 0.41570258]
 [0.28410465 0.4454461  0.27044925]]
probabilities: [[0.09542802 0.13133547 0.7732365 ]
 [0.5970994  0.1224332  0.28046736]
 [0.35845375 0.37520704 0.26633924]
 [0.02807704 0.96761596 0.00430703]
 [0.51720893 0.4103792  0.07241184]]
probabilities: [[0.7148758  0.00607586 0.2790483 ]
 [0.6382985  0.33000702 0.03169447]
 [0.1274207  0.30788168 0.5646976 ]
 [0.461531   0.45884684 0.07962216]
 [0.5207606  0.2003818  0.27885762]]
probabilities: [[0.28930908 0.35445473 0.3562362 ]
 [0.12901948 0.4167509  0.4542296 ]
 [0.32817566 0.3073692  0.36445513]
 [0.11556715 0.58808243 0.2963504 ]
 [0.03409877 0.03655638 0.92934483]]
probabilities: [[0.59990823 0.12142119 0.27867055]
 [0.80443686 0.09445976 0.10110337]
 [0.07816327 0.8114365  0.11040027]
 [0.34902728 0.05422921 0.5967435 ]
 [0.29372463 0.35016283 0.35611254]]
probabilities: [[0. 0. 1.]
 [0. 1. 0.]
 [0. 1. 0.]
 [0. 0. 1.]
 [0. 0. 1.]]
probabilities: [[0.12908822 0.44015872 0.43075302]
 [0.01109993 0.4777877  0.51111233]
 [0.7007902  0.22063543 0.07857437]
 [0.01567157 0.6989487  0.28537974]
 [0.3549462  0.6168638  0.02819002]]
probabilities: [[0.40360186 0.01378263 0.58261555]
 [0.45058367 0.48948678 0.05992954]
 [0.53652084 0.35571742 0.10776172]
 [0.16721457 0.54655355 0.28623188]
 [0.18873286 0.564961   0.2463061 ]]
probabilities: [[0.6176286  0.20734663 0.17502481]
 [0.00605129 0.39728117 0.5966676 ]
 [0.748589   0.14919685 0.10221417]
 [0.42291984 0.03675888 0.5403213 ]
 [0.35405973 0.49426544 0.15167485]]
probabilities: [[0.44332412 0.45535445 0.10132143]
 [0.69373316 0.24772105 0.05854578]
 [0.20558912 0.25090194 0.54350895]
 [0.09690168 0.6653928  0.23770553]
 [0.57438    0.12018036 0.30543968]]
probabilities: [[0.44524318 0.43751374 0.11724309]
 [0.30029035 0.17075872 0.5289509 ]
 [0.13222705 0.57270193 0.295071  ]
 [0.58936614 0.17284761 0.23778628]
 [0.3504158  0.5048734  0.14471081]]
probabilities: [[1. 0. 0.]
 [1. 0. 0.]
 [1. 0. 0.]
 [1. 0. 0.]
 [1. 0. 0.]]
probabilities: [[0.5286084  0.16354889 0.30784273]
 [0.6339043  0.0553999  0.31069583]
 [0.2576968  0.5588296  0.18347362]
 [0.29223353 0.15623347 0.551533  ]
 [0.4241392  0.4877816  0.08807919]]
probabilities: [[0.06902941 0.6015696  0.329401  ]
 [0.3264023  0.54877806 0.12481968]
 [0.404833   0.24662118 0.34854585]
 [0.22747584 0.723496   0.04902812]
 [0.47566506 0.2310758  0.29325914]]
probabilities: [[0.11819045 0.12704337 0.75476617]
 [0.4307246  0.5149519  0.05432354]
 [0.06613696 0.890813   0.04305002]
 [0.28835258 0.6912283  0.02041917]
 [0.19906908 0.29132846 0.5096024 ]]
probabilities: [[0.09384967 0.17120278 0.73494756]
 [0.05250189 0.64668757 0.30081055]
 [0.3974493  0.12766235 0.47488835]
 [0.01450006 0.8130222  0.17247775]
 [0.11609511 0.77923596 0.10466895]]
probabilities: [[0.03613149 0.8830858  0.08078273]
 [0.6711896  0.16679487 0.16201554]
 [0.10712954 0.71443033 0.17844015]
 [0.04058018 0.61735904 0.3420608 ]
 [0.09551081 0.34997088 0.55451834]]
probabilities: [[0. 0. 1.]
 [0. 1. 0.]
 [0. 0. 1.]
 [0. 0. 1.]
 [0. 0. 1.]]
probabilities: [[0.44850782 0.54139084 0.01010137]
 [0.06323147 0.27572182 0.66104674]
 [0.4378586  0.16271694 0.39942446]
 [0.6186179  0.17003895 0.21134315]
 [0.5761918  0.24360824 0.18019997]]
probabilities: [[0.75199425 0.03450339 0.21350238]
 [0.04677701 0.7789401  0.1742829 ]
 [0.09353694 0.267206   0.639257  ]
 [0.38828355 0.43394276 0.1777737 ]
 [0.46443453 0.18732612 0.34823936]]
probabilities: [[0.22683589 0.2594381  0.513726  ]
 [0.22904105 0.68527406 0.08568487]
 [0.27340183 0.33629692 0.39030126]
 [0.4059821  0.18688281 0.40713507]
 [0.16486335 0.23535621 0.59978044]]
probabilities: [[0.77432454 0.05412674 0.17154874]
 [0.6170507  0.02525789 0.3576914 ]
 [0.34324387 0.02055837 0.63619775]
 [0.2547388  0.02740531 0.7178559 ]
 [0.12351012 0.2662382  0.61025167]]
probabilities: [[0.28350332 0.45367604 0.26282063]
 [0.16479385 0.09261709 0.74258906]
 [0.16529417 0.758342   0.07636381]
 [0.7984014  0.04928552 0.15231305]
 [0.26337248 0.07378398 0.6628435 ]]
probabilities: [[0. 0. 1.]
 [0. 1. 0.]
 [0. 1. 0.]
 [0. 0. 1.]
 [0. 0. 1.]]
probabilities: [[0.71550363 0.23969352 0.04480284]
 [0.02892208 0.25254947 0.71852845]
 [0.36610892 0.33378887 0.30010217]
 [0.8404874  0.04483902 0.11467354]
 [0.19389059 0.31067684 0.49543256]]
probabilities: [[0.5391271  0.37197256 0.08890031]
 [0.556213   0.27766225 0.16612472]
 [0.08575445 0.49001288 0.4242327 ]
 [0.3757299  0.22940455 0.39486554]
 [0.24474472 0.67370766 0.08154763]]
probabilities: [[0.07818548 0.11557001 0.8062445 ]
 [0.42140967 0.49249363 0.0860967 ]
 [0.72635084 0.10533497 0.16831417]
 [0.30175915 0.09460276 0.60363805]
 [0.864896   0.07398754 0.06111647]]
probabilities: [[0.11500364 0.6304348  0.25456154]
 [0.22829057 0.09780113 0.6739083 ]
 [0.38269758 0.57252306 0.04477938]
 [0.5366961  0.1504892  0.3128147 ]
 [0.104495   0.75752914 0.13797584]]
probabilities: [[0.08157532 0.21671607 0.7017086 ]
 [0.07442147 0.21888179 0.70669675]
 [0.4797929  0.4463094  0.07389773]
 [0.1461822  0.74384236 0.10997543]
 [0.7054957  0.09643443 0.19806984]]
probabilities: [[0. 0. 1.]
 [0. 1. 0.]
 [0. 0. 1.]
 [0. 0. 1.]
 [0. 0. 1.]]
probabilities: [[0.49321276 0.48718107 0.01960617]
 [0.16215116 0.6617438  0.17610504]
 [0.8037973  0.12884474 0.06735796]
 [0.21505651 0.24858896 0.53635454]
 [0.2807328  0.15665887 0.56260836]]
probabilities: [[0.6846346  0.19278689 0.12257848]
 [0.02276957 0.5749483  0.40228212]
 [0.3911719  0.03513169 0.5736964 ]
 [0.7117533  0.03371966 0.25452703]
 [0.08035538 0.44348046 0.47616416]]
probabilities: [[0.26087824 0.43105805 0.3080637 ]
 [0.4730408  0.5127052  0.01425404]
 [0.4338201  0.5406318  0.02554813]
 [0.03979386 0.813721   0.14648516]
 [0.2605517  0.6862065  0.0532418 ]]
probabilities: [[0.51419073 0.12610833 0.35970092]
 [0.23004957 0.13290554 0.6370449 ]
 [0.20668471 0.155664   0.6376513 ]
 [0.5982943  0.37602043 0.02568522]
 [0.18842782 0.439145   0.3724272 ]]
probabilities: [[0.6793363  0.02802837 0.29263535]
 [0.20066562 0.21523969 0.5840947 ]
 [0.12800497 0.2120974  0.6598976 ]
 [0.5327746  0.15275595 0.31446946]
 [0.38890308 0.29364556 0.31745136]]
probabilities: [[1. 0. 0.]
 [1. 0. 0.]
 [1. 0. 0.]
 [1. 0. 0.]
 [1. 0. 0.]]
probabilities: [[0.08459242 0.27193838 0.6434692 ]
 [0.06848248 0.26946303 0.6620545 ]
 [0.29530904 0.20972739 0.49496356]
 [0.11795024 0.81942    0.06262977]
 [0.09150112 0.8900719  0.01842697]]
probabilities: [[0.8388172  0.02918429 0.13199851]
 [0.44941002 0.30040193 0.25018805]
 [0.44792712 0.54360944 0.00846344]
 [0.9048631  0.03705754 0.05807934]
 [0.06212269 0.86771196 0.07016532]]
probabilities: [[0.6333496  0.18640408 0.18024632]
 [0.23913069 0.7007019  0.06016744]
 [0.6280003  0.32757035 0.04442932]
 [0.03265086 0.01385628 0.9534929 ]
 [0.2594999  0.0976887  0.6428114 ]]
probabilities: [[0.5410328  0.33278638 0.12618084]
 [0.26706517 0.4705668  0.262368  ]
 [0.35432222 0.5719328  0.073745  ]
 [0.06718357 0.21047522 0.7223412 ]
 [0.43234408 0.36529118 0.20236474]]
probabilities: [[0.10097994 0.15531749 0.7437026 ]
 [0.02028598 0.03273638 0.9469776 ]
 [0.55937064 0.20375653 0.23687287]
 [0.45116642 0.2562844  0.2925492 ]
 [0.43403766 0.23153698 0.33442536]]
probabilities: [[0. 1. 0.]
 [0. 1. 0.]
 [0. 1. 0.]
 [0. 1. 0.]
 [0. 1. 0.]]
probabilities: [[0.14461    0.76914936 0.08624065]
 [0.1833555  0.32278243 0.49386206]
 [0.09205317 0.5574767  0.35047016]
 [0.63120496 0.00380703 0.364988  ]
 [0.09339134 0.09078931 0.8158194 ]]
probabilities: [[0.5418329  0.06599112 0.39217594]
 [0.8173905  0.06646743 0.11614206]
 [0.23010571 0.4237012  0.3461931 ]
 [0.22810921 0.42217004 0.34972075]
 [0.73947805 0.02595441 0.23456755]]
probabilities: [[0.0431082  0.8290964  0.12779544]
 [0.60463727 0.31877849 0.07658427]
 [0.34874347 0.1369834  0.5142731 ]
 [0.22022876 0.2532451  0.52652615]
 [0.70566326 0.18787675 0.10645997]]
probabilities: [[0.18425106 0.7174663  0.09828266]
 [0.23739576 0.5173312  0.24527305]
 [0.2183337  0.515061   0.2666053 ]
 [0.5004715  0.39333394 0.10619461]
 [0.40066886 0.5945491  0.00478203]]
probabilities: [[0.04042378 0.21254322 0.747033  ]
 [0.38794026 0.03152938 0.58053035]
 [0.02678863 0.7722768  0.20093454]
 [0.5369879  0.09732512 0.36568695]
 [0.29770842 0.20472176 0.49756983]]
probabilities: [[0. 0. 1.]
 [0. 1. 0.]
 [0. 1. 0.]
 [0. 0. 1.]
 [0. 0. 1.]]
probabilities: [[0.35968724 0.30930948 0.33100328]
 [0.38215357 0.3006201  0.31722632]
 [0.29254243 0.18032727 0.5271303 ]
 [0.06101922 0.6840886  0.25489223]
 [0.69269603 0.08455499 0.22274897]]
probabilities: [[0.27513498 0.25799772 0.4668673 ]
 [0.03024384 0.35182217 0.617934  ]
 [0.88954884 0.00684911 0.10360205]
 [0.41566873 0.1641079  0.42022339]
 [0.04784727 0.20961031 0.7425424 ]]
probabilities: [[0.12648198 0.53922075 0.33429724]
 [0.15915953 0.42424563 0.41659483]
 [0.32745388 0.24591883 0.4266273 ]
 [0.31875592 0.41851738 0.26272666]
 [0.5222323  0.41298738 0.06478032]]
probabilities: [[0.3093172  0.42960298 0.26107982]
 [0.505215   0.01462623 0.48015878]
 [0.21895719 0.407367   0.37367582]
 [0.24219689 0.48266488 0.27513823]
 [0.12228762 0.26220295 0.61550945]]
probabilities: [[0.26855052 0.19241475 0.5390347 ]
 [0.02912861 0.15553036 0.815341  ]
 [0.07027876 0.6413819  0.28833935]
 [0.82375705 0.06933194 0.106911  ]
 [0.5142347  0.15926231 0.32650295]]
probabilities: [[0. 0. 1.]
 [0. 1. 0.]
 [0. 1. 0.]
 [0. 0. 1.]
 [0. 0. 1.]]
probabilities: [[0.2632979  0.44504756 0.2916546 ]
 [0.18945964 0.21651137 0.594029  ]
 [0.07793328 0.15814115 0.76392555]
 [0.6090126  0.18067296 0.21031441]
 [0.10622209 0.42015997 0.47361794]]
probabilities: [[0.2047287  0.3376254  0.4576459 ]
 [0.24719016 0.20829815 0.5445117 ]
 [0.47889712 0.46290314 0.05819975]
 [0.6066399  0.3349656  0.05839448]
 [0.25610447 0.68577963 0.05811592]]
probabilities: [[0.50380653 0.169477   0.32671645]
 [0.65566814 0.10032745 0.2440044 ]
 [0.16816491 0.4998019  0.3320332 ]
 [0.45875922 0.22324555 0.31799525]
 [0.16385074 0.42100164 0.4151476 ]]
probabilities: [[0.56418985 0.3458122  0.08999795]
 [0.38794008 0.54254985 0.06951009]
 [0.3173831  0.08902581 0.5935911 ]
 [0.7356749  0.03800613 0.22631897]
 [0.1677597  0.7109599  0.12128041]]
probabilities: [[0.49807826 0.06536887 0.43655285]
 [0.0335185  0.7638424  0.2026391 ]
 [0.22760594 0.30250818 0.4698859 ]
 [0.3453445  0.43943447 0.215221  ]
 [0.4663999  0.48669663 0.04690348]]
probabilities: [[1. 0. 0.]
 [1. 0. 0.]
 [1. 0. 0.]
 [1. 0. 0.]
 [1. 0. 0.]]
probabilities: [[0.24050285 0.3613983  0.39809883]
 [0.6805842  0.05661368 0.26280212]
 [0.75453234 0.12884489 0.11662275]
 [0.21184824 0.31752872 0.47062305]
 [0.3919696  0.1882181  0.4198123 ]]
probabilities: [[0.03304762 0.8190415  0.14791088]
 [0.28520623 0.16172579 0.553068  ]
 [0.11828531 0.31061333 0.57110137]
 [0.40989354 0.1416653  0.44844115]
 [0.67427695 0.07039061 0.2553324 ]]
probabilities: [[0.37335762 0.02543044 0.60121197]
 [0.14166059 0.8351844  0.02315504]
 [0.11288387 0.81798106 0.06913507]
 [0.32534862 0.12252049 0.5521309 ]
 [0.2326836  0.5689747  0.19834174]]
probabilities: [[0.3393522  0.18970682 0.470941  ]
 [0.5515289  0.3202587  0.12821245]
 [0.7575125  0.12263888 0.11984861]
 [0.2019336  0.76378435 0.03428204]
 [0.17740013 0.1607863  0.66181356]]
probabilities: [[0.01182319 0.75149566 0.23668118]
 [0.5149271  0.05172353 0.4333494 ]
 [0.15218404 0.57050717 0.27730876]
 [0.02733088 0.5532881  0.41938105]
 [0.00087353 0.35895804 0.6401684 ]]
probabilities: [[0. 0. 1.]
 [0. 1. 0.]
 [0. 1. 0.]
 [0. 0. 1.]
 [0. 0. 1.]]
probabilities: [[0.00152907 0.38780543 0.6106655 ]
 [0.09197167 0.01687835 0.89115   ]
 [0.15257809 0.33803222 0.5093897 ]
 [0.19764611 0.73396486 0.06838904]
 [0.72862375 0.11139484 0.15998143]]
probabilities: [[0.31759137 0.25281638 0.42959225]
 [0.17357934 0.39985642 0.42656428]
 [0.03031338 0.5217381  0.4479485 ]
 [0.3510262  0.4668486  0.18212518]
 [0.02636194 0.20464383 0.7689942 ]]
probabilities: [[0.86553484 0.0872759  0.04718927]
 [0.19112484 0.35004184 0.4588333 ]
 [0.07136116 0.4327565  0.49588233]
 [0.254152   0.17645667 0.5693913 ]
 [0.16846484 0.51786256 0.31367257]]
probabilities: [[0.4071107  0.17394897 0.4189403 ]
 [0.0826168  0.3887966  0.52858657]
 [0.00717898 0.7137633  0.27905768]
 [0.38694647 0.01803861 0.5950149 ]
 [0.08999297 0.2151369  0.6948701 ]]
probabilities: [[8.7542576e-01 7.4165285e-02 5.0408982e-02]
 [8.6845778e-02 7.9744399e-01 1.1571024e-01]
 [2.8649455e-02 9.3099421e-01 4.0356312e-02]
 [1.6336682e-01 7.0803739e-02 7.6582944e-01]
 [2.6979682e-01 7.2971016e-01 4.9300905e-04]]
probabilities: [[1. 0. 0.]
 [1. 0. 0.]
 [1. 0. 0.]
 [1. 0. 0.]
 [1. 0. 0.]]
probabilities: [[0.589046   0.04367635 0.36727762]
 [0.48246446 0.02836329 0.48917222]
 [0.35850143 0.4479756  0.19352296]
 [0.31164342 0.26285815 0.42549843]
 [0.6593271  0.07050653 0.2701664 ]]
probabilities: [[0.06020339 0.17755659 0.76224005]
 [0.8376103  0.01781379 0.14457592]
 [0.48293802 0.32466483 0.19239715]
 [0.00534322 0.19746208 0.7971947 ]
 [0.32524619 0.41938007 0.25537375]]
probabilities: [[0.70774895 0.0899196  0.20233148]
 [0.30397037 0.6447523  0.05127727]
 [0.04036892 0.29363355 0.6659975 ]
 [0.37264636 0.05573463 0.57161903]
 [0.4390512  0.10790981 0.45303896]]
probabilities: [[0.24160253 0.51511776 0.24327971]
 [0.3371737  0.10196923 0.56085706]
 [0.18380156 0.3551477  0.46105075]
 [0.72969395 0.16578814 0.10451791]
 [0.50547254 0.01639341 0.47813404]]
probabilities: [[0.0782056  0.9161245  0.00566986]
 [0.43067482 0.35074663 0.21857855]
 [0.22577056 0.16043067 0.6137988 ]
 [0.57981133 0.10993982 0.31024885]
 [0.44305858 0.21311374 0.34382766]]
probabilities: [[0. 1. 0.]
 [0. 1. 0.]
 [0. 1. 0.]
 [0. 1. 0.]
 [0. 1. 0.]]
probabilities: [[0.42656368 0.02844221 0.5449941 ]
 [0.34559754 0.12995993 0.52444255]
 [0.36895165 0.5633695  0.06767884]
 [0.28380153 0.1889114  0.52728707]
 [0.07502367 0.5596073  0.36536902]]
probabilities: [[0.25184268 0.61468697 0.13347034]
 [0.46028274 0.35287163 0.18684565]
 [0.25521883 0.6648969  0.07988424]
 [0.2850246  0.34761643 0.36735895]
 [0.14698333 0.0680734  0.7849433 ]]
probabilities: [[0.33898094 0.1592483  0.50177073]
 [0.4495625  0.05875036 0.49168715]
 [0.3414648  0.5280113  0.13052389]
 [0.18378422 0.21695524 0.5992605 ]
 [0.5569684  0.36153802 0.08149357]]
probabilities: [[0.23711295 0.10973228 0.6531548 ]
 [0.0816967  0.75482565 0.16347763]
 [0.14555535 0.07413139 0.78031325]
 [0.20477735 0.74354434 0.05167829]
 [0.19104089 0.47939548 0.32956362]]
probabilities: [[0.18781437 0.26173016 0.55045545]
 [0.21936432 0.1474998  0.6331359 ]
 [0.05104995 0.503396   0.44555405]
 [0.15648042 0.4115561  0.4319635 ]
 [0.05605422 0.15590692 0.78803885]]
probabilities: [[1. 0. 0.]
 [1. 0. 0.]
 [1. 0. 0.]
 [1. 0. 0.]
 [1. 0. 0.]]
probabilities: [[0.29045358 0.5207127  0.18883371]
 [0.25530607 0.32976994 0.41492403]
 [0.14689024 0.28608644 0.56702334]
 [0.20185214 0.23655827 0.5615896 ]
 [0.02369975 0.5599871  0.4163131 ]]
probabilities: [[0.47806743 0.19849147 0.3234411 ]
 [0.03918234 0.7450955  0.21572214]
 [0.31507888 0.09042703 0.5944941 ]
 [0.31173745 0.23461623 0.45364633]
 [0.4095432  0.03741689 0.5530399 ]]
probabilities: [[0.25928503 0.6425327  0.09818226]
 [0.602591   0.19776231 0.19964673]
 [0.64977276 0.24674596 0.10348128]
 [0.39315984 0.39087257 0.2159676 ]
 [0.54290545 0.12148665 0.33560792]]
probabilities: [[0.14593787 0.5690805  0.2849817 ]
 [0.01757416 0.88585883 0.09656703]
 [0.21145135 0.42592725 0.3626214 ]
 [0.30550787 0.28826055 0.40623158]
 [0.5257341  0.11641319 0.3578527 ]]
probabilities: [[3.16200584e-01 3.17481101e-01 3.66318315e-01]
 [8.40570390e-01 1.03950113e-01 5.54795153e-02]
 [3.03098977e-01 3.56832147e-01 3.40068907e-01]
 [1.92364329e-04 8.98192048e-01 1.01615585e-01]
 [3.17354649e-01 3.02539468e-01 3.80105853e-01]]
probabilities: [[0. 0. 1.]
 [0. 1. 0.]
 [0. 0. 1.]
 [0. 0. 1.]
 [0. 0. 1.]]
probabilities: [[0.28119212 0.34140712 0.37740076]
 [0.04672635 0.09066587 0.8626078 ]
 [0.71815926 0.00980868 0.27203205]
 [0.7105832  0.17848583 0.11093096]
 [0.15869102 0.8285432  0.01276582]]
probabilities: [[0.5798498  0.3730098  0.04714045]
 [0.10673255 0.10992788 0.78333956]
 [0.7984895  0.02619505 0.17531542]
 [0.18840578 0.78417474 0.02741946]
 [0.20549458 0.5175292  0.2769762 ]]
probabilities: [[6.5008592e-04 6.7841923e-01 3.2093072e-01]
 [3.7282196e-01 1.2322299e-01 5.0395507e-01]
 [6.3515091e-01 1.7582588e-02 3.4726653e-01]
 [1.8744092e-01 4.0436676e-01 4.0819231e-01]
 [2.2666302e-02 2.1491727e-01 7.6241642e-01]]
probabilities: [[8.3724654e-01 1.7821366e-02 1.4493211e-01]
 [4.1099101e-01 5.8841878e-01 5.9019862e-04]
 [5.7277793e-01 8.0533400e-02 3.4668869e-01]
 [3.6682364e-01 4.7072315e-01 1.6245319e-01]
 [9.0222198e-01 1.2402073e-02 8.5375957e-02]]
probabilities: [[0.7948015  0.03772506 0.16747348]
 [0.21450609 0.6197077  0.16578622]
 [0.7400788  0.04378422 0.21613698]
 [0.39057404 0.09846572 0.5109603 ]
 [0.62956864 0.14591323 0.22451814]]
probabilities: [[0. 1. 0.]
 [0. 1. 0.]
 [0. 1. 0.]
 [0. 1. 0.]
 [0. 1. 0.]]
probabilities: [[0.0185547  0.7404417  0.24100365]
 [0.46129426 0.27119216 0.26751357]
 [0.30779213 0.3975133  0.29469457]
 [0.14281939 0.25582817 0.60135245]
 [0.26914364 0.06763882 0.66321754]]
probabilities: [[0.02529059 0.29673797 0.6779714 ]
 [0.06928051 0.3647358  0.56598365]
 [0.68298906 0.1671924  0.14981852]
 [0.20153667 0.5079765  0.2904869 ]
 [0.53871816 0.02047406 0.44080776]]
probabilities: [[0.27833506 0.4312725  0.29039243]
 [0.5500166  0.21516034 0.23482305]
 [0.35697994 0.50691795 0.1361021 ]
 [0.31371656 0.19572143 0.490562  ]
 [0.5294321  0.33938563 0.13118225]]
probabilities: [[0.0823216  0.2624476  0.6552308 ]
 [0.26587912 0.17739004 0.55673087]
 [0.40173018 0.40857288 0.18969694]
 [0.49988505 0.14859816 0.35151675]
 [0.42034334 0.09088334 0.48877332]]
probabilities: [[0.05719009 0.06387985 0.87893003]
 [0.5156501  0.39865667 0.08569322]
 [0.48645037 0.46921197 0.04433767]
 [0.19907308 0.21953446 0.58139247]
 [0.3555317  0.5165331  0.12793525]]
probabilities: [[0. 1. 0.]
 [0. 1. 0.]
 [0. 1. 0.]
 [0. 1. 0.]
 [0. 1. 0.]]
probabilities: [[0.32720897 0.3552148  0.31757623]
 [0.6795189  0.07665726 0.24382387]
 [0.25467703 0.16291294 0.58241004]
 [0.31649703 0.30952832 0.37397465]
 [0.1961754  0.41235304 0.39147156]]
probabilities: [[0.5891675  0.01054353 0.40028903]
 [0.21747042 0.08908141 0.6934482 ]
 [0.1871011  0.28631288 0.526586  ]
 [0.6478828  0.11818941 0.23392776]
 [0.05777005 0.35618308 0.5860469 ]]
probabilities: [[0.05459623 0.01794527 0.9274585 ]
 [0.06785215 0.10839799 0.82374984]
 [0.28208312 0.3250517  0.39286515]
 [0.24601811 0.70547825 0.04850363]
 [0.18889934 0.00416976 0.8069309 ]]
probabilities: [[0.26698658 0.28538096 0.44763246]
 [0.40545163 0.05733245 0.53721595]
 [0.06117982 0.5732943  0.36552593]
 [0.11063828 0.43966535 0.44969636]
 [0.02115079 0.79633164 0.18251756]]
probabilities: [[0.19089255 0.4774742  0.33163324]
 [0.12243991 0.26557627 0.61198384]
 [0.7217305  0.046834   0.23143554]
 [0.0151157  0.8717385  0.11314579]
 [0.08561797 0.605122   0.30926004]]
probabilities: [[1. 0. 0.]
 [1. 0. 0.]
 [1. 0. 0.]
 [1. 0. 0.]
 [1. 0. 0.]]
probabilities: [[0.8798849  0.079596   0.04051912]
 [0.11371055 0.6741404  0.2121491 ]
 [0.12075337 0.5608423  0.31840435]
 [0.16767357 0.646016   0.18631044]
 [0.02717514 0.01620307 0.95662177]]
probabilities: [[0.36178786 0.46782237 0.17038977]
 [0.07758772 0.8392002  0.0832121 ]
 [0.05561433 0.47991487 0.4644708 ]
 [0.03227457 0.28224993 0.68547547]
 [0.19021061 0.23426928 0.5755201 ]]
probabilities: [[0.8320722  0.06554148 0.10238633]
 [0.46649334 0.07066071 0.46284595]
 [0.11240596 0.2142991  0.67329496]
 [0.20565645 0.62372625 0.1706173 ]
 [0.7402703  0.18040629 0.07932342]]
probabilities: [[0.26851833 0.00765505 0.72382665]
 [0.09158163 0.67974544 0.22867294]
 [0.08943064 0.8257926  0.08477672]
 [0.10126891 0.34052217 0.55820894]
 [0.2013796  0.27056533 0.5280551 ]]
probabilities: [[0.28770918 0.63994735 0.07234348]
 [0.1662285  0.5070839  0.3266876 ]
 [0.46040612 0.4866079  0.05298596]
 [0.3085268  0.3109524  0.38052076]
 [0.18631266 0.17825687 0.63543046]]
probabilities: [[0. 1. 0.]
 [0. 1. 0.]
 [0. 1. 0.]
 [0. 1. 0.]
 [0. 1. 0.]]
probabilities: [[0.604643   0.3234889  0.07186815]
 [0.39248502 0.20209707 0.4054179 ]
 [0.34705877 0.41549715 0.23744407]
 [0.0552904  0.4741025  0.4706071 ]
 [0.05797049 0.39161837 0.55041116]]
probabilities: [[0.52981395 0.04590972 0.42427632]
 [0.5206368  0.38199782 0.09736539]
 [0.22488108 0.05946352 0.7156554 ]
 [0.2434051  0.12522288 0.63137203]
 [0.18109013 0.719732   0.09917789]]
probabilities: [[1.9903514e-01 7.8902018e-01 1.1944665e-02]
 [9.3891360e-02 7.2399694e-01 1.8211167e-01]
 [7.2625023e-01 2.3805865e-03 2.7136919e-01]
 [1.9169684e-01 5.2449071e-01 2.8381246e-01]
 [3.8926775e-04 8.4430581e-01 1.5530495e-01]]
probabilities: [[0.31340337 0.01367881 0.67291784]
 [0.5926547  0.30269998 0.10464529]
 [0.00691143 0.25801373 0.7350749 ]
 [0.10747105 0.51397866 0.37855032]
 [0.77200055 0.02023629 0.20776315]]
probabilities: [[0.43792647 0.22981319 0.33226034]
 [0.65794146 0.08844902 0.2536095 ]
 [0.10180261 0.47777012 0.42042726]
 [0.498873   0.18534446 0.31578255]
 [0.5172351  0.11023078 0.3725341 ]]
probabilities: [[1. 0. 0.]
 [1. 0. 0.]
 [1. 0. 0.]
 [1. 0. 0.]
 [1. 0. 0.]]
probabilities: [[0.48647946 0.3600531  0.15346743]
 [0.47876668 0.05599686 0.46523646]
 [0.71001685 0.10084608 0.18913706]
 [0.3290915  0.49658746 0.17432106]
 [0.12009633 0.32296452 0.5569392 ]]
probabilities: [[0.01465879 0.43970528 0.54563594]
 [0.06774403 0.14071277 0.7915432 ]
 [0.08011466 0.03136655 0.8885188 ]
 [0.63628566 0.0421158  0.32159853]
 [0.19505386 0.5074263  0.2975198 ]]
probabilities: [[0.2497188  0.47850356 0.27177766]
 [0.2943724  0.06429404 0.6413336 ]
 [0.66703355 0.05878714 0.27417934]
 [0.5207338  0.34002227 0.13924395]
 [0.390957   0.53991085 0.06913212]]
probabilities: [[0.01075851 0.5922034  0.39703813]
 [0.22620726 0.14143132 0.6323614 ]
 [0.18066461 0.40554762 0.41378778]
 [0.11404824 0.23678559 0.64916617]
 [0.17674054 0.43432227 0.3889372 ]]
probabilities: [[0.07191148 0.52606726 0.40202123]
 [0.4223416  0.34706816 0.23059024]
 [0.42437306 0.19879541 0.37683153]
 [0.04334245 0.9351393  0.02151824]
 [0.12466151 0.78878355 0.08655494]]
probabilities: [[0. 1. 0.]
 [0. 1. 0.]
 [0. 1. 0.]
 [0. 1. 0.]
 [0. 1. 0.]]
probabilities: [[0.16183777 0.46416432 0.37399793]
 [0.07007472 0.13379441 0.79613084]
 [0.2310237  0.72333616 0.04564016]
 [0.04882141 0.14100417 0.8101744 ]
 [0.7197322  0.23116614 0.04910163]]
probabilities: [[0.03806605 0.39918143 0.56275254]
 [0.6691713  0.07797112 0.25285763]
 [0.14515188 0.7847054  0.07014269]
 [0.22327591 0.27495533 0.50176877]
 [0.04572246 0.13333927 0.8209383 ]]
probabilities: [[0.07324933 0.58015585 0.34659484]
 [0.34331587 0.345042   0.31164214]
 [0.28096512 0.42268565 0.29634923]
 [0.60406154 0.12497746 0.270961  ]
 [0.62131417 0.2898238  0.088862  ]]
probabilities: [[0.645788   0.07002928 0.2841827 ]
 [0.01643723 0.10432471 0.87923807]
 [0.11378572 0.2136575  0.67255676]
 [0.34150276 0.17199133 0.4865059 ]
 [0.09731569 0.21648812 0.6861962 ]]
probabilities: [[0.30226797 0.11966685 0.5780652 ]
 [0.17835462 0.21766616 0.60397923]
 [0.14114098 0.547805   0.311054  ]
 [0.2694272  0.37850368 0.3520691 ]
 [0.03215701 0.8003362  0.16750683]]
probabilities: [[0. 1. 0.]
 [0. 1. 0.]
 [0. 1. 0.]
 [0. 1. 0.]
 [0. 1. 0.]]
probabilities: [[0.2860335  0.70574456 0.00822193]
 [0.24050392 0.34321794 0.41627812]
 [0.8755768  0.04571384 0.07870936]
 [0.32607293 0.02127993 0.65264714]
 [0.01455859 0.6988084  0.28663304]]
probabilities: [[0.00253449 0.15786901 0.8395965 ]
 [0.36173037 0.16495937 0.47331026]
 [0.3344951  0.48912176 0.17638317]
 [0.00485142 0.9688084  0.02634019]
 [0.67124754 0.11155208 0.21720037]]
probabilities: [[0.55572104 0.01818055 0.42609844]
 [0.35091057 0.47090495 0.17818448]
 [0.31387427 0.64582413 0.04030161]
 [0.06275103 0.09411471 0.8431343 ]
 [0.35292405 0.09823186 0.5488441 ]]
probabilities: [[0.0346456  0.07013535 0.895219  ]
 [0.03203019 0.13702916 0.83094066]
 [0.2997564  0.07641207 0.6238315 ]
 [0.2271917  0.10706312 0.6657452 ]
 [0.60779303 0.24635315 0.14585385]]
probabilities: [[0.4761746  0.01139907 0.5124263 ]
 [0.43702695 0.1764729  0.38650015]
 [0.91364974 0.02937235 0.05697791]
 [0.1638501  0.57174706 0.26440284]
 [0.3157087  0.2989614  0.3853299 ]]
probabilities: [[1. 0. 0.]
 [1. 0. 0.]
 [1. 0. 0.]
 [1. 0. 0.]
 [1. 0. 0.]]
probabilities: [[0.8342591  0.15259069 0.01315024]
 [0.560295   0.22580996 0.21389508]
 [0.19649737 0.7538324  0.04967026]
 [0.7138078  0.27517158 0.01102058]
 [0.5478473  0.08783129 0.36432144]]
probabilities: [[0.06071531 0.25182745 0.68745726]
 [0.26579928 0.07922851 0.6549722 ]
 [0.40150633 0.53576887 0.06272482]
 [0.2633924  0.53685933 0.19974826]
 [0.06020284 0.37363976 0.5661574 ]]
probabilities: [[0.15397687 0.533038   0.3129851 ]
 [0.6449602  0.23657335 0.11846645]
 [0.6677426  0.10616954 0.22608785]
 [0.13732105 0.6845587  0.17812026]
 [0.05924562 0.02791063 0.91284376]]
probabilities: [[0.20152034 0.08627354 0.7122061 ]
 [0.28769177 0.55276036 0.15954785]
 [0.07586306 0.87933403 0.04480288]
 [0.40250102 0.15196939 0.44552958]
 [0.54633904 0.11344201 0.34021893]]
probabilities: [[0.47862634 0.05054043 0.47083324]
 [0.33809033 0.15472278 0.5071869 ]
 [0.56473655 0.00685274 0.42841074]
 [0.37831324 0.3487479  0.27293885]
 [0.04830003 0.5020099  0.44969   ]]
probabilities: [[0. 0. 1.]
 [0. 1. 0.]
 [0. 0. 1.]
 [0. 0. 1.]
 [0. 0. 1.]]
probabilities: [[0.3516221  0.2698714  0.37850648]
 [0.569581   0.24204172 0.18837729]
 [0.54692006 0.30583712 0.14724284]
 [0.10051798 0.03965467 0.85982734]
 [0.8221784  0.00364933 0.17417224]]
probabilities: [[0.45772946 0.442308   0.09996253]
 [0.18828835 0.6793293  0.13238238]
 [0.1949774  0.06820441 0.7368182 ]
 [0.06551503 0.32762638 0.6068586 ]
 [0.6227849  0.37387204 0.00334305]]
probabilities: [[0.0252979  0.5615164  0.41318572]
 [0.309713   0.58810514 0.10218187]
 [0.8150602  0.0316963  0.15324351]
 [0.20565599 0.44081107 0.35353294]
 [0.4963471  0.08338093 0.42027196]]
probabilities: [[0.28096357 0.30741337 0.41162306]
 [0.23441176 0.37492955 0.3906587 ]
 [0.26983473 0.46027616 0.26988912]
 [0.40968806 0.25521973 0.33509222]
 [0.61416847 0.34584054 0.03999098]]
probabilities: [[0.08938275 0.57100177 0.33961546]
 [0.6079221  0.3143287  0.07774924]
 [0.5366391  0.0087056  0.45465532]
 [0.04289791 0.67479485 0.2823072 ]
 [0.23250149 0.42078343 0.34671506]]
probabilities: [[0. 1. 0.]
 [0. 1. 0.]
 [0. 1. 0.]
 [0. 1. 0.]
 [0. 1. 0.]]
probabilities: [[0.10428939 0.32802597 0.56768465]
 [0.0044415  0.612003   0.3835555 ]
 [0.58686763 0.07548929 0.3376431 ]
 [0.19005351 0.46601412 0.3439324 ]
 [0.2789231  0.638526   0.0825509 ]]
probabilities: [[0.0530596  0.17296486 0.77397555]
 [0.06658425 0.8959493  0.03746647]
 [0.2555937  0.21635    0.5280563 ]
 [0.10451759 0.60669756 0.28878483]
 [0.564881   0.1307971  0.30432186]]
probabilities: [[0.08893617 0.55749834 0.3535655 ]
 [0.43831834 0.18359503 0.37808663]
 [0.19487426 0.5159533  0.2891724 ]
 [0.2021721  0.2660626  0.5317653 ]
 [0.33195645 0.40394443 0.26409912]]
probabilities: [[0.6731386  0.18216598 0.14469542]
 [0.29908913 0.58721966 0.11369121]
 [0.18343428 0.21011434 0.6064514 ]
 [0.15800337 0.24889491 0.59310174]
 [0.45787683 0.24909334 0.29302984]]
probabilities: [[0.3460549  0.3539813  0.2999638 ]
 [0.05229901 0.09563632 0.85206467]
 [0.02378208 0.51322526 0.46299264]
 [0.68000734 0.03792309 0.2820696 ]
 [0.6019715  0.16070127 0.23732723]]
probabilities: [[0. 0. 1.]
 [0. 1. 0.]
 [0. 1. 0.]
 [0. 0. 1.]
 [0. 0. 1.]]
probabilities: [[0.29831728 0.34501654 0.35666618]
 [0.38031307 0.02781816 0.59186876]
 [0.31772858 0.17792666 0.50434476]
 [0.3505755  0.11129659 0.5381279 ]
 [0.11471129 0.67585766 0.20943104]]
probabilities: [[0.3127905  0.17181407 0.51539546]
 [0.20921591 0.5550243  0.23575975]
 [0.39068255 0.16255865 0.4467588 ]
 [0.41046336 0.5358428  0.05369387]
 [0.5166809  0.41632792 0.06699117]]
probabilities: [[0.24733311 0.17511483 0.5775521 ]
 [0.15404563 0.12515207 0.7208023 ]
 [0.36984694 0.26081693 0.36933613]
 [0.27846348 0.01805362 0.7034829 ]
 [0.2638032  0.56180817 0.17438863]]
probabilities: [[0.4186173  0.13139585 0.44998685]
 [0.3176262  0.33066365 0.35171014]
 [0.8229382  0.0164978  0.160564  ]
 [0.0791857  0.65791714 0.26289716]
 [0.12151052 0.83825624 0.04023324]]
probabilities: [[0.51620215 0.03753641 0.44626144]
 [0.46424472 0.44232878 0.0934265 ]
 [0.80670255 0.07449511 0.11880234]
 [0.5152201  0.18990277 0.2948771 ]
 [0.53297573 0.34605992 0.12096438]]
probabilities: [[0. 0. 1.]
 [0. 1. 0.]
 [0. 0. 1.]
 [0. 0. 1.]
 [0. 0. 1.]]
probabilities: [[0.0094409  0.09977019 0.8907889 ]
 [0.29642236 0.25680375 0.4467739 ]
 [0.08232006 0.60291976 0.31476018]
 [0.8934021  0.00856388 0.09803404]
 [0.54033464 0.04771074 0.4119546 ]]
probabilities: [[0.41651338 0.37271807 0.21076855]
 [0.5366658  0.1850185  0.2783157 ]
 [0.1013092  0.70554304 0.19314778]
 [0.2376223  0.24332137 0.5190563 ]
 [0.34951612 0.02011078 0.6303731 ]]
probabilities: [[0.41124645 0.06210134 0.5266522 ]
 [0.56797516 0.00126622 0.4307586 ]
 [0.0402323  0.19148333 0.7682844 ]
 [0.53451025 0.16274652 0.30274323]
 [0.38714844 0.22465232 0.38819924]]
probabilities: [[0.52445173 0.00802739 0.4675209 ]
 [0.03110385 0.02230053 0.9465956 ]
 [0.89549536 0.02362227 0.08088235]
 [0.5828128  0.2769222  0.140265  ]
 [0.06164679 0.10696711 0.8313861 ]]
probabilities: [[0.5805653  0.26366228 0.15577243]
 [0.7887439  0.11986066 0.09139539]
 [0.36312053 0.50574857 0.13113092]
 [0.02440359 0.67715776 0.29843867]
 [0.11808099 0.27379072 0.6081283 ]]
probabilities: [[0. 0. 1.]
 [0. 1. 0.]
 [0. 0. 1.]
 [0. 0. 1.]
 [0. 0. 1.]]
probabilities: [[0.72430986 0.1897047  0.08598541]
 [0.16014272 0.8159108  0.02394646]
 [0.17245662 0.79903203 0.02851134]
 [0.4025726  0.0737066  0.5237208 ]
 [0.3068146  0.34437162 0.34881377]]
probabilities: [[0.87208533 0.02142969 0.10648499]
 [0.51766497 0.01332086 0.4690142 ]
 [0.838825   0.1204483  0.0407267 ]
 [0.03678555 0.744126   0.21908842]
 [0.03730458 0.11165203 0.8510434 ]]
probabilities: [[0.6299758  0.2651232  0.104901  ]
 [0.05107143 0.16799006 0.7809385 ]
 [0.02474483 0.84618276 0.12907241]
 [0.29365152 0.5989786  0.10736991]
 [0.6922245  0.28153184 0.02624363]]
probabilities: [[0.65174127 0.00202329 0.34623542]
 [0.0618983  0.24880949 0.6892922 ]
 [0.44486544 0.08189919 0.4732354 ]
 [0.31280318 0.5197657  0.16743115]
 [0.14299151 0.30220976 0.5547987 ]]
probabilities: [[0.11670171 0.00923495 0.8740634 ]
 [0.2680475  0.24187782 0.49007466]
 [0.5947765  0.14977814 0.25544533]
 [0.10347256 0.5787107  0.31781673]
 [0.61621046 0.09079773 0.29299185]]
probabilities: [[1. 0. 0.]
 [1. 0. 0.]
 [1. 0. 0.]
 [1. 0. 0.]
 [1. 0. 0.]]
probabilities: [[0.20805992 0.26962405 0.52231604]
 [0.64224267 0.09995522 0.25780213]
 [0.03393967 0.81344485 0.15261547]
 [0.713443   0.02206268 0.26449433]
 [0.36728498 0.43816456 0.19455045]]
probabilities: [[0.30417123 0.20042855 0.49540022]
 [0.12784058 0.43899506 0.4331644 ]
 [0.11065137 0.6551475  0.23420112]
 [0.64772534 0.04853768 0.30373698]
 [0.68858695 0.2160227  0.09539035]]
probabilities: [[0.05211257 0.87634933 0.07153811]
 [0.6985921  0.06709637 0.23431152]
 [0.12495375 0.6981014  0.17694485]
 [0.7097505  0.12350629 0.16674322]
 [0.33705446 0.4420736  0.22087191]]
probabilities: [[0.76275164 0.0401251  0.19712329]
 [0.6918591  0.1376915  0.17044938]
 [0.4250828  0.36888656 0.20603065]
 [0.03577552 0.3380951  0.6261294 ]
 [0.4849826  0.07033655 0.44468084]]
probabilities: [[0.17268081 0.19124638 0.6360728 ]
 [0.02518787 0.73396564 0.24084647]
 [0.16981629 0.41494492 0.4152388 ]
 [0.7250685  0.20687985 0.06805166]
 [0.23174107 0.20756578 0.56069314]]
probabilities: [[0. 0. 1.]
 [0. 1. 0.]
 [0. 0. 1.]
 [0. 0. 1.]
 [0. 0. 1.]]
probabilities: [[0.41841084 0.07084912 0.51074004]
 [0.21022303 0.23057055 0.5592064 ]
 [0.18323344 0.3815299  0.43523666]
 [0.54183257 0.21288632 0.24528112]
 [0.50119615 0.39629358 0.10251024]]
probabilities: [[0.6639417  0.03058906 0.30546927]
 [0.3883449  0.02836933 0.58328575]
 [0.05639418 0.5486054  0.39500043]
 [0.00666551 0.04630666 0.9470278 ]
 [0.28765512 0.12938637 0.5829585 ]]
probabilities: [[0.6324226  0.0265139  0.34106347]
 [0.04094798 0.695385   0.26366702]
 [0.61346555 0.3213408  0.06519364]
 [0.06514853 0.6784325  0.2564189 ]
 [0.26180515 0.239458   0.49873686]]
probabilities: [[0.31466985 0.59454775 0.09078237]
 [0.65123814 0.17673917 0.17202269]
 [0.38242644 0.54356205 0.07401152]
 [0.39830074 0.4574376  0.14426166]
 [0.4560022  0.44975644 0.09424135]]
probabilities: [[0.33028665 0.04849579 0.62121755]
 [0.5314686  0.17455128 0.29398015]
 [0.298014   0.20337082 0.4986152 ]
 [0.5610198  0.08014672 0.3588335 ]
 [0.03119527 0.10804654 0.8607582 ]]
probabilities: [[1. 0. 0.]
 [1. 0. 0.]
 [1. 0. 0.]
 [1. 0. 0.]
 [1. 0. 0.]]
probabilities: [[5.2787864e-01 4.1585960e-04 4.7170550e-01]
 [3.7437651e-01 3.5514656e-01 2.7047691e-01]
 [3.5691911e-01 1.8642698e-01 4.5665392e-01]
 [1.4164829e-01 4.2088297e-01 4.3746874e-01]
 [3.1582408e-02 9.9604540e-02 8.6881304e-01]]
probabilities: [[0.07017981 0.2431019  0.6867183 ]
 [0.32135156 0.46695566 0.21169277]
 [0.14171317 0.33807018 0.52021664]
 [0.8060597  0.07172186 0.12221842]
 [0.1367673  0.59595805 0.26727465]]
probabilities: [[0.3156715  0.5787608  0.10556766]
 [0.6639306  0.27191702 0.06415239]
 [0.35803878 0.5125893  0.12937194]
 [0.02554828 0.21668416 0.75776756]
 [0.4395561  0.48426485 0.07617906]]
probabilities: [[0.36284527 0.48130235 0.15585239]
 [0.6957311  0.08042512 0.2238438 ]
 [0.14517303 0.767616   0.08721101]
 [0.33691195 0.10055111 0.56253695]
 [0.50800544 0.46121445 0.0307801 ]]
probabilities: [[0.55407494 0.04991939 0.3960057 ]
 [0.03862125 0.37584502 0.58553374]
 [0.6640701  0.17294973 0.16298014]
 [0.2819007  0.0577648  0.6603345 ]
 [0.72202045 0.19208813 0.08589145]]
probabilities: [[1. 0. 0.]
 [1. 0. 0.]
 [1. 0. 0.]
 [1. 0. 0.]
 [1. 0. 0.]]
probabilities: [[0.13483177 0.61641806 0.24875018]
 [0.62643677 0.28853205 0.08503121]
 [0.15306443 0.23422365 0.6127119 ]
 [0.35913527 0.52337277 0.11749195]
 [0.6033425  0.06679871 0.32985884]]
probabilities: [[0.6507806  0.14133959 0.2078798 ]
 [0.62915176 0.01389219 0.35695606]
 [0.4151893  0.23387331 0.3509374 ]
 [0.19598883 0.63391024 0.17010093]
 [0.7342729  0.18090446 0.08482262]]
probabilities: [[0.31620327 0.09613748 0.58765924]
 [0.5123131  0.36053512 0.12715177]
 [0.03205646 0.7379264  0.2300171 ]
 [0.42453516 0.38291672 0.19254816]
 [0.24117461 0.37096077 0.38786462]]
probabilities: [[0.08144695 0.29184777 0.6267053 ]
 [0.12919    0.59612215 0.27468786]
 [0.04609158 0.8737829  0.08012555]
 [0.07431505 0.423137   0.502548  ]
 [0.11622953 0.7975822  0.08618824]]
probabilities: [[0.34080493 0.22447665 0.43471843]
 [0.36227816 0.24983226 0.38788956]
 [0.05605996 0.3894838  0.55445623]
 [0.74906623 0.0798841  0.17104967]
 [0.38483047 0.61024374 0.00492581]]
probabilities: [[0. 0. 1.]
 [0. 1. 0.]
 [0. 0. 1.]
 [0. 0. 1.]
 [0. 0. 1.]]
probabilities: [[0.49676204 0.0143579  0.48888007]
 [0.45875567 0.200257   0.34098732]
 [0.1942758  0.35564092 0.4500833 ]
 [0.27968696 0.29877344 0.4215396 ]
 [0.22918093 0.03824194 0.73257715]]
probabilities: [[0.34466493 0.24271087 0.4126242 ]
 [0.61731917 0.20316043 0.17952037]
 [0.64334136 0.23677887 0.11987979]
 [0.21207958 0.17291354 0.61500686]
 [0.32652813 0.50217736 0.17129453]]
probabilities: [[0.3232386  0.6102998  0.06646159]
 [0.11105451 0.00216525 0.88678026]
 [0.42273682 0.04785513 0.52940804]
 [0.2212421  0.5805306  0.1982273 ]
 [0.497417   0.06517568 0.43740734]]
probabilities: [[0.40322736 0.15553744 0.44123518]
 [0.11669119 0.3126971  0.5706117 ]
 [0.94560856 0.02864123 0.0257502 ]
 [0.49579424 0.39777583 0.10642993]
 [0.43267253 0.12797028 0.4393572 ]]
probabilities: [[0.24451199 0.06576507 0.68972296]
 [0.2411036  0.47461143 0.28428495]
 [0.49255952 0.3852696  0.12217089]
 [0.3905481  0.58234096 0.02711091]
 [0.10586532 0.313921   0.58021367]]
probabilities: [[1. 0. 0.]
 [1. 0. 0.]
 [1. 0. 0.]
 [1. 0. 0.]
 [1. 0. 0.]]
probabilities: [[0.03076646 0.42004114 0.54919237]
 [0.57340455 0.39725816 0.02933726]
 [0.0837489  0.7001991  0.21605195]
 [0.14723444 0.5084416  0.34432396]
 [0.21383134 0.55413556 0.23203312]]
probabilities: [[0.86710703 0.10245549 0.0304375 ]
 [0.42067885 0.03259531 0.54672587]
 [0.40537494 0.0627952  0.53182983]
 [0.34703004 0.43276134 0.22020862]
 [0.5260671  0.23383996 0.24009296]]
probabilities: [[0.6909222  0.13039514 0.17868267]
 [0.03160814 0.40802523 0.56036663]
 [0.35361642 0.18900616 0.45737743]
