probabilities: [[0. 0. 1.]
 [0. 1. 0.]
 [0. 1. 0.]
 [0. 0. 1.]
 [0. 0. 1.]]
probabilities: [[0.39174283 0.17573589 0.43252128]
 [0.73095554 0.11746497 0.15157951]
 [0.94406295 0.05460397 0.00133306]
 [0.3531661  0.3049558  0.3418781 ]
 [0.17647156 0.5251443  0.29838413]]
probabilities: [[0.15612422 0.22483772 0.61903805]
 [0.05253522 0.05621419 0.8912506 ]
 [0.25179738 0.4702724  0.27793023]
 [0.5529424  0.35531798 0.0917396 ]
 [0.03448917 0.31936195 0.64614886]]
probabilities: [[0.43727097 0.44599608 0.11673297]
 [0.00421944 0.45386046 0.5419201 ]
 [0.38613597 0.56791216 0.04595189]
 [0.50308657 0.23214021 0.26477325]
 [0.653535   0.10540715 0.24105783]]
probabilities: [[0.86848295 0.02286991 0.10864715]
 [0.22758862 0.4655058  0.30690557]
 [0.07789461 0.3682658  0.5538396 ]
 [0.4870725  0.0866693  0.4262582 ]
 [0.00541305 0.5243495  0.4702374 ]]
probabilities: [[0.7974505  0.00953074 0.1930188 ]
 [0.0417228  0.95236474 0.00591245]
 [0.50636834 0.35670236 0.13692929]
 [0.5470518  0.04322479 0.40972346]
 [0.08099768 0.10488895 0.8141134 ]]
probabilities: [[0. 1. 0.]
 [0. 1. 0.]
 [0. 1. 0.]
 [0. 1. 0.]
 [0. 1. 0.]]
probabilities: [[0.38776308 0.53707755 0.07515936]
 [0.28199214 0.1439371  0.57407075]
 [0.0212176  0.01577147 0.9630109 ]
 [0.48962682 0.12175937 0.3886138 ]
 [0.5664136  0.11088817 0.32269824]]
probabilities: [[0.11058767 0.08364915 0.8057632 ]
 [0.26030844 0.6284556  0.11123598]
 [0.15859035 0.41631997 0.4250897 ]
 [0.16873705 0.09757227 0.7336907 ]
 [0.00617949 0.3136733  0.68014723]]
probabilities: [[0.5892793  0.1644743  0.2462464 ]
 [0.12877002 0.59830874 0.27292126]
 [0.14802103 0.6779453  0.17403367]
 [0.42675927 0.0856071  0.48763365]
 [0.82241935 0.08047974 0.0971009 ]]
probabilities: [[0.41941494 0.12358062 0.45700443]
 [0.33416307 0.03434691 0.63149005]
 [0.63140935 0.308961   0.05962965]
 [0.07803726 0.30794868 0.6140141 ]
 [0.6040394  0.18387073 0.21208987]]
probabilities: [[0.24430223 0.24527097 0.5104268 ]
 [0.35063526 0.51310223 0.13626252]
 [0.32904962 0.2611107  0.4098397 ]
 [0.47392854 0.24381122 0.28226024]
 [0.5401055  0.1512709  0.30862355]]
probabilities: [[0. 0. 1.]
 [0. 1. 0.]
 [0. 1. 0.]
 [0. 0. 1.]
 [0. 0. 1.]]
probabilities: [[0.79322094 0.00663206 0.20014697]
 [0.8158807  0.07770098 0.10641833]
 [0.5860705  0.07812551 0.33580402]
 [0.24997973 0.1252843  0.62473595]
 [0.24053799 0.42422    0.33524203]]
probabilities: [[0.39088777 0.14585431 0.46325794]
 [0.48584038 0.3810088  0.13315082]
 [0.5910076  0.39587227 0.01312013]
 [0.15830159 0.74861073 0.09308768]
 [0.09226018 0.56406766 0.34367213]]
probabilities: [[0.11441617 0.43702674 0.4485571 ]
 [0.00144704 0.20724626 0.7913067 ]
 [0.08039382 0.9106196  0.00898656]
 [0.06668053 0.7116274  0.22169207]
 [0.22721839 0.7125324  0.06024922]]
probabilities: [[0.33482575 0.33606973 0.3291045 ]
 [0.297473   0.06853119 0.6339958 ]
 [0.1498614  0.15511227 0.69502634]
 [0.55006576 0.24476646 0.20516776]
 [0.05739884 0.34379825 0.5988029 ]]
probabilities: [[0.11205066 0.8467728  0.04117655]
 [0.79978955 0.00251981 0.19769062]
 [0.27456865 0.06320284 0.6622285 ]
 [0.1364407  0.72488004 0.13867927]
 [0.4686409  0.4172427  0.11411642]]
probabilities: [[0. 0. 1.]
 [0. 1. 0.]
 [0. 1. 0.]
 [0. 0. 1.]
 [0. 0. 1.]]
probabilities: [[0.11458115 0.7633844  0.12203442]
 [0.17964114 0.15985624 0.6605026 ]
 [0.04507199 0.7364599  0.21846811]
 [0.19855186 0.43292883 0.3685193 ]
 [0.26105988 0.36568075 0.37325937]]
probabilities: [[0.4226946  0.17554851 0.4017569 ]
 [0.61127007 0.08257278 0.30615717]
 [0.0811455  0.45184654 0.46700796]
 [0.0169165  0.8808575  0.10222594]
 [0.3949974  0.18535836 0.41964427]]
probabilities: [[0.17948842 0.26413703 0.55637455]
 [0.41090474 0.16982913 0.41926613]
 [0.19080687 0.7464507  0.06274243]
 [0.03593389 0.1539033  0.8101628 ]
 [0.4590619  0.13564113 0.40529695]]
probabilities: [[0.03277925 0.18594089 0.78127986]
 [0.161641   0.08327402 0.755085  ]
 [0.38708863 0.03726007 0.5756513 ]
 [0.02598086 0.2172417  0.7567774 ]
 [0.3859858  0.45614365 0.15787056]]
probabilities: [[0.60224134 0.35595235 0.04180629]
 [0.35726053 0.5989064  0.04383306]
 [0.10533416 0.03069832 0.86396754]
 [0.20833209 0.2750405  0.5166274 ]
 [0.5277617  0.35897762 0.11326067]]
probabilities: [[0. 0. 1.]
 [0. 1. 0.]
 [0. 1. 0.]
 [0. 0. 1.]
 [0. 0. 1.]]
probabilities: [[0.19994831 0.67367315 0.12637857]
 [0.0230461  0.15908697 0.8178669 ]
 [0.0809718  0.7221023  0.19692591]
 [0.04757388 0.236021   0.7164051 ]
 [0.05746747 0.37032634 0.5722062 ]]
probabilities: [[0.7480212  0.04042701 0.21155182]
 [0.04075417 0.05498065 0.90426517]
 [0.01497323 0.9348678  0.05015898]
 [0.5305638  0.3935134  0.07592279]
 [0.45008832 0.49575418 0.05415751]]
probabilities: [[0.52008903 0.4606709  0.01924007]
 [0.21404387 0.50129616 0.28465998]
 [0.13139108 0.06997765 0.7986313 ]
 [0.46815607 0.31547174 0.21637219]
 [0.32764512 0.40865034 0.26370454]]
probabilities: [[0.6081919  0.36664727 0.02516082]
 [0.6296084  0.08372536 0.28666627]
 [0.09576802 0.24233294 0.66189903]
 [0.32449183 0.48914933 0.18635884]
 [0.69814926 0.07823149 0.22361924]]
probabilities: [[0.37803373 0.1754501  0.4465162 ]
 [0.4510477  0.05452391 0.4944284 ]
 [0.1392364  0.6531126  0.20765102]
 [0.28944737 0.22301799 0.48753464]
 [0.65536815 0.09939987 0.24523197]]
probabilities: [[0. 0. 1.]
 [0. 1. 0.]
 [0. 1. 0.]
 [0. 0. 1.]
 [0. 0. 1.]]
probabilities: [[0.8270952  0.13937071 0.03353409]
 [0.3711455  0.2827884  0.34606615]
 [0.9093605  0.01506964 0.07556985]
 [0.291438   0.31412905 0.3944329 ]
 [0.40528247 0.14921726 0.44550025]]
probabilities: [[0.5575087  0.20374611 0.23874518]
 [0.00599397 0.6966501  0.29735595]
 [0.16538092 0.39542764 0.43919143]
 [0.61828727 0.08892927 0.2927835 ]
 [0.24966034 0.12124211 0.6290975 ]]
probabilities: [[0.08578474 0.23352952 0.68068576]
 [0.02949498 0.61436254 0.35614246]
 [0.2805516  0.35356176 0.3658866 ]
 [0.20021306 0.60874075 0.19104622]
 [0.70380425 0.04603873 0.250157  ]]
probabilities: [[5.3277379e-04 4.9674863e-01 5.0271863e-01]
 [1.1736247e-01 7.8088278e-01 1.0175478e-01]
 [6.8335757e-02 8.2586668e-02 8.4907758e-01]
 [2.2833332e-01 7.6471679e-02 6.9519502e-01]
 [1.0471712e-02 4.2456907e-01 5.6495923e-01]]
probabilities: [[0.19953129 0.68448925 0.11597944]
 [0.60839456 0.25312242 0.13848297]
 [0.44778126 0.30911657 0.24310215]
 [0.42537814 0.5079438  0.06667802]
 [0.06057907 0.36924994 0.570171  ]]
probabilities: [[0. 0. 1.]
 [0. 1. 0.]
 [0. 1. 0.]
 [0. 0. 1.]
 [0. 0. 1.]]
probabilities: [[0.10402859 0.41691476 0.47905666]
 [0.3721215  0.3424913  0.2853872 ]
 [0.75716823 0.13167696 0.11115479]
 [0.32013413 0.41563988 0.264226  ]
 [0.06159882 0.6512397  0.28716153]]
probabilities: [[0.33944592 0.11049598 0.55005807]
 [0.6158899  0.2927823  0.09132777]
 [0.4539664  0.43538684 0.11064675]
 [0.96198326 0.03559079 0.00242592]
 [0.7357813  0.20071116 0.06350755]]
probabilities: [[0.42792597 0.43926865 0.13280536]
 [0.29823047 0.24433704 0.4574325 ]
 [0.3108777  0.6004882  0.08863409]
 [0.09194887 0.62644196 0.28160915]
 [0.2792318  0.02897852 0.6917897 ]]
probabilities: [[0.5019241  0.15793605 0.34013984]
 [0.19251117 0.10546883 0.70202   ]
 [0.10566641 0.31379157 0.580542  ]
 [0.6358985  0.32081434 0.04328718]
 [0.1207165  0.00491599 0.87436754]]
probabilities: [[0.16246466 0.05570973 0.7818256 ]
 [0.92967075 0.04371406 0.02661518]
 [0.2975     0.3861742  0.31632578]
 [0.49458477 0.39905867 0.10635657]
 [0.22519125 0.5286519  0.24615683]]
probabilities: [[0. 1. 0.]
 [0. 1. 0.]
 [0. 1. 0.]
 [0. 1. 0.]
 [0. 1. 0.]]
probabilities: [[0.31176174 0.2651055  0.42313275]
 [0.6129532  0.31080997 0.07623684]
 [0.33798128 0.32872552 0.3332932 ]
 [0.15872422 0.8122085  0.0290673 ]
 [0.18067524 0.26728758 0.5520372 ]]
probabilities: [[0.8467241  0.14713691 0.00613901]
 [0.45424226 0.2300312  0.31572655]
 [0.4158428  0.40551046 0.17864674]
 [0.65647054 0.31472823 0.02880122]
 [0.20223063 0.23316054 0.5646088 ]]
probabilities: [[0.7567988  0.17207374 0.07112744]
 [0.29165715 0.39680552 0.31153733]
 [0.47250095 0.43004516 0.09745388]
 [0.42821947 0.45333382 0.11844669]
 [0.09318125 0.58483976 0.321979  ]]
probabilities: [[0.7262714  0.2726874  0.00104122]
 [0.30041158 0.5452691  0.15431932]
 [0.25326252 0.16128609 0.58545136]
 [0.42449504 0.22519551 0.35030943]
 [0.50150794 0.45823672 0.04025536]]
probabilities: [[0.26011935 0.47849578 0.26138487]
 [0.2639816  0.72744644 0.00857198]
 [0.28634936 0.00555545 0.7080952 ]
 [0.70792663 0.06448605 0.22758734]
 [0.00184692 0.86233705 0.13581605]]
probabilities: [[0. 0. 1.]
 [0. 1. 0.]
 [0. 0. 1.]
 [0. 0. 1.]
 [0. 0. 1.]]
probabilities: [[0.04998479 0.7194033  0.23061189]
 [0.54325426 0.4147267  0.04201904]
 [0.29166484 0.18689448 0.5214407 ]
 [0.0362774  0.48359808 0.4801245 ]
 [0.19073975 0.3489427  0.46031755]]
probabilities: [[0.1036371  0.31347448 0.5828884 ]
 [0.02088767 0.33466902 0.6444433 ]
 [0.45993635 0.37751073 0.16255291]
 [0.15379274 0.6453087  0.20089857]
 [0.569791   0.2554919  0.17471708]]
probabilities: [[0.31019664 0.39178944 0.29801396]
 [0.03933922 0.60447305 0.35618773]
 [0.01629999 0.04181669 0.9418833 ]
 [0.13126223 0.5919969  0.27674088]
 [0.11099483 0.04562436 0.8433808 ]]
probabilities: [[0.20294854 0.17169955 0.6253519 ]
 [0.22267586 0.32153225 0.4557919 ]
 [0.0499655  0.65334535 0.29668918]
 [0.86266166 0.00331448 0.13402386]
 [0.3520462  0.49089956 0.15705423]]
probabilities: [[0.2844194  0.00113423 0.71444637]
 [0.04213721 0.9561619  0.00170088]
 [0.7770223  0.05767361 0.16530411]
 [0.03785061 0.17813374 0.78401566]
 [0.2635379  0.20052285 0.5359392 ]]
probabilities: [[0. 1. 0.]
 [0. 1. 0.]
 [0. 1. 0.]
 [0. 1. 0.]
 [0. 1. 0.]]
probabilities: [[0.2855494  0.21477732 0.49967328]
 [0.20851931 0.20693916 0.5845415 ]
 [0.47350138 0.31508556 0.21141304]
 [0.79145867 0.166466   0.04207532]
 [0.35224083 0.5713592  0.07639993]]
probabilities: [[0.39906818 0.04732971 0.5536021 ]
 [0.81512296 0.04297039 0.14190668]
 [0.32417664 0.4750604  0.20076296]
 [0.39005035 0.4846995  0.12525018]
 [0.21747905 0.30546433 0.47705662]]
probabilities: [[0.39782295 0.08743542 0.51474166]
 [0.54626405 0.3045544  0.1491815 ]
 [0.6653548  0.057041   0.2776042 ]
 [0.21284398 0.23239549 0.5547605 ]
 [0.1588054  0.4108744  0.4303202 ]]
probabilities: [[0.03711331 0.4804775  0.48240918]
 [0.42659113 0.4608467  0.11256219]
 [0.15109192 0.7552388  0.09366933]
 [0.26266468 0.1730214  0.5643139 ]
 [0.13095485 0.41641226 0.45263287]]
probabilities: [[0.8781798  0.07418641 0.04763377]
 [0.11073825 0.41457015 0.4746916 ]
 [0.57094055 0.19384383 0.23521563]
 [0.2705401  0.43586656 0.29359335]
 [0.74527293 0.24507853 0.00964855]]
probabilities: [[1. 0. 0.]
 [1. 0. 0.]
 [1. 0. 0.]
 [1. 0. 0.]
 [1. 0. 0.]]
probabilities: [[0.9561775  0.0199293  0.02389325]
 [0.7527922  0.15195327 0.09525459]
 [0.29021087 0.57131815 0.13847095]
 [0.87942666 0.11813104 0.00244232]
 [0.08065528 0.7143543  0.20499042]]
probabilities: [[0.01892323 0.8290765  0.15200026]
 [0.51071006 0.41551906 0.07377088]
 [0.13812838 0.41526988 0.44660172]
 [0.11131334 0.526462   0.36222464]
 [0.37557542 0.4128936  0.211531  ]]
probabilities: [[0.39799595 0.15900889 0.44299516]
 [0.40217564 0.17051508 0.42730927]
 [0.28493822 0.31424165 0.40082014]
 [0.0302901  0.30560553 0.6641044 ]
 [0.339414   0.33117482 0.32941118]]
probabilities: [[0.3631229  0.40026093 0.23661615]
 [0.31509182 0.49832192 0.18658628]
 [0.4560578  0.39781198 0.14613025]
 [0.30154154 0.03065024 0.66780823]
 [0.46538997 0.3994264  0.13518363]]
probabilities: [[0.30863047 0.55114996 0.14021954]
 [0.46198958 0.29905152 0.23895888]
 [0.01693827 0.81226116 0.17080058]
 [0.23632798 0.73921674 0.02445531]
 [0.5518365  0.06446222 0.38370126]]
probabilities: [[1. 0. 0.]
 [1. 0. 0.]
 [1. 0. 0.]
 [1. 0. 0.]
 [1. 0. 0.]]
probabilities: [[0.09860789 0.4710427  0.4303494 ]
 [0.14675228 0.21565552 0.6375922 ]
 [0.7832261  0.20072153 0.01605239]
 [0.3322276  0.35544237 0.31233004]
 [0.8091842  0.17895204 0.01186379]]
probabilities: [[0.20581485 0.08937823 0.7048069 ]
 [0.01075092 0.54008055 0.44916856]
 [0.28141493 0.15437615 0.5642089 ]
 [0.6193788  0.34203    0.0385912 ]
 [0.00608287 0.22923194 0.7646852 ]]
probabilities: [[0.44933802 0.3229758  0.22768617]
 [0.16343984 0.45607778 0.38048238]
 [0.6916816  0.26190972 0.04640866]
 [0.46810538 0.3189464  0.21294826]
 [0.06909042 0.37810174 0.55280787]]
probabilities: [[0.02386726 0.88706195 0.08907077]
 [0.27455318 0.6806825  0.04476435]
 [0.1267219  0.26987198 0.60340613]
 [0.6703131  0.27551314 0.05417374]
 [0.11138234 0.4809167  0.40770096]]
probabilities: [[0.07095611 0.00472773 0.92431617]
 [0.6658632  0.27497417 0.05916263]
 [0.06049453 0.1996946  0.7398109 ]
 [0.01664382 0.9411569  0.04219926]
 [0.04632912 0.03157139 0.9220995 ]]
probabilities: [[0. 1. 0.]
 [0. 1. 0.]
 [0. 1. 0.]
 [0. 1. 0.]
 [0. 1. 0.]]
probabilities: [[0.0762346  0.835822   0.08794344]
 [0.15629129 0.59858674 0.24512196]
 [0.03303062 0.19523622 0.77173316]
 [0.75755936 0.19048616 0.05195448]
 [0.45567244 0.1352676  0.40905997]]
probabilities: [[0.5421964  0.4437225  0.01408112]
 [0.14949065 0.47645956 0.37404978]
 [0.67213213 0.1807209  0.14714696]
 [0.17089584 0.54669166 0.2824125 ]
 [0.3648725  0.6111176  0.02400991]]
probabilities: [[0.29525033 0.40088454 0.30386513]
 [0.01022894 0.6253584  0.36441267]
 [0.13605025 0.8495492  0.01440054]
 [0.50733596 0.45765045 0.03501358]
 [0.6101169  0.21191543 0.17796768]]
probabilities: [[0.14654669 0.24165832 0.611795  ]
 [0.11658386 0.3004152  0.58300096]
 [0.11719878 0.76133555 0.1214657 ]
 [0.31830755 0.10407976 0.5776127 ]
 [0.29613993 0.41328427 0.29057577]]
probabilities: [[0.37607557 0.02325682 0.6006676 ]
 [0.44326562 0.5291235  0.02761091]
 [0.42585418 0.21775857 0.35638726]
 [0.1681374  0.8063634  0.02549917]
 [0.00574809 0.47382727 0.52042466]]
probabilities: [[0. 0. 1.]
 [0. 1. 0.]
 [0. 1. 0.]
 [0. 0. 1.]
 [0. 0. 1.]]
probabilities: [[0.49531642 0.4760155  0.02866808]
 [0.11891059 0.2372584  0.643831  ]
 [0.04012599 0.13866428 0.8212097 ]
 [0.01994424 0.97655004 0.00350572]
 [0.34883648 0.20573741 0.4454261 ]]
probabilities: [[0.68079984 0.21003927 0.10916088]
 [0.49493775 0.19345964 0.3116026 ]
 [0.5772388  0.14837937 0.27438185]
 [0.74601287 0.06815314 0.18583399]
 [0.27828482 0.00772856 0.71398664]]
probabilities: [[0.5496912  0.34123462 0.10907419]
 [0.41119832 0.02298893 0.56581277]
 [0.2500984  0.59293795 0.15696365]
 [0.80093867 0.08453967 0.11452165]
 [0.12539153 0.8194152  0.05519325]]
probabilities: [[2.28777310e-04 2.41155252e-01 7.58615971e-01]
 [3.23635906e-01 6.05986357e-01 7.03777373e-02]
 [3.14389798e-03 1.19660124e-01 8.77195954e-01]
 [2.71626800e-01 5.55789232e-01 1.72583938e-01]
 [3.85286450e-01 2.90512264e-01 3.24201286e-01]]
probabilities: [[0.42402396 0.10574725 0.4702288 ]
 [0.10057223 0.2914405  0.6079873 ]
 [0.624143   0.1624461  0.2134109 ]
 [0.7521659  0.1092914  0.13854271]
 [0.45339632 0.05639913 0.49020454]]
probabilities: [[0. 0. 1.]
 [0. 1. 0.]
 [0. 1. 0.]
 [0. 0. 1.]
 [0. 0. 1.]]
probabilities: [[0.52772456 0.03543888 0.43683657]
 [0.11879094 0.38317406 0.49803498]
 [0.09936721 0.6243683  0.2762645 ]
 [0.25482565 0.272315   0.47285935]
 [0.24140336 0.10623546 0.6523612 ]]
probabilities: [[0.5545568  0.02454198 0.42090124]
 [0.19740948 0.18755497 0.61503553]
 [0.45604974 0.11704749 0.42690277]
 [0.11984425 0.5121402  0.36801556]
 [0.3352076  0.45542085 0.20937154]]
probabilities: [[0.34573814 0.3867202  0.26754165]
 [0.26365766 0.05907917 0.6772632 ]
 [0.41683388 0.11869287 0.46447328]
 [0.08449014 0.51365966 0.40185022]
 [0.34731036 0.31174448 0.34094518]]
probabilities: [[0.874555   0.02663746 0.09880752]
 [0.32020187 0.07137614 0.608422  ]
 [0.14345776 0.07265665 0.7838856 ]
 [0.6387092  0.01623153 0.3450593 ]
 [0.7114235  0.2826908  0.0058857 ]]
probabilities: [[0.61868864 0.07507553 0.3062358 ]
 [0.51163507 0.09396085 0.39440405]
 [0.31207624 0.653896   0.0340278 ]
 [0.08890995 0.36531013 0.54577994]
 [0.38560602 0.05553424 0.55885977]]
probabilities: [[0. 0. 1.]
 [0. 1. 0.]
 [0. 0. 1.]
 [0. 0. 1.]
 [0. 0. 1.]]
probabilities: [[0.35801727 0.1270687  0.51491404]
 [0.10820669 0.3252213  0.566572  ]
 [0.31130737 0.4968936  0.19179901]
 [0.00389043 0.1318238  0.86428577]
 [0.36154208 0.06351483 0.5749431 ]]
probabilities: [[0.20161183 0.61921984 0.17916834]
 [0.69224864 0.29734474 0.01040657]
 [0.4513737  0.16826952 0.3803568 ]
 [0.04241601 0.6109968  0.3465872 ]
 [0.25450167 0.19159193 0.5539064 ]]
probabilities: [[0.35997996 0.5189209  0.12109917]
 [0.52374846 0.45512804 0.02112348]
 [0.22146133 0.40799528 0.3705434 ]
 [0.51788914 0.41589963 0.06621122]
 [0.72122455 0.07242789 0.20634757]]
probabilities: [[0.04994805 0.89313984 0.05691212]
 [0.24508773 0.22742188 0.5274904 ]
 [0.1440054  0.5135526  0.342442  ]
 [0.72474205 0.20513867 0.07011927]
 [0.53708917 0.20167445 0.26123637]]
probabilities: [[0.28755307 0.27764675 0.43480015]
 [0.4397908  0.08447774 0.47573146]
 [0.41219506 0.36677966 0.22102527]
 [0.6030567  0.1980197  0.19892359]
 [0.7630363  0.04931834 0.18764533]]
probabilities: [[0. 0. 1.]
 [0. 1. 0.]
 [0. 0. 1.]
 [0. 0. 1.]
 [0. 0. 1.]]
probabilities: [[0.70678025 0.11130984 0.18190993]
 [0.39253774 0.13514811 0.47231412]
 [0.6625003  0.01957161 0.3179281 ]
 [0.60855985 0.12159052 0.26984963]
 [0.36062565 0.06545853 0.57391584]]
probabilities: [[0.6180401  0.14148198 0.24047795]
 [0.11137297 0.66874826 0.2198788 ]
 [0.2773947  0.17718072 0.5454246 ]
 [0.01196035 0.9680038  0.02003581]
 [0.5313988  0.22267556 0.24592566]]
probabilities: [[0.35018376 0.19442886 0.45538738]
 [0.7719035  0.11405738 0.11403912]
 [0.70857865 0.08325832 0.20816304]
 [0.0374575  0.71374303 0.24879944]
 [0.13274737 0.62101895 0.24623367]]
probabilities: [[0.19929451 0.4888069  0.3118986 ]
 [0.2330797  0.2525154  0.5144049 ]
 [0.19839177 0.12534934 0.6762589 ]
 [0.26825514 0.71661913 0.01512574]
 [0.20233545 0.3536898  0.44397476]]
probabilities: [[4.4687089e-01 1.7255642e-01 3.8057271e-01]
 [2.9272202e-04 9.4324547e-01 5.6461800e-02]
 [3.5840708e-01 2.5728840e-01 3.8430449e-01]
 [6.1123121e-01 1.9011024e-01 1.9865854e-01]
 [3.7428913e-01 5.7630414e-01 4.9406756e-02]]
probabilities: [[0. 0. 1.]
 [0. 1. 0.]
 [0. 0. 1.]
 [0. 0. 1.]
 [0. 0. 1.]]
probabilities: [[0.1236806  0.38070333 0.49561608]
 [0.20534743 0.73561734 0.05903525]
 [0.27534443 0.1992014  0.52545416]
 [0.45115185 0.05801557 0.4908326 ]
 [0.31962946 0.49403757 0.18633297]]
probabilities: [[0.7265255  0.11436493 0.1591096 ]
 [0.13056187 0.33596745 0.5334707 ]
 [0.55908346 0.41711503 0.02380148]
 [0.14400877 0.16431405 0.6916772 ]
 [0.25167984 0.6471869  0.10113329]]
probabilities: [[0.0552973  0.90965027 0.03505244]
 [0.28935325 0.2950344  0.41561234]
 [0.27573204 0.31230077 0.4119672 ]
 [0.8590925  0.13121583 0.00969168]
 [0.7555212  0.05032331 0.19415553]]
probabilities: [[0.30520353 0.6806813  0.01411521]
 [0.26230147 0.18792029 0.5497782 ]
 [0.5021206  0.42096326 0.07691614]
 [0.16401571 0.30119294 0.53479135]
 [0.5923305  0.38452086 0.02314862]]
probabilities: [[0.114989   0.84049255 0.04451844]
 [0.49568942 0.42002565 0.08428494]
 [0.07764935 0.592679   0.32967165]
 [0.30896783 0.04034168 0.6506905 ]
 [0.22805552 0.7168521  0.05509235]]
probabilities: [[0. 0. 1.]
 [0. 1. 0.]
 [0. 0. 1.]
 [0. 0. 1.]
 [0. 0. 1.]]
probabilities: [[0.24197988 0.72505134 0.03296874]
 [0.12767768 0.35899684 0.5133255 ]
 [0.27126104 0.19903688 0.52970207]
 [0.09803732 0.65078723 0.25117543]
 [0.15768406 0.27895796 0.56335795]]
probabilities: [[0.20719206 0.17072238 0.6220856 ]
 [0.46875355 0.45449945 0.07674701]
 [0.48061845 0.44220224 0.0771793 ]
 [0.78066075 0.08744096 0.13189827]
 [0.26911524 0.5621583  0.16872647]]
probabilities: [[0.18765207 0.04854853 0.7637994 ]
 [0.59797883 0.12336487 0.27865633]
 [0.5749123  0.37272948 0.0523582 ]
 [0.16336673 0.59361345 0.24301985]
 [0.04262961 0.8643947  0.09297567]]
probabilities: [[0.00877395 0.72994363 0.26128244]
 [0.54328775 0.13830154 0.3184107 ]
 [0.44942915 0.51463115 0.03593967]
 [0.24219    0.09020295 0.66760707]
 [0.6118143  0.3014151  0.08677059]]
probabilities: [[0.7476466  0.07176136 0.18059209]
 [0.26486665 0.5078601  0.2272732 ]
 [0.19427642 0.42899406 0.3767295 ]
 [0.22439916 0.34962833 0.42597252]
 [0.21336748 0.52095443 0.26567808]]
probabilities: [[0. 1. 0.]
 [0. 1. 0.]
 [0. 1. 0.]
 [0. 1. 0.]
 [0. 1. 0.]]
probabilities: [[0.3305929  0.14426184 0.52514523]
 [0.18544532 0.21664916 0.5979055 ]
 [0.31249663 0.5870073  0.1004961 ]
 [0.26501188 0.15154102 0.5834471 ]
 [0.09927646 0.23274472 0.6679788 ]]
probabilities: [[0.18939954 0.5240525  0.286548  ]
 [0.5935366  0.02244474 0.38401866]
 [0.76447797 0.20635039 0.02917162]
 [0.55406106 0.06373236 0.38220662]
 [0.13275301 0.13319951 0.7340475 ]]
probabilities: [[0.349213   0.36756116 0.28322583]
 [0.557293   0.29891074 0.1437963 ]
 [0.40160796 0.3099239  0.28846815]
 [0.4505321  0.0692764  0.4801915 ]
 [0.7435688  0.18927942 0.06715182]]
probabilities: [[0.6434634  0.17150958 0.18502703]
 [0.24176101 0.6436931  0.11454591]
 [0.862518   0.09530845 0.04217356]
 [0.49205247 0.323596   0.18435156]
 [0.17865607 0.6289031  0.19244087]]
probabilities: [[0.23181866 0.5501791  0.21800222]
 [0.34847808 0.04340713 0.6081148 ]
 [0.15542778 0.787432   0.05714018]
 [0.0840833  0.6561928  0.25972393]
 [0.26087636 0.05156378 0.68755984]]
probabilities: [[1. 0. 0.]
 [1. 0. 0.]
 [1. 0. 0.]
 [1. 0. 0.]
 [1. 0. 0.]]
probabilities: [[0.40685093 0.437758   0.15539105]
 [0.8611596  0.0857721  0.05306828]
 [0.14113604 0.71183175 0.14703223]
 [0.02890087 0.13917793 0.8319212 ]
 [0.40473232 0.44201052 0.15325718]]
probabilities: [[0.23360603 0.17916434 0.5872296 ]
 [0.73223233 0.18021235 0.0875553 ]
 [0.3115775  0.50030833 0.18811414]
 [0.47899902 0.28418556 0.23681541]
 [0.32183704 0.26796252 0.41020045]]
probabilities: [[0.12017392 0.8489574  0.03086864]
 [0.14060332 0.10924992 0.75014675]
 [0.05212116 0.11188994 0.8359889 ]
 [0.42615673 0.5491883  0.02465497]
 [0.26213518 0.6687614  0.06910345]]
probabilities: [[0.7647056  0.10461661 0.1306778 ]
 [0.45718545 0.13287614 0.4099384 ]
 [0.07316285 0.04741804 0.8794191 ]
 [0.19366129 0.5545434  0.25179535]
 [0.1920146  0.66674083 0.14124458]]
probabilities: [[0.06482755 0.1138383  0.8213341 ]
 [0.17696021 0.48746684 0.33557296]
 [0.01660468 0.7199294  0.26346594]
 [0.854421   0.00669771 0.13888124]
 [0.6931615  0.01728385 0.2895547 ]]
probabilities: [[0. 0. 1.]
 [0. 1. 0.]
 [0. 0. 1.]
 [0. 0. 1.]
 [0. 0. 1.]]
probabilities: [[0.43977758 0.35644946 0.20377296]
 [0.15869412 0.4105234  0.43078244]
 [0.14437507 0.21004875 0.6455762 ]
 [0.8227573  0.03410444 0.14313826]
 [0.2911687  0.44272476 0.26610655]]
probabilities: [[0.58448005 0.2662127  0.14930722]
 [0.01793741 0.6403862  0.34167638]
 [0.1766328  0.24814259 0.5752246 ]
 [0.26203778 0.09571621 0.642246  ]
 [0.06459971 0.32842264 0.60697764]]
probabilities: [[0.45910868 0.2727821  0.2681092 ]
 [0.7207269  0.17008848 0.10918459]
 [0.6119375  0.05865787 0.3294046 ]
 [0.7145748  0.00207502 0.28335014]
 [0.45116356 0.41833916 0.13049728]]
probabilities: [[0.35270965 0.406944   0.24034634]
 [0.1141745  0.37056157 0.5152639 ]
 [0.20256384 0.72551435 0.07192182]
 [0.17182988 0.37923464 0.44893545]
 [0.76296437 0.1278872  0.10914844]]
probabilities: [[0.25993416 0.47040933 0.2696565 ]
 [0.45368454 0.5354956  0.01081987]
 [0.27284387 0.7235336  0.00362255]
 [0.40436482 0.18189651 0.41373867]
 [0.23168547 0.3973852  0.3709293 ]]
probabilities: [[0. 0. 1.]
 [0. 1. 0.]
 [0. 1. 0.]
 [0. 0. 1.]
 [0. 0. 1.]]
probabilities: [[0.20077802 0.26291713 0.53630483]
 [0.18177809 0.3984125  0.41980943]
 [0.20807146 0.07914652 0.712782  ]
 [0.12481153 0.06747107 0.8077174 ]
 [0.15026224 0.11090431 0.7388335 ]]
probabilities: [[0.3491891  0.02858458 0.6222263 ]
 [0.35254294 0.54541314 0.10204389]
 [0.43667936 0.0320774  0.53124326]
 [0.2891476  0.3354801  0.3753723 ]
 [0.30986485 0.27844223 0.41169292]]
probabilities: [[0.9215535  0.05946768 0.01897881]
 [0.01525896 0.14409977 0.84064126]
 [0.06857927 0.46463937 0.46678138]
 [0.6596282  0.13617717 0.20419464]
 [0.1084284  0.50356674 0.38800487]]
probabilities: [[0.01614046 0.3723952  0.6114643 ]
 [0.53675735 0.07838422 0.38485846]
 [0.10814971 0.64382726 0.24802305]
 [0.5875943  0.34348342 0.06892229]
 [0.57594895 0.01745086 0.4066002 ]]
probabilities: [[0.23850234 0.05986172 0.70163596]
 [0.19817609 0.7935433  0.00828063]
 [0.17815523 0.57813    0.24371475]
 [0.95370847 0.04392741 0.00236409]
 [0.7069541  0.19986589 0.09317999]]
probabilities: [[0. 1. 0.]
 [0. 1. 0.]
 [0. 1. 0.]
 [0. 1. 0.]
 [0. 1. 0.]]
probabilities: [[0.30434942 0.47766668 0.21798392]
 [0.3997573  0.03566127 0.56458145]
 [0.31263316 0.52784324 0.1595236 ]
 [0.5028628  0.04847856 0.44865862]
 [0.06784346 0.34218144 0.58997506]]
probabilities: [[0.17850508 0.32818297 0.49331194]
 [0.394361   0.10097772 0.50466126]
 [0.32660937 0.33359298 0.33979765]
 [0.11843962 0.09422924 0.78733116]
 [0.002829   0.65680975 0.34036124]]
probabilities: [[0.0902522  0.03732946 0.87241834]
 [0.5164537  0.02918553 0.45436078]
 [0.33616114 0.24779901 0.41603985]
 [0.46880895 0.09025799 0.44093308]
 [0.09741449 0.5346868  0.36789867]]
probabilities: [[0.05842865 0.9055364  0.03603496]
 [0.7624123  0.11185009 0.12573761]
 [0.60677665 0.21191701 0.18130635]
 [0.5337673  0.3146389  0.15159382]
 [0.3348063  0.4683183  0.1968754 ]]
probabilities: [[0.29571703 0.5805955  0.12368747]
 [0.02102959 0.6777966  0.30117384]
 [0.14956203 0.50674653 0.34369147]
 [0.31553957 0.4488791  0.23558134]
 [0.25310653 0.2718809  0.47501257]]
probabilities: [[1. 0. 0.]
 [1. 0. 0.]
 [1. 0. 0.]
 [1. 0. 0.]
 [1. 0. 0.]]
probabilities: [[0.33765727 0.27806094 0.38428178]
 [0.83204806 0.15548897 0.01246299]
 [0.17881164 0.5002511  0.32093728]
 [0.32807264 0.5389593  0.13296807]
 [0.00952697 0.05545476 0.93501824]]
probabilities: [[0.08726372 0.52102244 0.39171383]
 [0.2900828  0.6169127  0.09300446]
 [0.2984387  0.12972891 0.57183236]
 [0.01240371 0.17514032 0.81245595]
 [0.34055158 0.00281542 0.656633  ]]
probabilities: [[0.17974278 0.50149965 0.31875756]
 [0.3739081  0.43618265 0.18990923]
 [0.64348274 0.2655017  0.09101553]
 [0.11378288 0.76799715 0.11821994]
 [0.734685   0.24167784 0.02363717]]
probabilities: [[0.3041422  0.23585735 0.46000046]
 [0.2153299  0.3552444  0.4294257 ]
 [0.09391569 0.39344057 0.51264375]
 [0.20517123 0.20710249 0.5877263 ]
 [0.36405256 0.3223131  0.31363434]]
probabilities: [[0.02724093 0.75967664 0.21308245]
 [0.6409376  0.14891265 0.21014974]
 [0.1833825  0.81552815 0.00108931]
 [0.6163995  0.01841803 0.36518243]
 [0.05922464 0.30579084 0.63498455]]
probabilities: [[0. 0. 1.]
 [0. 1. 0.]
 [0. 1. 0.]
 [0. 0. 1.]
 [0. 0. 1.]]
probabilities: [[0.08158689 0.5882856  0.33012745]
 [0.26513004 0.53083843 0.20403154]
 [0.12989454 0.7516088  0.11849667]
 [0.40685785 0.27992812 0.31321403]
 [0.550635   0.34118715 0.10817788]]
probabilities: [[0.32933843 0.52634984 0.14431171]
 [0.21341287 0.1549603  0.63162684]
 [0.62465703 0.31391218 0.06143074]
 [0.5842835  0.19129145 0.22442506]
 [0.18778566 0.22925408 0.58296025]]
probabilities: [[0.44449723 0.328092   0.22741076]
 [0.01738059 0.9026764  0.07994302]
 [0.29538953 0.5422785  0.16233195]
 [0.15440404 0.69609725 0.1494987 ]
 [0.26033062 0.5995141  0.14015527]]
probabilities: [[0.58043194 0.19222322 0.22734484]
 [0.5203781  0.09161386 0.38800803]
 [0.7548565  0.11036493 0.13477853]
 [0.5594733  0.2591204  0.18140629]
 [0.2781357  0.5395646  0.18229969]]
probabilities: [[0.560571   0.30037975 0.13904926]
 [0.8188598  0.021524   0.15961622]
 [0.15211424 0.6597223  0.18816344]
 [0.08294777 0.02412333 0.8929289 ]
 [0.17528275 0.5205488  0.30416843]]
probabilities: [[0. 0. 1.]
 [0. 1. 0.]
 [0. 1. 0.]
 [0. 0. 1.]
 [0. 0. 1.]]
probabilities: [[0.68246585 0.05550938 0.2620248 ]
 [0.18594937 0.6523969  0.16165368]
 [0.14173844 0.61460143 0.24366009]
 [0.94838256 0.00311099 0.04850648]
 [0.6774753  0.2911381  0.03138664]]
probabilities: [[0.55267197 0.22116129 0.22616671]
 [0.04413651 0.3422367  0.6136268 ]
 [0.4553072  0.3650876  0.17960523]
 [0.47205678 0.20689617 0.32104707]
 [0.05185388 0.15764119 0.79050493]]
probabilities: [[0.05060634 0.32695273 0.62244093]
 [0.34587735 0.52172554 0.13239712]
 [0.737432   0.19599862 0.06656935]
 [0.07324483 0.28632545 0.64042974]
 [0.06321247 0.11519339 0.8215941 ]]
probabilities: [[0.90179884 0.0415488  0.05665234]
 [0.52103114 0.41654816 0.06242069]
 [0.4533797  0.28243393 0.26418638]
 [0.66896904 0.24881423 0.0822167 ]
 [0.5909684  0.01131423 0.3977174 ]]
probabilities: [[0.5046644  0.4464908  0.04884479]
 [0.5109302  0.33709744 0.1519724 ]
 [0.67338127 0.11118708 0.21543166]
 [0.40310195 0.11972541 0.47717264]
 [0.05216606 0.02814072 0.91969323]]
probabilities: [[0. 1. 0.]
 [0. 1. 0.]
 [0. 1. 0.]
 [0. 1. 0.]
 [0. 1. 0.]]
probabilities: [[0.02259705 0.71568036 0.26172262]
 [0.24691069 0.02083118 0.73225814]
 [0.6273487  0.08763186 0.28501943]
 [0.4518682  0.4833366  0.06479518]
 [0.48067513 0.23190723 0.28741765]]
probabilities: [[0.16367356 0.7916609  0.04466552]
 [0.03550983 0.905156   0.05933417]
 [0.33849746 0.31637433 0.34512818]
 [0.25706705 0.14327185 0.5996611 ]
 [0.18522324 0.38525337 0.4295234 ]]
probabilities: [[0.13284737 0.16278592 0.7043667 ]
 [0.10353684 0.6840004  0.2124628 ]
 [0.26543796 0.27460197 0.45996007]
 [0.4968143  0.05977417 0.4434115 ]
 [0.91265315 0.05802531 0.02932154]]
probabilities: [[0.08476407 0.54579645 0.36943948]
 [0.4271399  0.14837573 0.42448437]
 [0.7169851  0.2685863  0.01442859]
 [0.03080461 0.2584918  0.71070355]
 [0.19927698 0.04764113 0.75308186]]
probabilities: [[0.14792466 0.030752   0.82132334]
 [0.17671467 0.6208852  0.20240013]
 [0.39947593 0.21541958 0.3851045 ]
 [0.08426256 0.5525221  0.36321533]
 [0.07416078 0.02557614 0.9002631 ]]
probabilities: [[0. 0. 1.]
 [0. 1. 0.]
 [0. 1. 0.]
 [0. 0. 1.]
 [0. 0. 1.]]
probabilities: [[0.06228626 0.19791338 0.7398004 ]
 [0.57967615 0.31259656 0.10772731]
 [0.42045793 0.19215392 0.38738817]
 [0.09458415 0.3491088  0.5563071 ]
 [0.16557974 0.59857434 0.23584591]]
probabilities: [[0.18120943 0.62971526 0.18907532]
 [0.3482399  0.41018036 0.24157973]
 [0.06624421 0.62147635 0.31227943]
 [0.3683657  0.44166484 0.18996945]
 [0.07922057 0.74433684 0.17644255]]
probabilities: [[0.29550752 0.37511533 0.32937714]
 [0.7688464  0.01338562 0.21776801]
 [0.00223756 0.91066206 0.08710036]
 [0.09420408 0.6677118  0.23808411]
 [0.47281417 0.37405214 0.1531337 ]]
probabilities: [[0.93661636 0.05057399 0.01280966]
 [0.3378274  0.23572044 0.42645216]
 [0.10888812 0.74000055 0.1511113 ]
 [0.26294208 0.26278076 0.47427717]
 [0.09499862 0.5204864  0.38451496]]
probabilities: [[0.21201797 0.37225142 0.41573063]
 [0.39653465 0.14942841 0.45403695]
 [0.52705425 0.02360683 0.44933894]
 [0.33331132 0.60168964 0.06499904]
 [0.28875175 0.29556885 0.41567943]]
probabilities: [[0. 1. 0.]
 [0. 1. 0.]
 [0. 1. 0.]
 [0. 1. 0.]
 [0. 1. 0.]]
probabilities: [[0.52747154 0.47081047 0.00171797]
 [0.55237067 0.09840221 0.34922713]
 [0.8715585  0.06718616 0.06125538]
 [0.24826017 0.19951135 0.5522285 ]
 [0.14495662 0.37365028 0.4813931 ]]
probabilities: [[0.28675094 0.5054457  0.20780332]
 [0.29866242 0.26048642 0.44085115]
 [0.69977176 0.04490127 0.255327  ]
 [0.24764608 0.33367845 0.41867545]
 [0.21579266 0.08246431 0.70174307]]
probabilities: [[0.58492345 0.13216563 0.28291094]
 [0.03270309 0.23083687 0.73646003]
 [0.41626108 0.5140765  0.06966244]
 [0.10036769 0.5511954  0.34843692]
 [0.16207589 0.41938317 0.41854095]]
probabilities: [[0.20217115 0.08732402 0.71050483]
 [0.13510765 0.06783941 0.7970529 ]
 [0.10413291 0.2546402  0.6412269 ]
 [0.27592114 0.6199666  0.10411222]
 [0.55208695 0.41547826 0.03243476]]
probabilities: [[0.37139526 0.45024848 0.17835627]
 [0.0819994  0.87008667 0.04791391]
 [0.24513228 0.4579393  0.2969284 ]
 [0.91073203 0.029759   0.05950899]
 [0.5058867  0.41355813 0.08055522]]
probabilities: [[0. 1. 0.]
 [0. 1. 0.]
 [0. 1. 0.]
 [0. 1. 0.]
 [0. 1. 0.]]
probabilities: [[0.5659182  0.24607804 0.18800373]
 [0.5991611  0.17207609 0.22876284]
 [0.27631333 0.7040068  0.01967989]
 [0.30286002 0.09675983 0.6003801 ]
 [0.15000714 0.28931153 0.56068134]]
probabilities: [[0.15104285 0.02765808 0.8212991 ]
 [0.17310466 0.69774634 0.12914902]
 [0.7654308  0.05029657 0.18427259]
 [0.20950112 0.13002819 0.6604707 ]
 [0.3942163  0.09171775 0.514066  ]]
probabilities: [[0.5736135  0.1940215  0.23236495]
 [0.3121266  0.48615375 0.20171964]
 [0.18531263 0.277779   0.5369084 ]
 [0.7241611  0.01603862 0.25980031]
 [0.28507024 0.30748346 0.4074463 ]]
probabilities: [[0.51154655 0.44149467 0.04695877]
 [0.10338964 0.18983571 0.70677465]
 [0.59625274 0.16071399 0.24303325]
 [0.30507725 0.52651304 0.1684097 ]
 [0.23570648 0.635199   0.12909454]]
probabilities: [[0.16000733 0.7688627  0.07112993]
 [0.76961076 0.21965364 0.01073559]
 [0.21964861 0.49665028 0.2837011 ]
 [0.2884908  0.09435044 0.6171588 ]
 [0.5557706  0.03246401 0.41176543]]
probabilities: [[0. 0. 1.]
 [0. 1. 0.]
 [0. 1. 0.]
 [0. 0. 1.]
 [0. 0. 1.]]
probabilities: [[0.08987454 0.84177274 0.06835272]
 [0.59912735 0.02168695 0.3791857 ]
 [0.2585161  0.49605894 0.24542499]
 [0.5717011  0.23729138 0.19100751]
 [0.05918237 0.4186679  0.52214974]]
probabilities: [[0.8353155  0.01798982 0.14669468]
 [0.01922377 0.27565977 0.70511645]
 [0.402243   0.1644357  0.43332133]
 [0.3019571  0.26343158 0.43461135]
 [0.3904836  0.52634573 0.08317067]]
probabilities: [[0.2114878  0.41730368 0.37120852]
 [0.23659314 0.21161139 0.5517955 ]
 [0.432453   0.09843441 0.46911258]
 [0.3430438  0.50697756 0.14997865]
 [0.41948587 0.2867659  0.29374826]]
probabilities: [[0.02904754 0.92839336 0.0425591 ]
 [0.8277082  0.1275332  0.04475863]
 [0.24687913 0.41583285 0.33728802]
 [0.10402599 0.21386033 0.6821137 ]
 [0.464067   0.45174536 0.08418764]]
probabilities: [[0.23482901 0.65545577 0.10971522]
 [0.37360597 0.34728286 0.27911118]
 [0.26936272 0.27497432 0.45566297]
 [0.12333589 0.3869583  0.4897058 ]
 [0.51627797 0.25386512 0.22985691]]
probabilities: [[0. 1. 0.]
 [0. 1. 0.]
 [0. 1. 0.]
 [0. 1. 0.]
 [0. 1. 0.]]
probabilities: [[0.35527036 0.6195597  0.02516996]
 [0.20002666 0.30557606 0.49439728]
 [0.37831375 0.4697438  0.15194246]
 [0.3150414  0.4329154  0.25204322]
 [0.74851537 0.10551923 0.1459654 ]]
probabilities: [[0.44120064 0.23978807 0.3190113 ]
 [0.2912362  0.2006163  0.50814754]
 [0.51456827 0.40376616 0.08166558]
 [0.5681611  0.20427977 0.22755915]
 [0.5071537  0.00952631 0.48332   ]]
probabilities: [[0.20470159 0.09897285 0.69632554]
 [0.24688186 0.43084612 0.32227203]
 [0.49755627 0.1945128  0.30793095]
 [0.05071582 0.11148058 0.8378036 ]
 [0.36937508 0.49813914 0.1324858 ]]
probabilities: [[0.05180528 0.6822287  0.265966  ]
 [0.86350006 0.03465783 0.10184213]
 [0.1260669  0.63568157 0.23825155]
 [0.10361435 0.7287702  0.16761544]
 [0.44110113 0.27900687 0.279892  ]]
probabilities: [[0.5121425  0.39334863 0.09450892]
 [0.2441937  0.2309192  0.5248871 ]
 [0.3702621  0.1280736  0.50166434]
 [0.54925144 0.36052144 0.09022713]
 [0.099123   0.31683215 0.5840449 ]]
probabilities: [[0. 0. 1.]
 [0. 1. 0.]
 [0. 0. 1.]
 [0. 0. 1.]
 [0. 0. 1.]]
probabilities: [[0.29254717 0.3537391  0.35371372]
 [0.02078436 0.47667074 0.5025449 ]
 [0.43623537 0.00807431 0.5556903 ]
 [0.73395383 0.05372168 0.2123245 ]
 [0.07740263 0.24386828 0.6787291 ]]
probabilities: [[0.13618043 0.00429516 0.8595244 ]
 [0.45877767 0.3492997  0.19192262]
 [0.5919869  0.16906153 0.23895156]
 [0.8603026  0.01292731 0.12677006]
 [0.32092577 0.5894952  0.08957905]]
probabilities: [[0.1344465  0.8470568  0.01849667]
 [0.27142787 0.6985934  0.02997873]
 [0.06004854 0.7026734  0.23727807]
 [0.53694755 0.17929164 0.28376082]
 [0.22635652 0.76438063 0.00926287]]
probabilities: [[0.18443286 0.57646036 0.23910677]
 [0.5856022  0.00654247 0.4078553 ]
 [0.65393627 0.33464664 0.01141712]
 [0.36251214 0.3089624  0.32852545]
 [0.07632126 0.08073156 0.8429472 ]]
probabilities: [[0.58016413 0.20763253 0.21220335]
 [0.42450604 0.50414324 0.07135072]
 [0.2732741  0.02262118 0.7041047 ]
 [0.5075975  0.41595548 0.07644698]
 [0.14209658 0.0835771  0.7743263 ]]
probabilities: [[0. 1. 0.]
 [0. 1. 0.]
 [0. 1. 0.]
 [0. 1. 0.]
 [0. 1. 0.]]
probabilities: [[0.08793499 0.02957256 0.8824925 ]
 [0.09920934 0.6048518  0.29593885]
 [0.31730652 0.20234978 0.4803437 ]
 [0.18824238 0.26066497 0.5510927 ]
 [0.03122775 0.9601105  0.00866175]]
probabilities: [[0.08081612 0.5820164  0.33716747]
 [0.64850837 0.3145728  0.03691879]
 [0.27687493 0.20711775 0.5160073 ]
 [0.26541066 0.06174111 0.6728482 ]
 [0.48406166 0.13376527 0.38217306]]
probabilities: [[0.37194186 0.2642918  0.36376634]
 [0.04893759 0.61344266 0.33761972]
 [0.77797776 0.00617601 0.21584624]
 [0.11846855 0.7904337  0.09109771]
 [0.21051122 0.41902596 0.3704628 ]]
probabilities: [[0.7639425  0.01854406 0.21751346]
 [0.16388543 0.24729457 0.58882   ]
 [0.4324954  0.21359852 0.3539061 ]
 [0.3216381  0.14893927 0.52942264]
 [0.36442527 0.3624242  0.27315053]]
probabilities: [[0.63063145 0.20546904 0.16389954]
 [0.00564309 0.21531644 0.77904046]
 [0.06274431 0.38752466 0.549731  ]
 [0.02186673 0.06196139 0.91617185]
 [0.17343342 0.19257197 0.6339946 ]]
probabilities: [[0. 1. 0.]
 [0. 1. 0.]
 [0. 1. 0.]
 [0. 1. 0.]
 [0. 1. 0.]]
probabilities: [[0.5168572  0.10006835 0.38307443]
 [0.07691203 0.67668486 0.24640313]
 [0.24017152 0.6082819  0.15154657]
 [0.01801534 0.8832926  0.09869202]
 [0.68647444 0.11186437 0.20166118]]
probabilities: [[0.26529157 0.15896487 0.57574356]
 [0.35602075 0.30835965 0.3356196 ]
 [0.6805446  0.18418467 0.1352707 ]
 [0.379467   0.17303766 0.4474953 ]
 [0.7508916  0.16748649 0.08162187]]
probabilities: [[0.73309547 0.00683771 0.26006684]
 [0.37578547 0.4532714  0.17094314]
 [0.8529183  0.027482   0.11959966]
 [0.5407006  0.34080297 0.11849643]
 [0.5025043  0.21063    0.28686574]]
probabilities: [[0.5699868  0.11461636 0.31539682]
 [0.16313678 0.29953095 0.5373323 ]
 [0.6233177  0.01849883 0.35818347]
 [0.05614715 0.87167645 0.0721764 ]
 [0.3483521  0.19817348 0.4534744 ]]
probabilities: [[0.07587167 0.40475115 0.5193772 ]
 [0.28285736 0.02439207 0.6927506 ]
 [0.01984087 0.5036179  0.47654125]
 [0.25931224 0.14160939 0.59907836]
 [0.50148904 0.21534091 0.28317   ]]
probabilities: [[0. 0. 1.]
 [0. 1. 0.]
 [0. 1. 0.]
 [0. 0. 1.]
 [0. 0. 1.]]
probabilities: [[0.54491955 0.07352152 0.3815589 ]
 [0.23810795 0.64107275 0.12081928]
 [0.19004431 0.45284748 0.3571082 ]
 [0.5245903  0.17684369 0.298566  ]
 [0.19374603 0.15515292 0.65110105]]
probabilities: [[0.12476594 0.57674265 0.2984914 ]
 [0.0615818  0.737685   0.20073317]
 [0.46365902 0.19196863 0.34437233]
 [0.4897603  0.39275712 0.11748259]
 [0.596662   0.25110343 0.1522346 ]]
probabilities: [[0.36651427 0.3121574  0.32132834]
 [0.18082899 0.7097238  0.10944726]
 [0.13503386 0.6395774  0.22538875]
 [0.65747947 0.194062   0.14845854]
 [0.17262268 0.11672209 0.7106552 ]]
probabilities: [[0.20721598 0.03879252 0.7539915 ]
 [0.83045685 0.13942802 0.0301151 ]
 [0.45553565 0.306756   0.23770835]
 [0.53820485 0.20502734 0.2567678 ]
 [0.6011323  0.04480158 0.35406616]]
probabilities: [[0.3726436  0.46666604 0.16069035]
 [0.5383859  0.1396966  0.32191747]
 [0.1639657  0.11667009 0.71936417]
 [0.6976013  0.0109701  0.2914286 ]
 [0.38171396 0.29969794 0.3185881 ]]
probabilities: [[0. 1. 0.]
 [0. 1. 0.]
 [0. 1. 0.]
 [0. 1. 0.]
 [0. 1. 0.]]
probabilities: [[0.72567576 0.16353478 0.11078948]
 [0.16226943 0.52388746 0.3138431 ]
 [0.8813069  0.09922134 0.01947175]
 [0.07211673 0.7698346  0.15804872]
 [0.633009   0.01319777 0.3537932 ]]
probabilities: [[0.128893   0.2701459  0.60096115]
 [0.30202731 0.1747424  0.5232303 ]
 [0.140544   0.60014135 0.25931466]
 [0.6072154  0.13849875 0.25428587]
 [0.14579721 0.5636388  0.290564  ]]
probabilities: [[0.6900061  0.26818395 0.04180999]
 [0.2808834  0.27407503 0.44504157]
 [0.5242051  0.07359014 0.4022048 ]
 [0.5119245  0.41604468 0.07203078]
 [0.37058038 0.6001776  0.02924205]]
probabilities: [[0.28849402 0.4628552  0.24865079]
 [0.60000825 0.23579834 0.16419342]
