probabilities: [[1. 0. 0.]
 [1. 0. 0.]
 [1. 0. 0.]
 [1. 0. 0.]
 [1. 0. 0.]]
probabilities: [[0.12924404 0.71759963 0.15315631]
 [0.22733206 0.7222975  0.05037046]
 [0.09959679 0.14868255 0.75172067]
 [0.2869003  0.6952351  0.01786461]
 [0.2228142  0.05155382 0.72563195]]
probabilities: [[5.6264859e-01 1.7395653e-01 2.6339489e-01]
 [1.9102842e-01 6.3707775e-01 1.7189384e-01]
 [6.2686121e-01 1.7255825e-01 2.0058057e-01]
 [6.2277001e-01 3.7644464e-01 7.8535563e-04]
 [5.0489012e-02 8.2967246e-01 1.1983854e-01]]
probabilities: [[0.44924974 0.34374148 0.2070088 ]
 [0.37495404 0.37216055 0.2528854 ]
 [0.7943791  0.05802731 0.14759359]
 [0.40921712 0.0222257  0.5685572 ]
 [0.5168884  0.4383594  0.04475222]]
probabilities: [[0.3356033  0.5855867  0.07880996]
 [0.5587869  0.2947328  0.14648026]
 [0.33398908 0.1821358  0.48387513]
 [0.37256104 0.20802478 0.41941416]
 [0.09591028 0.6492544  0.25483537]]
probabilities: [[0.25642386 0.64475036 0.09882574]
 [0.5235212  0.1855049  0.29097393]
 [0.0301162  0.10941163 0.86047214]
 [0.15302217 0.0071732  0.83980465]
 [0.18500693 0.3604243  0.45456877]]
probabilities: [[0. 0. 1.]
 [0. 1. 0.]
 [0. 0. 1.]
 [0. 0. 1.]
 [0. 0. 1.]]
probabilities: [[0.8938653  0.01956032 0.08657438]
 [0.285881   0.16238862 0.5517304 ]
 [0.13919394 0.811243   0.04956309]
 [0.02686693 0.77302366 0.20010939]
 [0.56279093 0.20593157 0.23127748]]
probabilities: [[0.81449026 0.03936659 0.14614314]
 [0.08902948 0.4252372  0.4857333 ]
 [0.42550322 0.53145427 0.04304247]
 [0.7437784  0.23284271 0.02337886]
 [0.08642539 0.438845   0.4747296 ]]
probabilities: [[0.262864   0.4816573  0.2554787 ]
 [0.35642835 0.25221285 0.39135876]
 [0.74291384 0.23262945 0.02445669]
 [0.00272661 0.07254498 0.9247284 ]
 [0.11580991 0.79735166 0.08683843]]
probabilities: [[0.23135382 0.60819846 0.16044772]
 [0.2738243  0.13145143 0.59472424]
 [0.5590632  0.38511297 0.05582381]
 [0.50578934 0.05812736 0.43608332]
 [0.8040822  0.09109111 0.10482669]]
probabilities: [[0.44670942 0.06789527 0.4853953 ]
 [0.49998662 0.4932358  0.00677758]
 [0.03565607 0.44422072 0.5201232 ]
 [0.2400545  0.19581981 0.5641257 ]
 [0.6338989  0.2473311  0.11877   ]]
probabilities: [[0. 1. 0.]
 [0. 1. 0.]
 [0. 1. 0.]
 [0. 1. 0.]
 [0. 1. 0.]]
probabilities: [[0.08696696 0.4943647  0.41866833]
 [0.28411105 0.3173324  0.39855656]
 [0.2693779  0.01199207 0.71863   ]
 [0.25092918 0.48063472 0.2684361 ]
 [0.85038644 0.12759043 0.02202312]]
probabilities: [[0.61880255 0.1170053  0.26419216]
 [0.2570886  0.25439045 0.48852095]
 [0.03872799 0.10378668 0.85748535]
 [0.2474519  0.55128384 0.20126423]
 [0.692338   0.04060689 0.26705512]]
probabilities: [[0.32889643 0.4118055  0.25929806]
 [0.877583   0.02428121 0.09813573]
 [0.59673387 0.2582134  0.14505275]
 [0.40613377 0.2227582  0.371108  ]
 [0.1029835  0.49119258 0.40582392]]
probabilities: [[0.7348049  0.24525352 0.01994156]
 [0.15368223 0.5423584  0.30395937]
 [0.14244312 0.04360211 0.8139548 ]
 [0.5199959  0.08655374 0.39345032]
 [0.42481795 0.21279554 0.3623865 ]]
probabilities: [[0.5360214  0.2746546  0.18932398]
 [0.61519223 0.04071183 0.34409592]
 [0.29976058 0.4670304  0.23320901]
 [0.30491513 0.18112938 0.5139555 ]
 [0.15849315 0.0119318  0.82957506]]
probabilities: [[0. 1. 0.]
 [0. 1. 0.]
 [0. 1. 0.]
 [0. 1. 0.]
 [0. 1. 0.]]
probabilities: [[0.01272687 0.8875809  0.09969224]
 [0.19947724 0.73294294 0.06757982]
 [0.25732782 0.7270368  0.01563538]
 [0.04927898 0.03066249 0.92005855]
 [0.8010682  0.08278162 0.11615022]]
probabilities: [[0.42109275 0.13053933 0.44836792]
 [0.8868358  0.02035519 0.09280901]
 [0.49680054 0.22814924 0.27505022]
 [0.5662773  0.02895057 0.40477213]
 [0.0276786  0.9538475  0.01847389]]
probabilities: [[0.32468066 0.39492854 0.28039083]
 [0.12401096 0.6258569  0.25013214]
 [0.08502167 0.5368336  0.37814474]
 [0.13595898 0.38358468 0.48045632]
 [0.0968413  0.01792284 0.88523585]]
probabilities: [[0.6189803  0.17704116 0.20397858]
 [0.2472409  0.20439832 0.54836076]
 [0.40277076 0.57829344 0.01893581]
 [0.26467556 0.5046583  0.23066616]
 [0.0940624  0.50049645 0.40544114]]
probabilities: [[0.05672345 0.01577816 0.9274984 ]
 [0.6528218  0.02319807 0.32398015]
 [0.39437914 0.42289722 0.18272364]
 [0.33816147 0.523182   0.13865654]
 [0.4129681  0.037056   0.54997593]]
probabilities: [[0. 1. 0.]
 [0. 1. 0.]
 [0. 1. 0.]
 [0. 1. 0.]
 [0. 1. 0.]]
probabilities: [[0.25509194 0.2773162  0.46759185]
 [0.47434735 0.16967614 0.3559765 ]
 [0.3686632  0.31535622 0.31598055]
 [0.7648079  0.1190299  0.11616221]
 [0.35817015 0.00369711 0.63813275]]
probabilities: [[0.3825932  0.48887214 0.12853464]
 [0.33620372 0.46362507 0.20017119]
 [0.7602009  0.11300678 0.12679228]
 [0.4343735  0.3222283  0.2433982 ]
 [0.2753944  0.51060826 0.21399733]]
probabilities: [[0.14107668 0.4363226  0.42260075]
 [0.15580621 0.5108958  0.333298  ]
 [0.09956436 0.31770074 0.5827349 ]
 [0.74106216 0.13697092 0.12196688]
 [0.10818148 0.089706   0.8021125 ]]
probabilities: [[0.16155347 0.8246951  0.01375141]
 [0.36534697 0.11037371 0.5242793 ]
 [0.2891115  0.09532241 0.61556613]
 [0.26762074 0.4382903  0.29408893]
 [0.8796135  0.06129403 0.05909245]]
probabilities: [[0.6443467  0.2316881  0.12396519]
 [0.78697103 0.17933565 0.03369331]
 [0.13400972 0.4027608  0.4632295 ]
 [0.2883819  0.60164726 0.10997085]
 [0.40994918 0.41580543 0.17424537]]
probabilities: [[0. 0. 1.]
 [0. 1. 0.]
 [0. 1. 0.]
 [0. 0. 1.]
 [0. 0. 1.]]
probabilities: [[0.06540807 0.30138758 0.63320434]
 [0.18736076 0.30395985 0.5086794 ]
 [0.6191317  0.09957571 0.28129262]
 [0.16561513 0.33349773 0.50088716]
 [0.09052795 0.6168101  0.292662  ]]
probabilities: [[0.17129147 0.5276701  0.30103844]
 [0.07963283 0.0968311  0.8235361 ]
 [0.1864508  0.44806644 0.36548278]
 [0.28984493 0.37751186 0.3326432 ]
 [0.13986345 0.1366344  0.72350216]]
probabilities: [[0.48529705 0.03224532 0.4824576 ]
 [0.24195093 0.4142589  0.34379017]
 [0.2900519  0.05781212 0.65213597]
 [0.298715   0.49426088 0.20702414]
 [0.37295088 0.16178048 0.46526864]]
probabilities: [[0.24180785 0.68542993 0.0727622 ]
 [0.2521341  0.21555525 0.5323106 ]
 [0.47045532 0.03325362 0.49629107]
 [0.4263676  0.12883699 0.4447954 ]
 [0.02010779 0.60465    0.37524217]]
probabilities: [[0.3598705  0.01033938 0.6297901 ]
 [0.13792685 0.21640813 0.645665  ]
 [0.38243154 0.5427996  0.07476889]
 [0.4393384  0.28101674 0.27964488]
 [0.16426805 0.14878139 0.68695056]]
probabilities: [[1. 0. 0.]
 [1. 0. 0.]
 [1. 0. 0.]
 [1. 0. 0.]
 [1. 0. 0.]]
probabilities: [[0.35396847 0.0885741  0.55745745]
 [0.2680032  0.37940526 0.35259157]
 [0.13177057 0.5674496  0.30077982]
 [0.7924583  0.00801616 0.19952552]
 [0.07317529 0.92555815 0.00126656]]
probabilities: [[0.02483972 0.1768047  0.7983556 ]
 [0.02903361 0.18638131 0.78458506]
 [0.694484   0.21932127 0.08619475]
 [0.392983   0.20930257 0.3977144 ]
 [0.35293028 0.28873256 0.35833716]]
probabilities: [[0.4054778  0.344654   0.24986821]
 [0.06557553 0.694723   0.23970145]
 [0.09039937 0.681933   0.22766766]
 [0.23087108 0.742588   0.02654096]
 [0.9812449  0.01646527 0.0022898 ]]
probabilities: [[0.8219503  0.15788129 0.02016839]
 [0.12455672 0.31002152 0.56542176]
 [0.45597023 0.04145725 0.50257254]
 [0.34609705 0.56494534 0.08895762]
 [0.3321003  0.06081166 0.607088  ]]
probabilities: [[0.2844821  0.35338143 0.36213648]
 [0.30061376 0.10964328 0.58974296]
 [0.3398765  0.36883366 0.2912898 ]
 [0.06291056 0.47336164 0.4637278 ]
 [0.506065   0.01004859 0.48388642]]
probabilities: [[0. 0. 1.]
 [0. 1. 0.]
 [0. 0. 1.]
 [0. 0. 1.]
 [0. 0. 1.]]
probabilities: [[0.38759473 0.09165016 0.5207551 ]
 [0.72011405 0.1733429  0.10654302]
 [0.48832673 0.16989216 0.3417811 ]
 [0.11753725 0.23603404 0.6464287 ]
 [0.48719192 0.4266744  0.08613368]]
probabilities: [[0.65799093 0.3317689  0.01024016]
 [0.24998496 0.39158505 0.35842997]
 [0.8523625  0.13750014 0.01013738]
 [0.1776074  0.35477668 0.4676159 ]
 [0.35882917 0.23404503 0.4071258 ]]
probabilities: [[0.44724214 0.09526642 0.45749146]
 [0.45490727 0.31905323 0.22603948]
 [0.00757773 0.5556354  0.4367869 ]
 [0.39628702 0.07941382 0.52429914]
 [0.32928732 0.16383475 0.5068779 ]]
probabilities: [[0.31523708 0.6178047  0.06695821]
 [0.03527592 0.4979404  0.46678367]
 [0.07425755 0.6982323  0.22751017]
 [0.33229175 0.00586885 0.6618394 ]
 [0.20603183 0.18800792 0.60596025]]
probabilities: [[0.01054138 0.16463307 0.8248255 ]
 [0.15375768 0.56475526 0.28148708]
 [0.07230253 0.11588415 0.8118133 ]
 [0.32375962 0.15938774 0.5168527 ]
 [0.5847203  0.16947757 0.24580215]]
probabilities: [[0. 0. 1.]
 [0. 1. 0.]
 [0. 1. 0.]
 [0. 0. 1.]
 [0. 0. 1.]]
probabilities: [[0.03903621 0.71347475 0.24748906]
 [0.06674903 0.63403434 0.2992166 ]
 [0.70847505 0.03112601 0.26039892]
 [0.6311783  0.02581731 0.34300438]
 [0.32395834 0.6362664  0.03977527]]
probabilities: [[0.57639    0.02944724 0.39416274]
 [0.684268   0.0134276  0.30230436]
 [0.36584947 0.5025226  0.13162796]
 [0.32757196 0.07564988 0.59677815]
 [0.09068054 0.60647196 0.30284753]]
probabilities: [[0.15391804 0.38929498 0.45678696]
 [0.3132671  0.61324745 0.07348545]
 [0.44143987 0.06731735 0.4912428 ]
 [0.340038   0.15875126 0.50121075]
 [0.40752736 0.2950589  0.29741374]]
probabilities: [[0.09513218 0.02153522 0.8833326 ]
 [0.6513805  0.11801847 0.23060104]
 [0.05071707 0.50959176 0.43969116]
 [0.744876   0.24556568 0.00955827]
 [0.21042788 0.28381956 0.50575256]]
probabilities: [[0.18203567 0.33282194 0.48514238]
 [0.51311046 0.02944135 0.45744818]
 [0.00305404 0.22559382 0.7713521 ]
 [0.45957407 0.48988235 0.05054358]
 [0.3903639  0.49698755 0.11264855]]
probabilities: [[0. 0. 1.]
 [0. 1. 0.]
 [0. 0. 1.]
 [0. 0. 1.]
 [0. 0. 1.]]
probabilities: [[0.5899682  0.1908569  0.21917486]
 [0.0567941  0.14814575 0.79506016]
 [0.2345386  0.06455411 0.7009073 ]
 [0.26330686 0.09856248 0.63813066]
 [0.4158981  0.32827997 0.25582188]]
probabilities: [[0.22124143 0.3820721  0.3966865 ]
 [0.03823109 0.3111481  0.6506208 ]
 [0.34548497 0.02884846 0.62566656]
 [0.9228092  0.01912984 0.05806096]
 [0.2696076  0.23627971 0.49411267]]
probabilities: [[0.7716968  0.14722873 0.08107445]
 [0.12210453 0.09420221 0.78369325]
 [0.07326641 0.53518164 0.3915519 ]
 [0.31734356 0.1312465  0.5514099 ]
 [0.35042703 0.01932686 0.6302461 ]]
probabilities: [[0.08315972 0.47047997 0.44636032]
 [0.08511891 0.43410188 0.4807792 ]
 [0.11917464 0.5130207  0.36780468]
 [0.61456394 0.27659965 0.10883638]
 [0.29222322 0.4520393  0.25573745]]
probabilities: [[0.22324358 0.02965751 0.7470989 ]
 [0.7207574  0.19824061 0.08100195]
 [0.0313268  0.12928416 0.839389  ]
 [0.05733338 0.71830595 0.22436066]
 [0.0677555  0.66745955 0.26478496]]
probabilities: [[1. 0. 0.]
 [1. 0. 0.]
 [1. 0. 0.]
 [1. 0. 0.]
 [1. 0. 0.]]
probabilities: [[0.35262087 0.09608365 0.55129546]
 [0.26926687 0.39401758 0.33671555]
 [0.25108308 0.53021294 0.218704  ]
 [0.01431501 0.97259897 0.01308602]
 [0.71339697 0.16750056 0.11910246]]
probabilities: [[0.8562812  0.07272325 0.07099555]
 [0.01703023 0.6333921  0.34957767]
 [0.53006804 0.32771665 0.14221531]
 [0.39264828 0.38875982 0.2185919 ]
 [0.03235796 0.76840144 0.19924058]]
probabilities: [[0.78469765 0.10649361 0.10880876]
 [0.0783878  0.20355819 0.718054  ]
 [0.4083619  0.45803857 0.13359953]
 [0.01360878 0.6488028  0.33758843]
 [0.4975661  0.2705563  0.23187758]]
probabilities: [[0.03514268 0.07207737 0.89277995]
 [0.3087162  0.24404138 0.4472424 ]
 [0.32494786 0.17143871 0.5036134 ]
 [0.31735298 0.0319587  0.6506883 ]
 [0.02338651 0.01565759 0.9609559 ]]
probabilities: [[0.34426153 0.23355977 0.42217872]
 [0.55089283 0.01803205 0.4310751 ]
 [0.48420733 0.41796112 0.09783153]
 [0.20524754 0.33919927 0.4555532 ]
 [0.64631397 0.07153538 0.28215066]]
probabilities: [[0. 0. 1.]
 [0. 1. 0.]
 [0. 1. 0.]
 [0. 0. 1.]
 [0. 0. 1.]]
probabilities: [[0.7339442  0.22165608 0.04439977]
 [0.46900216 0.31831762 0.2126802 ]
 [0.0223568  0.17581606 0.80182713]
 [0.32988143 0.36761636 0.30250221]
 [0.21694615 0.70697474 0.07607907]]
probabilities: [[0.22067133 0.74480444 0.03452422]
 [0.8585052  0.12367791 0.01781691]
 [0.39196542 0.42553926 0.18249536]
 [0.21040812 0.07076517 0.7188267 ]
 [0.6921595  0.25707087 0.05076969]]
probabilities: [[0.28563297 0.16740634 0.5469607 ]
 [0.6554654  0.01429115 0.33024344]
 [0.22044791 0.7732927  0.00625938]
 [0.80857265 0.16875048 0.02267689]
 [0.58391166 0.31270826 0.10338007]]
probabilities: [[0.5387362  0.4238795  0.03738426]
 [0.30554533 0.24661303 0.44784164]
 [0.882652   0.06354459 0.05380346]
 [0.09429416 0.4957222  0.40998363]
 [0.23925853 0.12336478 0.63737667]]
probabilities: [[0.31895605 0.63949925 0.04154471]
 [0.2701286  0.6310223  0.0988491 ]
 [0.03973908 0.30659592 0.653665  ]
 [0.16100568 0.11804025 0.72095406]
 [0.11172753 0.87095064 0.01732186]]
probabilities: [[1. 0. 0.]
 [1. 0. 0.]
 [1. 0. 0.]
 [1. 0. 0.]
 [1. 0. 0.]]
probabilities: [[0.7881449  0.02693124 0.18492389]
 [0.5423919  0.23336332 0.22424476]
 [0.14607182 0.69375503 0.16017318]
 [0.34180367 0.04034404 0.6178523 ]
 [0.52377874 0.46238646 0.01383484]]
probabilities: [[0.02515563 0.23247147 0.74237293]
 [0.7353714  0.24094832 0.02368029]
 [0.21756801 0.23474036 0.54769164]
 [0.06787068 0.4698443  0.462285  ]
 [0.3488161  0.09987612 0.5513078 ]]
probabilities: [[0.00877736 0.4310173  0.56020534]
 [0.04254076 0.1793154  0.7781438 ]
 [0.1874745  0.31017864 0.5023469 ]
 [0.07716796 0.01828901 0.90454304]
 [0.32304212 0.05288347 0.6240744 ]]
probabilities: [[0.4364362  0.2648278  0.298736  ]
 [0.15322629 0.39204818 0.45472553]
 [0.69106245 0.20279673 0.10614084]
 [0.09649258 0.288491   0.6150164 ]
 [0.31764933 0.64622456 0.03612611]]
probabilities: [[0.35421506 0.3482535  0.29753146]
 [0.6519832  0.16428304 0.18373378]
 [0.6217741  0.27315333 0.10507256]
 [0.18820609 0.7353614  0.07643253]
 [0.37566352 0.4740796  0.15025689]]
probabilities: [[0. 0. 1.]
 [0. 1. 0.]
 [0. 1. 0.]
 [0. 0. 1.]
 [0. 0. 1.]]
probabilities: [[0.06931701 0.322578   0.608105  ]
 [0.22096679 0.17780815 0.6012251 ]
 [0.30528742 0.07223397 0.6224786 ]
 [0.06369162 0.6907742  0.24553415]
 [0.06545283 0.08577861 0.8487686 ]]
probabilities: [[0.40887466 0.5675038  0.02362151]
 [0.05649595 0.672484   0.27102008]
 [0.26944533 0.3721182  0.35843647]
 [0.8049798  0.19062571 0.00439449]
 [0.40779752 0.40994295 0.18225951]]
probabilities: [[0.78294694 0.10472997 0.11232311]
 [0.69847196 0.03756415 0.2639639 ]
 [0.10943547 0.79979813 0.09076641]
 [0.04487677 0.45430455 0.50081867]
 [0.14428848 0.30278146 0.55293006]]
probabilities: [[0.36451682 0.47927472 0.15620844]
 [0.00602797 0.93130183 0.0626702 ]
 [0.37908092 0.5391631  0.081756  ]
 [0.24660951 0.39979154 0.35359895]
 [0.28769076 0.5368856  0.17542364]]
probabilities: [[0.16124964 0.52141494 0.31733543]
 [0.6508924  0.09293728 0.25617036]
 [0.13884203 0.30362323 0.55753475]
 [0.8826583  0.01847588 0.09886583]
 [0.13208656 0.3999022  0.46801126]]
probabilities: [[1. 0. 0.]
 [1. 0. 0.]
 [1. 0. 0.]
 [1. 0. 0.]
 [1. 0. 0.]]
probabilities: [[0.04331932 0.69306266 0.263618  ]
 [0.5109525  0.46864566 0.02040187]
 [0.5295871  0.2876098  0.18280315]
 [0.05704623 0.24402654 0.6989272 ]
 [0.55658084 0.06137555 0.38204363]]
probabilities: [[0.5154838  0.08128831 0.4032279 ]
 [0.02090245 0.44112188 0.53797567]
 [0.6312212  0.10206753 0.26671132]
 [0.0559984  0.11597934 0.82802224]
 [0.4018094  0.4592407  0.13894989]]
probabilities: [[0.04997568 0.53283936 0.41718495]
 [0.4496411  0.3563888  0.19397007]
 [0.22641747 0.18489347 0.588689  ]
 [0.19943522 0.7634781  0.03708669]
 [0.7018892  0.22708167 0.07102912]]
probabilities: [[0.37569588 0.40828186 0.21602225]
 [0.01023397 0.18404634 0.8057197 ]
 [0.15861353 0.62207973 0.21930672]
 [0.02435321 0.57446975 0.40117705]
 [0.2047361  0.71963364 0.07563025]]
probabilities: [[0.28178826 0.29679304 0.4214187 ]
 [0.13165146 0.6202756  0.2480729 ]
 [0.17118345 0.632305   0.19651152]
 [0.04027581 0.45316702 0.50655717]
 [0.05796636 0.14444256 0.7975911 ]]
probabilities: [[0. 1. 0.]
 [0. 1. 0.]
 [0. 1. 0.]
 [0. 1. 0.]
 [0. 1. 0.]]
probabilities: [[0.7199052  0.02933495 0.25075984]
 [0.47621325 0.5153697  0.00841704]
 [0.692091   0.17003451 0.13787453]
 [0.19809808 0.25443825 0.54746366]
 [0.37708884 0.12515473 0.4977564 ]]
probabilities: [[0.46642417 0.36135322 0.17222261]
 [0.5310697  0.29450086 0.17442945]
 [0.80794436 0.18890291 0.00315271]
 [0.65794283 0.19427042 0.14778674]
 [0.20741801 0.49340278 0.2991792 ]]
probabilities: [[0.45411828 0.16936466 0.37651706]
 [0.83850336 0.11098292 0.05051374]
 [0.47176558 0.07206088 0.45617354]
 [0.63968074 0.12362122 0.23669802]
 [0.35176355 0.57402545 0.07421098]]
probabilities: [[0.33148336 0.530828   0.13768864]
 [0.32438102 0.00668027 0.6689387 ]
 [0.81630796 0.08207884 0.10161322]
 [0.25055024 0.21714899 0.5323008 ]
 [0.25327778 0.630491   0.11623122]]
probabilities: [[0.00747444 0.35577652 0.636749  ]
 [0.4930148  0.05298697 0.4539982 ]
 [0.32431403 0.53067064 0.1450153 ]
 [0.61238855 0.13959841 0.24801305]
 [0.6034672  0.10403014 0.2925026 ]]
probabilities: [[0. 1. 0.]
 [0. 1. 0.]
 [0. 1. 0.]
 [0. 1. 0.]
 [0. 1. 0.]]
probabilities: [[0.52575296 0.4557638  0.01848326]
 [0.2573075  0.7369621  0.00573041]
 [0.2946418  0.4974753  0.20788293]
 [0.2997064  0.30287763 0.39741597]
 [0.6776499  0.01094532 0.31140476]]
probabilities: [[0.40012902 0.47029904 0.12957197]
 [0.398835   0.10000874 0.5011563 ]
 [0.33617646 0.09789323 0.5659303 ]
 [0.12134533 0.39785486 0.48079982]
 [0.48249915 0.23837769 0.2791232 ]]
probabilities: [[0.15532522 0.10673216 0.73794264]
 [0.07380576 0.42809823 0.49809602]
 [0.49296182 0.21391049 0.29312772]
 [0.10483459 0.255625   0.63954043]
 [0.02929481 0.91588664 0.05481856]]
probabilities: [[0.01843054 0.7440824  0.23748706]
 [0.017137   0.33403018 0.6488328 ]
 [0.4329999  0.32889763 0.23810248]
 [0.09618346 0.10922287 0.7945937 ]
 [0.11466483 0.696327   0.1890082 ]]
probabilities: [[0.10757522 0.05766645 0.83475834]
 [0.02534894 0.3589013  0.6157498 ]
 [0.02380041 0.37970856 0.59649104]
 [0.238791   0.6939089  0.06730016]
 [0.00386321 0.83841026 0.15772656]]
probabilities: [[0. 0. 1.]
 [0. 1. 0.]
 [0. 0. 1.]
 [0. 0. 1.]
 [0. 0. 1.]]
probabilities: [[4.2631599e-01 5.5105549e-01 2.2628557e-02]
 [9.1266704e-01 3.4146028e-04 8.6991526e-02]
 [1.0895156e-01 2.8358069e-01 6.0746771e-01]
 [2.0450641e-01 7.9491389e-01 5.7970884e-04]
 [1.8023568e-01 7.6411128e-01 5.5653043e-02]]
probabilities: [[0.5763042  0.41365626 0.01003952]
 [0.5967982  0.06962569 0.3335761 ]
 [0.4256841  0.30921128 0.26510462]
 [0.20272864 0.73870367 0.05856771]
 [0.41240215 0.05446563 0.5331322 ]]
probabilities: [[0.41351303 0.19421817 0.3922688 ]
 [0.2355782  0.7434486  0.0209732 ]
 [0.02535751 0.8234962  0.1511463 ]
 [0.06424487 0.30025822 0.6354969 ]
 [0.43760234 0.37275973 0.18963793]]
probabilities: [[0.14400125 0.71492964 0.14106911]
 [0.5070236  0.13344303 0.3595334 ]
 [0.10743318 0.19996576 0.6926011 ]
 [0.45063058 0.1786238  0.37074563]
 [0.2772145  0.41821837 0.30456716]]
probabilities: [[0.602444   0.19924724 0.19830878]
 [0.15383135 0.6230626  0.22310604]
 [0.3274509  0.0911264  0.5814227 ]
 [0.692132   0.02564574 0.28222224]
 [0.5390584  0.01436596 0.44657564]]
probabilities: [[0. 0. 1.]
 [0. 1. 0.]
 [0. 1. 0.]
 [0. 0. 1.]
 [0. 0. 1.]]
probabilities: [[0.17366728 0.3069615  0.5193712 ]
 [0.18675624 0.63618153 0.17706224]
 [0.01001188 0.3914243  0.59856385]
 [0.03838104 0.71652955 0.24508938]
 [0.07544962 0.7284264  0.196124  ]]
probabilities: [[0.6820838  0.18628168 0.13163455]
 [0.13111871 0.5068219  0.36205944]
 [0.55271196 0.34372145 0.10356656]
 [0.35938096 0.12229714 0.51832193]
 [0.10533318 0.41695654 0.47771028]]
probabilities: [[0.60687387 0.16229154 0.23083459]
 [0.35742396 0.20113808 0.44143796]
 [0.24404615 0.5448388  0.21111503]
 [0.09997888 0.4283245  0.47169662]
 [0.5354955  0.27437708 0.19012739]]
probabilities: [[0.4604273  0.07279464 0.46677804]
 [0.0604919  0.50376344 0.43574467]
 [0.12177916 0.46958223 0.4086386 ]
 [0.3402634  0.59520286 0.06453373]
 [0.61767846 0.22240122 0.15992029]]
probabilities: [[0.6275601  0.3589707  0.01346923]
 [0.23196433 0.23780616 0.5302295 ]
 [0.06299801 0.02451048 0.9124915 ]
 [0.49776873 0.25908658 0.2431447 ]
 [0.1601969  0.33439118 0.5054119 ]]
probabilities: [[0. 0. 1.]
 [0. 1. 0.]
 [0. 1. 0.]
 [0. 0. 1.]
 [0. 0. 1.]]
probabilities: [[0.08227719 0.12474251 0.7929803 ]
 [0.35243088 0.04659317 0.60097593]
 [0.6172388  0.01413166 0.36862954]
 [0.73249537 0.15741341 0.11009122]
 [0.31142408 0.642963   0.04561292]]
probabilities: [[0.13635312 0.44866222 0.41498467]
 [0.29629746 0.5021699  0.20153259]
 [0.31404993 0.3730009  0.31294918]
 [0.23884298 0.10218962 0.6589674 ]
 [0.4660747  0.02017597 0.51374936]]
probabilities: [[0.00139315 0.45423862 0.5443682 ]
 [0.08245766 0.05503589 0.86250645]
 [0.5343873  0.3694291  0.09618357]
 [0.23144108 0.24368103 0.5248779 ]
 [0.05272182 0.30032226 0.6469559 ]]
probabilities: [[0.30380014 0.03059688 0.665603  ]
 [0.5022221  0.36137208 0.13640578]
 [0.04862092 0.7140693  0.23730978]
 [0.12623262 0.7595006  0.11426672]
 [0.07695775 0.648441   0.27460122]]
probabilities: [[0.22795513 0.36457315 0.40747172]
 [0.13599433 0.5737754  0.2902303 ]
 [0.03970926 0.8388863  0.1214044 ]
 [0.09441555 0.40335616 0.5022283 ]
 [0.5398068  0.00807391 0.4521193 ]]
probabilities: [[0. 0. 1.]
 [0. 1. 0.]
 [0. 1. 0.]
 [0. 0. 1.]
 [0. 0. 1.]]
probabilities: [[0.38522738 0.34436205 0.27041057]
 [0.0420099  0.10340785 0.85458225]
 [0.2979862  0.47050333 0.23151045]
 [0.30408984 0.4132252  0.28268495]
 [0.15454897 0.77989495 0.06555606]]
probabilities: [[0.5404982  0.11166202 0.34783977]
 [0.8916487  0.03180948 0.0765418 ]
 [0.5681582  0.12931615 0.30252564]
 [0.34891224 0.62972665 0.02136114]
 [0.3313812  0.1462762  0.52234256]]
probabilities: [[0.14328279 0.18577884 0.6709384 ]
 [0.4826384  0.11274266 0.40461895]
 [0.72010124 0.10225844 0.17764033]
 [0.42250678 0.40122765 0.17626558]
 [0.3914111  0.49149874 0.11709018]]
probabilities: [[0.22327025 0.4124347  0.36429504]
 [0.68287545 0.3114075  0.00571703]
 [0.2009445  0.37842956 0.42062595]
 [0.15071298 0.42417228 0.42511475]
 [0.05008745 0.59079915 0.3591134 ]]
probabilities: [[0.25434744 0.3037511  0.44190145]
 [0.18357363 0.22221197 0.5942144 ]
 [0.08961306 0.78698874 0.12339824]
 [0.2569303  0.03380162 0.7092681 ]
 [0.6108935  0.10973147 0.27937505]]
probabilities: [[0. 1. 0.]
 [0. 1. 0.]
 [0. 1. 0.]
 [0. 1. 0.]
 [0. 1. 0.]]
probabilities: [[0.77487206 0.03563742 0.1894905 ]
 [0.03693782 0.821268   0.14179413]
 [0.56274664 0.09843893 0.33881447]
 [0.6704244  0.18395706 0.14561857]
 [0.67129904 0.16407427 0.16462667]]
probabilities: [[0.17270021 0.5413791  0.2859207 ]
 [0.39000705 0.01956182 0.5904311 ]
 [0.04396993 0.72783464 0.22819544]
 [0.47825482 0.34873778 0.17300738]
 [0.6252831  0.26152486 0.11319199]]
probabilities: [[6.3976839e-02 5.8316702e-01 3.5285616e-01]
 [3.3486983e-01 6.1543125e-01 4.9698908e-02]
 [2.1914296e-01 2.1952321e-01 5.6133384e-01]
 [7.0284235e-01 6.9101222e-02 2.2805643e-01]
 [5.5425006e-01 2.9836109e-04 4.4545159e-01]]
probabilities: [[0.32657087 0.40181428 0.27161485]
 [0.6399759  0.00590808 0.35411605]
 [0.15821826 0.28964117 0.5521406 ]
 [0.4756205  0.30744413 0.21693538]
 [0.253783   0.00918291 0.73703414]]
probabilities: [[0.29543144 0.01979857 0.68477   ]
 [0.35651398 0.5014362  0.14204986]
 [0.68637264 0.26120234 0.05242503]
 [0.4382134  0.37617838 0.18560821]
 [0.2185527  0.09218971 0.6892576 ]]
probabilities: [[0. 0. 1.]
 [0. 1. 0.]
 [0. 1. 0.]
 [0. 0. 1.]
 [0. 0. 1.]]
probabilities: [[0.52105296 0.38315597 0.09579109]
 [0.3484426  0.14828055 0.5032768 ]
 [0.25618544 0.5332112  0.21060339]
 [0.20236355 0.7375468  0.06008964]
 [0.47184145 0.40802804 0.12013053]]
probabilities: [[0.40406263 0.26583326 0.3301041 ]
 [0.32589045 0.39777505 0.2763345 ]
 [0.2873152  0.01254684 0.700138  ]
 [0.3449349  0.4112214  0.24384367]
 [0.21786974 0.6024618  0.17966841]]
probabilities: [[0.10043621 0.35672393 0.5428399 ]
 [0.05794892 0.34021923 0.60183185]
 [0.38463977 0.19539624 0.419964  ]
 [0.00481265 0.33255157 0.6626358 ]
 [0.06240719 0.25536567 0.68222713]]
probabilities: [[0.29853433 0.6929257  0.00854   ]
 [0.39342016 0.08958879 0.516991  ]
 [0.23594035 0.5818656  0.18219404]
 [0.19284868 0.6502517  0.15689962]
 [0.4902425  0.12987053 0.37988696]]
probabilities: [[0.68045616 0.1481955  0.17134835]
 [0.18066427 0.03010429 0.7892314 ]
 [0.55567783 0.33769876 0.10662341]
 [0.38989916 0.21345413 0.3966467 ]
 [0.5317767  0.39839113 0.06983215]]
probabilities: [[0. 1. 0.]
 [0. 1. 0.]
 [0. 1. 0.]
 [0. 1. 0.]
 [0. 1. 0.]]
probabilities: [[0.10279671 0.88056946 0.01663382]
 [0.5083829  0.4466838  0.04493329]
 [0.8437189  0.07751867 0.07876244]
 [0.37669137 0.28583598 0.33747265]
 [0.46561196 0.17875805 0.35562998]]
probabilities: [[0.3637817  0.00093551 0.6352828 ]
 [0.29842156 0.62981135 0.07176711]
 [0.04904075 0.28628242 0.66467685]
 [0.10547689 0.538717   0.3558061 ]
 [0.2047919  0.11033661 0.6848715 ]]
probabilities: [[0.163164   0.3268604  0.5099756 ]
 [0.00261606 0.0926222  0.90476173]
 [0.03730626 0.8955036  0.06719017]
 [0.62695235 0.23707563 0.135972  ]
 [0.26469302 0.04850561 0.6868014 ]]
probabilities: [[0.24323379 0.18183017 0.57493603]
 [0.8254322  0.00542163 0.16914621]
 [0.56462264 0.04702352 0.38835382]
 [0.23418064 0.08739474 0.6784246 ]
 [0.06560925 0.6123849  0.3220058 ]]
probabilities: [[0.21055761 0.6213553  0.16808711]
 [0.06518769 0.35894832 0.57586396]
 [0.01488317 0.1984817  0.78663516]
 [0.5205792  0.06409667 0.41532412]
 [0.15853566 0.28301224 0.5584521 ]]
probabilities: [[0. 1. 0.]
 [0. 1. 0.]
 [0. 1. 0.]
 [0. 1. 0.]
 [0. 1. 0.]]
probabilities: [[0.20437877 0.6775169  0.11810436]
 [0.6474937  0.04814236 0.30436394]
 [0.13331667 0.27120683 0.5954765 ]
 [0.00809145 0.9349601  0.0569484 ]
 [0.09972012 0.01416619 0.8861137 ]]
probabilities: [[0.6728145  0.23508029 0.09210523]
 [0.14929919 0.04140469 0.80929613]
 [0.23197858 0.33777508 0.43024632]
 [0.5943583  0.2845385  0.12110317]
 [0.43413052 0.00718828 0.5586812 ]]
probabilities: [[0.30788898 0.03664189 0.6554691 ]
 [0.6111257  0.05798363 0.3308907 ]
 [0.20736983 0.31826153 0.47436863]
 [0.3365873  0.16284768 0.50056505]
 [0.47963855 0.12540857 0.3949529 ]]
probabilities: [[0.66719294 0.2568638  0.07594323]
 [0.31476542 0.5198857  0.16534883]
 [0.44746584 0.0826173  0.46991685]
 [0.23660941 0.21047089 0.5529197 ]
 [0.02471853 0.31221837 0.6630631 ]]
probabilities: [[0.24937354 0.04184394 0.70878255]
 [0.29951224 0.48737547 0.21311228]
 [0.01293798 0.31915885 0.6679032 ]
 [0.59363014 0.01822572 0.38814414]
 [0.63890386 0.3051832  0.05591295]]
probabilities: [[0. 1. 0.]
 [0. 1. 0.]
 [0. 1. 0.]
 [0. 1. 0.]
 [0. 1. 0.]]
probabilities: [[0.2688765  0.181797   0.5493265 ]
 [0.11630634 0.5693384  0.31435528]
 [0.09535965 0.4664948  0.43814555]
 [0.5370141  0.34679827 0.1161876 ]
 [0.18723126 0.71407646 0.09869231]]
probabilities: [[0.67304724 0.26964128 0.05731147]
 [0.11627714 0.7030482  0.18067461]
 [0.24701847 0.208313   0.5446685 ]
 [0.29059622 0.7013522  0.00805162]
 [0.10301768 0.42111316 0.47586915]]
probabilities: [[0.01190659 0.5637445  0.42434892]
 [0.7716017  0.20587459 0.02252371]
 [0.2862044  0.56629646 0.14749911]
 [0.03099818 0.19129667 0.77770513]
 [0.34289882 0.28084728 0.3762539 ]]
probabilities: [[0.40754956 0.05312098 0.53932947]
 [0.3921034  0.49633297 0.11156362]
 [0.13265492 0.5459814  0.3213637 ]
 [0.43888366 0.02249565 0.5386207 ]
 [0.9034388  0.09442231 0.0021389 ]]
probabilities: [[0.27039307 0.58609533 0.1435116 ]
 [0.1940613  0.23690893 0.5690298 ]
 [0.09970063 0.17460248 0.7256969 ]
 [0.21528326 0.04838425 0.7363325 ]
 [0.33506346 0.04338126 0.62155527]]
probabilities: [[0. 0. 1.]
 [0. 1. 0.]
 [0. 0. 1.]
 [0. 0. 1.]
 [0. 0. 1.]]
probabilities: [[0.5476027  0.2739953  0.17840199]
 [0.63150066 0.14229889 0.22620045]
 [0.50131744 0.22224121 0.27644134]
 [0.11245243 0.77130777 0.11623978]
 [0.59429145 0.07239816 0.33331037]]
probabilities: [[0.73197013 0.08233377 0.1856961 ]
 [0.11310713 0.18423803 0.70265484]
 [0.00827227 0.7118372  0.27989057]
 [0.79859143 0.05031047 0.1510981 ]
 [0.81185186 0.07490176 0.11324637]]
probabilities: [[0.22826004 0.5705808  0.2011592 ]
 [0.6236976  0.24484295 0.13145947]
 [0.13531172 0.20796849 0.6567198 ]
 [0.09915855 0.572635   0.32820645]
 [0.03804761 0.11565542 0.84629697]]
probabilities: [[0.20103335 0.11664043 0.6823262 ]
 [0.06568979 0.45326105 0.48104915]
 [0.11477704 0.24536878 0.6398542 ]
 [0.8811184  0.01677584 0.10210577]
 [0.6284758  0.33825764 0.03326658]]
probabilities: [[0.34792835 0.30334467 0.348727  ]
 [0.14669079 0.81703913 0.03627009]
 [0.65520084 0.2308174  0.11398175]
 [0.22372636 0.00091464 0.77535903]
 [0.12148055 0.5852904  0.29322907]]
probabilities: [[1. 0. 0.]
 [1. 0. 0.]
 [1. 0. 0.]
 [1. 0. 0.]
 [1. 0. 0.]]
probabilities: [[0.01446557 0.57704884 0.40848556]
 [0.30410668 0.14551315 0.5503802 ]
 [0.51388365 0.2132341  0.27288225]
 [0.22555633 0.47164175 0.3028019 ]
 [0.00669953 0.5384693  0.45483115]]
probabilities: [[0.6393231  0.25274858 0.10792828]
 [0.449042   0.5057776  0.04518042]
 [0.70346403 0.15039709 0.14613886]
 [0.77761686 0.11699182 0.10539129]
 [0.62433577 0.2947234  0.08094082]]
probabilities: [[0.05492615 0.46620715 0.4788667 ]
 [0.678182   0.10535407 0.21646395]
 [0.37542266 0.2986363  0.32594106]
 [0.66809386 0.20817734 0.1237288 ]
 [0.4239568  0.4091076  0.16693558]]
probabilities: [[0.31912026 0.33843794 0.3424418 ]
 [0.07883895 0.37377188 0.54738915]
 [0.30553016 0.42109224 0.2733776 ]
 [0.7346053  0.03605871 0.22933598]
 [0.31670204 0.05108748 0.6322105 ]]
probabilities: [[0.39127153 0.60215306 0.00657544]
 [0.405577   0.50411206 0.09031096]
 [0.11773819 0.00885872 0.8734031 ]
 [0.20573132 0.24777429 0.54649436]
 [0.10574504 0.8652275  0.02902745]]
probabilities: [[1. 0. 0.]
 [1. 0. 0.]
 [1. 0. 0.]
 [1. 0. 0.]
 [1. 0. 0.]]
probabilities: [[0.2689976  0.09858596 0.6324164 ]
 [0.15917206 0.74746317 0.0933648 ]
 [0.15208215 0.62647897 0.22143887]
 [0.22285324 0.03501698 0.7421298 ]
 [0.19435422 0.17504074 0.63060504]]
probabilities: [[0.2884224  0.2717518  0.4398258 ]
 [0.10556253 0.57136256 0.3230749 ]
 [0.1986868  0.62515545 0.17615777]
 [0.2550141  0.4748754  0.2701105 ]
 [0.04970263 0.822639   0.12765838]]
probabilities: [[0.17503594 0.5106515  0.31431255]
 [0.55766183 0.00677757 0.43556058]
 [0.21287921 0.63592285 0.15119791]
 [0.43730432 0.01979524 0.54290044]
 [0.00409997 0.5777419  0.41815808]]
probabilities: [[0.31521845 0.6398198  0.04496171]
 [0.01147708 0.72792923 0.26059365]
 [0.51399946 0.00618991 0.47981063]
 [0.75922215 0.0446363  0.19614157]
 [0.11116303 0.45974556 0.42909142]]
probabilities: [[0.23456922 0.21433282 0.5510979 ]
 [0.07025636 0.52016056 0.4095831 ]
 [0.4725365  0.42856163 0.09890188]
 [0.6231371  0.1982679  0.17859496]
 [0.03316357 0.11643949 0.85039693]]
probabilities: [[0. 1. 0.]
 [0. 1. 0.]
 [0. 1. 0.]
 [0. 1. 0.]
 [0. 1. 0.]]
probabilities: [[0.19293109 0.5072171  0.2998518 ]
 [0.02439211 0.8889855  0.08662237]
 [0.50742286 0.47204706 0.02053009]
 [0.5206395  0.0609984  0.41836214]
 [0.48976025 0.10651541 0.40372434]]
probabilities: [[0.34358802 0.38972464 0.26668733]
 [0.42313597 0.35790268 0.21896136]
 [0.09472259 0.05385649 0.85142094]
 [0.19991994 0.00981703 0.79026306]
 [0.3461566  0.20121548 0.45262793]]
probabilities: [[0.07262126 0.32328126 0.6040975 ]
 [0.28411165 0.33359966 0.3822887 ]
 [0.46603474 0.32322657 0.21073869]
 [0.7902083  0.14876194 0.06102975]
 [0.11913028 0.14082877 0.74004096]]
probabilities: [[0.7356285  0.00585041 0.25852114]
 [0.3701392  0.14429207 0.4855687 ]
 [0.28078508 0.53626    0.1829549 ]
 [0.7403224  0.25587013 0.00380745]
 [0.315236   0.6716849  0.01307909]]
probabilities: [[0.14736171 0.5608738  0.2917645 ]
 [0.5714588  0.3940917  0.0344495 ]
 [0.04209895 0.8457696  0.11213147]
 [0.39486587 0.40894875 0.1961854 ]
 [0.2607249  0.11705852 0.6222166 ]]
probabilities: [[0. 0. 1.]
 [0. 1. 0.]
 [0. 0. 1.]
 [0. 0. 1.]
 [0. 0. 1.]]
probabilities: [[0.05081405 0.91277224 0.03641372]
 [0.47078112 0.21266247 0.31655642]
 [0.14803435 0.8126796  0.03928606]
 [0.32895485 0.5228501  0.14819506]
 [0.20417988 0.7605219  0.03529824]]
probabilities: [[0.4871325  0.49793723 0.01493028]
 [0.01229271 0.54681754 0.44088975]
 [0.1829459  0.2103879  0.6066662 ]
 [0.32806373 0.5663016  0.10563468]
 [0.24100311 0.5709288  0.18806805]]
probabilities: [[0.7859795  0.20274264 0.01127789]
 [0.36141628 0.1872231  0.4513606 ]
 [0.65220445 0.09607687 0.25171867]
 [0.2735607  0.41822493 0.30821437]
 [0.12784545 0.33280486 0.5393497 ]]
probabilities: [[0.13433252 0.4983046  0.3673629 ]
 [0.03903248 0.94193184 0.01903567]
 [0.35996413 0.03097181 0.60906404]
 [0.42363974 0.49360657 0.08275368]
 [0.27650493 0.5517948  0.17170022]]
probabilities: [[0.19604321 0.75247234 0.05148446]
 [0.24131383 0.05709966 0.7015865 ]
 [0.06227674 0.49897045 0.43875283]
 [0.02952575 0.7230906  0.24738364]
 [0.50549465 0.22086652 0.27363878]]
probabilities: [[0. 0. 1.]
 [0. 1. 0.]
 [0. 0. 1.]
 [0. 0. 1.]
 [0. 0. 1.]]
probabilities: [[0.07209055 0.67649496 0.25141448]
 [0.0970144  0.39109042 0.5118952 ]
 [0.4795362  0.45751393 0.06294987]
 [0.46093735 0.1036014  0.43546125]
 [0.6450491  0.05752043 0.2974305 ]]
probabilities: [[0.0368358  0.71231574 0.25084844]
 [0.28632423 0.51827496 0.19540079]
 [0.37344724 0.18314357 0.44340917]
 [0.4335663  0.09298954 0.47344416]
 [0.13295107 0.5676184  0.2994305 ]]
probabilities: [[0.09250912 0.6119217  0.29556915]
 [0.09460072 0.18465091 0.72074836]
 [0.48976985 0.21931016 0.29092   ]
 [0.3503637  0.02681341 0.6228229 ]
 [0.07685465 0.00922799 0.91391736]]
probabilities: [[0.20430614 0.27499118 0.52070266]
 [0.90189797 0.03402887 0.06407315]
 [0.3300978  0.36587209 0.30403012]
 [0.5290785  0.2900087  0.18091281]
 [0.03045069 0.3455644  0.62398493]]
probabilities: [[0.2281102  0.54917437 0.22271545]
 [0.706208   0.01467216 0.27911988]
 [0.8543165  0.04366323 0.10202032]
 [0.39278293 0.07499605 0.532221  ]
 [0.72106683 0.04903286 0.22990029]]
probabilities: [[0. 0. 1.]
 [0. 1. 0.]
 [0. 0. 1.]
 [0. 0. 1.]
 [0. 0. 1.]]
probabilities: [[0.2098981  0.73305035 0.05705155]
 [0.5672233  0.0181418  0.41463488]
 [0.19250359 0.5265837  0.28091273]
 [0.4788466  0.46856138 0.05259201]
 [0.07972275 0.37711608 0.54316115]]
probabilities: [[0.32362926 0.20444928 0.47192144]
 [0.23226602 0.15358275 0.61415124]
 [0.09231954 0.35962155 0.5480589 ]
 [0.09367476 0.2044711  0.70185417]
 [0.4418295  0.3994444  0.1587261 ]]
probabilities: [[0.15037759 0.16701156 0.68261087]
 [0.32842743 0.0084322  0.66314036]
 [0.49830794 0.47891638 0.02277567]
 [0.07785982 0.85607535 0.06606485]
 [0.01169581 0.29321194 0.69509226]]
probabilities: [[0.11605873 0.4223401  0.46160117]
 [0.35963133 0.15053484 0.48983383]
 [0.28245154 0.63649017 0.08105831]
 [0.03743064 0.37932575 0.5832436 ]
 [0.39782324 0.01916095 0.5830158 ]]
probabilities: [[0.04535455 0.21611905 0.7385264 ]
 [0.02515583 0.531221   0.44362321]
 [0.4454962  0.30954647 0.24495733]
 [0.38246116 0.39706156 0.22047727]
 [0.40420142 0.3164781  0.27932048]]
probabilities: [[0. 0. 1.]
 [0. 1. 0.]
 [0. 1. 0.]
 [0. 0. 1.]
 [0. 0. 1.]]
probabilities: [[0.24642533 0.2592162  0.49435848]
 [0.0663432  0.15687469 0.7767821 ]
 [0.11891998 0.63758236 0.24349768]
 [0.10841396 0.10370509 0.78788096]
 [0.01623668 0.06469088 0.91907245]]
probabilities: [[0.06671483 0.6967473  0.23653784]
 [0.84856445 0.0085056  0.14292997]
 [0.18204273 0.35451952 0.46343777]
 [0.14473312 0.15473098 0.7005359 ]
 [0.2533399  0.43407175 0.31258836]]
probabilities: [[0.49530146 0.45341864 0.0512799 ]
 [0.6072839  0.01037737 0.38233876]
 [0.472172   0.2266908  0.3011372 ]
 [0.16021423 0.5921665  0.24761927]
 [0.21997216 0.62550807 0.15451974]]
probabilities: [[0.16462173 0.74877703 0.08660125]
 [0.27719527 0.46717352 0.2556312 ]
 [0.5636621  0.14219077 0.29414716]
 [0.3673657  0.22340915 0.40922517]
 [0.22512151 0.55079436 0.22408411]]
probabilities: [[0.48709112 0.36438984 0.14851904]
 [0.32815847 0.40714237 0.26469916]
 [0.4135457  0.05475759 0.5316967 ]
 [0.24195392 0.59095645 0.16708961]
 [0.8405217  0.06462649 0.09485183]]
probabilities: [[0. 1. 0.]
 [0. 1. 0.]
 [0. 1. 0.]
 [0. 1. 0.]
 [0. 1. 0.]]
probabilities: [[1.0004686e-01 4.2030521e-02 8.5792261e-01]
 [3.8350964e-01 5.7779998e-01 3.8690399e-02]
 [7.6153284e-01 1.7128425e-02 2.2133872e-01]
 [3.2036608e-01 4.3026599e-01 2.4936792e-01]
 [9.7396994e-01 2.5148822e-02 8.8125654e-04]]
probabilities: [[0.29996684 0.67534566 0.02468752]
 [0.04502795 0.81269085 0.14228117]
 [0.23527186 0.67456806 0.09016012]
 [0.5692013  0.37275583 0.05804288]
 [0.10219149 0.4387972  0.45901132]]
probabilities: [[0.12839136 0.825804   0.04580466]
 [0.07172113 0.9179707  0.01030817]
 [0.0547986  0.8788033  0.06639811]
 [0.09741332 0.1728542  0.72973245]
 [0.4581091  0.4247896  0.11710128]]
probabilities: [[0.16128348 0.4284501  0.41026643]
 [0.75303155 0.22899514 0.01797332]
 [0.8330126  0.03511474 0.1318727 ]
 [0.70308083 0.20857802 0.08834114]
 [0.61369705 0.15393275 0.23237021]]
probabilities: [[0.01323261 0.00903329 0.9777341 ]
 [0.20996116 0.591049   0.19898981]
 [0.441105   0.2501546  0.3087404 ]
 [0.03793197 0.34719488 0.6148732 ]
 [0.13959448 0.12388495 0.7365206 ]]
probabilities: [[1. 0. 0.]
 [1. 0. 0.]
 [1. 0. 0.]
 [1. 0. 0.]
 [1. 0. 0.]]
probabilities: [[0.14004876 0.2728677  0.5870835 ]
 [0.17142268 0.8173785  0.01119883]
 [0.2071095  0.3833178  0.40957272]
 [0.40520474 0.5514123  0.04338297]
 [0.24296427 0.08692981 0.67010593]]
probabilities: [[0.3448508  0.6479863  0.00716289]
 [0.26725793 0.2699284  0.46281368]
 [0.08236749 0.4436967  0.4739358 ]
 [0.4106973  0.06790735 0.5213953 ]
 [0.3227205  0.36623806 0.31104144]]
probabilities: [[0.09829387 0.5245891  0.37711698]
 [0.253576   0.33223975 0.41418424]
 [0.23765942 0.2627939  0.49954668]
 [0.26239118 0.60824573 0.1293631 ]
 [0.5579421  0.33885628 0.10320162]]
probabilities: [[0.16576539 0.6258872  0.2083474 ]
 [0.3956913  0.5785591  0.02574961]
 [0.3257281  0.29456824 0.37970367]
 [0.27572867 0.520815   0.20345628]
 [0.31898627 0.26142997 0.41958374]]
probabilities: [[0.45220318 0.5211168  0.02667998]
 [0.55761904 0.12591177 0.3164692 ]
 [0.34659544 0.51803446 0.1353701 ]
 [0.3795385  0.45333427 0.16712724]
 [0.80241704 0.05978609 0.13779686]]
probabilities: [[1. 0. 0.]
 [1. 0. 0.]
 [1. 0. 0.]
 [1. 0. 0.]
 [1. 0. 0.]]
probabilities: [[0.20677973 0.7819346  0.01128562]
 [0.8479314  0.07799641 0.07407222]
 [0.3816228  0.07142062 0.5469566 ]
 [0.4558447  0.0829735  0.4611818 ]
 [0.6098167  0.13618015 0.25400317]]
probabilities: [[0.08631793 0.7570998  0.15658228]
 [0.3089767  0.4939414  0.19708192]
 [0.28347674 0.1705974  0.54592586]
 [0.46750435 0.25295335 0.2795423 ]
 [0.08027208 0.21849023 0.7012377 ]]
probabilities: [[0.03357602 0.8615529  0.10487112]
 [0.5356587  0.4066573  0.05768396]
 [0.3857603  0.32396954 0.29027012]
 [0.13011071 0.54494995 0.32493934]
 [0.27951542 0.32426763 0.39621696]]
probabilities: [[0.32231563 0.08623306 0.5914513 ]
 [0.149134   0.19574718 0.6551188 ]
 [0.27730086 0.3343855  0.38831362]
 [0.32195646 0.46118405 0.21685949]
 [0.00605415 0.66244644 0.3314994 ]]
probabilities: [[0.07448946 0.82584864 0.09966192]
 [0.21877775 0.39664662 0.38457564]
 [0.46220618 0.50613195 0.03166187]
 [0.49492142 0.03967291 0.46540567]
 [0.41984287 0.06689056 0.51326656]]
probabilities: [[0. 0. 1.]
 [0. 1. 0.]
 [0. 1. 0.]
 [0. 0. 1.]
 [0. 0. 1.]]
probabilities: [[0.00258178 0.54805017 0.44936806]
 [0.71818465 0.2396515  0.04216386]
 [0.66092724 0.06303027 0.27604252]
 [0.13322458 0.8302507  0.03652475]
 [0.47248167 0.4703455  0.05717284]]
probabilities: [[0.63297737 0.33192563 0.03509697]
 [0.1484657  0.3431185  0.5084158 ]
 [0.07302406 0.45558822 0.4713877 ]
 [0.4687185  0.06317788 0.46810362]
 [0.2036079  0.23277715 0.56361496]]
probabilities: [[0.20074052 0.23738874 0.56187075]
 [0.05601314 0.45791385 0.48607302]
 [0.03191731 0.4298241  0.53825855]
 [0.4643633  0.328606   0.20703067]
 [0.14033198 0.6741742  0.18549381]]
probabilities: [[0.1139399  0.04620197 0.8398581 ]
