probabilities: [[1. 0. 0.]
 [1. 0. 0.]
 [1. 0. 0.]
 [1. 0. 0.]
 [1. 0. 0.]]
probabilities: [[0.1805802  0.5691648  0.25025496]
 [0.21037108 0.5275158  0.26211306]
 [0.43596742 0.1613789  0.4026537 ]
 [0.40509287 0.13752082 0.4573863 ]
 [0.7808434  0.10682622 0.11233043]]
probabilities: [[0.5362556  0.09570768 0.36803672]
 [0.47667003 0.17118672 0.35214326]
 [0.03889432 0.32986996 0.6312357 ]
 [0.52276284 0.1024905  0.37474668]
 [0.28741947 0.00925743 0.70332307]]
probabilities: [[0.45268694 0.0172875  0.5300256 ]
 [0.68886554 0.28500935 0.02612513]
 [0.9420539  0.04754047 0.01040559]
 [0.02188755 0.56724703 0.4108654 ]
 [0.23005465 0.75259614 0.0173492 ]]
probabilities: [[0.15556048 0.40588775 0.43855175]
 [0.19075924 0.3415857  0.46765506]
 [0.03696958 0.29837814 0.6646523 ]
 [0.05835362 0.2895902  0.65205616]
 [0.4755391  0.24519424 0.27926666]]
probabilities: [[0.60248965 0.15768613 0.23982424]
 [0.08464286 0.20384063 0.7115165 ]
 [0.21348502 0.18631445 0.60020053]
 [0.8691996  0.0230468  0.10775362]
 [0.93314105 0.0652777  0.00158124]]
probabilities: [[0. 0. 1.]
 [0. 1. 0.]
 [0. 0. 1.]
 [0. 0. 1.]
 [0. 0. 1.]]
probabilities: [[0.736335   0.13078986 0.13287516]
 [0.5962074  0.15145065 0.25234196]
 [0.05162932 0.8476681  0.10070259]
 [0.4736174  0.22091395 0.30546865]
 [0.43273568 0.21160087 0.35566345]]
probabilities: [[0.40294006 0.00684683 0.5902131 ]
 [0.55806077 0.070278   0.37166122]
 [0.73090994 0.20217709 0.06691294]
 [0.24636278 0.37072226 0.38291496]
 [0.26505134 0.26504102 0.46990767]]
probabilities: [[0.09339646 0.05170948 0.85489404]
 [0.2875749  0.507146   0.20527913]
 [0.51612675 0.26136053 0.22251269]
 [0.89307    0.02946322 0.07746678]
 [0.13150747 0.6089826  0.25950992]]
probabilities: [[0.04286334 0.6529763  0.30416042]
 [0.84264827 0.12737855 0.02997319]
 [0.46690705 0.12605987 0.4070331 ]
 [0.2014475  0.6724651  0.1260874 ]
 [0.1685601  0.31522825 0.5162116 ]]
probabilities: [[0.20442489 0.05295842 0.7426167 ]
 [0.59937423 0.10948158 0.2911442 ]
 [0.19505489 0.47774526 0.32719985]
 [0.00900221 0.52027404 0.47072375]
 [0.34219965 0.5168199  0.14098045]]
probabilities: [[0. 1. 0.]
 [0. 1. 0.]
 [0. 1. 0.]
 [0. 1. 0.]
 [0. 1. 0.]]
probabilities: [[0.13891734 0.72462255 0.13646014]
 [0.56772834 0.410999   0.02127263]
 [0.05075853 0.69118226 0.25805923]
 [0.03422659 0.12589127 0.83988214]
 [0.2214271  0.6275516  0.15102129]]
probabilities: [[0.5194872  0.16633222 0.31418058]
 [0.3044222  0.25934592 0.43623185]
 [0.11356702 0.13776615 0.7486668 ]
 [0.22376421 0.5635055  0.21273033]
 [0.37929252 0.10886759 0.51183987]]
probabilities: [[0.5007067  0.26384905 0.23544426]
 [0.05486579 0.62574655 0.31938764]
 [0.04478275 0.4195461  0.5356712 ]
 [0.27551773 0.5781564  0.14632584]
 [0.3199333  0.54186    0.13820672]]
probabilities: [[0.09116892 0.8889541  0.01987697]
 [0.119351   0.6014494  0.2791996 ]
 [0.36974165 0.52431625 0.10594211]
 [0.40313095 0.56008214 0.03678694]
 [0.35175148 0.03353034 0.6147182 ]]
probabilities: [[0.5794351  0.2962743  0.12429061]
 [0.52575856 0.3356807  0.13856073]
 [0.47531214 0.48129922 0.04338861]
 [0.34997526 0.5466017  0.10342301]
 [0.24327883 0.12089741 0.6358238 ]]
probabilities: [[0. 0. 1.]
 [0. 1. 0.]
 [0. 1. 0.]
 [0. 0. 1.]
 [0. 0. 1.]]
probabilities: [[0.22391628 0.5353972  0.24068654]
 [0.39001903 0.39475557 0.21522541]
 [0.43138608 0.29818526 0.27042866]
 [0.11000971 0.8499757  0.04001459]
 [0.01114536 0.32221407 0.6666406 ]]
probabilities: [[0.08212853 0.3551564  0.56271505]
 [0.09365469 0.03732995 0.86901534]
 [0.07077929 0.04976871 0.879452  ]
 [0.11907785 0.33227405 0.5486481 ]
 [0.5081089  0.39693367 0.09495746]]
probabilities: [[0.08496131 0.8106035  0.10443517]
 [0.00304651 0.75797004 0.23898348]
 [0.4820068  0.39786404 0.12012917]
 [0.28108403 0.30726576 0.4116502 ]
 [0.60370123 0.3604513  0.03584744]]
probabilities: [[0.5020273  0.01859194 0.4793808 ]
 [0.7141557  0.12066644 0.16517791]
 [0.2700001  0.13948978 0.59051013]
 [0.02495151 0.1256468  0.8494017 ]
 [0.37610602 0.12777574 0.49611822]]
probabilities: [[0.74591225 0.1950628  0.05902496]
 [0.35857785 0.5648285  0.0765936 ]
 [0.759842   0.00985918 0.23029882]
 [0.55764604 0.23318374 0.20917022]
 [0.48054105 0.13169971 0.38775924]]
probabilities: [[0. 0. 1.]
 [0. 1. 0.]
 [0. 0. 1.]
 [0. 0. 1.]
 [0. 0. 1.]]
probabilities: [[0.01332534 0.5504265  0.43624815]
 [0.40434387 0.27039322 0.32526287]
 [0.57489556 0.33231083 0.09279359]
 [0.42091998 0.14903142 0.4300486 ]
 [0.4562129  0.12072933 0.42305776]]
probabilities: [[0.03541604 0.5661738  0.39841017]
 [0.6045265  0.29472205 0.10075145]
 [0.11391588 0.67871916 0.20736495]
 [0.93878335 0.00122772 0.05998894]
 [0.17640793 0.35454306 0.46904904]]
probabilities: [[0.25785074 0.3311233  0.41102597]
 [0.23800215 0.01120885 0.750789  ]
 [0.83906746 0.05859921 0.10233331]
 [0.2760959  0.6542017  0.06970243]
 [0.30609146 0.06596296 0.62794554]]
probabilities: [[0.1732383  0.79981107 0.0269506 ]
 [0.14190844 0.61920166 0.23888992]
 [0.15346129 0.7409281  0.10561062]
 [0.44170827 0.54322207 0.01506967]
 [0.26375845 0.12018412 0.61605746]]
probabilities: [[0.44097087 0.28340676 0.2756224 ]
 [0.7396833  0.06194271 0.19837403]
 [0.8552779  0.05046849 0.09425362]
 [0.14459457 0.42322478 0.43218067]
 [0.05266433 0.46096915 0.48636654]]
probabilities: [[0. 1. 0.]
 [0. 1. 0.]
 [0. 1. 0.]
 [0. 1. 0.]
 [0. 1. 0.]]
probabilities: [[0.24594593 0.42057538 0.3334787 ]
 [0.21230051 0.74217576 0.04552372]
 [0.26665184 0.14309642 0.59025174]
 [0.35686675 0.01281072 0.6303225 ]
 [0.3127554  0.1149385  0.5723061 ]]
probabilities: [[0.41129404 0.23875244 0.34995353]
 [0.07661763 0.6078807  0.3155017 ]
 [0.00391046 0.59582627 0.40026328]
 [0.12736031 0.5058384  0.3668013 ]
 [0.18633297 0.12106627 0.6926007 ]]
probabilities: [[0.68886524 0.20738569 0.1037491 ]
 [0.0938621  0.25353536 0.65260255]
 [0.28469145 0.48460954 0.230699  ]
 [0.32990137 0.20803857 0.4620601 ]
 [0.01643755 0.7851022  0.19846027]]
probabilities: [[0.44806066 0.4386647  0.11327464]
 [0.4455236  0.06900782 0.4854686 ]
 [0.3225852  0.2138787  0.4635361 ]
 [0.19263086 0.286558   0.52081114]
 [0.23767507 0.43503794 0.327287  ]]
probabilities: [[0.16940682 0.7150402  0.11555295]
 [0.05409271 0.59321576 0.3526915 ]
 [0.42662868 0.13786218 0.43550918]
 [0.11920474 0.33006206 0.5507332 ]
 [0.12494946 0.50702673 0.36802384]]
probabilities: [[0. 0. 1.]
 [0. 1. 0.]
 [0. 0. 1.]
 [0. 0. 1.]
 [0. 0. 1.]]
probabilities: [[0.18229088 0.04217433 0.7755348 ]
 [0.36953235 0.54044944 0.09001823]
 [0.01444882 0.70011854 0.2854326 ]
 [0.0605255  0.46590015 0.47357434]
 [0.4002017  0.27190247 0.32789582]]
probabilities: [[0.7623458  0.04079127 0.19686295]
 [0.00418671 0.3881947  0.6076186 ]
 [0.35570315 0.10908495 0.5352119 ]
 [0.8064913  0.08872083 0.10478786]
 [0.16991536 0.35148403 0.47860062]]
probabilities: [[0.08944961 0.2747868  0.6357636 ]
 [0.10676359 0.5394955  0.3537409 ]
 [0.88379866 0.09171674 0.02448463]
 [0.6047233  0.25319228 0.14208443]
 [0.19209602 0.41607925 0.39182472]]
probabilities: [[0.46583727 0.41983452 0.1143282 ]
 [0.05659603 0.2999825  0.6434215 ]
 [0.7893023  0.09063644 0.12006125]
 [0.06325964 0.9060834  0.03065693]
 [0.39758402 0.19759206 0.40482393]]
probabilities: [[0.5428816  0.3363253  0.12079314]
 [0.26345664 0.26138765 0.4751557 ]
 [0.20126936 0.37882146 0.41990918]
 [0.1060158  0.06518499 0.8287992 ]
 [0.17629224 0.05081405 0.7728937 ]]
probabilities: [[0. 0. 1.]
 [0. 1. 0.]
 [0. 0. 1.]
 [0. 0. 1.]
 [0. 0. 1.]]
probabilities: [[0.05839993 0.59345365 0.3481464 ]
 [0.0631887  0.5948645  0.3419468 ]
 [0.640053   0.27358505 0.08636194]
 [0.09424029 0.37799743 0.5277623 ]
 [0.17817308 0.5210854  0.30074152]]
probabilities: [[0.1097178  0.5965338  0.2937484 ]
 [0.69991493 0.2700338  0.03005126]
 [0.4936463  0.22290725 0.28344643]
 [0.40200236 0.43185064 0.16614698]
 [0.14245538 0.41864106 0.43890354]]
probabilities: [[0.28709084 0.19477847 0.5181307 ]
 [0.5795741  0.20951283 0.21091308]
 [0.01336103 0.00135104 0.9852879 ]
 [0.2903211  0.555733   0.15394585]
 [0.19637518 0.23179623 0.5718286 ]]
probabilities: [[0.6916995  0.26889926 0.03940127]
 [0.22164387 0.3608789  0.41747722]
 [0.24151982 0.69010174 0.06837844]
 [0.2887518  0.28619692 0.42505127]
 [0.4259678  0.0245506  0.5494816 ]]
probabilities: [[0.14254934 0.5199228  0.3375279 ]
 [0.00122566 0.2588427  0.73993164]
 [0.144448   0.49974936 0.35580263]
 [0.26009753 0.04109697 0.6988055 ]
 [0.6597607  0.18118358 0.1590557 ]]
probabilities: [[1. 0. 0.]
 [1. 0. 0.]
 [1. 0. 0.]
 [1. 0. 0.]
 [1. 0. 0.]]
probabilities: [[0.13285346 0.2663915  0.60075504]
 [0.01705729 0.08438982 0.8985529 ]
 [0.6542706  0.19148986 0.15423952]
 [0.2447481  0.24406286 0.51118904]
 [0.4304392  0.3965387  0.17302209]]
probabilities: [[0.27831966 0.1950265  0.5266538 ]
 [0.12012046 0.5524705  0.327409  ]
 [0.57637894 0.30326512 0.12035593]
 [0.57749164 0.15467596 0.26783243]
 [0.21581037 0.56796896 0.21622068]]
probabilities: [[0.04646749 0.45492908 0.49860343]
 [0.26687792 0.52622026 0.20690182]
 [0.0254059  0.7765816  0.19801253]
 [0.13874075 0.6965159  0.16474336]
 [0.2087893  0.07089181 0.7203189 ]]
probabilities: [[0.06984898 0.04473527 0.88541573]
 [0.06786445 0.23132986 0.7008057 ]
 [0.07999644 0.9013161  0.01868745]
 [0.44682813 0.500678   0.05249384]
 [0.2986719  0.0672579  0.6340702 ]]
probabilities: [[0.83203983 0.06963491 0.09832523]
 [0.04551767 0.39577892 0.5587034 ]
 [0.06127397 0.5323955  0.40633053]
 [0.1462018  0.54973656 0.30406162]
 [0.4918062  0.28999636 0.21819744]]
probabilities: [[1. 0. 0.]
 [1. 0. 0.]
 [1. 0. 0.]
 [1. 0. 0.]
 [1. 0. 0.]]
probabilities: [[0.16503656 0.78840166 0.04656176]
 [0.68689656 0.05318826 0.25991517]
 [0.18438065 0.03185819 0.78376114]
 [0.12855665 0.04193068 0.82951266]
 [0.25487933 0.7395576  0.00556309]]
probabilities: [[0.08588843 0.51058155 0.40353003]
 [0.6302624  0.05029721 0.31944045]
 [0.6920239  0.18810362 0.11987254]
 [0.17265515 0.3266785  0.5006663 ]
 [0.47935185 0.00434074 0.5163074 ]]
probabilities: [[0.13894509 0.7923671  0.06868782]
 [0.68605703 0.2731783  0.04076465]
 [0.35063365 0.33373445 0.3156319 ]
 [0.04246117 0.18215932 0.77537954]
 [0.11746602 0.34499902 0.53753495]]
probabilities: [[0.04986534 0.70090395 0.24923068]
 [0.16326071 0.2811339  0.5556054 ]
 [0.32878694 0.07614544 0.5950676 ]
 [0.30941692 0.08903593 0.6015471 ]
 [0.30010137 0.5936499  0.10624873]]
probabilities: [[0.17051788 0.7160537  0.11342838]
 [0.21687642 0.5546139  0.22850968]
 [0.35899493 0.16642444 0.47458062]
 [0.01456058 0.10112677 0.8843126 ]
 [0.4749566  0.43861902 0.08642438]]
probabilities: [[0. 0. 1.]
 [0. 1. 0.]
 [0. 0. 1.]
 [0. 0. 1.]
 [0. 0. 1.]]
probabilities: [[0.1815097  0.39087182 0.42761847]
 [0.14092875 0.6431739  0.21589738]
 [0.00872562 0.52914137 0.46213302]
 [0.4693043  0.0386292  0.4920665 ]
 [0.0254718  0.94889593 0.02563225]]
probabilities: [[0.14519386 0.02444118 0.83036494]
 [0.2766704  0.33424693 0.38908267]
 [0.44280338 0.04119803 0.5159986 ]
 [0.03776035 0.13376257 0.8284771 ]
 [0.21132833 0.6804138  0.10825792]]
probabilities: [[0.09614521 0.7817254  0.12212937]
 [0.29857478 0.13440908 0.5670161 ]
 [0.26735097 0.25036463 0.4822844 ]
 [0.0053136  0.7609685  0.23371789]
 [0.30374417 0.60937315 0.08688268]]
probabilities: [[0.6469013  0.28026962 0.07282906]
 [0.09979436 0.16369443 0.73651123]
 [0.01572145 0.8380762  0.14620236]
 [0.648445   0.07112835 0.28042665]
 [0.18304501 0.5635639  0.2533911 ]]
probabilities: [[0.08894659 0.01559242 0.89546096]
 [0.11364477 0.871179   0.01517626]
 [0.50453407 0.2158236  0.2796423 ]
 [0.5109069  0.0524037  0.43668944]
 [0.15266974 0.81685865 0.03047162]]
probabilities: [[0. 0. 1.]
 [0. 1. 0.]
 [0. 1. 0.]
 [0. 0. 1.]
 [0. 0. 1.]]
probabilities: [[0.49234754 0.08558092 0.42207155]
 [0.3899893  0.571852   0.03815868]
 [0.54003084 0.01290705 0.4470621 ]
 [0.06693474 0.25845414 0.6746111 ]
 [0.24287711 0.3102751  0.4468478 ]]
probabilities: [[0.426241   0.3923824  0.18137658]
 [0.73870635 0.03008982 0.23120381]
 [0.5926305  0.16629615 0.24107331]
 [0.14380176 0.32222793 0.5339703 ]
 [0.43010592 0.47311434 0.09677974]]
probabilities: [[0.17744766 0.7651757  0.05737663]
 [0.02014465 0.50454026 0.47531506]
 [0.5785223  0.2969806  0.12449706]
 [0.07331184 0.74374    0.18294811]
 [0.5613225  0.37479195 0.06388557]]
probabilities: [[0.78526235 0.21260013 0.00213753]
 [0.4090451  0.17295635 0.41799855]
 [0.17037943 0.5101371  0.31948352]
 [0.6111292  0.22656758 0.16230321]
 [0.8179352  0.02620265 0.15586214]]
probabilities: [[0.03972281 0.40120924 0.55906796]
 [0.59321666 0.21160169 0.19518162]
 [0.27043712 0.15650067 0.5730622 ]
 [0.04282535 0.05080951 0.90636516]
 [0.0780056  0.26063442 0.66135997]]
probabilities: [[1. 0. 0.]
 [1. 0. 0.]
 [1. 0. 0.]
 [1. 0. 0.]
 [1. 0. 0.]]
probabilities: [[3.1116635e-01 6.7864696e-04 6.8815500e-01]
 [4.0626314e-01 5.1419359e-01 7.9543263e-02]
 [8.6734080e-01 1.1986391e-02 1.2067283e-01]
 [8.6200488e-01 3.3577379e-02 1.0441776e-01]
 [4.3403164e-02 9.2499459e-01 3.1602263e-02]]
probabilities: [[0.26922736 0.707553   0.02321961]
 [0.04268384 0.86615896 0.09115719]
 [0.3291727  0.31239796 0.35842937]
 [0.0983186  0.6216928  0.27998862]
 [0.10526655 0.48117995 0.4135535 ]]
probabilities: [[0.25962102 0.35389024 0.38648874]
 [0.19439264 0.11560045 0.6900069 ]
 [0.10692358 0.08868762 0.8043888 ]
 [0.6994984  0.29279286 0.00770874]
 [0.68165755 0.1960124  0.12233007]]
probabilities: [[0.43075112 0.09188119 0.4773677 ]
 [0.11191709 0.33061385 0.55746907]
 [0.10630228 0.05958803 0.8341097 ]
 [0.1279926  0.1797354  0.692272  ]
 [0.82810366 0.02961406 0.14228225]]
probabilities: [[0.35298488 0.15091205 0.49610308]
 [0.45294544 0.3271044  0.21995015]
 [0.17665249 0.7209241  0.10242341]
 [0.7308293  0.03228288 0.23688783]
 [0.30578807 0.6103523  0.08385965]]
probabilities: [[0. 0. 1.]
 [0. 1. 0.]
 [0. 0. 1.]
 [0. 0. 1.]
 [0. 0. 1.]]
probabilities: [[0.6971682  0.02893101 0.27390084]
 [0.9147781  0.02991085 0.05531103]
 [0.5563331  0.26097    0.18269688]
 [0.16866225 0.09598053 0.7353572 ]
 [0.38724315 0.3006994  0.31205744]]
probabilities: [[0.6374227  0.3135479  0.04902941]
 [0.52380645 0.08055706 0.39563647]
 [0.17074394 0.15017758 0.67907846]
 [0.16568644 0.49760157 0.336712  ]
 [0.6070256  0.12205788 0.2709165 ]]
probabilities: [[0.00976934 0.5440076  0.44622305]
 [0.03133817 0.719701   0.24896085]
 [0.05994345 0.8772155  0.06284106]
 [0.36253613 0.1904584  0.44700545]
 [0.08314138 0.06356179 0.8532968 ]]
probabilities: [[0.6320525  0.3620497  0.00589781]
 [0.28802484 0.17312935 0.53884584]
 [0.43824428 0.19695824 0.36479747]
 [0.23902887 0.4720056  0.28896552]
 [0.05102803 0.08848417 0.8604878 ]]
probabilities: [[0.5515206  0.03761749 0.41086194]
 [0.4887607  0.25926742 0.2519719 ]
 [0.16186084 0.5231535  0.3149857 ]
 [0.37554842 0.09662735 0.5278242 ]
 [0.02156479 0.28978872 0.6886465 ]]
probabilities: [[0. 0. 1.]
 [0. 1. 0.]
 [0. 0. 1.]
 [0. 0. 1.]
 [0. 0. 1.]]
probabilities: [[0.01982753 0.04276367 0.9374088 ]
 [0.5274749  0.29152703 0.18099807]
 [0.17879848 0.08368892 0.7375126 ]
 [0.29510486 0.5246533  0.1802418 ]
 [0.02684087 0.6956813  0.27747786]]
probabilities: [[0.17532134 0.81474    0.00993863]
 [0.22364333 0.7635388  0.0128179 ]
 [0.01705815 0.43647924 0.5464626 ]
 [0.3976977  0.52192694 0.08037537]
 [0.02364921 0.9311477  0.04520307]]
probabilities: [[0.15058368 0.758467   0.0909493 ]
 [0.3955629  0.1275123  0.4769248 ]
 [0.53817004 0.19363375 0.2681962 ]
 [0.255847   0.45045772 0.29369524]
 [0.12776339 0.32211876 0.55011785]]
probabilities: [[0.26636875 0.19425394 0.5393773 ]
 [0.2614295  0.73020136 0.00836916]
 [0.62589943 0.15022734 0.22387321]
 [0.27174395 0.10773748 0.62051857]
 [0.7343632  0.09226099 0.17337579]]
probabilities: [[0.49256402 0.33186108 0.17557488]
 [0.02504783 0.64260983 0.3323423 ]
 [0.05969956 0.17827378 0.76202667]
 [0.05817065 0.06010407 0.88172525]
 [0.38012016 0.17918551 0.44069433]]
probabilities: [[1. 0. 0.]
 [1. 0. 0.]
 [1. 0. 0.]
 [1. 0. 0.]
 [1. 0. 0.]]
probabilities: [[0.04449156 0.5936885  0.36181992]
 [0.63943565 0.32971343 0.03085091]
 [0.18786351 0.40585497 0.40628153]
 [0.00594329 0.46431872 0.529738  ]
 [0.797375   0.18788871 0.01473624]]
probabilities: [[0.6158283  0.33797908 0.04619264]
 [0.24437869 0.3876433  0.367978  ]
 [0.12666227 0.62088585 0.2524519 ]
 [0.34184507 0.1343042  0.52385074]
 [0.310546   0.06785427 0.62159973]]
probabilities: [[0.28268528 0.3059048  0.4114099 ]
 [0.42149457 0.55464846 0.02385697]
 [0.12221093 0.384478   0.49331105]
 [0.11175662 0.7570728  0.13117059]
 [0.03236643 0.11798779 0.8496458 ]]
probabilities: [[0.23749214 0.18216665 0.5803412 ]
 [0.18078806 0.14093506 0.6782769 ]
 [0.30441886 0.10889705 0.5866841 ]
 [0.13170493 0.31148484 0.5568102 ]
 [0.115371   0.68896645 0.19566257]]
probabilities: [[0.08965527 0.38495907 0.5253857 ]
 [0.23959786 0.0408101  0.71959203]
 [0.27019098 0.4473241  0.28248492]
 [0.29819396 0.03377667 0.66802937]
 [0.47803885 0.42976025 0.09220089]]
probabilities: [[0. 0. 1.]
 [0. 1. 0.]
 [0. 0. 1.]
 [0. 0. 1.]
 [0. 0. 1.]]
probabilities: [[0.5016507  0.03025445 0.46809486]
 [0.14507705 0.56371444 0.2912085 ]
 [0.32207006 0.32825693 0.349673  ]
 [0.23592165 0.43874654 0.3253318 ]
 [0.01667175 0.69182414 0.29150409]]
probabilities: [[0.29449168 0.15048556 0.5550228 ]
 [0.01113193 0.5152638  0.4736043 ]
 [0.3787571  0.05988063 0.56136227]
 [0.07996005 0.31174743 0.6082925 ]
 [0.2603593  0.22387409 0.5157666 ]]
probabilities: [[0.06110211 0.35780993 0.58108795]
 [0.6231965  0.33842024 0.0383833 ]
 [0.2818762  0.18260652 0.5355173 ]
 [0.54825604 0.3903525  0.0613915 ]
 [0.01567918 0.3230908  0.66123   ]]
probabilities: [[0.35340172 0.4770452  0.16955306]
 [0.5221013  0.4234914  0.05440729]
 [0.2776498  0.6070697  0.11528055]
 [0.10019514 0.51780033 0.38200456]
 [0.4896873  0.2494288  0.2608839 ]]
probabilities: [[0.55257946 0.07920906 0.36821148]
 [0.1665411  0.7280231  0.10543576]
 [0.23751274 0.07425193 0.68823534]
 [0.03608537 0.27606308 0.68785155]
 [0.7261045  0.01786628 0.25602925]]
probabilities: [[0. 1. 0.]
 [0. 1. 0.]
 [0. 1. 0.]
 [0. 1. 0.]
 [0. 1. 0.]]
probabilities: [[0.28292766 0.46695244 0.2501199 ]
 [0.8076238  0.13859297 0.05378319]
 [0.337979   0.03985044 0.62217057]
 [0.10989354 0.8232297  0.06687681]
 [0.3384777  0.13524216 0.52628016]]
probabilities: [[0.28296736 0.14004092 0.57699174]
 [0.8586646  0.12311379 0.01822162]
 [0.36558393 0.49285772 0.14155835]
 [0.56885594 0.12664402 0.3045    ]
 [0.5488112  0.03903958 0.41214922]]
probabilities: [[0.05778856 0.24259257 0.6996189 ]
 [0.02952201 0.9369705  0.03350753]
 [0.26236057 0.3153512  0.42228824]
 [0.13681628 0.3763474  0.48683634]
 [0.13521595 0.8478964  0.01688763]]
probabilities: [[0.4338925  0.4806877  0.08541979]
 [0.5817123  0.01299717 0.40529054]
 [0.5706815  0.20221649 0.22710203]
 [0.10190476 0.29952857 0.59856665]
 [0.63064533 0.21143773 0.15791696]]
probabilities: [[0.8756728  0.08087906 0.04344812]
 [0.25073877 0.423367   0.32589424]
 [0.02558842 0.04557622 0.9288354 ]
 [0.09223358 0.3306216  0.5771448 ]
 [0.11731599 0.49703324 0.38565075]]
probabilities: [[0. 0. 1.]
 [0. 1. 0.]
 [0. 1. 0.]
 [0. 0. 1.]
 [0. 0. 1.]]
probabilities: [[0.6320031  0.25576583 0.11223105]
 [0.51397127 0.45036203 0.03566671]
 [0.07227356 0.43533194 0.4923945 ]
 [0.06647955 0.3495912  0.58392924]
 [0.3728459  0.45621234 0.17094176]]
probabilities: [[0.22787432 0.43801534 0.33411035]
 [0.07919402 0.45722115 0.46358484]
 [0.34275392 0.05087465 0.6063714 ]
 [0.7578039  0.18795379 0.05424228]
 [0.30194294 0.37000635 0.32805067]]
probabilities: [[0.23790929 0.6120257  0.15006503]
 [0.09471594 0.30951992 0.59576416]
 [0.08771382 0.28825024 0.62403595]
 [0.9294262  0.00363887 0.06693495]
 [0.0318433  0.36993253 0.59822416]]
probabilities: [[0.4445333  0.07832243 0.4771443 ]
 [0.09228934 0.8690559  0.03865475]
 [0.07052767 0.2753448  0.65412754]
 [0.07435318 0.34216318 0.58348364]
 [0.38894737 0.33622545 0.27482718]]
probabilities: [[0.48403603 0.36787298 0.14809099]
 [0.3394087  0.10612553 0.5544658 ]
 [0.02606683 0.79258037 0.18135281]
 [0.76640344 0.18221988 0.05137669]
 [0.07936268 0.36470166 0.5559357 ]]
probabilities: [[1. 0. 0.]
 [1. 0. 0.]
 [1. 0. 0.]
 [1. 0. 0.]
 [1. 0. 0.]]
probabilities: [[0.5597209  0.3698226  0.07045652]
 [0.06643684 0.92309725 0.01046592]
 [0.1400629  0.2357435  0.6241936 ]
 [0.5849801  0.17549    0.23952991]
 [0.03516946 0.02184847 0.9429821 ]]
probabilities: [[0.7195324  0.23462592 0.04584171]
 [0.19894896 0.48463652 0.31641454]
 [0.0692817  0.8182343  0.11248396]
 [0.24484389 0.6578157  0.09734039]
 [0.1621795  0.45382363 0.38399687]]
probabilities: [[0.7235432  0.0063724  0.27008438]
 [0.31630716 0.5724229  0.11126989]
 [0.25060546 0.1981532  0.55124134]
 [0.47356617 0.4868549  0.03957893]
 [0.62317526 0.14282358 0.23400114]]
probabilities: [[0.19318621 0.20475389 0.6020599 ]
 [0.8426484  0.15592092 0.00143071]
 [0.2433989  0.36772287 0.38887823]
 [0.01002319 0.41516635 0.57481045]
 [0.2427391  0.07435343 0.68290746]]
probabilities: [[0.3954371  0.1121548  0.49240813]
 [0.39654118 0.50350076 0.09995809]
 [0.18772757 0.78301185 0.02926056]
 [0.29601362 0.00482105 0.6991653 ]
 [0.34868008 0.01386237 0.63745755]]
probabilities: [[0. 0. 1.]
 [0. 1. 0.]
 [0. 0. 1.]
 [0. 0. 1.]
 [0. 0. 1.]]
probabilities: [[0.13848509 0.36512542 0.49638948]
 [0.25312847 0.61981136 0.12706017]
 [0.04086779 0.7361717  0.22296047]
 [0.02412255 0.40036193 0.5755155 ]
 [0.19437814 0.17457591 0.63104594]]
probabilities: [[0.43489143 0.09583689 0.4692717 ]
 [0.34262836 0.33028078 0.32709086]
 [0.72533417 0.19104482 0.08362104]
 [0.06747409 0.9081582  0.0243677 ]
 [0.16173314 0.1770934  0.66117346]]
probabilities: [[0.28637362 0.16896576 0.5446606 ]
 [0.13905281 0.3015106  0.55943656]
 [0.22607055 0.62056434 0.15336514]
 [0.5946934  0.11151019 0.29379636]
 [0.11867408 0.79568857 0.08563733]]
probabilities: [[0.7945722  0.14059788 0.06482996]
 [0.611423   0.05366288 0.3349141 ]
 [0.04599452 0.24852008 0.7054854 ]
 [0.52299464 0.09089574 0.38610965]
 [0.07705895 0.84297246 0.0799686 ]]
probabilities: [[0.7196986  0.14828373 0.13201767]
 [0.01664514 0.19816816 0.7851867 ]
 [0.13849252 0.6302368  0.23127066]
 [0.4128388  0.53912264 0.04803856]
 [0.86317724 0.05147551 0.08534727]]
probabilities: [[1. 0. 0.]
 [1. 0. 0.]
 [1. 0. 0.]
 [1. 0. 0.]
 [1. 0. 0.]]
probabilities: [[0.01782736 0.2519943  0.73017836]
 [0.40423578 0.14865156 0.44711268]
 [0.1899814  0.63548607 0.17453255]
 [0.13994764 0.3211497  0.53890264]
 [0.47229555 0.0892683  0.43843612]]
probabilities: [[0.24682404 0.68717307 0.06600291]
 [0.24875923 0.16090634 0.5903344 ]
 [0.7527704  0.13794406 0.1092855 ]
 [0.03187133 0.2844468  0.6836819 ]
 [0.28944406 0.34232903 0.3682269 ]]
probabilities: [[0.01730372 0.5942659  0.38843042]
 [0.6145598  0.06561728 0.3198229 ]
 [0.514698   0.19930753 0.28599444]
 [0.16224544 0.68850154 0.14925304]
 [0.33150515 0.5475741  0.12092076]]
probabilities: [[0.36009645 0.08339591 0.55650765]
 [0.8410764  0.04881406 0.11010954]
 [0.5461487  0.15048458 0.30336675]
 [0.06643797 0.52026814 0.4132939 ]
 [0.6798519  0.28783968 0.03230843]]
probabilities: [[0.54748815 0.05476869 0.39774314]
 [0.4176859  0.5536354  0.02867869]
 [0.23191541 0.32818866 0.43989593]
 [0.07532159 0.22395004 0.70072836]
 [0.51074284 0.0042683  0.48498887]]
probabilities: [[0. 0. 1.]
 [0. 1. 0.]
 [0. 0. 1.]
 [0. 0. 1.]
 [0. 0. 1.]]
probabilities: [[0.6609377  0.31864884 0.02041343]
 [0.26307645 0.00963349 0.72729003]
 [0.39341718 0.2519975  0.35458532]
 [0.25751227 0.73310757 0.00938018]
 [0.10674994 0.02580051 0.8674496 ]]
probabilities: [[0.8998243  0.01428397 0.08589169]
 [0.1478632  0.36101347 0.49112335]
 [0.4996897  0.16345501 0.3368553 ]
 [0.5443386  0.0942098  0.36145163]
 [0.46905756 0.2083926  0.32254982]]
probabilities: [[0.5848703  0.12241794 0.2927118 ]
 [0.47361934 0.12472793 0.40165272]
 [0.7088807  0.10018016 0.19093911]
 [0.73344576 0.17756565 0.08898859]
 [0.12299711 0.00693785 0.87006503]]
probabilities: [[0.25197637 0.14625676 0.6017669 ]
 [0.4140991  0.15915908 0.42674184]
 [0.266071   0.6680798  0.06584923]
 [0.56317806 0.15546654 0.28135538]
 [0.35217866 0.26009896 0.38772237]]
probabilities: [[0.27771717 0.0710154  0.6512674 ]
 [0.34993845 0.19927973 0.4507818 ]
 [0.11893006 0.00383785 0.8772321 ]
 [0.27567545 0.47461244 0.24971208]
 [0.11201498 0.394232   0.49375302]]
probabilities: [[0. 1. 0.]
 [0. 1. 0.]
 [0. 1. 0.]
 [0. 1. 0.]
 [0. 1. 0.]]
probabilities: [[0.04211419 0.8853089  0.07257689]
 [0.12253158 0.64783245 0.22963595]
 [0.2573745  0.68301404 0.05961145]
 [0.15502669 0.7620713  0.08290202]
 [0.1927559  0.0432638  0.7639803 ]]
probabilities: [[0.18414539 0.20352124 0.61233336]
 [0.57579225 0.13104932 0.2931584 ]
 [0.178325   0.59449303 0.22718196]
 [0.4821142  0.50560194 0.01228389]
 [0.25542223 0.42760074 0.31697702]]
probabilities: [[0.2503611  0.30741188 0.44222704]
 [0.42366022 0.43624318 0.1400966 ]
 [0.16921282 0.23528071 0.5955065 ]
 [0.0523289  0.42739773 0.5202734 ]
 [0.12623736 0.6707006  0.20306203]]
probabilities: [[0.16829057 0.22787409 0.60383534]
 [0.42172658 0.18073982 0.39753357]
 [0.06693005 0.8887592  0.04431073]
 [0.21051599 0.03068529 0.7587987 ]
 [0.46627912 0.43308094 0.10063994]]
probabilities: [[0.01015216 0.06739326 0.9224546 ]
 [0.33797556 0.4856059  0.17641857]
 [0.10468759 0.07649191 0.8188205 ]
 [0.60442716 0.23489165 0.1606812 ]
 [0.28571245 0.40833142 0.30595613]]
probabilities: [[0. 0. 1.]
 [0. 1. 0.]
 [0. 0. 1.]
 [0. 0. 1.]
 [0. 0. 1.]]
probabilities: [[0.08730506 0.28017068 0.63252425]
 [0.13952048 0.03188976 0.82858974]
 [0.18744703 0.08321933 0.72933364]
 [0.8229457  0.15198892 0.02506534]
 [0.03070574 0.803489   0.16580522]]
probabilities: [[0.16495496 0.02926411 0.80578095]
 [0.06685441 0.00246687 0.9306787 ]
 [0.8113229  0.17940377 0.00927331]
 [0.62730205 0.3672148  0.00548315]
 [0.4609951  0.34369746 0.19530743]]
probabilities: [[0.30768085 0.6242979  0.06802126]
 [0.49908605 0.3571259  0.14378805]
 [0.12442418 0.48477963 0.39079618]
 [0.10252824 0.06725855 0.8302132 ]
 [0.6365569  0.15400474 0.20943834]]
probabilities: [[0.1247292  0.63592356 0.23934723]
 [0.15357587 0.15924148 0.68718266]
 [0.02175989 0.08391465 0.89432544]
 [0.20177925 0.65460694 0.14361382]
 [0.4914304  0.23627405 0.27229556]]
probabilities: [[0.05660786 0.8207834  0.12260876]
 [0.01677444 0.00872271 0.97450286]
 [0.06793538 0.27866423 0.65340036]
 [0.48689952 0.43695226 0.0761482 ]
 [0.5520498  0.11013375 0.33781642]]
probabilities: [[0. 1. 0.]
 [0. 1. 0.]
 [0. 1. 0.]
 [0. 1. 0.]
 [0. 1. 0.]]
probabilities: [[0.22659467 0.70313734 0.07026798]
 [0.34292924 0.1308445  0.5262263 ]
 [0.28014842 0.08214354 0.63770807]
 [0.41411543 0.11301506 0.47286952]
 [0.11422051 0.5427663  0.3430132 ]]
probabilities: [[0.16106056 0.01811603 0.82082343]
 [0.08120745 0.47629085 0.4425017 ]
 [0.37320313 0.6103939  0.01640297]
 [0.08692782 0.41586244 0.49720973]
 [0.19053322 0.02355703 0.7859098 ]]
probabilities: [[0.11593117 0.45704302 0.42702582]
 [0.25305548 0.32203466 0.42490983]
 [0.4432556  0.52543885 0.03130558]
 [0.17854962 0.11238429 0.7090661 ]
 [0.42069513 0.43853223 0.14077264]]
probabilities: [[0.7808056  0.19964632 0.01954808]
 [0.31651774 0.49625358 0.18722868]
 [0.02809832 0.87222093 0.09968074]
 [0.00760891 0.3030849  0.6893062 ]
 [0.85186833 0.01195124 0.13618042]]
probabilities: [[0.32611388 0.08266244 0.59122366]
 [0.796508   0.0584784  0.1450136 ]
 [0.23561287 0.2439104  0.5204767 ]
 [0.08345418 0.69839925 0.21814656]
 [0.7070701  0.22335406 0.06957581]]
probabilities: [[0. 1. 0.]
 [0. 1. 0.]
 [0. 1. 0.]
 [0. 1. 0.]
 [0. 1. 0.]]
probabilities: [[0.11432177 0.85430086 0.0313774 ]
 [0.07802015 0.27806902 0.6439108 ]
 [0.3630283  0.29282212 0.3441496 ]
 [0.4831119  0.33067837 0.18620977]
 [0.0543463  0.53876793 0.40688577]]
probabilities: [[0.06070704 0.53831095 0.40098202]
 [0.22841828 0.5858476  0.18573412]
 [0.62177664 0.20022713 0.17799622]
 [0.01557165 0.5226706  0.46175772]
 [0.40559486 0.04534089 0.5490642 ]]
probabilities: [[0.60361004 0.3135137  0.08287629]
 [0.12885725 0.16488826 0.7062545 ]
 [0.6872661  0.10628391 0.20645   ]
 [0.30890736 0.15054084 0.5405518 ]
 [0.8478219  0.13596416 0.01621395]]
probabilities: [[0.608768   0.1062903  0.28494173]
 [0.6875617  0.13391241 0.17852588]
 [0.8778115  0.06146642 0.0607221 ]
 [0.29696664 0.5900625  0.11297088]
 [0.5331006  0.44692028 0.01997912]]
probabilities: [[0.5391177  0.41492438 0.0459579 ]
 [0.56577766 0.04141527 0.39280704]
 [0.01411059 0.48590025 0.49998915]
 [0.35133532 0.4787027  0.16996199]
 [0.40312633 0.27152482 0.32534888]]
probabilities: [[1. 0. 0.]
 [1. 0. 0.]
 [1. 0. 0.]
 [1. 0. 0.]
 [1. 0. 0.]]
probabilities: [[0.29421443 0.56394446 0.14184113]
 [0.1673581  0.33327624 0.49936566]
 [0.6321245  0.10611146 0.26176402]
 [0.9577855  0.02773505 0.01447948]
 [0.50659096 0.08735462 0.4060544 ]]
probabilities: [[0.7751702  0.17852287 0.04630693]
 [0.49210235 0.48392317 0.02397449]
 [0.5867849  0.18610048 0.2271146 ]
 [0.1048127  0.03893993 0.85624737]
 [0.10816489 0.5610251  0.33081   ]]
probabilities: [[0.19367434 0.08500206 0.7213236 ]
 [0.10431057 0.82591665 0.06977275]
 [0.02878696 0.03566725 0.9355458 ]
 [0.13375252 0.7467842  0.11946329]
 [0.02281019 0.8098875  0.16730228]]
probabilities: [[0.43664333 0.55644006 0.00691662]
 [0.24788228 0.6575616  0.09455609]
 [0.07034953 0.71591663 0.21373385]
 [0.5225581  0.32397994 0.15346198]
 [0.5410903  0.41158196 0.04732771]]
probabilities: [[0.4969639  0.32534856 0.17768756]
 [0.14522056 0.176519   0.67826045]
 [0.70307505 0.25420517 0.04271979]
 [0.32625002 0.24396576 0.42978424]
 [0.04191312 0.46321037 0.4948765 ]]
probabilities: [[1. 0. 0.]
 [1. 0. 0.]
 [1. 0. 0.]
 [1. 0. 0.]
 [1. 0. 0.]]
probabilities: [[0.6345361  0.2444497  0.1210142 ]
 [0.05847562 0.6300447  0.3114797 ]
 [0.35468957 0.18341435 0.4618961 ]
 [0.7092596  0.17287362 0.11786676]
 [0.12467748 0.72327626 0.1520463 ]]
probabilities: [[0.6627618  0.24736938 0.0898688 ]
 [0.17907567 0.16475077 0.6561736 ]
 [0.29051545 0.19891268 0.51057184]
 [0.5153422  0.11966106 0.36499676]
 [0.08213644 0.60217744 0.3156861 ]]
probabilities: [[0.08078786 0.5656977  0.35351437]
 [0.4819546  0.08220587 0.4358395 ]
 [0.12730141 0.4748346  0.39786398]
 [0.00125698 0.32237887 0.6763641 ]
 [0.6781569  0.26997447 0.0518686 ]]
probabilities: [[0.4184774  0.0127783  0.5687443 ]
 [0.5156786  0.37964734 0.10467404]
 [0.0679486  0.04079589 0.8912555 ]
 [0.7168934  0.07578707 0.20731956]
 [0.2405738  0.56998456 0.18944168]]
probabilities: [[0.65171325 0.00736693 0.34091982]
 [0.32986805 0.1700915  0.5000405 ]
 [0.61017716 0.14892861 0.24089424]
 [0.53215855 0.32020965 0.14763176]
 [0.45696962 0.35511595 0.18791443]]
probabilities: [[1. 0. 0.]
 [1. 0. 0.]
 [1. 0. 0.]
 [1. 0. 0.]
 [1. 0. 0.]]
probabilities: [[0.23324132 0.68823653 0.07852218]
 [0.53251475 0.46178713 0.00569813]
 [0.85007364 0.00834323 0.14158316]
 [0.08884444 0.8113842  0.09977133]
 [0.33294895 0.4458475  0.22120354]]
probabilities: [[0.0498954  0.01022449 0.93988013]
 [0.34281698 0.06090176 0.5962813 ]
 [0.72138333 0.07814564 0.200471  ]
 [0.30745566 0.10198035 0.590564  ]
 [0.14920773 0.6479498  0.20284246]]
probabilities: [[0.04912316 0.47351354 0.4773633 ]
 [0.33197454 0.20317453 0.46485093]
 [0.62775636 0.34211534 0.0301283 ]
 [0.6512666  0.28128728 0.06744616]
 [0.08832926 0.6430344  0.26863632]]
probabilities: [[0.05927055 0.2703217  0.6704078 ]
 [0.8203013  0.14132576 0.03837297]
 [0.09195434 0.01884719 0.8891985 ]
 [0.30051926 0.64653105 0.0529497 ]
 [0.37080154 0.16200778 0.46719068]]
probabilities: [[0.40366542 0.09099525 0.5053393 ]
 [0.33013454 0.57854694 0.09131852]
 [0.11713962 0.40772578 0.4751346 ]
 [0.47165173 0.5062154  0.02213288]
 [0.35494193 0.02163967 0.6234184 ]]
probabilities: [[0. 0. 1.]
 [0. 1. 0.]
 [0. 1. 0.]
 [0. 0. 1.]
 [0. 0. 1.]]
probabilities: [[0.8051637  0.07822899 0.11660735]
 [0.00637799 0.25115767 0.74246436]
 [0.4961003  0.12627913 0.37762058]
 [0.19611967 0.5623191  0.2415612 ]
 [0.31401104 0.36747143 0.31851754]]
probabilities: [[0.6625115  0.01801904 0.31946945]
 [0.7176163  0.14851038 0.1338733 ]
 [0.2709286  0.5524254  0.17664601]
 [0.23273838 0.03437239 0.73288924]
 [0.05201905 0.91811204 0.02986892]]
probabilities: [[0.00997661 0.6836139  0.30640948]
 [0.2398224  0.09861539 0.6615622 ]
 [0.3984438  0.5118865  0.08966975]
 [0.2589055  0.21337079 0.5277237 ]
 [0.8163721  0.1563439  0.02728398]]
probabilities: [[0.05261242 0.28328782 0.66409975]
 [0.8591106  0.01689668 0.12399275]
 [0.35349584 0.26400834 0.38249582]
 [0.23988438 0.14417078 0.61594486]
 [0.10800496 0.13014828 0.7618468 ]]
probabilities: [[0.6504827  0.05439731 0.29512   ]
 [0.33733392 0.53280616 0.12985994]
 [0.34542522 0.06018056 0.59439427]
 [0.00987412 0.63021487 0.35991102]
 [0.16945674 0.10584462 0.72469866]]
probabilities: [[0. 0. 1.]
 [0. 1. 0.]
 [0. 1. 0.]
 [0. 0. 1.]
 [0. 0. 1.]]
probabilities: [[0.28028536 0.5687428  0.1509718 ]
 [0.7782472  0.04301041 0.1787424 ]
 [0.7277635  0.2403566  0.03187993]
 [0.25164002 0.72848827 0.01987172]
 [0.20498772 0.13214947 0.66286284]]
probabilities: [[0.49393505 0.2954396  0.21062537]
 [0.14836286 0.09196214 0.759675  ]
 [0.42518085 0.45130402 0.12351514]
 [0.41472155 0.2345538  0.35072464]
 [0.37710315 0.10410946 0.5187874 ]]
probabilities: [[0.21414168 0.3685184  0.4173399 ]
 [0.06863301 0.794415   0.13695198]
 [0.12149592 0.8568585  0.0216456 ]
 [0.43658414 0.5462322  0.01718362]
 [0.5252431  0.41789636 0.05686051]]
probabilities: [[0.40676114 0.1881141  0.40512475]
 [0.00692229 0.8349506  0.15812708]
 [0.14353184 0.58713144 0.2693367 ]
 [0.00216707 0.30394036 0.6938926 ]
 [0.06697988 0.4758545  0.45716563]]
probabilities: [[0.45777157 0.10846718 0.43376124]
 [0.4040249  0.17289911 0.42307597]
 [0.1928429  0.69479305 0.11236404]
 [0.4340517  0.06576229 0.500186  ]
 [0.00563523 0.3425989  0.6517659 ]]
probabilities: [[0. 0. 1.]
 [0. 1. 0.]
 [0. 1. 0.]
 [0. 0. 1.]
 [0. 0. 1.]]
probabilities: [[0.26163885 0.05335848 0.6850027 ]
 [0.0705362  0.63087636 0.2985874 ]
 [0.14873119 0.06624631 0.7850225 ]
 [0.16569394 0.01493361 0.8193725 ]
 [0.56131303 0.04048953 0.3981974 ]]
probabilities: [[0.37536705 0.14309396 0.48153898]
 [0.02109489 0.553971   0.4249341 ]
 [0.59804803 0.19071671 0.21123526]
 [0.1979683  0.23898867 0.56304306]
 [0.36094597 0.3476141  0.29143992]]
probabilities: [[0.26166448 0.73191565 0.00641985]
 [0.42726177 0.3857576  0.18698063]
 [0.2416535  0.4715828  0.2867637 ]
 [0.2910465  0.27406818 0.43488532]
 [0.08056289 0.554731   0.3647061 ]]
probabilities: [[0.05685279 0.13402943 0.8091178 ]
 [0.49618393 0.15603705 0.347779  ]
 [0.640118   0.14001514 0.21986687]
 [0.02061085 0.18134977 0.7980394 ]
 [0.5193841  0.16015369 0.3204622 ]]
probabilities: [[0.32294923 0.49710298 0.17994782]
 [0.18893844 0.3517815  0.45928004]
 [0.01436833 0.8712081  0.1144236 ]
 [0.01792599 0.23123164 0.7508424 ]
 [0.8857734  0.05381765 0.06040893]]
probabilities: [[1. 0. 0.]
 [1. 0. 0.]
 [1. 0. 0.]
 [1. 0. 0.]
 [1. 0. 0.]]
probabilities: [[0.4470242  0.10332164 0.44965416]
 [0.02007968 0.74153304 0.2383873 ]
 [0.21227412 0.44607246 0.3416534 ]
 [0.585632   0.16644979 0.24791816]
 [0.31461692 0.16876845 0.5166146 ]]
probabilities: [[0.48284242 0.20256299 0.3145946 ]
 [0.33609992 0.6143086  0.0495915 ]
 [0.39814723 0.48853293 0.11331984]
 [0.00786684 0.3830516  0.60908157]
 [0.09272516 0.22739217 0.67988265]]
probabilities: [[0.8608587  0.03651639 0.10262496]
 [0.7719958  0.11148743 0.1165168 ]
 [0.6921865  0.14888862 0.15892492]
 [0.02004148 0.8234872  0.15647128]
 [0.291932   0.12584785 0.5822202 ]]
probabilities: [[0.20506805 0.384779   0.41015294]
 [0.03141314 0.36534974 0.6032371 ]
 [0.6045747  0.02309077 0.37233457]
 [0.9261787  0.06463843 0.00918289]
 [0.2134509  0.18429793 0.6022512 ]]
probabilities: [[0.49544418 0.15652545 0.3480304 ]
 [0.05606294 0.6540965  0.28984055]
 [0.25301734 0.39429167 0.352691  ]
 [0.5101962  0.2731893  0.2166145 ]
 [0.1274961  0.02373617 0.84876776]]
probabilities: [[0. 0. 1.]
 [0. 1. 0.]
 [0. 0. 1.]
 [0. 0. 1.]
 [0. 0. 1.]]
probabilities: [[0.18877509 0.16284539 0.6483795 ]
 [0.6954783  0.00425422 0.30026746]
 [0.04250544 0.23697507 0.7205195 ]
 [0.7024308  0.25435638 0.04321283]
 [0.07996925 0.117657   0.80237377]]
probabilities: [[0.08630926 0.85630506 0.05738565]
 [0.10830379 0.494055   0.3976412 ]
 [0.22663715 0.4781357  0.29522714]
 [0.27505887 0.18888089 0.5360603 ]
 [0.6306361  0.21182424 0.15753967]]
probabilities: [[0.07569381 0.6914435  0.2328627 ]
 [0.15214859 0.21926503 0.62858635]
 [0.39034402 0.3199383  0.28971767]
 [0.01808664 0.02379242 0.95812094]
 [0.5367602  0.32778433 0.13545543]]
probabilities: [[0.32766226 0.58960176 0.08273596]
 [0.13528432 0.84117764 0.02353805]
 [0.555388   0.24867502 0.195937  ]
 [0.02263086 0.97067523 0.00669394]
 [0.53266764 0.37255707 0.09477527]]
probabilities: [[0.44139308 0.02614987 0.53245705]
 [0.6499106  0.01960163 0.33048776]
 [0.46880415 0.517403   0.01379283]
 [0.4237607  0.44485828 0.131381  ]
 [0.21077277 0.22501779 0.56420946]]
probabilities: [[0. 0. 1.]
 [0. 1. 0.]
 [0. 1. 0.]
 [0. 0. 1.]
 [0. 0. 1.]]
probabilities: [[0.5791435  0.20766476 0.21319175]
 [0.06972815 0.5192507  0.41102114]
 [0.4140956  0.20849556 0.37740883]
 [0.08226705 0.2427935  0.67493945]
 [0.417307   0.21253999 0.370153  ]]
probabilities: [[0.17876306 0.6446435  0.17659345]
 [0.47612864 0.21308199 0.31078938]
 [0.59077364 0.37168667 0.03753967]
 [0.3135385  0.05235707 0.63410443]
 [0.7019449  0.08332748 0.21472763]]
probabilities: [[0.19238254 0.48276266 0.3248548 ]
 [0.09095027 0.68119377 0.22785595]
 [0.055951   0.20862833 0.7354207 ]
 [0.07213517 0.54190373 0.3859611 ]
 [0.44344345 0.4481118  0.10844475]]
probabilities: [[2.5763363e-01 3.0837659e-02 7.1152872e-01]
 [1.0098514e-01 8.0838762e-02 8.1817609e-01]
 [7.2793692e-01 7.7488780e-02 1.9457431e-01]
 [1.6240243e-04 6.2188542e-01 3.7795216e-01]
 [2.1155387e-01 1.5301383e-01 6.3543230e-01]]
probabilities: [[0.74722785 0.12356438 0.12920779]
 [0.29286236 0.63974106 0.06739657]
 [0.3646183  0.03486181 0.6005199 ]
 [0.74110657 0.14359397 0.11529949]
 [0.6109733  0.3735853  0.01544138]]
probabilities: [[0. 0. 1.]
 [0. 1. 0.]
 [0. 0. 1.]
 [0. 0. 1.]
 [0. 0. 1.]]
probabilities: [[0.09278548 0.0633193  0.8438952 ]
 [0.13703828 0.3478958  0.51506597]
 [0.5730622  0.42595795 0.00097986]
 [0.51566803 0.4311635  0.05316848]
 [0.00511446 0.47759047 0.51729506]]
probabilities: [[0.06940162 0.83785766 0.09274071]
 [0.6316814  0.30552864 0.06278998]
 [0.2743241  0.5530793  0.17259665]
 [0.37096533 0.30807394 0.32096073]
 [0.47868118 0.4971739  0.0241449 ]]
probabilities: [[0.54422694 0.12129119 0.33448187]
 [0.6144655  0.26829788 0.11723664]
 [0.05838238 0.39163205 0.5499856 ]
 [0.8100462  0.00748042 0.18247336]
 [0.70646304 0.06681244 0.22672454]]
probabilities: [[0.47579595 0.20994695 0.3142571 ]
 [0.5936651  0.38628814 0.02004673]
 [0.13385849 0.8470317  0.01910978]
 [0.44398257 0.3652383  0.19077912]
 [0.23330812 0.12685807 0.6398338 ]]
probabilities: [[0.10986327 0.7750631  0.11507367]
 [0.10448342 0.45146477 0.4440518 ]
 [0.00774652 0.87586063 0.11639282]
 [0.04790901 0.01454765 0.93754333]
 [0.05610227 0.21258439 0.73131335]]
probabilities: [[0. 0. 1.]
 [0. 1. 0.]
 [0. 0. 1.]
 [0. 0. 1.]
 [0. 0. 1.]]
probabilities: [[0.4681156  0.03699605 0.49488837]
 [0.37705868 0.3578396  0.26510167]
 [0.20881557 0.49124977 0.29993466]
 [0.7852397  0.01249106 0.20226923]
 [0.21170552 0.22414382 0.5641507 ]]
probabilities: [[0.2644741  0.33185378 0.40367216]
 [0.08871435 0.26659608 0.64468956]
 [0.02343712 0.31877148 0.65779144]
 [0.20740539 0.509048   0.2835466 ]
 [0.39341888 0.41676086 0.18982024]]
probabilities: [[0.0041391  0.3085076  0.6873533 ]
 [0.0028778  0.7081659  0.2889563 ]
 [0.5115137  0.16149189 0.32699442]
 [0.51100636 0.03781382 0.45117983]
 [0.59135896 0.08538527 0.32325575]]
probabilities: [[0.38201448 0.06706711 0.5509184 ]
 [0.08052294 0.56985784 0.34961924]
 [0.48131695 0.07545975 0.44322333]
 [0.21710327 0.25037354 0.5325232 ]
