probabilities: [[0. 0. 1.]
 [0. 1. 0.]
 [0. 0. 1.]
 [0. 0. 1.]
 [0. 0. 1.]]
probabilities: [[0.3185216  0.29628935 0.38518903]
 [0.40652522 0.46957067 0.12390409]
 [0.70435053 0.1033475  0.19230199]
 [0.2175599  0.5322062  0.2502339 ]
 [0.02654919 0.6948897  0.2785611 ]]
probabilities: [[0.10666935 0.7801548  0.11317584]
 [0.45154542 0.00948009 0.5389745 ]
 [0.34505415 0.4171803  0.23776555]
 [0.0050974  0.7396112  0.25529137]
 [0.21196839 0.29518262 0.492849  ]]
probabilities: [[0.08006484 0.18815966 0.7317755 ]
 [0.36745834 0.18159598 0.45094568]
 [0.13430554 0.74189305 0.12380142]
 [0.166308   0.49924415 0.33444783]
 [0.22312643 0.37156466 0.40530893]]
probabilities: [[0.35534254 0.46406114 0.1805963 ]
 [0.7214788  0.03530424 0.24321692]
 [0.29315233 0.1135233  0.59332436]
 [0.18220305 0.48202184 0.3357751 ]
 [0.5676031  0.36970386 0.06269303]]
probabilities: [[0.70599693 0.03559788 0.25840515]
 [0.16473268 0.7994529  0.0358144 ]
 [0.16233261 0.7775172  0.06015021]
 [0.25273508 0.59471416 0.15255077]
 [0.10176437 0.36094984 0.5372858 ]]
probabilities: [[0. 0. 1.]
 [0. 1. 0.]
 [0. 0. 1.]
 [0. 0. 1.]
 [0. 0. 1.]]
probabilities: [[0.55323464 0.27906284 0.16770253]
 [0.31688154 0.4635637  0.21955475]
 [0.7327097  0.182995   0.0842953 ]
 [0.7939345  0.01249361 0.19357185]
 [0.11775367 0.3466587  0.5355876 ]]
probabilities: [[0.8114745  0.14329652 0.04522895]
 [0.02590054 0.5815739  0.39252558]
 [0.6015934  0.09914775 0.2992589 ]
 [0.5133869  0.46541002 0.02120309]
 [0.65071386 0.31787524 0.03141091]]
probabilities: [[0.12725812 0.76635504 0.10638686]
 [0.42037514 0.5573636  0.02226121]
 [0.5888604  0.25264454 0.15849508]
 [0.02461163 0.11290493 0.86248344]
 [0.02769232 0.03672756 0.93558013]]
probabilities: [[0.22098228 0.69767463 0.08134309]
 [0.3152432  0.5476807  0.13707614]
 [0.18614356 0.6495638  0.16429263]
 [0.5683752  0.05546306 0.37616178]
 [0.0710919  0.40141326 0.52749485]]
probabilities: [[0.48259544 0.14403094 0.3733736 ]
 [0.6058591  0.15667725 0.23746365]
 [0.42204148 0.21148741 0.3664711 ]
 [0.0578455  0.54516065 0.39699385]
 [0.30721435 0.6217725  0.07101309]]
probabilities: [[0. 1. 0.]
 [0. 1. 0.]
 [0. 1. 0.]
 [0. 1. 0.]
 [0. 1. 0.]]
probabilities: [[0.2424895  0.47076008 0.2867504 ]
 [0.58154976 0.14931867 0.2691316 ]
 [0.25662535 0.14962535 0.5937493 ]
 [0.680247   0.2846389  0.03511408]
 [0.24240209 0.30907533 0.44852257]]
probabilities: [[0.2534794  0.2153336  0.531187  ]
 [0.25379115 0.16972616 0.57648265]
 [0.06331552 0.00380829 0.93287617]
 [0.8061495  0.09074908 0.10310146]
 [0.29047793 0.2287737  0.48074836]]
probabilities: [[0.2545081  0.6546309  0.09086099]
 [0.2519858  0.74312305 0.00489115]
 [0.29928997 0.05815717 0.64255285]
 [0.727171   0.10602319 0.1668058 ]
 [0.3552015  0.46958387 0.17521463]]
probabilities: [[0.7448869  0.16210486 0.09300825]
 [0.5894645  0.11765505 0.29288048]
 [0.06126282 0.8626222  0.076115  ]
 [0.7663277  0.19154239 0.04212994]
 [0.19513294 0.32929084 0.47557622]]
probabilities: [[0.04676003 0.5008921  0.45234787]
 [0.16318761 0.619298   0.21751438]
 [0.36870643 0.2290192  0.40227437]
 [0.12961723 0.70874774 0.161635  ]
 [0.23655835 0.74165356 0.02178809]]
probabilities: [[0. 1. 0.]
 [0. 1. 0.]
 [0. 1. 0.]
 [0. 1. 0.]
 [0. 1. 0.]]
probabilities: [[0.3702475  0.19218926 0.4375632 ]
 [0.6325412  0.30076247 0.06669634]
 [0.36736375 0.31558162 0.31705463]
 [0.35468352 0.10906191 0.5362546 ]
 [0.3696649  0.481188   0.1491471 ]]
probabilities: [[0.44895363 0.10500655 0.44603983]
 [0.6863909  0.18701544 0.1265937 ]
 [0.3083896  0.57021797 0.12139244]
 [0.49015677 0.33924398 0.17059924]
 [0.61329174 0.31755495 0.06915329]]
probabilities: [[0.1639986  0.561711   0.27429038]
 [0.46361002 0.01666642 0.5197236 ]
 [0.11740241 0.59625983 0.28633773]
 [0.01651161 0.9495498  0.03393861]
 [0.09224562 0.03173913 0.87601525]]
probabilities: [[0.12094413 0.8778974  0.00115851]
 [0.16837998 0.05347352 0.7781465 ]
 [0.52754277 0.2815008  0.19095644]
 [0.05339154 0.11988464 0.8267238 ]
 [0.21354316 0.27774304 0.5087138 ]]
probabilities: [[3.5036886e-01 4.0001959e-01 2.4961157e-01]
 [3.9760014e-01 6.0212320e-01 2.7663223e-04]
 [5.1431960e-01 3.7404317e-01 1.1163726e-01]
 [1.1828947e-01 4.0314126e-01 4.7856927e-01]
 [5.9306329e-01 2.0572639e-01 2.0121033e-01]]
probabilities: [[0. 1. 0.]
 [0. 1. 0.]
 [0. 1. 0.]
 [0. 1. 0.]
 [0. 1. 0.]]
probabilities: [[0.2692628  0.6559055  0.0748317 ]
 [0.0862463  0.87801135 0.03574234]
 [0.16863328 0.27089933 0.5604674 ]
 [0.02855925 0.7660398  0.20540094]
 [0.23851307 0.43232548 0.32916144]]
probabilities: [[0.31016707 0.29879925 0.39103368]
 [0.23748465 0.02577366 0.73674166]
 [0.36028433 0.13320507 0.5065106 ]
 [0.20960402 0.5289671  0.26142886]
 [0.05684585 0.53666097 0.4064932 ]]
probabilities: [[0.13496216 0.5809344  0.28410345]
 [0.71510017 0.12306549 0.16183434]
 [0.3358541  0.19341326 0.47073263]
 [0.01195232 0.0655368  0.92251086]
 [0.02192423 0.46825543 0.50982034]]
probabilities: [[0.0269521  0.43400902 0.5390389 ]
 [0.4445226  0.08051354 0.47496387]
 [0.6836958  0.2679817  0.04832251]
 [0.8484213  0.05292848 0.09865024]
 [0.2532726  0.48279977 0.26392767]]
probabilities: [[0.23399964 0.4705172  0.29548317]
 [0.17551318 0.5796592  0.24482763]
 [0.21122022 0.64615405 0.14262576]
 [0.0244687  0.16315795 0.81237334]
 [0.659522   0.0794943  0.2609837 ]]
probabilities: [[0. 0. 1.]
 [0. 1. 0.]
 [0. 1. 0.]
 [0. 0. 1.]
 [0. 0. 1.]]
probabilities: [[0.05105379 0.6437339  0.30521232]
 [0.36622724 0.16951792 0.46425483]
 [0.2468655  0.14125198 0.6118825 ]
 [0.24334788 0.49592817 0.26072395]
 [0.32182655 0.54805505 0.13011838]]
probabilities: [[0.60175055 0.02221915 0.37603027]
 [0.5288144  0.38409248 0.08709317]
 [0.53873384 0.39379722 0.06746894]
 [0.53733885 0.3367376  0.12592356]
 [0.19481106 0.5529527  0.25223628]]
probabilities: [[0.33519197 0.6473873  0.0174207 ]
 [0.12019806 0.15201148 0.7277905 ]
 [0.12851466 0.04504405 0.8264413 ]
 [0.731342   0.21211575 0.05654224]
 [0.8937268  0.07368475 0.0325884 ]]
probabilities: [[0.29740104 0.32695436 0.37564462]
 [0.8581606  0.03053655 0.11130285]
 [0.61614776 0.16404074 0.2198115 ]
 [0.5653999  0.19447124 0.24012887]
 [0.0244068  0.9270045  0.04858871]]
probabilities: [[0.52044684 0.12532529 0.3542279 ]
 [0.08092774 0.31275538 0.60631686]
 [0.7736708  0.09402363 0.13230559]
 [0.14281717 0.36305726 0.49412557]
 [0.5331573  0.2197625  0.24708022]]
probabilities: [[0. 0. 1.]
 [0. 1. 0.]
 [0. 0. 1.]
 [0. 0. 1.]
 [0. 0. 1.]]
probabilities: [[0.6674837  0.04088331 0.291633  ]
 [0.33146638 0.4643638  0.20416981]
 [0.05073475 0.45233887 0.49692637]
 [0.33530304 0.23603478 0.4286622 ]
 [0.639437   0.18017185 0.18039115]]
probabilities: [[0.44672227 0.44736534 0.10591239]
 [0.09445471 0.14152029 0.764025  ]
 [0.5027335  0.16381903 0.33344743]
 [0.22197896 0.17556866 0.6024524 ]
 [0.23174514 0.24631095 0.5219439 ]]
probabilities: [[0.0768949  0.7617975  0.16130763]
 [0.14224827 0.5799396  0.27781212]
 [0.10474681 0.5869109  0.30834228]
 [0.15764149 0.24387608 0.59848243]
 [0.41819128 0.5508364  0.03097237]]
probabilities: [[0.10280039 0.11412428 0.78307533]
 [0.36825824 0.4036037  0.22813806]
 [0.5255779  0.45031837 0.02410375]
 [0.14786829 0.7205811  0.13155061]
 [0.6416367  0.03312727 0.325236  ]]
probabilities: [[0.29791537 0.23424305 0.4678416 ]
 [0.6042682  0.26131824 0.13441354]
 [0.33731955 0.36609563 0.2965848 ]
 [0.02314183 0.38175392 0.5951043 ]
 [0.16879661 0.18105318 0.6501502 ]]
probabilities: [[0. 0. 1.]
 [0. 1. 0.]
 [0. 0. 1.]
 [0. 0. 1.]
 [0. 0. 1.]]
probabilities: [[0.32259294 0.09786607 0.57954097]
 [0.41826344 0.5777881  0.00394847]
 [0.54947275 0.10431585 0.3462114 ]
 [0.7322311  0.02522321 0.24254574]
 [0.774431   0.07849964 0.14706933]]
probabilities: [[0.33777267 0.01634037 0.64588696]
 [0.06072073 0.6676269  0.27165237]
 [0.20099533 0.27028826 0.5287164 ]
 [0.5790216  0.14544617 0.27553228]
 [0.12003823 0.73033434 0.14962743]]
probabilities: [[0.7192881  0.1237672  0.15694468]
 [0.09022468 0.09023334 0.819542  ]
 [0.65304583 0.22236674 0.12458745]
 [0.38494816 0.0375528  0.57749903]
 [0.6935089  0.06300583 0.24348526]]
probabilities: [[0.00550249 0.65487164 0.33962584]
 [0.10407301 0.06494912 0.83097786]
 [0.39812756 0.2865124  0.31536007]
 [0.7360601  0.04335876 0.22058119]
 [0.39874902 0.21225281 0.38899818]]
probabilities: [[0.04735432 0.2349726  0.71767306]
 [0.3116163  0.3098906  0.3784931 ]
 [0.32975614 0.52897984 0.14126407]
 [0.38011372 0.27959675 0.34028956]
 [0.35142484 0.28454137 0.3640338 ]]
probabilities: [[0. 0. 1.]
 [0. 1. 0.]
 [0. 1. 0.]
 [0. 0. 1.]
 [0. 0. 1.]]
probabilities: [[0.24315381 0.37577888 0.3810673 ]
 [0.28327945 0.05882853 0.65789205]
 [0.4133271  0.22244665 0.36422625]
 [0.5562754  0.04121532 0.40250924]
 [0.61162734 0.00529187 0.38308078]]
probabilities: [[0.14614506 0.7250971  0.12875779]
 [0.7463847  0.24079832 0.01281699]
 [0.32348827 0.6600052  0.01650651]
 [0.31328923 0.48401067 0.20270011]
 [0.30576912 0.21833065 0.47590023]]
probabilities: [[0.69463205 0.192607   0.11276095]
 [0.29006588 0.55639595 0.15353818]
 [0.4464737  0.2582395  0.2952868 ]
 [0.0905043  0.5559496  0.35354608]
 [0.8547465  0.1271423  0.01811116]]
probabilities: [[0.08388283 0.2564714  0.6596458 ]
 [0.14652643 0.20685738 0.64661616]
 [0.7510675  0.23212175 0.01681075]
 [0.05676023 0.5313967  0.4118431 ]
 [0.05542323 0.8567422  0.08783456]]
probabilities: [[0.43129173 0.4732901  0.09541818]
 [0.31255996 0.17818913 0.5092509 ]
 [0.4998334  0.24433213 0.25583446]
 [0.35646963 0.43793476 0.20559561]
 [0.10282908 0.86639166 0.03077925]]
probabilities: [[0. 1. 0.]
 [0. 1. 0.]
 [0. 1. 0.]
 [0. 1. 0.]
 [0. 1. 0.]]
probabilities: [[0.4324047  0.1416635  0.4259318 ]
 [0.2159232  0.54261166 0.24146514]
 [0.7415764  0.1859475  0.07247615]
 [0.0952471  0.12052877 0.78422415]
 [0.40655348 0.51971436 0.07373217]]
probabilities: [[0.54705817 0.02784746 0.4250944 ]
 [0.09490338 0.16212621 0.7429704 ]
 [0.64157337 0.08654505 0.27188158]
 [0.02831776 0.33573088 0.63595134]
 [0.17762311 0.63099587 0.19138105]]
probabilities: [[0.08560185 0.5985292  0.3158689 ]
 [0.02520205 0.23769553 0.7371024 ]
 [0.46054456 0.04255635 0.4968991 ]
 [0.21181694 0.7721359  0.01604715]
 [0.95297223 0.00591556 0.04111218]]
probabilities: [[0.40012366 0.46128604 0.13859029]
 [0.8653175  0.10904277 0.02563972]
 [0.25669083 0.33444595 0.40886325]
 [0.08079296 0.63234335 0.28686368]
 [0.05332902 0.8554702  0.09120081]]
probabilities: [[0.0085911  0.09314579 0.8982631 ]
 [0.03354792 0.0338551  0.932597  ]
 [0.06331839 0.3888659  0.5478157 ]
 [0.62745386 0.34899744 0.02354871]
 [0.7537627  0.00501486 0.24122243]]
probabilities: [[0. 0. 1.]
 [0. 1. 0.]
 [0. 1. 0.]
 [0. 0. 1.]
 [0. 0. 1.]]
probabilities: [[0.33200446 0.2813885  0.38660702]
 [0.03185896 0.63114774 0.33699334]
 [0.0580108  0.2949506  0.6470386 ]
 [0.07228284 0.7215728  0.20614435]
 [0.24762695 0.17796895 0.5744041 ]]
probabilities: [[0.45909217 0.10609593 0.4348119 ]
 [0.5926604  0.10285763 0.30448195]
 [0.01541073 0.5761973  0.40839195]
 [0.12577692 0.86285025 0.01137282]
 [0.07345913 0.7246535  0.20188738]]
probabilities: [[0.35006064 0.5369565  0.11298288]
 [0.30160457 0.5818053  0.11659014]
 [0.12235971 0.48846522 0.38917506]
 [0.3559199  0.13112764 0.51295245]
 [0.23262128 0.04086306 0.72651565]]
probabilities: [[4.4060242e-01 1.2804446e-04 5.5926955e-01]
 [1.9035067e-01 3.0802688e-01 5.0162244e-01]
 [3.8979739e-01 3.2409966e-01 2.8610295e-01]
 [4.9394783e-01 1.6263650e-01 3.4341565e-01]
 [2.7407327e-01 4.5715931e-01 2.6876742e-01]]
probabilities: [[0.40546662 0.5354695  0.0590639 ]
 [0.17423636 0.13999152 0.6857721 ]
 [0.3923525  0.1643915  0.443256  ]
 [0.25124714 0.04565773 0.70309514]
 [0.2889959  0.18380392 0.5272002 ]]
probabilities: [[0. 1. 0.]
 [0. 1. 0.]
 [0. 1. 0.]
 [0. 1. 0.]
 [0. 1. 0.]]
probabilities: [[0.87441874 0.07548391 0.05009735]
 [0.38483375 0.20171581 0.41345042]
 [0.4143388  0.4900997  0.0955615 ]
 [0.39773405 0.22645529 0.37581065]
 [0.03910704 0.56731755 0.39357543]]
probabilities: [[0.01621336 0.09718801 0.88659865]
 [0.02557067 0.5368826  0.43754676]
 [0.01948623 0.89397824 0.08653551]
 [0.535664   0.44065005 0.02368595]
 [0.22063595 0.60462326 0.17474078]]
probabilities: [[0.5551727  0.37426737 0.07055997]
 [0.03452311 0.48387337 0.4816035 ]
 [0.0761442  0.89332885 0.03052699]
 [0.7052881  0.03454276 0.26016915]
 [0.341631   0.3376901  0.32067895]]
probabilities: [[0.36783043 0.4595481  0.17262147]
 [0.38340312 0.05189743 0.5646995 ]
 [0.49561888 0.14021355 0.36416757]
 [0.47954777 0.19253486 0.32791734]
 [0.14176448 0.827993   0.03024254]]
probabilities: [[0.35817102 0.4339459  0.20788306]
 [0.60201156 0.08596625 0.31202218]
 [0.28953126 0.5295585  0.18091023]
 [0.0275916  0.3948348  0.57757366]
 [0.29458627 0.0368045  0.6686092 ]]
probabilities: [[0. 0. 1.]
 [0. 1. 0.]
 [0. 0. 1.]
 [0. 0. 1.]
 [0. 0. 1.]]
probabilities: [[0.13056119 0.51384616 0.35559264]
 [0.04896058 0.63858086 0.31245857]
 [0.48214453 0.07751614 0.44033933]
 [0.82045394 0.1099534  0.06959268]
 [0.30576918 0.41504484 0.27918595]]
probabilities: [[0.59881866 0.16709016 0.23409119]
 [0.36098567 0.49571013 0.1433042 ]
 [0.24085347 0.43727493 0.32187158]
 [0.45343143 0.1673411  0.37922746]
 [0.6446881  0.26839802 0.08691385]]
probabilities: [[0.0308534  0.8200473  0.1490993 ]
 [0.7607387  0.12967384 0.10958748]
 [0.35971022 0.2687858  0.37150398]
 [0.5904765  0.3695783  0.0399452 ]
 [0.23150922 0.6345913  0.13389948]]
probabilities: [[0.34514827 0.50385714 0.15099461]
 [0.10981602 0.3482354  0.54194856]
 [0.85606354 0.067107   0.07682946]
 [0.24499376 0.48741078 0.26759547]
 [0.2967466  0.34730822 0.35594517]]
probabilities: [[0.20042832 0.6740623  0.12550934]
 [0.57381094 0.06990936 0.35627967]
 [0.01387584 0.7251317  0.26099247]
 [0.29001912 0.40256044 0.30742043]
 [0.33036914 0.22197941 0.44765145]]
probabilities: [[0. 0. 1.]
 [0. 1. 0.]
 [0. 1. 0.]
 [0. 0. 1.]
 [0. 0. 1.]]
probabilities: [[0.34205255 0.16295607 0.49499136]
 [0.02884663 0.36101505 0.61013836]
 [0.35768196 0.49081844 0.15149961]
 [0.15526329 0.58356404 0.26117265]
 [0.00192219 0.61261225 0.38546556]]
probabilities: [[0.06125041 0.83513194 0.10361766]
 [0.7451827  0.11349228 0.141325  ]
 [0.17784981 0.6396547  0.18249547]
 [0.54279196 0.2974064  0.15980165]
 [0.56599903 0.32708368 0.10691728]]
probabilities: [[0.35124162 0.20562238 0.443136  ]
 [0.300319   0.44018087 0.25950015]
 [0.0474239  0.10960986 0.84296626]
 [0.5447802  0.18384969 0.27137014]
 [0.7239672  0.08647659 0.18955623]]
probabilities: [[0.22523104 0.7369244  0.03784453]
 [0.15570934 0.567064   0.27722666]
 [0.26173958 0.45250478 0.28575563]
 [0.40289703 0.08047305 0.51662993]
 [0.46146157 0.06240065 0.4761378 ]]
probabilities: [[0.5168033  0.19538419 0.28781247]
 [0.2864526  0.59382284 0.11972455]
 [0.33715275 0.17175274 0.4910945 ]
 [0.7548535  0.1171392  0.12800731]
 [0.44933805 0.49945006 0.05121188]]
probabilities: [[1. 0. 0.]
 [1. 0. 0.]
 [1. 0. 0.]
 [1. 0. 0.]
 [1. 0. 0.]]
probabilities: [[0.48958257 0.12061293 0.38980448]
 [0.32374305 0.3813491  0.29490787]
 [0.20154932 0.72500557 0.07344513]
 [0.77220917 0.216738   0.01105283]
 [0.10953907 0.5724214  0.31803954]]
probabilities: [[0.11542583 0.15045072 0.73412347]
 [0.610215   0.35393068 0.03585428]
 [0.14380285 0.37023205 0.4859651 ]
 [0.03421966 0.75806487 0.2077155 ]
 [0.00322584 0.64990395 0.3468702 ]]
probabilities: [[0.22770579 0.2379385  0.5343557 ]
 [0.02045767 0.39184317 0.5876992 ]
 [0.3678758  0.4502935  0.18183067]
 [0.3393999  0.47022903 0.19037105]
 [0.35563892 0.45948142 0.18487966]]
probabilities: [[0.51860994 0.4059075  0.07548253]
 [0.7483546  0.0229001  0.22874528]
 [0.40011707 0.5499808  0.04990212]
 [0.1973992  0.33686143 0.4657394 ]
 [0.03461853 0.70862705 0.25675443]]
probabilities: [[0.5136328  0.3337264  0.15264085]
 [0.4780062  0.23037773 0.29161605]
 [0.625367   0.05799716 0.31663588]
 [0.6240102  0.20952606 0.16646376]
 [0.33888158 0.47696504 0.18415338]]
probabilities: [[0. 0. 1.]
 [0. 1. 0.]
 [0. 0. 1.]
 [0. 0. 1.]
 [0. 0. 1.]]
probabilities: [[0.1583961  0.61322355 0.22838037]
 [0.49503025 0.06042681 0.4445429 ]
 [0.181856   0.44062307 0.37752092]
 [0.49553934 0.01674699 0.48771366]
 [0.80170476 0.02020137 0.17809385]]
probabilities: [[0.5299305  0.03967749 0.43039206]
 [0.1976095  0.55219394 0.25019655]
 [0.03316855 0.58266795 0.3841635 ]
 [0.7743327  0.0888436  0.1368237 ]
 [0.38242966 0.3073367  0.31023365]]
probabilities: [[0.36889765 0.20339422 0.42770812]
 [0.10951573 0.07526512 0.81521916]
 [0.11577939 0.02096391 0.8632567 ]
 [0.75441766 0.10954219 0.13604015]
 [0.28173608 0.5639466  0.15431733]]
probabilities: [[0.12141738 0.62467676 0.25390586]
 [0.6330763  0.17591758 0.19100611]
 [0.09216496 0.60017496 0.30766004]
 [0.3880568  0.14626876 0.46567443]
 [0.47899035 0.40450773 0.11650191]]
probabilities: [[0.05428327 0.14551729 0.80019945]
 [0.00436053 0.24956046 0.746079  ]
 [0.04464394 0.45457125 0.5007848 ]
 [0.1051432  0.62876296 0.26609385]
 [0.19697507 0.66909117 0.13393377]]
probabilities: [[0. 1. 0.]
 [0. 1. 0.]
 [0. 1. 0.]
 [0. 1. 0.]
 [0. 1. 0.]]
probabilities: [[0.6822547  0.0228375  0.2949078 ]
 [0.48595217 0.17517857 0.33886927]
 [0.08581488 0.32930645 0.5848787 ]
 [0.5937945  0.02023608 0.3859694 ]
 [0.2747145  0.15754692 0.5677386 ]]
probabilities: [[0.67752516 0.10651724 0.2159576 ]
 [0.1840774  0.05261143 0.7633112 ]
 [0.66424537 0.05728517 0.27846947]
 [0.77547103 0.00644594 0.218083  ]
 [0.18734519 0.19880065 0.61385417]]
probabilities: [[0.04168147 0.24407619 0.71424234]
 [0.63759226 0.05268621 0.30972153]
 [0.4541305  0.10613757 0.43973193]
 [0.5812011  0.38037062 0.03842831]
 [0.6211019  0.01817695 0.3607211 ]]
probabilities: [[0.50861245 0.10307492 0.3883126 ]
 [0.3168954  0.24948491 0.4336197 ]
 [0.41491154 0.5515289  0.03355961]
 [0.8039537  0.1082314  0.08781492]
 [0.00306132 0.07375337 0.9231853 ]]
probabilities: [[0.18055765 0.16912928 0.6503131 ]
 [0.8644144  0.02234325 0.11324236]
 [0.23377357 0.28392327 0.48230314]
 [0.17386067 0.7685265  0.05761284]
 [0.17123066 0.50598043 0.32278886]]
probabilities: [[0. 0. 1.]
 [0. 1. 0.]
 [0. 1. 0.]
 [0. 0. 1.]
 [0. 0. 1.]]
probabilities: [[0.4009257  0.3445915  0.2544828 ]
 [0.48154837 0.27281898 0.24563266]
 [0.17648083 0.38484433 0.43867484]
 [0.39612046 0.15613002 0.44774953]
 [0.3252949  0.15928693 0.5154182 ]]
probabilities: [[0.84700894 0.14409031 0.00890074]
 [0.4223264  0.23866147 0.33901215]
 [0.3824212  0.60355926 0.01401954]
 [0.300804   0.24867776 0.45051825]
 [0.28846845 0.5287226  0.18280894]]
probabilities: [[0.60695094 0.13312891 0.25992015]
 [0.4748993  0.52320296 0.00189774]
 [0.19260605 0.261156   0.546238  ]
 [0.12097484 0.24415688 0.63486826]
 [0.01280749 0.6136897  0.3735028 ]]
probabilities: [[0.3493563  0.08337843 0.5672653 ]
 [0.643513   0.17939569 0.17709129]
 [0.3532057  0.0402201  0.6065742 ]
 [0.06891694 0.8669757  0.06410734]
 [0.90634435 0.058589   0.03506663]]
probabilities: [[0.294298   0.54288167 0.16282034]
 [0.09874078 0.6741592  0.2271    ]
 [0.01132241 0.34329376 0.64538383]
 [0.15975426 0.36598688 0.47425884]
 [0.6072383  0.32181194 0.07094978]]
probabilities: [[0. 1. 0.]
 [0. 1. 0.]
 [0. 1. 0.]
 [0. 1. 0.]
 [0. 1. 0.]]
probabilities: [[0.32363516 0.2056323  0.47073254]
 [0.28018308 0.67296386 0.04685304]
 [0.6021459  0.2366932  0.16116092]
 [0.46156666 0.37790996 0.16052338]
 [0.3442885  0.22258447 0.43312705]]
probabilities: [[0.01544636 0.94387686 0.0406768 ]
 [0.3663184  0.5654599  0.06822171]
 [0.8638589  0.0174843  0.1186568 ]
 [0.26726854 0.45228225 0.28044924]
 [0.6496877  0.0207428  0.3295695 ]]
probabilities: [[0.5083419  0.23692025 0.25473785]
 [0.6587724  0.09182823 0.24939938]
 [0.1096268  0.19666436 0.69370884]
 [0.29623884 0.6738366  0.02992457]
 [0.04336542 0.04759967 0.9090349 ]]
probabilities: [[0.7297988  0.07751083 0.19269037]
 [0.16618457 0.48334846 0.35046694]
 [0.6243304  0.18127088 0.19439872]
 [0.17376016 0.7770017  0.04923817]
 [0.7872293  0.00998027 0.20279044]]
probabilities: [[0.8604389  0.05941331 0.08014781]
 [0.81864    0.03874504 0.14261496]
 [0.06682671 0.12744242 0.8057309 ]
 [0.49037966 0.4106728  0.09894753]
 [0.550487   0.32301244 0.12650058]]
probabilities: [[0. 0. 1.]
 [0. 1. 0.]
 [0. 0. 1.]
 [0. 0. 1.]
 [0. 0. 1.]]
probabilities: [[0.36901593 0.55000156 0.08098253]
 [0.02506711 0.78736186 0.18757105]
 [0.21102107 0.21879601 0.5701829 ]
 [0.21518661 0.29749727 0.4873161 ]
 [0.57029074 0.07405362 0.35565564]]
probabilities: [[0.30233836 0.45840722 0.23925442]
 [0.83965987 0.06533439 0.09500572]
 [0.33473867 0.26297396 0.40228736]
 [0.5489352  0.420727   0.03033781]
 [0.07853334 0.35331193 0.56815475]]
probabilities: [[0.18323533 0.13419938 0.6825653 ]
 [0.7402775  0.05985288 0.19986959]
 [0.19188209 0.651563   0.1565549 ]
 [0.35574612 0.140017   0.5042369 ]
 [0.7484547  0.08421873 0.16732657]]
probabilities: [[0.49743035 0.07991674 0.4226529 ]
 [0.2628916  0.13125442 0.605854  ]
 [0.7379412  0.12226659 0.13979222]
 [0.5329338  0.1884215  0.27864474]
 [0.01168602 0.12024592 0.86806804]]
probabilities: [[0.34552774 0.34837848 0.30609378]
 [0.33602157 0.13795036 0.5260281 ]
 [0.3078214  0.30216223 0.39001638]
 [0.05856806 0.39569378 0.54573816]
 [0.36293814 0.2757166  0.3613453 ]]
probabilities: [[1. 0. 0.]
 [1. 0. 0.]
 [1. 0. 0.]
 [1. 0. 0.]
 [1. 0. 0.]]
probabilities: [[0.60079384 0.39341134 0.00579478]
 [0.58789307 0.0811677  0.3309392 ]
 [0.0789749  0.13484916 0.7861759 ]
 [0.06683508 0.42237413 0.51079077]
 [0.38132653 0.17447913 0.44419435]]
probabilities: [[0.43905303 0.1758159  0.3851311 ]
 [0.00677583 0.89908314 0.09414101]
 [0.30376783 0.38007978 0.3161524 ]
 [0.01642185 0.20458388 0.77899426]
 [0.35505483 0.5197277  0.12521748]]
probabilities: [[0.7895864  0.17505746 0.03535613]
 [0.20363113 0.22973748 0.5666314 ]
 [0.62661964 0.16202538 0.21135502]
 [0.6232745  0.31646127 0.06026421]
 [0.22727965 0.2890122  0.48370814]]
probabilities: [[0.2861836  0.6391578  0.07465863]
 [0.18079054 0.60408884 0.2151206 ]
 [0.7357493  0.23668094 0.02756975]
 [0.19805637 0.49268568 0.30925795]
 [0.0248836  0.16182402 0.8132924 ]]
probabilities: [[0.16719317 0.13921863 0.6935882 ]
 [0.527324   0.07916622 0.39350978]
 [0.07304955 0.29991627 0.6270342 ]
 [0.51108164 0.3578821  0.13103624]
 [0.4541056  0.03439201 0.51150244]]
probabilities: [[0. 0. 1.]
 [0. 1. 0.]
 [0. 1. 0.]
 [0. 0. 1.]
 [0. 0. 1.]]
probabilities: [[0.58228385 0.29596204 0.12175409]
 [0.82902384 0.08682413 0.08415205]
 [0.02543351 0.8946449  0.07992156]
 [0.01133278 0.6935519  0.29511532]
 [0.18767339 0.36966413 0.44266248]]
probabilities: [[0.15294991 0.5805603  0.26648974]
 [0.44558424 0.19901402 0.35540172]
 [0.0462946  0.8329859  0.12071952]
 [0.02074803 0.54349667 0.4357553 ]
 [0.20876476 0.77708614 0.01414912]]
probabilities: [[0.11625708 0.76747876 0.11626417]
 [0.29814008 0.02141234 0.6804476 ]
 [0.769818   0.09322493 0.13695706]
 [0.29287416 0.60957384 0.09755199]
 [0.20830987 0.5076531  0.28403702]]
probabilities: [[0.24321179 0.61707085 0.13971739]
 [0.2209029  0.39308086 0.38601625]
 [0.5374132  0.0981144  0.3644724 ]
 [0.08301853 0.33048165 0.5864998 ]
 [0.37932897 0.5571492  0.06352184]]
probabilities: [[0.25937432 0.3234507  0.417175  ]
 [0.5760156  0.14583184 0.27815256]
 [0.6405821  0.29126185 0.06815609]
 [0.3153862  0.54144084 0.14317293]
 [0.17186335 0.33269104 0.4954456 ]]
probabilities: [[0. 1. 0.]
 [0. 1. 0.]
 [0. 1. 0.]
 [0. 1. 0.]
 [0. 1. 0.]]
probabilities: [[0.3081608  0.25546372 0.43637547]
 [0.03268915 0.3938571  0.5734537 ]
 [0.33126435 0.19843319 0.47030246]
 [0.05815166 0.00250256 0.9393458 ]
 [0.39683256 0.48157206 0.1215954 ]]
probabilities: [[0.25827292 0.21958445 0.52214265]
 [0.04031818 0.8136365  0.14604536]
 [0.11814624 0.52921325 0.35264054]
 [0.51670015 0.02741214 0.45588773]
 [0.08191835 0.4322274  0.48585424]]
probabilities: [[0.22974409 0.6321717  0.1380842 ]
 [0.25971517 0.14683704 0.5934478 ]
 [0.43083662 0.1407519  0.42841148]
 [0.02603609 0.29631194 0.67765194]
 [0.6716334  0.0677838  0.26058277]]
probabilities: [[0.11889274 0.26568076 0.61542654]
 [0.15731661 0.6717395  0.17094386]
 [0.42273647 0.4958379  0.08142565]
 [0.08515682 0.0884387  0.82640445]
 [0.14478199 0.85029113 0.00492689]]
probabilities: [[0.4537107  0.52698725 0.01930201]
 [0.87813675 0.00966702 0.11219621]
 [0.5439208  0.04271139 0.4133678 ]
 [0.6406787  0.20321587 0.15610543]
 [0.4271051  0.47656688 0.09632804]]
probabilities: [[0. 0. 1.]
 [0. 1. 0.]
 [0. 1. 0.]
 [0. 0. 1.]
 [0. 0. 1.]]
probabilities: [[0.2754249  0.44562933 0.2789458 ]
 [0.4021648  0.11221011 0.4856251 ]
 [0.48242188 0.33084115 0.18673696]
 [0.19293196 0.23330782 0.5737602 ]
 [0.04824909 0.35683766 0.59491324]]
probabilities: [[0.15491094 0.23513584 0.6099532 ]
 [0.12993704 0.08513732 0.78492564]
 [0.04994095 0.30325386 0.64680517]
 [0.20778786 0.05081426 0.74139786]
 [0.66442823 0.13032006 0.20525171]]
probabilities: [[0.10964999 0.01986758 0.87048244]
 [0.02670013 0.9305105  0.04278934]
 [0.2750836  0.5538638  0.17105256]
 [0.24666923 0.6560537  0.09727705]
 [0.09492425 0.51824576 0.38683   ]]
probabilities: [[0.5967877  0.15600331 0.247209  ]
 [0.02807362 0.49838582 0.47354057]
 [0.4811774  0.29267287 0.22614975]
 [0.07242714 0.17827082 0.749302  ]
 [0.30937117 0.5627444  0.12788445]]
probabilities: [[0.45701036 0.01042803 0.5325616 ]
 [0.62797725 0.20980033 0.1622224 ]
 [0.47422457 0.5098671  0.01590839]
 [0.12113737 0.5131488  0.36571386]
 [0.26746002 0.16244216 0.5700978 ]]
probabilities: [[0. 1. 0.]
 [0. 1. 0.]
 [0. 1. 0.]
 [0. 1. 0.]
 [0. 1. 0.]]
probabilities: [[0.08977605 0.12570928 0.78451467]
 [0.07430217 0.20599423 0.7197036 ]
 [0.2739622  0.69718426 0.02885356]
 [0.18453616 0.4846931  0.33077073]
 [0.79675996 0.04319884 0.1600412 ]]
probabilities: [[0.19811742 0.78415877 0.01772381]
 [0.2640437  0.6601136  0.07584276]
 [0.76960945 0.16732639 0.06306417]
 [0.12211691 0.23191728 0.6459658 ]
 [0.12653673 0.62005055 0.2534127 ]]
probabilities: [[0.00787876 0.56946623 0.42265502]
 [0.03076633 0.64232415 0.3269095 ]
 [0.13578051 0.16949813 0.69472134]
 [0.08933061 0.6907164  0.21995299]
 [0.04486743 0.58230454 0.37282807]]
probabilities: [[0.31747243 0.13974829 0.54277927]
 [0.27826178 0.34475967 0.37697855]
 [0.05995328 0.28082407 0.65922266]
 [0.03225097 0.19679761 0.77095145]
 [0.20536505 0.76181716 0.03281778]]
probabilities: [[0.27511504 0.23093517 0.49394977]
 [0.00099666 0.47413918 0.5248642 ]
 [0.18889722 0.55286944 0.25823337]
 [0.19359012 0.22860315 0.5778067 ]
 [0.15662187 0.8103747  0.03300345]]
probabilities: [[0. 0. 1.]
 [0. 1. 0.]
 [0. 0. 1.]
 [0. 0. 1.]
 [0. 0. 1.]]
probabilities: [[0.6053154  0.33375356 0.06093106]
 [0.31425944 0.5125085  0.17323202]
 [0.8197393  0.03852114 0.14173956]
 [0.6914436  0.26955667 0.03899972]
 [0.25132206 0.72231746 0.02636051]]
probabilities: [[0.38098875 0.01729784 0.6017134 ]
 [0.42435142 0.02836186 0.5472867 ]
 [0.00555764 0.81293887 0.18150349]
 [0.29820088 0.5678589  0.13394025]
 [0.06997098 0.28828862 0.6417404 ]]
probabilities: [[0.02729495 0.6544453  0.31825975]
 [0.14959799 0.4401197  0.41028228]
 [0.34342274 0.3902472  0.26633003]
 [0.08478902 0.5653072  0.3499038 ]
 [0.1381025  0.02662907 0.83526844]]
probabilities: [[0.02575571 0.34766114 0.62658316]
 [0.07388647 0.04147352 0.88464004]
 [0.10013918 0.38577804 0.5140828 ]
 [0.05536661 0.18625286 0.75838053]
 [0.803859   0.03723811 0.15890288]]
probabilities: [[0.05537007 0.42195752 0.5226724 ]
 [0.4433684  0.3996749  0.1569567 ]
 [0.12450565 0.21751887 0.6579755 ]
 [0.6447745  0.19384542 0.1613801 ]
 [0.05654664 0.26786372 0.6755896 ]]
probabilities: [[1. 0. 0.]
 [1. 0. 0.]
 [1. 0. 0.]
 [1. 0. 0.]
 [1. 0. 0.]]
probabilities: [[0.03445234 0.77635753 0.18919013]
 [0.81046927 0.08467356 0.10485715]
 [0.14474136 0.60343975 0.2518189 ]
 [0.06455498 0.27001813 0.6654269 ]
 [0.5233805  0.30491027 0.1717092 ]]
probabilities: [[0.18441284 0.11102562 0.70456153]
 [0.74098134 0.21148771 0.04753096]
 [0.03000567 0.35109442 0.61889994]
 [0.23014627 0.6409819  0.1288718 ]
 [0.48306563 0.13438383 0.38255057]]
probabilities: [[0.39319807 0.4519991  0.15480283]
 [0.12903336 0.80192    0.06904664]
 [0.22185075 0.07374983 0.7043994 ]
 [0.53233755 0.10467207 0.36299038]
 [0.11640481 0.5373577  0.34623748]]
probabilities: [[0.3799011  0.23207209 0.3880268 ]
 [0.19614442 0.36111417 0.44274142]
 [0.3802202  0.541732   0.0780478 ]
 [0.20746724 0.470472   0.32206073]
 [0.42119315 0.35831845 0.22048838]]
probabilities: [[0.13208811 0.57048106 0.2974308 ]
 [0.05993615 0.20468017 0.7353837 ]
 [0.07941152 0.7246231  0.19596536]
 [0.5934053  0.19886804 0.20772663]
 [0.32649234 0.02748871 0.646019  ]]
probabilities: [[1. 0. 0.]
 [1. 0. 0.]
 [1. 0. 0.]
 [1. 0. 0.]
 [1. 0. 0.]]
probabilities: [[0.5250478  0.4740044  0.00094782]
 [0.47949278 0.04336021 0.477147  ]
 [0.71337926 0.2762953  0.01032544]
 [0.47812384 0.48389974 0.03797644]
 [0.70056105 0.02856953 0.27086943]]
probabilities: [[0.33990487 0.20384757 0.45624757]
 [0.7574287  0.16687979 0.07569151]
 [0.01003926 0.15641022 0.8335505 ]
 [0.27692145 0.2963777  0.42670086]
 [0.1777559  0.8159979  0.00624617]]
probabilities: [[0.6947155  0.26895538 0.0363291 ]
 [0.77182984 0.15579814 0.07237203]
 [0.64548373 0.32057223 0.03394401]
 [0.53701484 0.34134722 0.12163796]
 [0.5665509  0.21942669 0.21402241]]
probabilities: [[0.00517215 0.05405878 0.9407691 ]
 [0.16141836 0.38152036 0.4570613 ]
 [0.6624695  0.22757775 0.10995278]
 [0.20070677 0.33563972 0.46365353]
 [0.03253424 0.19467366 0.7727921 ]]
probabilities: [[0.43709323 0.04812386 0.5147829 ]
 [0.44158027 0.2830309  0.27538884]
 [0.45488948 0.30304894 0.24206159]
 [0.04517873 0.57973003 0.37509122]
 [0.5458324  0.25631344 0.19785416]]
probabilities: [[1. 0. 0.]
 [1. 0. 0.]
 [1. 0. 0.]
 [1. 0. 0.]
 [1. 0. 0.]]
probabilities: [[0.17225179 0.4406842  0.387064  ]
 [0.27852502 0.14909627 0.5723787 ]
 [0.66688204 0.13457748 0.19854046]
 [0.61918783 0.24139786 0.1394143 ]
 [0.42475426 0.5377235  0.03752229]]
probabilities: [[0.01377634 0.4066324  0.5795913 ]
 [0.43936983 0.1237706  0.43685958]
 [0.22980915 0.69040036 0.0797905 ]
 [0.3860933  0.19002885 0.42387787]
 [0.485891   0.37088084 0.14322813]]
probabilities: [[0.51565236 0.42600912 0.05833854]
 [0.40278497 0.2701856  0.32702944]
 [0.02561778 0.14755732 0.8268249 ]
 [0.10667653 0.72922856 0.16409492]
 [0.6363207  0.16429998 0.19937932]]
probabilities: [[0.8432897  0.11670696 0.0400034 ]
 [0.43036243 0.01568626 0.5539513 ]
 [0.47236806 0.31092948 0.21670248]
 [0.37757128 0.2316973  0.3907314 ]
 [0.21948098 0.00644605 0.774073  ]]
probabilities: [[0.11173843 0.49597692 0.39228463]
 [0.6129364  0.38452595 0.00253767]
 [0.06385734 0.73066956 0.20547311]
 [0.31872925 0.57141477 0.10985596]
 [0.3722223  0.06673543 0.56104225]]
probabilities: [[1. 0. 0.]
 [1. 0. 0.]
 [1. 0. 0.]
 [1. 0. 0.]
 [1. 0. 0.]]
probabilities: [[0.03784614 0.76778704 0.19436683]
 [0.83699113 0.08241868 0.08059017]
 [0.17279604 0.5101896  0.3170144 ]
 [0.7555084  0.08900408 0.1554875 ]
 [0.0783358  0.53068984 0.39097437]]
probabilities: [[0.21542716 0.46532246 0.31925035]
 [0.16952199 0.63277584 0.19770218]
 [0.8026864  0.02458199 0.17273164]
 [0.0084226  0.7181003  0.27347708]
 [0.3265041  0.65304303 0.02045286]]
probabilities: [[0.08155663 0.37243325 0.54601014]
 [0.00697282 0.63587314 0.357154  ]
 [0.74855924 0.24273342 0.00870734]
 [0.11065239 0.17226957 0.71707803]
 [0.65111196 0.33734584 0.0115422 ]]
probabilities: [[0.29059467 0.18632591 0.52307945]
 [0.44689238 0.4317567  0.12135093]
 [0.2582435  0.11545026 0.62630624]
 [0.1309422  0.71660066 0.15245716]
 [0.43097338 0.11386453 0.45516208]]
probabilities: [[0.49027592 0.21865085 0.29107323]
 [0.48066258 0.42569536 0.09364206]
 [0.61358345 0.05477335 0.3316432 ]
 [0.07639784 0.68230325 0.24129893]
 [0.40786707 0.15037751 0.4417554 ]]
probabilities: [[0. 0. 1.]
 [0. 1. 0.]
 [0. 0. 1.]
 [0. 0. 1.]
 [0. 0. 1.]]
probabilities: [[0.48979726 0.17944226 0.33076048]
 [0.37443018 0.34556177 0.28000805]
 [0.56487787 0.22983637 0.20528574]
 [0.00903345 0.8749147  0.11605187]
 [0.31587178 0.02497712 0.6591511 ]]
probabilities: [[0.4315958  0.46331322 0.10509096]
 [0.36548328 0.13079199 0.5037247 ]
 [0.1274802  0.08963779 0.78288203]
 [0.15161324 0.67745495 0.17093183]
 [0.6310227  0.32472652 0.04425077]]
probabilities: [[0.09143535 0.00225504 0.9063096 ]
 [0.6282083  0.1317454  0.24004634]
 [0.60290474 0.08581103 0.3112842 ]
 [0.8316307  0.01602742 0.1523419 ]
 [0.08099357 0.4074933  0.5115131 ]]
probabilities: [[0.79061604 0.09097732 0.11840663]
 [0.58344144 0.01468469 0.40187386]
 [0.33998126 0.5015349  0.1584839 ]
 [0.28457144 0.02768318 0.6877454 ]
 [0.01567675 0.14227541 0.8420478 ]]
probabilities: [[0.01494816 0.6738788  0.31117305]
 [0.35600507 0.3018537  0.34214124]
 [0.50424796 0.31075493 0.18499708]
 [0.25069866 0.33494312 0.41435823]
 [0.8357364  0.00695137 0.15731224]]
probabilities: [[0. 0. 1.]
 [0. 1. 0.]
 [0. 0. 1.]
 [0. 0. 1.]
 [0. 0. 1.]]
probabilities: [[0.8570462  0.13346337 0.00949043]
 [0.67067045 0.10610261 0.22322698]
 [0.2526269  0.38959718 0.35777593]
 [0.27892974 0.00264391 0.71842635]
 [0.6491681  0.14923154 0.20160039]]
probabilities: [[0.6842425  0.17473808 0.1410194 ]
 [0.31809556 0.64989144 0.03201302]
 [0.08698652 0.12596549 0.787048  ]
 [0.08104394 0.09509952 0.82385653]
 [0.03098079 0.600944   0.36807522]]
probabilities: [[0.41886178 0.1022291  0.4789091 ]
 [0.14056857 0.6652971  0.19413431]
 [0.69415545 0.12986079 0.17598377]
 [0.02007565 0.62522614 0.35469818]
 [0.02466094 0.8801161  0.09522294]]
probabilities: [[0.5264675  0.35607153 0.11746097]
 [0.5133366  0.29799673 0.1886667 ]
 [0.5131974  0.43561476 0.05118784]
 [0.227077   0.66696894 0.10595407]
 [0.6267907  0.02595908 0.34725022]]
probabilities: [[0.03741639 0.2325393  0.7300443 ]
 [0.42020813 0.24314404 0.33664784]
 [0.02827571 0.11259569 0.8591286 ]
 [0.05306383 0.43636844 0.5105677 ]
 [0.54078627 0.42989117 0.02932258]]
probabilities: [[0. 1. 0.]
 [0. 1. 0.]
 [0. 1. 0.]
 [0. 1. 0.]
 [0. 1. 0.]]
probabilities: [[0.129394   0.09847791 0.7721281 ]
 [0.1490069  0.7293532  0.12163992]
 [0.7568155  0.212263   0.03092148]
 [0.21753335 0.13495451 0.64751214]
 [0.0864695  0.817682   0.09584846]]
probabilities: [[0.12079224 0.32452783 0.55467993]
 [0.03776308 0.47663707 0.48559985]
 [0.08198779 0.29905304 0.6189591 ]
 [0.6969847  0.15971336 0.14330193]
 [0.18201905 0.7874498  0.03053117]]
probabilities: [[0.12689017 0.24843802 0.6246718 ]
 [0.2702708  0.14520836 0.5845208 ]
 [0.2563228  0.21093811 0.5327391 ]
 [0.78788626 0.17875867 0.03335511]
 [0.06787778 0.22187257 0.71024966]]
probabilities: [[0.6326426  0.21846837 0.148889  ]
 [0.04013605 0.23407176 0.72579217]
 [0.15913047 0.60033864 0.24053091]
 [0.188648   0.7615505  0.04980154]
 [0.4978093  0.37628666 0.12590404]]
probabilities: [[0.03476099 0.18487357 0.78036547]
 [0.40259355 0.3513417  0.24606475]
 [0.3373104  0.09220284 0.5704868 ]
 [0.42693457 0.08816084 0.4849046 ]
 [0.38274467 0.40983015 0.20742518]]
probabilities: [[1. 0. 0.]
 [1. 0. 0.]
 [1. 0. 0.]
 [1. 0. 0.]
 [1. 0. 0.]]
probabilities: [[0.05786053 0.11384857 0.8282909 ]
 [0.09493514 0.52713066 0.37793422]
 [0.07807311 0.8953131  0.02661379]
 [0.05844235 0.9186419  0.02291574]
 [0.06264938 0.26092407 0.67642653]]
probabilities: [[0.26568258 0.67419994 0.06011749]
 [0.01565667 0.03829547 0.94604784]
 [0.27466485 0.2710087  0.45432642]
 [0.62061536 0.16999893 0.20938572]
 [0.2732354  0.03358293 0.6931817 ]]
probabilities: [[0.2058869  0.288681   0.50543207]
 [0.7564139  0.19571903 0.04786709]
 [0.32436872 0.09022009 0.5854112 ]
 [0.7880793  0.09547913 0.11644153]
 [0.35024387 0.355062   0.29469413]]
probabilities: [[0.47242168 0.18624419 0.34133416]
 [0.26424947 0.35687947 0.37887105]
 [0.34503865 0.6231346  0.03182677]
 [0.35363883 0.31397    0.3323912 ]
 [0.40225783 0.21685623 0.38088593]]
probabilities: [[0.43786862 0.3747059  0.18742546]
 [0.23529904 0.34578538 0.41891557]
 [0.10446654 0.23344168 0.6620918 ]
 [0.3983861  0.1373639  0.46425003]
 [0.04317394 0.27439037 0.6824357 ]]
probabilities: [[1. 0. 0.]
 [1. 0. 0.]
 [1. 0. 0.]
 [1. 0. 0.]
 [1. 0. 0.]]
probabilities: [[0.21502978 0.6593731  0.12559713]
 [0.42688105 0.15665491 0.41646403]
 [0.24446668 0.32179296 0.43374035]
 [0.10184854 0.6225704  0.27558103]
 [0.08172356 0.30891463 0.6093618 ]]
probabilities: [[0.14227824 0.02866242 0.82905936]
 [0.56173295 0.37798047 0.06028656]
 [0.02802853 0.28382972 0.68814176]
 [0.354245   0.38350728 0.26224774]
 [0.5152759  0.23476006 0.24996404]]
probabilities: [[0.00979578 0.5844788  0.40572542]
 [0.00918518 0.44979042 0.5410244 ]
 [0.21760038 0.42788693 0.3545127 ]
 [0.23675181 0.04799291 0.71525526]
 [0.02656727 0.9399161  0.03351664]]
probabilities: [[0.5417522  0.31512693 0.14312087]
 [0.35523844 0.28476068 0.36000088]
 [0.08512319 0.26600546 0.64887136]
 [0.3987763  0.36025807 0.24096565]
 [0.06229363 0.91272694 0.02497942]]
probabilities: [[0.18403088 0.63469887 0.18127027]
 [0.4029207  0.4399653  0.15711398]
 [0.28548697 0.09149934 0.62301373]
 [0.26047677 0.66604    0.07348321]
 [0.05789199 0.38096663 0.5611414 ]]
probabilities: [[0. 0. 1.]
 [0. 1. 0.]
 [0. 0. 1.]
 [0. 0. 1.]
 [0. 0. 1.]]
probabilities: [[0.25151628 0.13552229 0.6129614 ]
 [0.7730482  0.16845185 0.05849993]
 [0.03372259 0.3434819  0.6227955 ]
 [0.85896    0.12445978 0.01658027]
 [0.1371133  0.7824024  0.08048431]]
probabilities: [[0.32661524 0.2004686  0.4729162 ]
 [0.08440932 0.072304   0.8432867 ]
 [0.22884251 0.49432448 0.27683303]
 [0.627145   0.1638116  0.20904338]
 [0.11069341 0.00099157 0.888315  ]]
probabilities: [[0.09824861 0.22507124 0.67668015]
 [0.05765552 0.5943728  0.3479717 ]
 [0.45610067 0.07659613 0.4673032 ]
 [0.6308763  0.34293753 0.0261862 ]
 [0.21797985 0.4583938  0.32362634]]
probabilities: [[0.3818242  0.3634329  0.25474292]
 [0.36244315 0.62484086 0.01271599]
 [0.735462   0.1009222  0.16361578]
 [0.3997668  0.04176237 0.55847085]
 [0.40694904 0.50434595 0.088705  ]]
probabilities: [[0.02364722 0.89976144 0.07659132]
 [0.62334496 0.15936115 0.21729386]
 [0.06144058 0.68478495 0.25377446]
 [0.43748266 0.56032676 0.00219059]
 [0.31911725 0.6650955  0.01578725]]
probabilities: [[0. 1. 0.]
 [0. 1. 0.]
 [0. 1. 0.]
 [0. 1. 0.]
 [0. 1. 0.]]
probabilities: [[0.07264965 0.7893947  0.13795565]
 [0.04269206 0.6415614  0.31574658]
 [0.4587589  0.47770095 0.06354018]
 [0.34049377 0.18411344 0.4753928 ]
 [0.4913562  0.36566406 0.14297974]]
probabilities: [[0.34566402 0.26128808 0.39304793]
 [0.05259727 0.33318186 0.61422086]
 [0.12242959 0.23320384 0.64436656]
 [0.4879616  0.40249932 0.10953908]
 [0.32955968 0.23529658 0.43514374]]
probabilities: [[0.09401615 0.8171859  0.08879799]
 [0.8400635  0.07584986 0.08408665]
 [0.6930951  0.25222865 0.05467629]
 [0.07956586 0.04309179 0.87734234]
 [0.29987666 0.18774939 0.512374  ]]
probabilities: [[0.01774727 0.7747793  0.2074734 ]
 [0.25181523 0.12714909 0.6210357 ]
 [0.14680806 0.637775   0.21541694]
 [0.24589413 0.22116336 0.53294253]
 [0.49852943 0.26375982 0.23771074]]
probabilities: [[0.13659191 0.75043756 0.11297055]
 [0.6350323  0.2769166  0.08805113]
 [0.32229283 0.23977211 0.43793505]
 [0.46936613 0.4856851  0.04494875]
 [0.33483875 0.23192677 0.43323448]]
probabilities: [[0. 0. 1.]
 [0. 1. 0.]
 [0. 0. 1.]
 [0. 0. 1.]
 [0. 0. 1.]]
probabilities: [[0.33240297 0.19735155 0.47024548]
 [0.55833125 0.27914378 0.16252498]
 [0.33465302 0.5050387  0.16030829]
 [0.25369126 0.3429366  0.40337214]
 [0.79743123 0.06315438 0.13941437]]
probabilities: [[0.5484404  0.43483657 0.01672305]
 [0.35940096 0.41603297 0.22456607]
 [0.7220208  0.26451573 0.01346347]
 [0.1329909  0.0495383  0.8174708 ]
 [0.41187334 0.19857891 0.38954774]]
probabilities: [[0.34039646 0.2936397  0.36596385]
 [0.1052513  0.59821564 0.29653308]
 [0.5860787  0.38065466 0.03326662]
 [0.81612736 0.15350798 0.03036469]
 [0.44519296 0.40437636 0.15043066]]
probabilities: [[0.90936697 0.0279478  0.06268524]
 [0.8045863  0.07993846 0.11547527]
 [0.16980305 0.4486078  0.38158914]
 [0.05306382 0.2976494  0.64928675]
