probabilities: [[0. 1. 0.]
 [0. 1. 0.]
 [0. 1. 0.]
 [0. 1. 0.]
 [0. 1. 0.]]
probabilities: [[0.0594088  0.44470197 0.49588922]
 [0.32860973 0.22450161 0.44688866]
 [0.94997334 0.01255865 0.03746802]
 [0.51980567 0.21870902 0.26148528]
 [0.11924332 0.3278267  0.55293   ]]
probabilities: [[0.42028725 0.01090263 0.5688101 ]
 [0.38794747 0.04102432 0.57102823]
 [0.78936213 0.15962479 0.05101306]
 [0.02776445 0.88046163 0.09177393]
 [0.39177778 0.21100402 0.3972182 ]]
probabilities: [[0.14050479 0.40843558 0.4510596 ]
 [0.3193956  0.6461692  0.03443523]
 [0.11426365 0.5552406  0.33049577]
 [0.5213647  0.26538807 0.21324728]
 [0.48064435 0.11980009 0.39955556]]
probabilities: [[0. 1. 0.]
 [0. 1. 0.]
 [0. 1. 0.]
 [0. 1. 0.]
 [0. 1. 0.]]
probabilities: [[0.41738552 0.01726411 0.56535035]
 [0.639271   0.15419874 0.20653027]
 [0.8992719  0.00809375 0.09263435]
 [0.69533354 0.06213196 0.2425345 ]
 [0.00919258 0.9592016  0.03160587]]
probabilities: [[0.06046742 0.5467913  0.3927413 ]
 [0.45563045 0.5206446  0.02372497]
 [0.21834275 0.5084546  0.2732026 ]
 [0.6254451  0.33146885 0.04308604]
 [0.357603   0.06267174 0.57972527]]
probabilities: [[0.6091845  0.38171294 0.00910253]
 [0.8473942  0.13071693 0.02188881]
 [0.36585343 0.47931758 0.15482898]
 [0.7970594  0.0512165  0.15172406]
 [0.16093765 0.21797489 0.62108743]]
probabilities: [[0. 0. 1.]
 [0. 1. 0.]
 [0. 0. 1.]
 [0. 0. 1.]
 [0. 0. 1.]]
probabilities: [[0.22589712 0.6730464  0.10105649]
 [0.6837467  0.20889011 0.10736317]
 [0.01036086 0.34895784 0.64068127]
 [0.27947778 0.3186781  0.4018441 ]
 [0.5577221  0.3548663  0.08741163]]
probabilities: [[0.1902801  0.69866484 0.11105506]
 [0.3261345  0.30238873 0.37147677]
 [0.02857395 0.26429993 0.70712614]
 [0.35106972 0.20545146 0.44347882]
 [0.41170284 0.16392593 0.4243712 ]]
probabilities: [[0.25126916 0.06751666 0.68121415]
 [0.19524966 0.02026425 0.78448606]
 [0.5856614  0.19563207 0.21870649]
 [0.48592204 0.45640683 0.05767113]
 [0.57572883 0.3181372  0.10613399]]
probabilities: [[0. 0. 1.]
 [0. 1. 0.]
 [0. 0. 1.]
 [0. 0. 1.]
 [0. 0. 1.]]
probabilities: [[0.603098   0.27705887 0.11984316]
 [0.19784962 0.47835714 0.32379326]
 [0.09337526 0.7923641  0.11426062]
 [0.71447545 0.14437796 0.14114659]
 [0.8710191  0.02795498 0.1010259 ]]
probabilities: [[0.41781595 0.29802525 0.2841588 ]
 [0.15393044 0.53772646 0.3083431 ]
 [0.38679114 0.11791703 0.49529183]
 [0.2548482  0.6968972  0.04825459]
 [0.23014805 0.12204948 0.6478025 ]]
probabilities: [[0.48155072 0.27020904 0.24824025]
 [0.05985867 0.11588275 0.82425857]
 [0.01092084 0.6820306  0.30704856]
 [0.8129639  0.04270442 0.1443317 ]
 [0.113492   0.29985204 0.5866559 ]]
probabilities: [[0. 1. 0.]
 [0. 1. 0.]
 [0. 1. 0.]
 [0. 1. 0.]
 [0. 1. 0.]]
probabilities: [[0.16132367 0.21817033 0.620506  ]
 [0.07422122 0.6267574  0.29902136]
 [0.17604765 0.77357376 0.05037858]
 [0.19058307 0.5022917  0.30712524]
 [0.8936377  0.01027033 0.09609194]]
probabilities: [[0.5044369  0.1965932  0.2989699 ]
 [0.6867124  0.05428359 0.259004  ]
 [0.23996782 0.1204767  0.63955545]
 [0.14463979 0.5784895  0.27687073]
 [0.4240883  0.13796619 0.43794551]]
probabilities: [[0.29956457 0.02985571 0.67057973]
 [0.4086592  0.39323324 0.19810754]
 [0.4948046  0.36656713 0.1386283 ]
 [0.23899712 0.6991402  0.06186267]
 [0.49335712 0.27761397 0.22902891]]
probabilities: [[1. 0. 0.]
 [1. 0. 0.]
 [1. 0. 0.]
 [1. 0. 0.]
 [1. 0. 0.]]
probabilities: [[0.33577877 0.5411615  0.12305976]
 [0.90683717 0.05120293 0.04195989]
 [0.7744775  0.20626001 0.01926247]
 [0.17360461 0.05968374 0.76671165]
 [0.44855154 0.16860035 0.3828481 ]]
probabilities: [[0.4593566  0.05862703 0.48201638]
 [0.01406849 0.6420902  0.3438413 ]
 [0.5623639  0.18566497 0.2519711 ]
 [0.83645433 0.00827144 0.15527424]
 [0.08472876 0.18573333 0.7295379 ]]
probabilities: [[0.37983084 0.49381387 0.12635526]
 [0.03605362 0.33845228 0.6254941 ]
 [0.14677602 0.13636862 0.71685535]
 [0.13815403 0.7111872  0.15065876]
 [0.256152   0.6601292  0.0837188 ]]
probabilities: [[0. 1. 0.]
 [0. 1. 0.]
 [0. 1. 0.]
 [0. 1. 0.]
 [0. 1. 0.]]
probabilities: [[0.35041407 0.10842395 0.54116195]
 [0.81       0.10636619 0.08363381]
 [0.18124686 0.22151984 0.5972333 ]
 [0.02554225 0.03023568 0.9442221 ]
 [0.7221776  0.03247431 0.24534805]]
probabilities: [[0.2625587  0.55783194 0.17960937]
 [0.22840953 0.528639   0.24295144]
 [0.43906778 0.42187083 0.13906138]
 [0.3331572  0.5476243  0.11921847]
 [0.460742   0.47744244 0.06181555]]
probabilities: [[0.5790034  0.01229615 0.40870047]
 [0.497502   0.36811644 0.13438156]
 [0.2870111  0.19688153 0.5161074 ]
 [0.11647021 0.2135526  0.6699772 ]
 [0.05356494 0.8698307  0.07660435]]
probabilities: [[0. 0. 1.]
 [0. 1. 0.]
 [0. 0. 1.]
 [0. 0. 1.]
 [0. 0. 1.]]
probabilities: [[0.33424753 0.5726818  0.09307069]
 [0.2611559  0.15393533 0.5849088 ]
 [0.6491203  0.3211959  0.02968383]
 [0.02539515 0.9090037  0.06560118]
 [0.62579674 0.22853959 0.14566366]]
probabilities: [[0.64093614 0.08353119 0.27553263]
 [0.21301432 0.73709893 0.04988675]
 [0.7118609  0.15385927 0.13427983]
 [0.00411952 0.89733714 0.09854332]
 [0.13637866 0.11861598 0.74500537]]
probabilities: [[0.2270675  0.06192969 0.7110028 ]
 [0.1722631  0.2279559  0.599781  ]
 [0.01165052 0.5731662  0.41518328]
 [0.34223607 0.0012349  0.65652907]
 [0.24933454 0.34553647 0.40512896]]
probabilities: [[0. 0. 1.]
 [0. 1. 0.]
 [0. 0. 1.]
 [0. 0. 1.]
 [0. 0. 1.]]
probabilities: [[0.21139044 0.6698687  0.11874086]
 [0.17828487 0.60608745 0.21562771]
 [0.00821666 0.5400373  0.45174605]
 [0.33224806 0.09156686 0.5761851 ]
 [0.2013809  0.72527003 0.07334908]]
probabilities: [[0.13963398 0.5989334  0.26143265]
 [0.66638434 0.2959024  0.03771324]
 [0.46355158 0.45733353 0.07911487]
 [0.2702313  0.49354285 0.23622584]
 [0.20330107 0.29552153 0.5011774 ]]
probabilities: [[0.50541407 0.23642483 0.25816113]
 [0.75879335 0.16836749 0.07283916]
 [0.3444557  0.48038682 0.17515747]
 [0.6467436  0.06149075 0.29176563]
 [0.43893453 0.43528312 0.12578236]]
probabilities: [[1. 0. 0.]
 [1. 0. 0.]
 [1. 0. 0.]
 [1. 0. 0.]
 [1. 0. 0.]]
probabilities: [[0.08709693 0.65182775 0.2610753 ]
 [0.05841111 0.40704742 0.5345415 ]
 [0.38897455 0.31676123 0.29426423]
 [0.55847406 0.35717708 0.08434885]
 [0.44645074 0.48459408 0.06895518]]
probabilities: [[0.3410076  0.32549176 0.33350065]
 [0.25371644 0.28047013 0.46581343]
 [0.10460696 0.4548864  0.44050664]
 [0.563294   0.10403073 0.33267528]
 [0.3354222  0.49967456 0.16490325]]
probabilities: [[0.41082108 0.5019471  0.08723181]
 [0.53531367 0.2688394  0.19584696]
 [0.25590423 0.23373513 0.51036066]
 [0.02356272 0.796221   0.18021628]
 [0.41818768 0.12667456 0.45513776]]
probabilities: [[0. 1. 0.]
 [0. 1. 0.]
 [0. 1. 0.]
 [0. 1. 0.]
 [0. 1. 0.]]
probabilities: [[0.8483297  0.09836113 0.05330915]
 [0.08700706 0.54562974 0.3673632 ]
 [0.37973133 0.02369926 0.5965694 ]
 [0.05338765 0.01006063 0.93655175]
 [0.511632   0.00868    0.47968796]]
probabilities: [[0.4780701  0.20709662 0.31483328]
 [0.5090016  0.48005414 0.01094426]
 [0.00694466 0.7323416  0.26071376]
 [0.49260682 0.05257439 0.4548188 ]
 [0.11740229 0.3614548  0.5211429 ]]
probabilities: [[0.83268476 0.08533008 0.08198517]
 [0.4441228  0.28751683 0.26836038]
 [0.69855684 0.06716473 0.23427846]
 [0.10145915 0.5206811  0.37785977]
 [0.27412996 0.7182184  0.00765167]]
probabilities: [[0. 0. 1.]
 [0. 1. 0.]
 [0. 0. 1.]
 [0. 0. 1.]
 [0. 0. 1.]]
probabilities: [[0.0584318  0.45940095 0.48216724]
 [0.01466819 0.21163854 0.77369326]
 [0.21450801 0.18538631 0.60010564]
 [0.21485844 0.14068466 0.6444569 ]
 [0.4638722  0.35273138 0.18339643]]
probabilities: [[0.10424852 0.6590067  0.23674476]
 [0.03315348 0.8929105  0.07393607]
 [0.7935315  0.0384455  0.16802305]
 [0.15636072 0.18382058 0.6598187 ]
 [0.65092343 0.33437985 0.01469672]]
probabilities: [[0.46390867 0.13227385 0.40381747]
 [0.4231669  0.5210851  0.05574799]
 [0.40560302 0.46305686 0.13134012]
 [0.76388884 0.00218874 0.23392242]
 [0.13230374 0.5116858  0.3560105 ]]
probabilities: [[0. 0. 1.]
 [0. 1. 0.]
 [0. 1. 0.]
 [0. 0. 1.]
 [0. 0. 1.]]
probabilities: [[0.4893566  0.2490563  0.2615871 ]
 [0.60188085 0.28320575 0.11491339]
 [0.60744053 0.15122114 0.24133831]
 [0.45763293 0.36139715 0.18096994]
 [0.47996894 0.27217707 0.247854  ]]
probabilities: [[0.5582459  0.22803517 0.21371897]
 [0.82478154 0.14292644 0.03229205]
 [0.20066392 0.1543746  0.6449615 ]
 [0.4314603  0.46356702 0.10497269]
 [0.21189216 0.28856495 0.49954292]]
probabilities: [[0.30895904 0.23849905 0.45254192]
 [0.9484987  0.0404493  0.01105199]
 [0.05732831 0.9067951  0.03587661]
 [0.8600683  0.13071126 0.00922045]
 [0.01468016 0.6407581  0.34456176]]
probabilities: [[0. 1. 0.]
 [0. 1. 0.]
 [0. 1. 0.]
 [0. 1. 0.]
 [0. 1. 0.]]
probabilities: [[0.06037894 0.7016208  0.23800026]
 [0.38611677 0.46946838 0.14441484]
 [0.54226273 0.09362692 0.36411035]
 [0.00250071 0.4280253  0.569474  ]
 [0.19059512 0.3626293  0.4467756 ]]
probabilities: [[0.21368729 0.5252997  0.26101297]
 [0.01549392 0.09797971 0.88652635]
 [0.09011376 0.8760704  0.03381585]
 [0.01644578 0.51565796 0.46789625]
 [0.0228595  0.9673699  0.00977057]]
probabilities: [[0.28503418 0.41672742 0.2982384 ]
 [0.2971658  0.39508548 0.30774868]
 [0.6284212  0.13060386 0.24097498]
 [0.3992084  0.21058887 0.39020273]
 [0.25363818 0.20668676 0.53967506]]
probabilities: [[1. 0. 0.]
 [1. 0. 0.]
 [1. 0. 0.]
 [1. 0. 0.]
 [1. 0. 0.]]
probabilities: [[0.6948008  0.22713947 0.07805973]
 [0.5651525  0.3004026  0.13444485]
 [0.5121433  0.05198807 0.43586862]
 [0.05607087 0.5828374  0.3610917 ]
 [0.6218123  0.2782313  0.09995642]]
probabilities: [[0.15363236 0.01423641 0.8321312 ]
 [0.70946413 0.00122198 0.28931385]
 [0.27101198 0.422145   0.306843  ]
 [0.41854522 0.25209337 0.3293614 ]
 [0.33318937 0.6181541  0.04865654]]
probabilities: [[0.54916394 0.28067768 0.1701584 ]
 [0.16274898 0.5438976  0.2933534 ]
 [0.00585979 0.8280394  0.16610081]
 [0.04028507 0.71452063 0.24519429]
 [0.3659133  0.4810744  0.15301232]]
probabilities: [[0. 0. 1.]
 [0. 1. 0.]
 [0. 0. 1.]
 [0. 0. 1.]
 [0. 0. 1.]]
probabilities: [[0.47330695 0.22189015 0.3048029 ]
 [0.17823672 0.62735164 0.19441164]
 [0.3639719  0.30198568 0.33404243]
 [0.16951431 0.6894539  0.1410318 ]
 [0.47711712 0.4528415  0.0700414 ]]
probabilities: [[0.64095753 0.25296384 0.10607865]
 [0.5197703  0.02408349 0.45614618]
 [0.07077061 0.91916126 0.01006814]
 [0.2443518  0.59146374 0.16418444]
 [0.27107257 0.2525367  0.47639072]]
probabilities: [[0.67533505 0.04825575 0.27640918]
 [0.35169217 0.1450447  0.5032631 ]
 [0.08450412 0.8223574  0.09313844]
 [0.5461604  0.33846208 0.11537752]
 [0.33186948 0.19846393 0.46966657]]
probabilities: [[0. 1. 0.]
 [0. 1. 0.]
 [0. 1. 0.]
 [0. 1. 0.]
 [0. 1. 0.]]
probabilities: [[0.80522645 0.10195856 0.09281497]
 [0.20085256 0.04458283 0.7545646 ]
 [0.3352682  0.43182522 0.2329066 ]
 [0.17679624 0.1544555  0.66874826]
 [0.48350474 0.19396386 0.32253137]]
probabilities: [[0.8944611  0.02333309 0.08220579]
 [0.53312343 0.36613312 0.10074347]
 [0.08534025 0.11651675 0.79814297]
 [0.4862052  0.33177108 0.18202372]
 [0.02184598 0.8864253  0.09172872]]
probabilities: [[0.47758773 0.43102607 0.09138622]
 [0.42966387 0.14048776 0.42984837]
 [0.24581893 0.03296295 0.7212181 ]
 [0.36592212 0.29335672 0.34072113]
 [0.09256625 0.08729026 0.8201435 ]]
probabilities: [[0. 1. 0.]
 [0. 1. 0.]
 [0. 1. 0.]
 [0. 1. 0.]
 [0. 1. 0.]]
probabilities: [[0.41457477 0.2389936  0.34643164]
 [0.75705737 0.13005991 0.11288271]
 [0.19861503 0.37738186 0.4240031 ]
 [0.8183061  0.11376438 0.06792956]
 [0.07076737 0.72972786 0.19950475]]
probabilities: [[0.7343055  0.24076112 0.02493337]
 [0.3914846  0.14720811 0.46130732]
 [0.00843419 0.35306188 0.6385039 ]
 [0.19288822 0.6927061  0.11440566]
 [0.5008865  0.41532505 0.08378846]]
probabilities: [[0.17497517 0.0938162  0.7312086 ]
 [0.8256129  0.082151   0.09223612]
 [0.1926396  0.7207653  0.0865951 ]
 [0.03593747 0.51379627 0.45026627]
 [0.64720255 0.30220687 0.05059057]]
probabilities: [[0. 0. 1.]
 [0. 1. 0.]
 [0. 0. 1.]
 [0. 0. 1.]
 [0. 0. 1.]]
probabilities: [[0.06590372 0.5751028  0.3589935 ]
 [0.01997174 0.25340006 0.7266282 ]
 [0.29384172 0.41476694 0.29139134]
 [0.41289818 0.3858267  0.20127508]
 [0.0483469  0.5547728  0.39688033]]
probabilities: [[0.40250748 0.42409772 0.17339478]
 [0.34064263 0.3552952  0.30406216]
 [0.11430333 0.8351864  0.05051026]
 [0.5433834  0.1960861  0.26053047]
 [0.79985845 0.05199414 0.14814742]]
probabilities: [[0.3600943  0.13851394 0.50139177]
 [0.03368016 0.08947732 0.8768425 ]
 [0.355986   0.26130444 0.38270956]
 [0.37030149 0.47100654 0.15869197]
 [0.17295934 0.14012818 0.6869125 ]]
probabilities: [[0. 1. 0.]
 [0. 1. 0.]
 [0. 1. 0.]
 [0. 1. 0.]
 [0. 1. 0.]]
probabilities: [[0.43658754 0.1560003  0.40741217]
 [0.9284008  0.00196895 0.06963025]
 [0.11136153 0.669979   0.21865949]
 [0.5046678  0.33934227 0.15598992]
 [0.26964054 0.18239205 0.54796743]]
probabilities: [[0.66117585 0.30768824 0.03113591]
 [0.7085074  0.14623004 0.14526252]
 [0.6913917  0.24039371 0.0682146 ]
 [0.35688248 0.5291684  0.11394909]
 [0.4048442  0.17506482 0.420091  ]]
probabilities: [[0.30973306 0.4230791  0.26718783]
 [0.7431307  0.19343688 0.06343245]
 [0.15167859 0.4516495  0.39667195]
 [0.11631367 0.01003602 0.8736503 ]
 [0.22136636 0.24919398 0.5294397 ]]
probabilities: [[0. 1. 0.]
 [0. 1. 0.]
 [0. 1. 0.]
 [0. 1. 0.]
 [0. 1. 0.]]
probabilities: [[0.02045103 0.39830598 0.581243  ]
 [0.11104293 0.86874706 0.02021   ]
 [0.19019388 0.53244275 0.27736336]
 [0.2645406  0.71860474 0.01685462]
 [0.22419833 0.05557337 0.7202283 ]]
probabilities: [[0.46163994 0.17417541 0.36418465]
 [0.5440086  0.43856382 0.01742756]
 [0.17967114 0.4219189  0.39841   ]
 [0.035062   0.8179633  0.14697471]
 [0.09780346 0.6216994  0.28049716]]
probabilities: [[0.09433743 0.7626171  0.14304544]
 [0.6162424  0.00640921 0.37734836]
 [0.04298809 0.9081277  0.04888419]
 [0.5658114  0.07135832 0.36283028]
 [0.3576016  0.48177856 0.16061984]]
probabilities: [[1. 0. 0.]
 [1. 0. 0.]
 [1. 0. 0.]
 [1. 0. 0.]
 [1. 0. 0.]]
probabilities: [[0.17833191 0.5020178  0.31965026]
 [0.612508   0.21861525 0.16887674]
 [0.00543247 0.6591782  0.33538935]
 [0.35540986 0.5682959  0.07629421]
 [0.2873145  0.2928557  0.4198298 ]]
probabilities: [[0.12757929 0.51815647 0.35426426]
 [0.33542666 0.02345532 0.641118  ]
 [0.32343832 0.41914147 0.2574202 ]
 [0.5492671  0.22231255 0.22842033]
 [0.71782094 0.10544901 0.17673004]]
probabilities: [[0.10420214 0.03834383 0.85745406]
 [0.30280355 0.19805224 0.49914423]
 [0.24511756 0.49810624 0.25677618]
 [0.19511423 0.26337847 0.5415073 ]
 [0.03436755 0.31506783 0.6505646 ]]
probabilities: [[0. 1. 0.]
 [0. 1. 0.]
 [0. 1. 0.]
 [0. 1. 0.]
 [0. 1. 0.]]
probabilities: [[0.08198218 0.23720522 0.6808126 ]
 [0.54305923 0.09960625 0.35733452]
 [0.6092789  0.0523129  0.33840817]
 [0.08412799 0.46827978 0.44759223]
 [0.620383   0.01937221 0.36024475]]
probabilities: [[0.30579874 0.29061976 0.4035815 ]
 [0.4284096  0.13151675 0.44007364]
 [0.4957036  0.50063    0.00366636]
 [0.5456294  0.41605484 0.03831575]
 [0.11001384 0.4952024  0.39478377]]
probabilities: [[0.4133302  0.03774851 0.5489213 ]
 [0.05490557 0.3616261  0.5834683 ]
 [0.3794051  0.4911733  0.12942159]
 [0.401098   0.01781012 0.5810919 ]
 [0.05596453 0.08000345 0.86403203]]
probabilities: [[0. 0. 1.]
 [0. 1. 0.]
 [0. 0. 1.]
 [0. 0. 1.]
 [0. 0. 1.]]
probabilities: [[0.14854246 0.33096573 0.52049184]
 [0.30649406 0.46028706 0.23321888]
 [0.2947815  0.25775832 0.44746017]
 [0.17884466 0.6442509  0.17690443]
 [0.32487595 0.53270483 0.14241922]]
probabilities: [[0.1349264  0.28541625 0.5796574 ]
 [0.36680755 0.29997486 0.3332176 ]
 [0.0920911  0.6046303  0.3032786 ]
 [0.494499   0.46229553 0.04320545]
 [0.66643107 0.16817914 0.16538979]]
probabilities: [[0.38666555 0.43442464 0.17890982]
 [0.9256928  0.01741933 0.05688788]
 [0.09913488 0.70243716 0.19842798]
 [0.5628168  0.2290151  0.20816809]
 [0.5174113  0.08219114 0.40039757]]
probabilities: [[0. 1. 0.]
 [0. 1. 0.]
 [0. 1. 0.]
 [0. 1. 0.]
 [0. 1. 0.]]
probabilities: [[0.54049164 0.22001223 0.2394961 ]
 [0.49663347 0.06950332 0.43386322]
 [0.48946115 0.26363137 0.24690747]
 [0.02842165 0.12054321 0.8510351 ]
 [0.20470254 0.5297902  0.26550725]]
probabilities: [[0.5902586  0.3200927  0.08964869]
 [0.19403164 0.3117793  0.49418908]
 [0.45948032 0.33640718 0.20411249]
 [0.29444307 0.338492   0.36706492]
 [0.26079985 0.21213369 0.5270664 ]]
probabilities: [[0.05300765 0.01977122 0.9272211 ]
 [0.00174208 0.88792044 0.11033748]
 [0.00672669 0.910684   0.08258935]
 [0.03029173 0.4047313  0.564977  ]
 [0.36886466 0.458194   0.17294137]]
probabilities: [[0. 1. 0.]
 [0. 1. 0.]
 [0. 1. 0.]
 [0. 1. 0.]
 [0. 1. 0.]]
probabilities: [[0.03056994 0.18244718 0.7869829 ]
 [0.3660073  0.4401678  0.19382489]
 [0.35427248 0.46860743 0.17712009]
 [0.16441627 0.3154077  0.52017605]
 [0.80654293 0.14898667 0.04447038]]
probabilities: [[0.1650956  0.33715227 0.49775213]
 [0.5270337  0.45281735 0.02014896]
 [0.56576407 0.05660411 0.37763184]
 [0.2687663  0.63236785 0.09886583]
 [0.0447864  0.89756304 0.05765054]]
probabilities: [[0.5252257  0.04948227 0.42529202]
 [0.19788766 0.27308598 0.5290263 ]
 [0.20879059 0.3927161  0.3984933 ]
 [0.54850835 0.429519   0.02197267]
 [0.4170241  0.33765683 0.24531908]]
probabilities: [[1. 0. 0.]
 [1. 0. 0.]
 [1. 0. 0.]
 [1. 0. 0.]
 [1. 0. 0.]]
probabilities: [[0.73079056 0.25377348 0.01543599]
 [0.24704073 0.3831883  0.36977097]
 [0.16890413 0.16314623 0.6679496 ]
 [0.03988577 0.29068866 0.66942555]
 [0.8417201  0.12346303 0.03481686]]
probabilities: [[0.04094696 0.14840993 0.8106431 ]
 [0.4002865  0.1134214  0.48629212]
 [0.25587016 0.7239245  0.02020533]
 [0.07960995 0.6751935  0.24519658]
 [0.19225325 0.62952095 0.17822582]]
probabilities: [[0.29393697 0.3529042  0.35315883]
 [0.1959251  0.11744862 0.68662626]
 [0.12446715 0.35513395 0.5203989 ]
 [0.398947   0.58764285 0.01341017]
 [0.06538005 0.5513917  0.3832282 ]]
probabilities: [[1. 0. 0.]
 [1. 0. 0.]
 [1. 0. 0.]
 [1. 0. 0.]
 [1. 0. 0.]]
probabilities: [[0.8741796  0.01471127 0.11110911]
 [0.07496137 0.6472167  0.27782196]
 [0.70945203 0.11608673 0.17446125]
 [0.2591596  0.69251096 0.04832947]
 [0.0893904  0.41945672 0.49115288]]
probabilities: [[0.33228743 0.5939117  0.07380085]
 [0.7168483  0.17377625 0.10937545]
 [0.78761214 0.15562142 0.05676645]
 [0.8658457  0.05644723 0.07770709]
 [0.38927293 0.56362414 0.04710296]]
probabilities: [[0.23637484 0.52860767 0.2350175 ]
 [0.47848332 0.5033681  0.01814863]
 [0.47004783 0.10669303 0.42325914]
 [0.19604923 0.5238557  0.28009507]
 [0.75685537 0.20934865 0.03379595]]
probabilities: [[1. 0. 0.]
 [1. 0. 0.]
 [1. 0. 0.]
 [1. 0. 0.]
 [1. 0. 0.]]
probabilities: [[0.15178668 0.47642672 0.3717866 ]
 [0.00329405 0.07291707 0.9237889 ]
 [0.51002586 0.45344728 0.03652685]
 [0.12032209 0.47515833 0.40451956]
 [0.18864192 0.55092037 0.26043773]]
probabilities: [[0.610671   0.13184373 0.2574853 ]
 [0.22016759 0.7610532  0.01877918]
 [0.8230048  0.09990878 0.07708643]
 [0.4719326  0.33838195 0.18968545]
 [0.43712696 0.5315191  0.03135393]]
probabilities: [[0.05992208 0.5816954  0.35838255]
 [0.7013033  0.05133198 0.24736471]
 [0.57668746 0.03702128 0.38629127]
 [0.19713758 0.2500664  0.552796  ]
 [0.01096472 0.67921364 0.30982167]]
probabilities: [[0. 0. 1.]
 [0. 1. 0.]
 [0. 0. 1.]
 [0. 0. 1.]
 [0. 0. 1.]]
probabilities: [[0.8182046  0.09494887 0.08684655]
 [0.13440955 0.5159926  0.3495979 ]
 [0.8985811  0.03892777 0.06249114]
 [0.5117914  0.21390346 0.27430514]
 [0.77946943 0.19511423 0.02541632]]
probabilities: [[0.09152421 0.7558327  0.15264311]
 [0.04860693 0.13610831 0.8152848 ]
 [0.28825983 0.7023265  0.00941366]
 [0.2518875  0.10556962 0.6425429 ]
 [0.13300975 0.44551793 0.42147234]]
probabilities: [[0.04377552 0.21592139 0.7403031 ]
 [0.45977008 0.07012442 0.4701055 ]
 [0.1108332  0.47035787 0.41880894]
 [0.07218094 0.7937636  0.13405548]
 [0.9773781  0.00991182 0.01271009]]
probabilities: [[1. 0. 0.]
 [1. 0. 0.]
 [1. 0. 0.]
 [1. 0. 0.]
 [1. 0. 0.]]
probabilities: [[0.12812613 0.09163415 0.7802397 ]
 [0.59569836 0.33618054 0.06812113]
 [0.07089604 0.3210126  0.60809135]
 [0.1538457  0.5719394  0.2742149 ]
 [0.08034253 0.07156715 0.84809035]]
probabilities: [[0.4720179  0.24233948 0.28564262]
 [0.341956   0.18201514 0.4760289 ]
 [0.1278129  0.42082465 0.45136246]
 [0.8722239  0.0982727  0.0295034 ]
 [0.23381013 0.5423584  0.22383149]]
probabilities: [[0.22829327 0.66595113 0.10575562]
 [0.14186181 0.22349371 0.6346445 ]
 [0.0624003  0.8622551  0.07534461]
 [0.10043206 0.25184107 0.6477269 ]
 [0.15849912 0.0168375  0.8246634 ]]
probabilities: [[1. 0. 0.]
 [1. 0. 0.]
 [1. 0. 0.]
 [1. 0. 0.]
 [1. 0. 0.]]
probabilities: [[0.16907483 0.21869029 0.6122349 ]
 [0.41833335 0.4917738  0.08989283]
 [0.54425335 0.08214326 0.3736034 ]
 [0.55875415 0.03846001 0.40278587]
 [0.64451337 0.12614006 0.22934657]]
probabilities: [[0.15909998 0.35044184 0.49045816]
 [0.5488302  0.40877387 0.04239592]
 [0.08507083 0.03964289 0.8752863 ]
 [0.5727499  0.3679234  0.05932665]
 [0.14570883 0.73206896 0.12222221]]
probabilities: [[0.11053366 0.79667324 0.09279309]
 [0.12627855 0.12076993 0.7529515 ]
 [0.41914284 0.2724713  0.30838582]
 [0.14506711 0.1622442  0.6926887 ]
 [0.14916883 0.21133424 0.6394969 ]]
probabilities: [[0. 0. 1.]
 [0. 1. 0.]
 [0. 0. 1.]
 [0. 0. 1.]
 [0. 0. 1.]]
probabilities: [[0.84581643 0.09108589 0.06309767]
 [0.05301683 0.80325264 0.1437305 ]
 [0.48183644 0.4494576  0.06870598]
 [0.2387199  0.46475545 0.29652467]
 [0.6399415  0.3287913  0.0312672 ]]
probabilities: [[0.19937934 0.4958377  0.30478296]
 [0.1290006  0.3636339  0.5073655 ]
 [0.5639297  0.06096289 0.3751074 ]
 [0.86525476 0.04336236 0.09138289]
 [0.13909441 0.4548251  0.40608048]]
probabilities: [[0.83678746 0.0529566  0.11025593]
 [0.4695664  0.26223668 0.26819694]
 [0.37405625 0.5331191  0.09282468]
 [0.07689564 0.19351608 0.72958827]
 [0.4444858  0.06929898 0.4862152 ]]
probabilities: [[0. 1. 0.]
 [0. 1. 0.]
 [0. 1. 0.]
 [0. 1. 0.]
 [0. 1. 0.]]
probabilities: [[0.00428829 0.88786834 0.1078434 ]
 [0.1386086  0.5988428  0.26254857]
 [0.35300332 0.37924814 0.26774853]
 [0.5721851  0.03792394 0.38989094]
 [0.6046363  0.39295018 0.00241352]]
probabilities: [[0.36232653 0.10458566 0.53308785]
 [0.5690064  0.3107249  0.12026868]
 [0.22462787 0.33060932 0.4447628 ]
 [0.14465037 0.53397447 0.3213752 ]
 [0.55484074 0.00917531 0.435984  ]]
probabilities: [[0.36578766 0.37113786 0.2630745 ]
 [0.3205804  0.64436615 0.03505346]
 [0.54384756 0.04673667 0.40941578]
 [0.31616834 0.39995486 0.28387678]
 [0.1165591  0.10231499 0.7811259 ]]
probabilities: [[1. 0. 0.]
 [1. 0. 0.]
 [1. 0. 0.]
 [1. 0. 0.]
 [1. 0. 0.]]
probabilities: [[0.30747923 0.07414833 0.61837244]
 [0.4542208  0.30730015 0.23847906]
 [0.46547082 0.5305926  0.00393654]
 [0.25559944 0.65161073 0.09278983]
 [0.16601726 0.36605987 0.46792287]]
probabilities: [[0.04446878 0.893518   0.06201325]
 [0.47420916 0.3335801  0.19221072]
 [0.6268377  0.22961561 0.14354675]
 [0.590248   0.30092064 0.10883139]
 [0.48881382 0.32312438 0.1880618 ]]
probabilities: [[0.5814031  0.01274723 0.4058497 ]
 [0.05586192 0.69755554 0.24658251]
 [0.716115   0.19048606 0.09339894]
 [0.7167796  0.09871899 0.18450141]
 [0.1818535  0.34298596 0.47516054]]
probabilities: [[1. 0. 0.]
 [1. 0. 0.]
 [1. 0. 0.]
 [1. 0. 0.]
 [1. 0. 0.]]
probabilities: [[0.27479634 0.09120955 0.6339941 ]
 [0.03301062 0.15608138 0.810908  ]
 [0.29656646 0.30854785 0.3948857 ]
 [0.23405339 0.19104978 0.5748968 ]
 [0.34578213 0.03400706 0.6202108 ]]
probabilities: [[0.18206067 0.41808942 0.3998499 ]
 [0.04266953 0.66308594 0.29424453]
 [0.10366596 0.03065099 0.8656831 ]
 [0.5255587  0.43534932 0.03909197]
 [0.6539671  0.01773183 0.32830104]]
probabilities: [[0.2055919  0.48781845 0.30658963]
 [0.15457223 0.5921397  0.25328806]
 [0.41242105 0.12986867 0.45771027]
 [0.05263018 0.14449328 0.80287653]
 [0.4168908  0.11989848 0.46321073]]
probabilities: [[0. 0. 1.]
 [0. 1. 0.]
 [0. 1. 0.]
 [0. 0. 1.]
 [0. 0. 1.]]
probabilities: [[0.38470376 0.48181155 0.1334847 ]
 [0.35609764 0.2573935  0.38650885]
 [0.3027957  0.5294425  0.16776179]
 [0.8376083  0.15901867 0.00337305]
 [0.10781706 0.8657457  0.0264372 ]]
probabilities: [[0.2941351  0.6543998  0.05146509]
 [0.4082205  0.24034074 0.3514388 ]
 [0.17576297 0.36654377 0.45769328]
 [0.02805836 0.9527452  0.01919647]
 [0.06251317 0.5677632  0.3697236 ]]
probabilities: [[0.5352485  0.3461237  0.11862777]
 [0.32822266 0.37206623 0.29971108]
 [0.35573995 0.504962   0.13929798]
 [0.28602985 0.45136923 0.26260093]
 [0.00222535 0.3724164  0.6253582 ]]
probabilities: [[0. 1. 0.]
 [0. 1. 0.]
 [0. 1. 0.]
 [0. 1. 0.]
 [0. 1. 0.]]
probabilities: [[0.48395675 0.28861716 0.22742608]
 [0.72996086 0.13101266 0.13902648]
 [0.11538827 0.3109619  0.5736498 ]
 [0.4734654  0.1676558  0.35887882]
 [0.4352324  0.3201722  0.24459541]]
probabilities: [[0.18562709 0.44282964 0.3715433 ]
 [0.3167228  0.10931591 0.57396126]
 [0.00366305 0.32941267 0.6669243 ]
 [0.82608616 0.09430641 0.0796074 ]
 [0.37366164 0.58410966 0.04222874]]
probabilities: [[0.0842955  0.02902813 0.8866764 ]
 [0.10465395 0.16562293 0.7297231 ]
 [0.6066808  0.1730569  0.22026229]
 [0.19294623 0.73023206 0.07682172]
 [0.6369932  0.25788233 0.10512446]]
probabilities: [[1. 0. 0.]
 [1. 0. 0.]
 [1. 0. 0.]
 [1. 0. 0.]
 [1. 0. 0.]]
probabilities: [[0.38447604 0.587136   0.02838798]
 [0.05411837 0.6744589  0.27142268]
 [0.06742812 0.5029635  0.42960843]
 [0.7133685  0.14546111 0.14117038]
 [0.24447559 0.28665355 0.46887085]]
probabilities: [[0.25762507 0.14041224 0.6019627 ]
 [0.08634814 0.68121207 0.2324398 ]
 [0.06972582 0.54409117 0.386183  ]
 [0.6613112  0.00769353 0.33099523]
 [0.13150094 0.47902414 0.3894749 ]]
probabilities: [[0.15945898 0.07621967 0.7643213 ]
 [0.01593096 0.40308806 0.58098096]
 [0.33830684 0.6179245  0.04376863]
 [0.18522072 0.6577705  0.15700878]
 [0.13447286 0.07664618 0.78888094]]
probabilities: [[1. 0. 0.]
 [1. 0. 0.]
 [1. 0. 0.]
 [1. 0. 0.]
 [1. 0. 0.]]
probabilities: [[0.2126821  0.58653504 0.20078288]
 [0.12714036 0.20036727 0.6724924 ]
 [0.37668476 0.11145706 0.51185817]
 [0.4419566  0.13331397 0.42472944]
 [0.00122524 0.18962288 0.8091519 ]]
probabilities: [[0.88549876 0.00752321 0.10697801]
 [0.19301356 0.1885138  0.61847264]
 [0.2753767  0.08807248 0.6365508 ]
 [0.18385625 0.8122802  0.0038636 ]
 [0.04743154 0.4332817  0.51928675]]
probabilities: [[0.41273114 0.49339283 0.09387602]
 [0.61374867 0.19156547 0.19468585]
 [0.25314054 0.30560863 0.44125083]
 [0.5370771  0.37310174 0.08982115]
 [0.6037735  0.05021042 0.34601608]]
probabilities: [[1. 0. 0.]
 [1. 0. 0.]
 [1. 0. 0.]
 [1. 0. 0.]
 [1. 0. 0.]]
probabilities: [[0.06146945 0.21225701 0.72627354]
 [0.36897096 0.02186639 0.6091626 ]
 [0.07654256 0.1906073  0.73285013]
 [0.47749224 0.3390869  0.18342084]
 [0.22121221 0.07743718 0.7013506 ]]
probabilities: [[0.41428015 0.2601936  0.32552624]
 [0.05603743 0.2329427  0.7110199 ]
 [0.2516935  0.01510174 0.7332048 ]
 [0.23931235 0.00854877 0.75213885]
 [0.6829172  0.10429814 0.21278471]]
probabilities: [[0.13541858 0.6824938  0.18208762]
 [0.3704481  0.32140458 0.3081473 ]
 [0.59645844 0.2596985  0.14384307]
 [0.58955437 0.40731454 0.00313108]
 [0.6818293  0.14833806 0.16983266]]
probabilities: [[1. 0. 0.]
 [1. 0. 0.]
 [1. 0. 0.]
 [1. 0. 0.]
 [1. 0. 0.]]
probabilities: [[0.55754614 0.37990883 0.06254502]
 [0.00794219 0.77237785 0.21967997]
 [0.1232703  0.72980475 0.14692494]
 [0.32910147 0.40614927 0.2647493 ]
 [0.172673   0.7375023  0.08982471]]
probabilities: [[0.46666557 0.25204653 0.2812879 ]
 [0.30037373 0.58209777 0.11752851]
 [0.22272219 0.66321933 0.11405846]
 [0.07571358 0.29805678 0.62622964]
 [0.31343147 0.68355334 0.00301517]]
probabilities: [[0.4477082  0.16392046 0.38837135]
 [0.19246203 0.16373472 0.64380324]
 [0.2717583  0.27659717 0.4516445 ]
 [0.58126575 0.31550822 0.10322602]
 [0.25719544 0.02943383 0.71337074]]
probabilities: [[1. 0. 0.]
 [1. 0. 0.]
 [1. 0. 0.]
 [1. 0. 0.]
 [1. 0. 0.]]
probabilities: [[0.21792817 0.5412703  0.2408015 ]
 [0.2762291  0.605312   0.11845888]
 [0.6944439  0.28091967 0.02463647]
 [0.29025158 0.19594748 0.513801  ]
 [0.8833194  0.09525522 0.02142541]]
probabilities: [[0.03131577 0.02745378 0.9412305 ]
 [0.45652393 0.45795885 0.08551721]
 [0.04868176 0.9475542  0.00376409]
 [0.06910264 0.79709214 0.13380522]
 [0.8472909  0.00951512 0.143194  ]]
probabilities: [[0.1661509  0.20281762 0.6310315 ]
 [0.40188792 0.09300716 0.5051049 ]
 [0.02694181 0.5719944  0.40106377]
 [0.67209744 0.24400695 0.0838956 ]
 [0.690774   0.29812005 0.01110593]]
probabilities: [[0. 0. 1.]
 [0. 1. 0.]
 [0. 1. 0.]
 [0. 0. 1.]
 [0. 0. 1.]]
probabilities: [[0.8818906  0.0488603  0.06924908]
 [0.5581487  0.00105268 0.4407986 ]
 [0.16260567 0.48413795 0.35325637]
 [0.31572387 0.25106287 0.43321326]
 [0.17419325 0.29155263 0.53425413]]
probabilities: [[0.04761181 0.5372917  0.41509646]
 [0.20102854 0.6604667  0.13850479]
 [0.5882557  0.16245495 0.24928933]
 [0.25353196 0.3099656  0.43650243]
 [0.5314545  0.2753762  0.19316931]]
probabilities: [[0.2608423  0.42294422 0.3162135 ]
 [0.2525761  0.7081641  0.03925978]
 [0.11382652 0.44016868 0.4460048 ]
 [0.35441256 0.02637733 0.6192101 ]
 [0.24248011 0.38691673 0.37060317]]
probabilities: [[0. 0. 1.]
 [0. 1. 0.]
 [0. 1. 0.]
 [0. 0. 1.]
 [0. 0. 1.]]
probabilities: [[0.66871744 0.22214828 0.1091343 ]
 [0.1347816  0.30743447 0.5577839 ]
 [0.05139033 0.04678841 0.90182126]
 [0.10335084 0.16019486 0.7364543 ]
 [0.8546041  0.13646512 0.00893077]]
probabilities: [[0.18074816 0.6584313  0.16082054]
 [0.6739513  0.02359107 0.30245763]
 [0.15027325 0.18998179 0.659745  ]
 [0.6334791  0.22758883 0.13893205]
 [0.44364312 0.01759949 0.5387574 ]]
probabilities: [[0.88877577 0.06360321 0.04762105]
 [0.41379383 0.27865458 0.30755156]
 [0.49421573 0.4665075  0.03927678]
 [0.5516301  0.32845598 0.11991393]
 [0.06646757 0.70580435 0.2277281 ]]
probabilities: [[0. 0. 1.]
 [0. 1. 0.]
 [0. 0. 1.]
 [0. 0. 1.]
 [0. 0. 1.]]
probabilities: [[0.47056496 0.19606149 0.33337355]
 [0.5108428  0.45054188 0.0386153 ]
 [0.1110116  0.6686886  0.22029978]
 [0.06214312 0.51400185 0.423855  ]
 [0.15429564 0.14356016 0.7021442 ]]
probabilities: [[0.305434   0.03867464 0.65589136]
 [0.89226186 0.01330505 0.09443309]
 [0.3488489  0.23794392 0.41320714]
 [0.6583734  0.08610925 0.2555173 ]
 [0.33488742 0.26451346 0.40059912]]
probabilities: [[0.39261162 0.20129015 0.40609822]
 [0.5653595  0.3477477  0.08689283]
 [0.4965653  0.04457365 0.45886102]
 [0.10611022 0.88213277 0.01175704]
 [0.62804914 0.20603797 0.1659129 ]]
probabilities: [[0. 0. 1.]
 [0. 1. 0.]
 [0. 0. 1.]
 [0. 0. 1.]
 [0. 0. 1.]]
probabilities: [[0.03420125 0.56640726 0.39939147]
 [0.6106329  0.17249282 0.21687426]
 [0.06090089 0.83216256 0.10693659]
 [0.03231387 0.6607029  0.30698326]
 [0.10246838 0.82717884 0.07035276]]
probabilities: [[0.66950494 0.16030507 0.17019   ]
 [0.29912862 0.53647697 0.16439438]
 [0.9162748  0.03665192 0.04707329]
 [0.3706439  0.14205955 0.48729655]
 [0.15058452 0.7479149  0.1015006 ]]
probabilities: [[0.35098985 0.33519506 0.3138151 ]
 [0.3111111  0.5451609  0.143728  ]
 [0.26383597 0.4058408  0.33032322]
 [0.45811233 0.1977946  0.34409308]
 [0.33843163 0.53462553 0.12694287]]
probabilities: [[1. 0. 0.]
 [1. 0. 0.]
 [1. 0. 0.]
 [1. 0. 0.]
 [1. 0. 0.]]
probabilities: [[0.6850267  0.09537725 0.21959606]
 [0.20976584 0.5070714  0.28316277]
 [0.48788893 0.4887851  0.02332599]
 [0.82655305 0.10337478 0.0700722 ]
 [0.1984639  0.02074833 0.78078777]]
probabilities: [[0.32326242 0.15363055 0.52310705]
 [0.47934052 0.0353856  0.48527387]
 [0.7763178  0.17425835 0.04942388]
 [0.10542399 0.46596003 0.428616  ]
 [0.12119044 0.12111432 0.75769526]]
probabilities: [[0.89558035 0.03542589 0.06899372]
 [0.5293085  0.0534298  0.41726172]
 [0.39973068 0.47954005 0.12072928]
 [0.44415793 0.39118785 0.16465424]
 [0.8215306  0.17653912 0.0019303 ]]
probabilities: [[0. 0. 1.]
 [0. 1. 0.]
 [0. 1. 0.]
 [0. 0. 1.]
 [0. 0. 1.]]
probabilities: [[0.63293284 0.20354086 0.1635263 ]
 [0.32035297 0.10934345 0.57030356]
 [0.44476616 0.39361373 0.16162008]
 [0.19407158 0.45075536 0.35517305]
 [0.63289875 0.11141594 0.2556853 ]]
probabilities: [[8.4324792e-02 3.9223722e-01 5.2343798e-01]
 [7.9983741e-02 2.9229887e-02 8.9078635e-01]
 [2.3770133e-01 3.2973203e-01 4.3256661e-01]
 [5.9623694e-01 3.9913261e-01 4.6304483e-03]
 [2.8908819e-01 7.1044278e-01 4.6900578e-04]]
probabilities: [[0.1524572  0.5220647  0.32547814]
 [0.7012425  0.06236117 0.2363963 ]
 [0.1952927  0.13716736 0.66753995]
 [0.06441217 0.26522845 0.6703594 ]
 [0.0499397  0.7328224  0.21723787]]
probabilities: [[0. 1. 0.]
 [0. 1. 0.]
 [0. 1. 0.]
 [0. 1. 0.]
 [0. 1. 0.]]
probabilities: [[0.32973853 0.00430198 0.6659595 ]
 [0.3142349  0.2501251  0.43563998]
 [0.52396756 0.42330724 0.05272523]
 [0.14537542 0.46567127 0.3889533 ]
 [0.32440615 0.31382924 0.3617646 ]]
probabilities: [[0.85577786 0.0131998  0.13102235]
 [0.8504053  0.04713923 0.10245547]
 [0.3751119  0.44784844 0.17703965]
 [0.02717722 0.4547172  0.5181056 ]
 [0.73003465 0.10784036 0.16212502]]
probabilities: [[0.23637721 0.39602166 0.36760113]
 [0.37495822 0.46138328 0.1636585 ]
 [0.56220317 0.1950486  0.24274822]
 [0.43675923 0.09336798 0.46987277]
 [0.19189903 0.3503859  0.45771506]]
probabilities: [[1. 0. 0.]
 [1. 0. 0.]
 [1. 0. 0.]
 [1. 0. 0.]
 [1. 0. 0.]]
probabilities: [[0.5921495  0.0410507  0.3667998 ]
 [0.16556877 0.24642287 0.58800834]
 [0.58260036 0.03061183 0.3867878 ]
 [0.28576034 0.3043866  0.40985304]
 [0.18357325 0.4475231  0.36890367]]
probabilities: [[0.10373892 0.5828913  0.3133698 ]
 [0.62284946 0.05332277 0.32382777]
 [0.0556882  0.8945349  0.0497769 ]
 [0.14309241 0.84102815 0.01587946]
 [0.2875383  0.05333333 0.65912837]]
probabilities: [[0.67638725 0.26806372 0.05554901]
 [0.17027345 0.15526316 0.6744634 ]
 [0.47065818 0.14658281 0.382759  ]
 [0.68569094 0.08538649 0.22892255]
 [0.05342491 0.7949937  0.15158139]]
probabilities: [[0. 0. 1.]
 [0. 1. 0.]
 [0. 1. 0.]
 [0. 0. 1.]
 [0. 0. 1.]]
probabilities: [[0.19138268 0.4794352  0.32918212]
 [0.21436702 0.14053546 0.6450975 ]
 [0.04440543 0.85780156 0.097793  ]
 [0.49424928 0.13019334 0.37555736]
 [0.309425   0.05703678 0.63353825]]
probabilities: [[0.61865187 0.01834081 0.36300734]
 [0.23397097 0.5924778  0.17355125]
 [0.875845   0.07427242 0.04988255]
 [0.05455136 0.7556145  0.18983415]
 [0.32128072 0.5380558  0.14066349]]
probabilities: [[0.6100389  0.3067673  0.08319382]
 [0.18059751 0.12588063 0.69352186]
 [0.2390424  0.05103863 0.709919  ]
 [0.8432049  0.12595646 0.03083865]
 [0.6771496  0.11838889 0.20446149]]
probabilities: [[0. 0. 1.]
 [0. 1. 0.]
 [0. 0. 1.]
 [0. 0. 1.]
 [0. 0. 1.]]
probabilities: [[0.9480966  0.03013662 0.02176681]
 [0.4138955  0.4394345  0.14667001]
 [0.13005167 0.4395855  0.43036282]
 [0.05255079 0.07051263 0.87693655]
 [0.8197166  0.1436972  0.0365862 ]]
probabilities: [[0.34622857 0.3815332  0.27223822]
 [0.82442814 0.11818071 0.05739113]
 [0.14859745 0.57898045 0.2724221 ]
 [0.03506631 0.8085265  0.15640716]
 [0.16233458 0.10718851 0.7304769 ]]
probabilities: [[0.3550839  0.4795139  0.16540219]
 [0.47815022 0.04308084 0.47876894]
 [0.24904971 0.74921805 0.00173222]
 [0.688035   0.21523598 0.09672903]
 [0.41122222 0.17837629 0.4104015 ]]
probabilities: [[0. 1. 0.]
 [0. 1. 0.]
 [0. 1. 0.]
 [0. 1. 0.]
 [0. 1. 0.]]
probabilities: [[0.52314836 0.05144843 0.42540324]
 [0.18331237 0.4187958  0.39789182]
 [0.06444738 0.3696579  0.5658947 ]
 [0.9358149  0.02033441 0.0438507 ]
 [0.09978843 0.19206855 0.70814306]]
probabilities: [[0.6335589  0.24035871 0.12608239]
 [0.45960104 0.3889803  0.15141867]
 [0.10009547 0.82605165 0.07385289]
 [0.3064191  0.27849406 0.41508684]
 [0.0409378  0.01998518 0.939077  ]]
probabilities: [[0.36399102 0.12662275 0.50938624]
 [0.37192416 0.2904994  0.33757645]
 [0.161521   0.34087425 0.49760476]
 [0.29450566 0.05508098 0.65041333]
 [0.34368914 0.38462245 0.27168837]]
probabilities: [[0. 0. 1.]
 [0. 1. 0.]
 [0. 1. 0.]
 [0. 0. 1.]
 [0. 0. 1.]]
probabilities: [[0.08884139 0.3522854  0.55887324]
 [0.3477813  0.44303247 0.20918623]
 [0.18254885 0.21464439 0.60280675]
 [0.7271539  0.02614031 0.24670579]
 [0.01627603 0.531092   0.45263198]]
probabilities: [[0.11209434 0.31128883 0.5766168 ]
 [0.6259933  0.06555916 0.30844757]
 [0.7265018  0.25066465 0.02283351]
 [0.33868974 0.40221077 0.25909945]
 [0.96078086 0.01493248 0.02428665]]
probabilities: [[0.3434535  0.45428166 0.20226485]
 [0.38597164 0.26756448 0.3464639 ]
 [0.3809648  0.24456592 0.3744693 ]
 [0.7557235  0.1155692  0.1287073 ]
 [0.21744847 0.44733432 0.3352172 ]]
probabilities: [[0. 0. 1.]
 [0. 1. 0.]
 [0. 1. 0.]
 [0. 0. 1.]
 [0. 0. 1.]]
probabilities: [[0.625992   0.25485465 0.11915334]
 [0.69258916 0.1547409  0.15266992]
 [0.07023712 0.46989182 0.45987108]
 [0.02322898 0.8107465  0.16602454]
 [0.55312455 0.06210129 0.38477415]]
probabilities: [[0.8537073  0.1429522  0.0033405 ]
 [0.9071356  0.03519054 0.05767383]
 [0.03315411 0.01160709 0.9552388 ]
 [0.27222025 0.5312335  0.19654626]
 [0.43498552 0.44342673 0.12158775]]
probabilities: [[0.29554102 0.11368195 0.59077704]
 [0.4143499  0.43621346 0.14943664]
 [0.6100177  0.14138673 0.24859557]
 [0.6770941  0.04504262 0.27786326]
 [0.51560885 0.01070645 0.4736847 ]]
probabilities: [[0. 1. 0.]
 [0. 1. 0.]
 [0. 1. 0.]
 [0. 1. 0.]
 [0. 1. 0.]]
probabilities: [[0.4941761  0.10718107 0.39864284]
 [0.6230323  0.2050129  0.17195483]
 [0.20696142 0.31024924 0.48278934]
 [0.24438667 0.24789247 0.5077208 ]
 [0.29703137 0.04387042 0.6590982 ]]
probabilities: [[0.08400407 0.3795061  0.53648984]
 [0.10265795 0.78341    0.11393205]
 [0.06031685 0.16428013 0.775403  ]
 [0.58637273 0.05169187 0.36193544]
 [0.5953642  0.19909553 0.20554024]]
probabilities: [[0.2632265  0.41906303 0.3177105 ]
 [0.60905373 0.29304108 0.09790521]
 [0.05266513 0.0823809  0.864954  ]
 [0.10327382 0.8812728  0.01545338]
 [0.271525   0.21201922 0.51645577]]
probabilities: [[0. 0. 1.]
 [0. 1. 0.]
 [0. 1. 0.]
 [0. 0. 1.]
 [0. 0. 1.]]
probabilities: [[0.47552192 0.00819644 0.51628166]
 [0.09586795 0.42693177 0.47720027]
 [0.7019555  0.09949376 0.19855072]
 [0.5633292  0.02024604 0.41642475]
 [0.52510774 0.46161163 0.01328064]]
probabilities: [[0.12952973 0.6352922  0.2351781 ]
 [0.16265346 0.2799222  0.55742437]
 [0.45662355 0.30519804 0.23817842]
 [0.69071937 0.24910279 0.06017785]
 [0.382994   0.37770787 0.23929814]]
probabilities: [[2.8822619e-01 4.1502967e-01 2.9674414e-01]
 [3.9219666e-01 3.8614550e-01 2.2165784e-01]
 [8.4555352e-01 4.7964157e-04 1.5396684e-01]
 [4.4791022e-01 4.0192208e-01 1.5016770e-01]
 [3.1219614e-01 2.4197860e-01 4.4582528e-01]]
probabilities: [[0. 0. 1.]
 [0. 1. 0.]
 [0. 0. 1.]
 [0. 0. 1.]
 [0. 0. 1.]]
probabilities: [[0.43597525 0.08465794 0.4793668 ]
 [0.24729188 0.5596247  0.19308345]
 [0.2440719  0.18661198 0.56931615]
 [0.14257506 0.13612299 0.721302  ]
 [0.6102364  0.18030043 0.20946318]]
probabilities: [[0.33084074 0.61212116 0.05703807]
 [0.31110254 0.31003252 0.37886494]
 [0.40514183 0.08778897 0.50706923]
 [0.33571887 0.30664966 0.35763147]
 [0.11803518 0.01338676 0.8685781 ]]
probabilities: [[0.54435796 0.41704297 0.03859909]
 [0.38484377 0.25391796 0.36123824]
 [0.04830644 0.44176525 0.5099283 ]
 [0.01470112 0.6610244  0.32427448]
 [0.02151418 0.23860945 0.7398764 ]]
probabilities: [[0. 1. 0.]
 [0. 1. 0.]
 [0. 1. 0.]
 [0. 1. 0.]
 [0. 1. 0.]]
probabilities: [[0.09434027 0.7856759  0.11998387]
 [0.7312957  0.25548884 0.01321546]
 [0.11250347 0.38741398 0.50008255]
 [0.29475513 0.5810426  0.12420227]
 [0.30119333 0.15463112 0.54417557]]
probabilities: [[0.80732644 0.02930881 0.16336477]
 [0.19886222 0.53437495 0.26676282]
 [0.3860288  0.29189983 0.32207137]
 [0.54815394 0.27981156 0.17203449]
 [0.01447952 0.3917113  0.5938092 ]]
probabilities: [[0.18243943 0.41538978 0.4021708 ]
 [0.43017632 0.2504819  0.31934178]
 [0.21802185 0.51339346 0.2685847 ]
 [0.38966343 0.5245037  0.08583286]
 [0.02327245 0.96844894 0.00827863]]
probabilities: [[1. 0. 0.]
 [1. 0. 0.]
 [1. 0. 0.]
 [1. 0. 0.]
