probabilities: [[0. 1. 0.]
 [0. 1. 0.]
 [0. 1. 0.]
 [0. 1. 0.]
 [0. 1. 0.]]
probabilities: [[0.02520238 0.37046224 0.60433537]
 [0.99599147 0.00233258 0.00167594]
 [0.48436356 0.20693403 0.3087024 ]
 [0.18385208 0.4910302  0.32511774]
 [0.02909344 0.76189095 0.20901561]]
probabilities: [[0.56736666 0.33120647 0.10142685]
 [0.43720835 0.26502493 0.29776672]
 [0.02337907 0.39778265 0.5788383 ]
 [0.12600356 0.09856676 0.77542967]
 [0.10196353 0.6991803  0.19885616]]
probabilities: [[0.92224634 0.06001644 0.0177372 ]
 [0.0287069  0.593877   0.37741604]
 [0.45434397 0.5085001  0.03715592]
 [0.41616705 0.37595397 0.20787896]
 [0.4681639  0.11811911 0.41371697]]
probabilities: [[0.45339864 0.05884562 0.48775575]
 [0.8576678  0.12143915 0.02089305]
 [0.015064   0.02051122 0.9644248 ]
 [0.71454245 0.18336242 0.10209513]
 [0.2954193  0.4033734  0.3012073 ]]
probabilities: [[0.73533785 0.03782438 0.22683778]
 [0.57380056 0.20793025 0.2182692 ]
 [0.36370435 0.55853736 0.0777583 ]
 [0.01454831 0.70483416 0.28061754]
 [0.19717629 0.280053   0.52277076]]
probabilities: [[0. 1. 0.]
 [0. 1. 0.]
 [0. 1. 0.]
 [0. 1. 0.]
 [0. 1. 0.]]
probabilities: [[0.29119587 0.2857238  0.42308033]
 [0.59947264 0.34833533 0.05219206]
 [0.02628606 0.66516274 0.3085512 ]
 [0.7712737  0.15392596 0.07480036]
 [0.74600494 0.03053818 0.22345689]]
probabilities: [[0.08570927 0.71926934 0.19502138]
 [0.7329937  0.1118406  0.15516567]
 [0.8067319  0.10405326 0.08921485]
 [0.05941106 0.2630519  0.677537  ]
 [0.19611381 0.15995432 0.64393187]]
probabilities: [[0.04163388 0.89266723 0.06569891]
 [0.17628759 0.821089   0.00262339]
 [0.35482    0.6321724  0.01300762]
 [0.7243033  0.23498397 0.04071276]
 [0.28019032 0.28178042 0.43802926]]
probabilities: [[0.46039778 0.12783927 0.41176295]
 [0.1575155  0.16334787 0.67913663]
 [0.27075505 0.20381953 0.52542543]
 [0.48278472 0.15919988 0.3580154 ]
 [0.14512041 0.48754865 0.36733094]]
probabilities: [[0.1690595  0.5957944  0.23514609]
 [0.40877193 0.4359737  0.15525436]
 [0.62361294 0.25257152 0.12381554]
 [0.1545798  0.5100502  0.33537003]
 [0.016966   0.96128917 0.02174483]]
probabilities: [[0. 0. 1.]
 [0. 1. 0.]
 [0. 1. 0.]
 [0. 0. 1.]
 [0. 0. 1.]]
probabilities: [[0.04789452 0.48478916 0.46731633]
 [0.07375395 0.26391295 0.66233313]
 [0.02181781 0.6758439  0.30233827]
 [0.7030019  0.01477651 0.28222156]
 [0.5763656  0.1231144  0.30052003]]
probabilities: [[0.24780928 0.00377891 0.74841183]
 [0.7202494  0.12409578 0.15565483]
 [0.4527069  0.05502286 0.49227023]
 [0.28095552 0.6988865  0.02015797]
 [0.28663805 0.66941994 0.043942  ]]
probabilities: [[0.47168243 0.42127877 0.10703878]
 [0.10246552 0.16747187 0.7300626 ]
 [0.25497362 0.5989973  0.14602907]
 [0.6143656  0.1293016  0.25633284]
 [0.4696813  0.41647026 0.11384846]]
probabilities: [[0.24597898 0.5989956  0.15502542]
 [0.34378263 0.27574337 0.380474  ]
 [0.42229903 0.39228326 0.18541773]
 [0.2209877  0.7411924  0.03781988]
 [0.00188752 0.8590861  0.13902639]]
probabilities: [[0.32863122 0.11681066 0.5545581 ]
 [0.53140414 0.06483275 0.40376312]
 [0.08512197 0.5233836  0.3914944 ]
 [0.38572055 0.5563297  0.05794974]
 [0.6185733  0.0980955  0.28333122]]
probabilities: [[0. 0. 1.]
 [0. 1. 0.]
 [0. 1. 0.]
 [0. 0. 1.]
 [0. 0. 1.]]
probabilities: [[0.11228305 0.8607918  0.02692516]
 [0.11863909 0.01115348 0.8702074 ]
 [0.19143687 0.71882176 0.08974136]
 [0.35260963 0.21591213 0.43147823]
 [0.2381602  0.19052875 0.57131106]]
probabilities: [[0.27745125 0.33614397 0.38640475]
 [0.44901362 0.5329014  0.01808495]
 [0.82142466 0.15153687 0.02703848]
 [0.56136215 0.1610232  0.27761465]
 [0.27616474 0.23213041 0.49170482]]
probabilities: [[0.574099   0.3730467  0.0528543 ]
 [0.32512373 0.6133768  0.0614995 ]
 [0.02377648 0.28176257 0.6944609 ]
 [0.9445909  0.05037423 0.00503483]
 [0.04401818 0.3031374  0.6528444 ]]
probabilities: [[0.18440698 0.07557504 0.74001795]
 [0.03952713 0.27826172 0.68221116]
 [0.780458   0.03189366 0.18764834]
 [0.00723473 0.63700557 0.3557597 ]
 [0.47011188 0.22373736 0.30615076]]
probabilities: [[0.02504544 0.88799775 0.08695683]
 [0.05329348 0.4874187  0.45928782]
 [0.21611086 0.29038244 0.4935067 ]
 [0.06605345 0.04221586 0.89173067]
 [0.38568076 0.5893545  0.02496471]]
probabilities: [[0. 0. 1.]
 [0. 1. 0.]
 [0. 0. 1.]
 [0. 0. 1.]
 [0. 0. 1.]]
probabilities: [[0.00535283 0.60259914 0.39204803]
 [0.01429125 0.66200125 0.32370752]
 [0.01519498 0.25147596 0.73332906]
 [0.88393116 0.02397872 0.0920901 ]
 [0.31681195 0.62847555 0.05471253]]
probabilities: [[0.69365513 0.10499968 0.2013452 ]
 [0.22597474 0.57080114 0.2032241 ]
 [0.32008222 0.10524333 0.5746745 ]
 [0.0443199  0.8582347  0.09744541]
 [0.51611584 0.2321853  0.25169888]]
probabilities: [[0.0685464  0.85553426 0.07591935]
 [0.3372549  0.00758737 0.6551577 ]
 [0.10142224 0.43047884 0.46809894]
 [0.31336024 0.5035351  0.18310468]
 [0.5919826  0.14720127 0.26081613]]
probabilities: [[0.50822616 0.24868985 0.243084  ]
 [0.44753212 0.39134502 0.16112287]
 [0.51302826 0.15439464 0.33257708]
 [0.7102021  0.24240562 0.0473923 ]
 [0.5022151  0.2863775  0.21140745]]
probabilities: [[0.1744377  0.08845357 0.7371087 ]
 [0.03733887 0.92312807 0.03953307]
 [0.14879127 0.7084453  0.1427634 ]
 [0.26258966 0.32864544 0.4087649 ]
 [0.3617376  0.46433768 0.1739247 ]]
probabilities: [[0. 1. 0.]
 [0. 1. 0.]
 [0. 1. 0.]
 [0. 1. 0.]
 [0. 1. 0.]]
probabilities: [[0.04056177 0.84277445 0.11666379]
 [0.738888   0.16937181 0.09174018]
 [0.7473057  0.08365757 0.16903673]
 [0.8074287  0.0138063  0.178765  ]
 [0.47809255 0.3709824  0.15092506]]
probabilities: [[0.3127371  0.32844126 0.35882166]
 [0.6789516  0.21721561 0.10383275]
 [0.03808779 0.5493574  0.4125548 ]
 [0.13069361 0.5277069  0.34159946]
 [0.16381341 0.46205094 0.37413564]]
probabilities: [[0.21804787 0.35671598 0.42523614]
 [0.48103347 0.05018055 0.46878597]
 [0.4412194  0.53067356 0.02810704]
 [0.14033398 0.4447545  0.4149115 ]
 [0.03708431 0.52066016 0.4422555 ]]
probabilities: [[0.06795772 0.21770759 0.71433467]
 [0.18574198 0.5819198  0.2323382 ]
 [0.62651294 0.0632632  0.31022385]
 [0.15118381 0.5879265  0.2608897 ]
 [0.8404067  0.04347663 0.11611667]]
probabilities: [[0.2529316  0.21332449 0.5337439 ]
 [0.03464845 0.94948685 0.01586471]
 [0.42971095 0.47057214 0.09971691]
 [0.24124783 0.7062513  0.05250086]
 [0.04458116 0.7691671  0.18625169]]
probabilities: [[0. 0. 1.]
 [0. 1. 0.]
 [0. 0. 1.]
 [0. 0. 1.]
 [0. 0. 1.]]
probabilities: [[0.67704034 0.03427166 0.288688  ]
 [0.46645617 0.29224375 0.24130006]
 [0.6580471  0.22483735 0.11711556]
 [0.18021524 0.37615627 0.4436285 ]
 [0.15574618 0.12835482 0.715899  ]]
probabilities: [[0.02152747 0.52990973 0.44856283]
 [0.52331066 0.02499537 0.45169398]
 [0.15671958 0.58931106 0.2539693 ]
 [0.08462834 0.67548066 0.23989096]
 [0.7656041  0.13865359 0.09574234]]
probabilities: [[0.25836697 0.08039792 0.6612351 ]
 [0.08262629 0.03510679 0.88226694]
 [0.27282834 0.195374   0.5317977 ]
 [0.33889404 0.56420296 0.09690299]
 [0.03146059 0.7259115  0.24262793]]
probabilities: [[0.6769078  0.27279955 0.05029267]
 [0.8188982  0.10532349 0.07577834]
 [0.18523203 0.40791273 0.40685526]
 [0.61074424 0.12180765 0.26744813]
 [0.44835773 0.40300328 0.148639  ]]
probabilities: [[0.29426435 0.23076703 0.47496864]
 [0.05714763 0.63229096 0.31056142]
 [0.22519295 0.4583784  0.31642866]
 [0.26224965 0.4776144  0.26013595]
 [0.5495287  0.4268595  0.02361178]]
probabilities: [[1. 0. 0.]
 [1. 0. 0.]
 [1. 0. 0.]
 [1. 0. 0.]
 [1. 0. 0.]]
probabilities: [[0.0654114  0.8922392  0.04234936]
 [0.4774802  0.04263964 0.47988015]
 [0.1467128  0.6772746  0.1760126 ]
 [0.27015957 0.35261172 0.3772287 ]
 [0.42197394 0.46478394 0.11324213]]
probabilities: [[0.36921284 0.26858544 0.36220172]
 [0.6377851  0.16609298 0.19612198]
 [0.14161415 0.13384908 0.7245368 ]
 [0.47056362 0.44387668 0.08555968]
 [0.21278201 0.09782713 0.68939084]]
probabilities: [[0.10842794 0.40606475 0.4855073 ]
 [0.40689385 0.5873705  0.00573565]
 [0.6675449  0.06503509 0.26742002]
 [0.8735558  0.11946295 0.00698127]
 [0.08960446 0.8672028  0.04319273]]
probabilities: [[0.2892401  0.15373953 0.5570204 ]
 [0.4525207  0.5357598  0.01171951]
 [0.28713948 0.4332489  0.27961165]
 [0.24450484 0.7370783  0.01841686]
 [0.00108021 0.95231134 0.04660844]]
probabilities: [[0.18810514 0.5902908  0.22160406]
 [0.07359105 0.9073469  0.01906205]
 [0.03171315 0.04603213 0.92225474]
 [0.19685952 0.26873633 0.53440416]
 [0.60363954 0.11258994 0.28377053]]
probabilities: [[0. 1. 0.]
 [0. 1. 0.]
 [0. 1. 0.]
 [0. 1. 0.]
 [0. 1. 0.]]
probabilities: [[0.23404329 0.1782505  0.5877062 ]
 [0.34642288 0.23841457 0.41516256]
 [0.5495929  0.3941484  0.0562587 ]
 [0.13963501 0.24631727 0.6140477 ]
 [0.49303243 0.3464009  0.16056667]]
probabilities: [[0.1906785  0.3318466  0.4774749 ]
 [0.5479618  0.42153144 0.0305068 ]
 [0.20998737 0.3523239  0.43768874]
 [0.5367828  0.23822553 0.2249917 ]
 [0.02575032 0.5877607  0.38648897]]
probabilities: [[0.4139663  0.08946452 0.49656916]
 [0.03520977 0.30025646 0.6645338 ]
 [0.4032561  0.02425401 0.5724899 ]
 [0.630459   0.15624453 0.21329643]
 [0.7922621  0.07078252 0.13695541]]
probabilities: [[0.04571245 0.6764047  0.2778828 ]
 [0.5135173  0.42162347 0.0648592 ]
 [0.02496201 0.46409371 0.5109443 ]
 [0.06487074 0.2079313  0.727198  ]
 [0.23317349 0.6767146  0.09011192]]
probabilities: [[0.13462695 0.611468   0.25390506]
 [0.08426481 0.4469165  0.46881872]
 [0.46666178 0.45771652 0.07562169]
 [0.76590973 0.0841057  0.14998455]
 [0.08842589 0.878483   0.03309114]]
probabilities: [[0. 1. 0.]
 [0. 1. 0.]
 [0. 1. 0.]
 [0. 1. 0.]
 [0. 1. 0.]]
probabilities: [[0.22987829 0.6600804  0.11004134]
 [0.66391355 0.00572902 0.3303574 ]
 [0.09896585 0.39643228 0.5046019 ]
 [0.47856063 0.3144441  0.2069953 ]
 [0.4871764  0.22690643 0.2859172 ]]
probabilities: [[0.3546326  0.6110488  0.0343186 ]
 [0.21022409 0.115655   0.6741209 ]
 [0.3335489  0.5961629  0.0702882 ]
 [0.6779604  0.30095288 0.02108673]
 [0.4983754  0.32615238 0.17547224]]
probabilities: [[0.51548845 0.38678327 0.0977283 ]
 [0.43235558 0.32599494 0.24164948]
 [0.4285567  0.04216364 0.52927965]
 [0.07434238 0.17578736 0.74987024]
 [0.35115883 0.3528516  0.29598957]]
probabilities: [[0.6010119  0.11253428 0.28645384]
 [0.00809287 0.14172274 0.8501844 ]
 [0.14689584 0.09578691 0.75731725]
 [0.44497246 0.08632641 0.46870115]
 [0.17927922 0.52209634 0.29862443]]
probabilities: [[0.25237408 0.7214176  0.02620828]
 [0.09095012 0.35093504 0.5581148 ]
 [0.50738764 0.33181164 0.16080073]
 [0.66998684 0.20829067 0.12172246]
 [0.44978398 0.02134187 0.52887416]]
probabilities: [[0. 1. 0.]
 [0. 1. 0.]
 [0. 1. 0.]
 [0. 1. 0.]
 [0. 1. 0.]]
probabilities: [[0.43976054 0.43623686 0.1240026 ]
 [0.14258662 0.8478033  0.00961008]
 [0.71652776 0.12823056 0.15524167]
 [0.4756308  0.5076209  0.01674832]
 [0.45301643 0.28638935 0.2605942 ]]
probabilities: [[0.76689243 0.14803289 0.08507466]
 [0.77584535 0.06674131 0.15741335]
 [0.18605074 0.03865514 0.7752941 ]
 [0.41214642 0.23499632 0.35285726]
 [0.02324308 0.33928618 0.6374707 ]]
probabilities: [[0.07309954 0.15329437 0.7736061 ]
 [0.25884438 0.7374912  0.00366445]
 [0.37397918 0.08881146 0.5372094 ]
 [0.4795275  0.04414298 0.47632954]
 [0.09490172 0.55109715 0.35400113]]
probabilities: [[0.07213163 0.76115525 0.16671312]
 [0.01815953 0.22915553 0.75268495]
 [0.12857041 0.74827766 0.12315194]
 [0.03127595 0.4848349  0.48388913]
 [0.7097696  0.15261506 0.13761534]]
probabilities: [[0.15429793 0.72890383 0.11679825]
 [0.61546135 0.3669037  0.01763499]
 [0.01579853 0.3604785  0.623723  ]
 [0.00207138 0.22888106 0.76904756]
 [0.05349373 0.16457084 0.78193545]]
probabilities: [[0. 0. 1.]
 [0. 1. 0.]
 [0. 0. 1.]
 [0. 0. 1.]
 [0. 0. 1.]]
probabilities: [[0.04294918 0.91905767 0.03799314]
 [0.09108108 0.72328806 0.18563089]
 [0.06970716 0.44817558 0.48211727]
 [0.35251603 0.04552273 0.60196126]
 [0.24380626 0.06921956 0.68697417]]
probabilities: [[0.5519719  0.11309801 0.3349301 ]
 [0.18532734 0.72034156 0.09433109]
 [0.30357647 0.573776   0.12264755]
 [0.1053292  0.39715186 0.49751896]
 [0.38638106 0.2502865  0.36333245]]
probabilities: [[0.2719945  0.57304937 0.15495615]
 [0.78745794 0.20470667 0.0078354 ]
 [0.03612794 0.12054353 0.84332854]
 [0.45909384 0.05173982 0.48916635]
 [0.14282794 0.32979798 0.5273741 ]]
probabilities: [[0.14553714 0.30037883 0.554084  ]
 [0.53654593 0.38531482 0.07813926]
 [0.5771961  0.4028358  0.01996808]
 [0.2051937  0.5463649  0.2484414 ]
 [0.3738083  0.49771735 0.12847432]]
probabilities: [[0.05229943 0.20175356 0.745947  ]
 [0.43449205 0.42341545 0.1420925 ]
 [0.47115192 0.3144393  0.21440879]
 [0.33657303 0.601417   0.06200997]
 [0.05322489 0.82691485 0.11986024]]
probabilities: [[0. 0. 1.]
 [0. 1. 0.]
 [0. 0. 1.]
 [0. 0. 1.]
 [0. 0. 1.]]
probabilities: [[0.35754126 0.5131034  0.12935528]
 [0.3958385  0.10152051 0.50264096]
 [0.04759307 0.01481559 0.9375913 ]
 [0.11124873 0.691073   0.19767827]
 [0.0973078  0.23053591 0.6721563 ]]
probabilities: [[0.06379174 0.7294542  0.20675407]
 [0.12562755 0.7006521  0.17372034]
 [0.01695786 0.49340385 0.4896383 ]
 [0.2848065  0.16983199 0.5453615 ]
 [0.09525785 0.31417057 0.5905716 ]]
probabilities: [[0.8820793  0.03880665 0.07911404]
 [0.22707963 0.45543867 0.3174817 ]
 [0.14056048 0.41494715 0.4444924 ]
 [0.4153135  0.00527353 0.57941294]
 [0.32047346 0.2910554  0.38847113]]
probabilities: [[0.33662137 0.16107862 0.5023    ]
 [0.17533709 0.58659756 0.23806535]
 [0.16084376 0.57901233 0.26014388]
 [0.11098281 0.20664442 0.6823728 ]
 [0.10909459 0.6266446  0.2642608 ]]
probabilities: [[0.26464802 0.3998681  0.33548388]
 [0.16614017 0.69934493 0.1345149 ]
 [0.41867006 0.5114511  0.06987883]
 [0.59130996 0.00338528 0.4053048 ]
 [0.5337477  0.4400735  0.02617881]]
probabilities: [[0. 0. 1.]
 [0. 1. 0.]
 [0. 1. 0.]
 [0. 0. 1.]
 [0. 0. 1.]]
probabilities: [[0.84906954 0.14647837 0.00445207]
 [0.00215398 0.9333238  0.06452225]
 [0.26603687 0.03192534 0.7020378 ]
 [0.25637338 0.4788222  0.26480445]
 [0.08192248 0.26879394 0.6492836 ]]
probabilities: [[0.17939438 0.35655305 0.46405256]
 [0.6415303  0.32228717 0.03618255]
 [0.21503423 0.05831403 0.7266517 ]
 [0.4680578  0.29281527 0.23912692]
 [0.67471397 0.16967589 0.15561013]]
probabilities: [[0.01324462 0.31366786 0.6730875 ]
 [0.65322036 0.12046462 0.22631502]
 [0.14143476 0.75633633 0.10222889]
 [0.210916   0.25615442 0.5329296 ]
 [0.7434403  0.06739624 0.18916346]]
probabilities: [[0.0647812  0.0519884  0.8832304 ]
 [0.2669458  0.21507558 0.5179786 ]
 [0.37236238 0.44644445 0.18119317]
 [0.5540443  0.2741528  0.17180288]
 [0.57341737 0.01026438 0.41631827]]
probabilities: [[0.53577346 0.26675406 0.1974725 ]
 [0.5844731  0.10971548 0.30581143]
 [0.0358204  0.42137542 0.5428042 ]
 [0.11516292 0.5635554  0.32128164]
 [0.13766564 0.5894926  0.27284175]]
probabilities: [[0. 1. 0.]
 [0. 1. 0.]
 [0. 1. 0.]
 [0. 1. 0.]
 [0. 1. 0.]]
probabilities: [[0.6669929  0.26417556 0.06883156]
 [0.21145117 0.63753843 0.15101038]
 [0.71899575 0.04980241 0.23120184]
 [0.69231516 0.07889955 0.22878526]
 [0.8164069  0.17215843 0.01143468]]
probabilities: [[0.17127341 0.33551344 0.49321315]
 [0.5908114  0.10552962 0.303659  ]
 [0.09545421 0.18827383 0.71627194]
 [0.00558618 0.14876112 0.8456527 ]
 [0.6038848  0.26201126 0.13410394]]
probabilities: [[0.1174252  0.50445575 0.37811908]
 [0.31296802 0.4315468  0.2554852 ]
 [0.02821584 0.89079666 0.08098751]
 [0.48628637 0.49811998 0.01559365]
 [0.48506975 0.2643173  0.25061294]]
probabilities: [[0.40247285 0.00427374 0.5932534 ]
 [0.97720593 0.01404545 0.00874863]
 [0.45466378 0.29197225 0.25336397]
 [0.32267377 0.38078615 0.29654005]
 [0.21074805 0.04604042 0.7432115 ]]
probabilities: [[0.316025   0.45962265 0.22435234]
 [0.84434026 0.08391217 0.07174754]
 [0.12976785 0.46119827 0.40903386]
 [0.44464555 0.51674074 0.03861367]
 [0.39209786 0.46980798 0.13809416]]
probabilities: [[0. 0. 1.]
 [0. 1. 0.]
 [0. 1. 0.]
 [0. 0. 1.]
 [0. 0. 1.]]
probabilities: [[0.05422387 0.07211979 0.87365633]
 [0.36067322 0.6228007  0.0165261 ]
 [0.37489617 0.43860266 0.18650116]
 [0.21260622 0.44721475 0.34017903]
 [0.10281318 0.76360476 0.13358206]]
probabilities: [[0.47707644 0.5158727  0.00705083]
 [0.20373078 0.26632005 0.5299492 ]
 [0.3742373  0.41915765 0.20660503]
 [0.13406914 0.17968525 0.6862456 ]
 [0.18548739 0.07061392 0.7438987 ]]
probabilities: [[0.288212   0.22703555 0.48475245]
 [0.34388545 0.44334114 0.2127734 ]
 [0.66517186 0.1368781  0.19795002]
 [0.4400026  0.3659614  0.194036  ]
 [0.44214833 0.39851233 0.15933934]]
probabilities: [[0.5971864  0.12071994 0.2820937 ]
 [0.4773509  0.26679975 0.25584936]
 [0.19417186 0.6473701  0.15845804]
 [0.49546376 0.38337013 0.1211661 ]
 [0.2947299  0.38500246 0.32026765]]
probabilities: [[0.04024053 0.3884976  0.5712619 ]
 [0.22836597 0.02676463 0.7448694 ]
 [0.6446516  0.09295373 0.26239467]
 [0.32927072 0.22757359 0.4431557 ]
 [0.28549078 0.70873463 0.00577461]]
probabilities: [[1. 0. 0.]
 [1. 0. 0.]
 [1. 0. 0.]
 [1. 0. 0.]
 [1. 0. 0.]]
probabilities: [[0.50520015 0.24996781 0.24483205]
 [0.48031402 0.09013066 0.42955533]
 [0.4267828  0.540034   0.03318322]
 [0.41145858 0.0355044  0.55303705]
 [0.01791768 0.7697209  0.2123614 ]]
probabilities: [[3.8009757e-01 3.6750877e-01 2.5239366e-01]
 [7.8127539e-01 1.4585844e-02 2.0413876e-01]
 [2.1771686e-02 9.7762638e-01 6.0195843e-04]
 [4.6335503e-01 2.5835937e-01 2.7828559e-01]
 [4.0667093e-01 9.1482796e-02 5.0184625e-01]]
probabilities: [[0.26736173 0.30572507 0.4269132 ]
 [0.13911451 0.3433405  0.517545  ]
 [0.64031816 0.19281542 0.16686644]
 [0.3975315  0.41132262 0.19114585]
 [0.23865543 0.04111722 0.72022736]]
probabilities: [[0.9062147  0.03013279 0.06365249]
 [0.36690706 0.2378618  0.39523116]
 [0.02684593 0.42598647 0.5471676 ]
 [0.2289946  0.5844247  0.18658073]
 [0.28170592 0.1128413  0.6054528 ]]
probabilities: [[0.4223383  0.21884619 0.3588155 ]
 [0.29550153 0.57318705 0.13131143]
 [0.078776   0.42371866 0.49750534]
 [0.11484401 0.26962477 0.61553127]
 [0.24772622 0.5061919  0.24608184]]
probabilities: [[0. 1. 0.]
 [0. 1. 0.]
 [0. 1. 0.]
 [0. 1. 0.]
 [0. 1. 0.]]
probabilities: [[0.22120103 0.37588394 0.40291506]
 [0.12835291 0.4276276  0.4440195 ]
 [0.49738753 0.17461954 0.32799295]
 [0.5285163  0.41489968 0.05658401]
 [0.04973136 0.48970613 0.46056253]]
probabilities: [[0.92405546 0.04682876 0.0291158 ]
 [0.622909   0.33122057 0.04587042]
 [0.34405285 0.25824454 0.3977026 ]
 [0.42223582 0.48114055 0.09662362]
 [0.30876493 0.2622502  0.42898485]]
probabilities: [[0.37753814 0.02920389 0.59325796]
 [0.24422558 0.22863114 0.5271433 ]
 [0.19966461 0.5961149  0.20422049]
 [0.66996884 0.01306451 0.31696665]
 [0.6995245  0.0675453  0.23293017]]
probabilities: [[0.34215072 0.4166133  0.24123596]
 [0.6889615  0.03462991 0.27640858]
 [0.11391969 0.85565007 0.03043025]
 [0.04821366 0.4513264  0.5004599 ]
 [0.41605842 0.4507383  0.13320328]]
probabilities: [[0.18123092 0.67147297 0.14729612]
 [0.4182918  0.44220427 0.13950393]
 [0.16407633 0.6976102  0.13831346]
 [0.2317548  0.10324524 0.66499996]
 [0.1784148  0.5771972  0.24438797]]
probabilities: [[1. 0. 0.]
 [1. 0. 0.]
 [1. 0. 0.]
 [1. 0. 0.]
 [1. 0. 0.]]
probabilities: [[0.61487645 0.17642342 0.20870015]
 [0.08366815 0.42879036 0.4875415 ]
 [0.0797924  0.88136417 0.03884346]
 [0.13031991 0.75006485 0.11961523]
 [0.23388462 0.10833461 0.65778077]]
probabilities: [[0.09555905 0.45063856 0.4538024 ]
 [0.19502932 0.3295861  0.4753846 ]
 [0.464285   0.17949723 0.3562178 ]
 [0.688882   0.10962745 0.20149058]
 [0.31899387 0.49234438 0.18866177]]
probabilities: [[0.2341377  0.06693528 0.69892704]
 [0.6435395  0.09935544 0.25710505]
 [0.15952142 0.6704183  0.17006026]
 [0.17336112 0.10319154 0.7234473 ]
 [0.07885873 0.3742823  0.54685897]]
probabilities: [[0.18895677 0.5844723  0.22657096]
 [0.06578861 0.07746068 0.8567507 ]
 [0.01409134 0.5067594  0.47914928]
 [0.42840943 0.4013553  0.17023529]
 [0.8805776  0.07316508 0.04625729]]
probabilities: [[0.37930638 0.19124071 0.4294529 ]
 [0.4236512  0.10491493 0.4714339 ]
 [0.7747585  0.19083704 0.03440446]
 [0.08358171 0.33331358 0.5831047 ]
 [0.33505294 0.29768774 0.36725932]]
probabilities: [[0. 0. 1.]
 [0. 1. 0.]
 [0. 1. 0.]
 [0. 0. 1.]
 [0. 0. 1.]]
probabilities: [[0.74233335 0.17539261 0.08227406]
 [0.17453106 0.02428296 0.80118597]
 [0.08926817 0.79900473 0.11172709]
 [0.4731602  0.34943286 0.17740694]
 [0.89374197 0.00647475 0.09978331]]
probabilities: [[0.0756425  0.06145988 0.86289763]
 [0.8099194  0.09037463 0.09970592]
 [0.17309418 0.4835153  0.34339052]
 [0.03088467 0.24694535 0.72217   ]
 [0.33591664 0.09831094 0.5657724 ]]
probabilities: [[0.69280934 0.27334332 0.03384734]
 [0.06054557 0.51587766 0.42357677]
 [0.2065553  0.05681508 0.7366296 ]
 [0.59553033 0.16946115 0.23500851]
 [0.6131595  0.15164794 0.23519261]]
probabilities: [[0.5295781  0.06484488 0.40557703]
 [0.23372    0.72180855 0.04447145]
 [0.116439   0.65344864 0.23011237]
 [0.49115855 0.11593806 0.39290342]
 [0.4675274  0.19981444 0.33265817]]
probabilities: [[0.22042094 0.1190744  0.66050464]
 [0.5296277  0.44979888 0.02057342]
 [0.93574035 0.03960573 0.02465391]
 [0.12724939 0.4051462  0.4676044 ]
 [0.14207299 0.13169485 0.7262322 ]]
probabilities: [[0. 1. 0.]
 [0. 1. 0.]
 [0. 1. 0.]
 [0. 1. 0.]
 [0. 1. 0.]]
probabilities: [[0.17957401 0.07961351 0.7408125 ]
 [0.47857657 0.37340748 0.14801592]
 [0.16891389 0.0852422  0.7458439 ]
 [0.39213648 0.38353792 0.2243256 ]
 [0.18850079 0.6563437  0.15515552]]
probabilities: [[0.6022863  0.07307661 0.32463712]
 [0.19442385 0.7505985  0.05497765]
 [0.8515456  0.00733993 0.14111452]
 [0.6002878  0.12727268 0.2724395 ]
 [0.23638763 0.22239643 0.54121596]]
probabilities: [[0.37471196 0.15588889 0.46939915]
 [0.84024495 0.09993574 0.05981931]
 [0.6407375  0.24619865 0.11306389]
 [0.31705713 0.36406577 0.3188771 ]
 [0.33017692 0.1824102  0.4874129 ]]
probabilities: [[0.05267091 0.5025995  0.4447296 ]
 [0.1335627  0.60953087 0.25690645]
 [0.39413768 0.32039982 0.2854625 ]
 [0.00363197 0.3621663  0.63420177]
 [0.00307562 0.8937746  0.10314973]]
probabilities: [[0.3164965  0.22803843 0.45546508]
 [0.45476326 0.22230461 0.32293212]
 [0.12419514 0.84627956 0.02952528]
 [0.10386493 0.74163795 0.1544971 ]
 [0.04444852 0.73949707 0.21605442]]
probabilities: [[0. 0. 1.]
 [0. 1. 0.]
 [0. 1. 0.]
 [0. 0. 1.]
 [0. 0. 1.]]
probabilities: [[0.3412844  0.33394796 0.32476768]
 [0.4467608  0.34846666 0.20477253]
 [0.15200444 0.48211277 0.3658828 ]
 [0.0535774  0.16553006 0.78089255]
 [0.5762926  0.31504077 0.10866667]]
probabilities: [[0.34616193 0.31961882 0.33421925]
 [0.23375458 0.42450124 0.3417442 ]
 [0.41002434 0.29861456 0.2913611 ]
 [0.43792063 0.32527763 0.23680176]
 [0.63626707 0.33213675 0.03159618]]
probabilities: [[0.04750966 0.09188009 0.86061025]
 [0.2638227  0.2975219  0.4386554 ]
 [0.01025897 0.6632766  0.3264644 ]
 [0.20497483 0.31708443 0.47794074]
 [0.15942377 0.01684106 0.8237352 ]]
probabilities: [[0.2799751  0.19786933 0.5221556 ]
 [0.7510518  0.20951459 0.03943362]
 [0.24649999 0.46990928 0.28359073]
 [0.5057556  0.02889031 0.46535408]
 [0.5431434  0.08907482 0.3677818 ]]
probabilities: [[0.24744423 0.48325875 0.26929703]
 [0.37655756 0.2648792  0.35856324]
 [0.57071453 0.08832663 0.34095886]
 [0.15224735 0.48490837 0.36284426]
 [0.7077227  0.13491656 0.15736072]]
probabilities: [[1. 0. 0.]
 [1. 0. 0.]
 [1. 0. 0.]
 [1. 0. 0.]
 [1. 0. 0.]]
probabilities: [[0.52858526 0.3806866  0.0907281 ]
 [0.7729051  0.13182768 0.0952672 ]
 [0.17035133 0.5647523  0.2648964 ]
 [0.3578883  0.08238509 0.5597266 ]
 [0.08427944 0.03603609 0.87968445]]
probabilities: [[0.15793866 0.7394614  0.1025999 ]
 [0.07355079 0.9044397  0.02200954]
 [0.36483452 0.35589015 0.27927533]
 [0.00351021 0.6881621  0.30832773]
 [0.30234134 0.02893955 0.6687191 ]]
probabilities: [[0.06396019 0.5836962  0.35234362]
 [0.46119088 0.47881722 0.0599919 ]
 [0.3473147  0.21946552 0.4332198 ]
 [0.24816506 0.34091303 0.41092193]
 [0.08970665 0.754799   0.15549436]]
probabilities: [[0.13830431 0.24520259 0.6164931 ]
 [0.00704441 0.8905804  0.10237516]
 [0.592455   0.36697808 0.04056691]
 [0.1652665  0.6662003  0.16853322]
 [0.10211314 0.06628949 0.8315974 ]]
probabilities: [[0.355046   0.5833938  0.06156021]
 [0.6256444  0.18571746 0.18863815]
 [0.12318528 0.7679727  0.10884202]
 [0.3431624  0.28629744 0.37054017]
 [0.61232424 0.37155816 0.01611758]]
probabilities: [[0. 0. 1.]
 [0. 1. 0.]
 [0. 1. 0.]
 [0. 0. 1.]
 [0. 0. 1.]]
probabilities: [[0.7819777  0.0095084  0.20851389]
 [0.16776724 0.47272745 0.3595053 ]
 [0.08631152 0.11491625 0.7987722 ]
 [0.12447508 0.14004281 0.7354821 ]
 [0.07802796 0.03959339 0.88237864]]
probabilities: [[0.43591088 0.3776484  0.18644069]
 [0.48002076 0.02383018 0.49614906]
 [0.2350375  0.12642702 0.6385355 ]
 [0.2894463  0.10960092 0.6009528 ]
 [0.2522     0.10962425 0.6381757 ]]
probabilities: [[0.2506651  0.0300906  0.7192443 ]
 [0.23360962 0.695591   0.07079938]
 [0.5797845  0.37943673 0.04077877]
 [0.09029496 0.51812154 0.3915835 ]
 [0.32870826 0.16450949 0.50678223]]
probabilities: [[0.6537378  0.30713665 0.03912556]
 [0.5005265  0.38187358 0.11759993]
 [0.18369228 0.39053234 0.42577538]
 [0.00697892 0.25440335 0.7386177 ]
 [0.5523562  0.25798225 0.18966153]]
probabilities: [[0.39015314 0.32938302 0.2804638 ]
 [0.09960227 0.17413442 0.7262633 ]
 [0.58396894 0.21006393 0.20596711]
 [0.5781955  0.20246136 0.21934313]
 [0.6622508  0.26529276 0.07245643]]
probabilities: [[0. 1. 0.]
 [0. 1. 0.]
 [0. 1. 0.]
 [0. 1. 0.]
 [0. 1. 0.]]
probabilities: [[0.52142763 0.4222139  0.05635846]
 [0.28323057 0.29384655 0.42292288]
 [0.07599354 0.5344139  0.3895926 ]
 [0.09552343 0.64753485 0.25694174]
 [0.40494677 0.37635562 0.21869761]]
probabilities: [[0.01776708 0.90441597 0.07781697]
 [0.22149485 0.3251283  0.4533769 ]
 [0.11167324 0.6770229  0.21130387]
 [0.00339138 0.14038758 0.856221  ]
 [0.15766552 0.13655958 0.7057749 ]]
probabilities: [[0.11339805 0.7098857  0.17671624]
 [0.5972816  0.3829251  0.01979332]
 [0.09710714 0.18508604 0.7178068 ]
 [0.29266465 0.02208921 0.68524617]
 [0.38872892 0.07246778 0.53880334]]
probabilities: [[0.47238484 0.13839272 0.38922244]
 [0.14030947 0.27004513 0.5896454 ]
 [0.32951537 0.45290467 0.21757998]
 [0.84391636 0.03707145 0.11901218]
 [0.33885238 0.00099433 0.6601533 ]]
probabilities: [[0.5080615  0.19403999 0.2978985 ]
 [0.59219265 0.36669746 0.04110986]
 [0.7372153  0.04032413 0.22246061]
 [0.65331846 0.18874834 0.15793316]
 [0.5505321  0.39873838 0.05072952]]
probabilities: [[0. 1. 0.]
 [0. 1. 0.]
 [0. 1. 0.]
 [0. 1. 0.]
 [0. 1. 0.]]
probabilities: [[0.07887905 0.10730314 0.8138178 ]
 [0.05694454 0.27382207 0.6692334 ]
 [0.3428038  0.22603726 0.43115893]
 [0.6249974  0.20644024 0.16856238]
 [0.20198415 0.7268211  0.07119473]]
probabilities: [[0.6369819  0.32792205 0.03509603]
 [0.510007   0.3555502  0.13444279]
 [0.47786605 0.33096182 0.19117211]
 [0.02410878 0.3210604  0.6548309 ]
 [0.07800556 0.47904322 0.4429512 ]]
probabilities: [[0.5520113  0.03222501 0.4157637 ]
 [0.53414315 0.03785969 0.4279972 ]
 [0.8180372  0.1406978  0.04126498]
 [0.02397249 0.54000616 0.43602133]
 [0.2221241  0.23770387 0.54017204]]
probabilities: [[0.82438076 0.13090594 0.0447133 ]
 [0.6417783  0.30915835 0.04906334]
 [0.58738935 0.19741094 0.21519974]
 [0.10098917 0.5586458  0.34036505]
 [0.12951809 0.6124816  0.2580003 ]]
probabilities: [[0.29481658 0.6380552  0.06712821]
 [0.25187206 0.01258717 0.73554075]
 [0.35258162 0.3364952  0.3109232 ]
 [0.6483817  0.21767357 0.13394473]
 [0.32637262 0.25850734 0.41512004]]
probabilities: [[0. 1. 0.]
 [0. 1. 0.]
 [0. 1. 0.]
 [0. 1. 0.]
 [0. 1. 0.]]
probabilities: [[0.35967913 0.39621955 0.24410132]
 [0.33610117 0.31892955 0.34496927]
 [0.21898451 0.57146686 0.20954865]
 [0.47485846 0.11583024 0.4093113 ]
 [0.34101602 0.25701955 0.40196446]]
probabilities: [[0.22892897 0.4289809  0.34209013]
 [0.14361581 0.11814672 0.73823744]
 [0.58012086 0.03831258 0.38156658]
 [0.3203094  0.49305442 0.18663621]
 [0.3406911  0.17704116 0.48226777]]
probabilities: [[0.5664846  0.02419997 0.40931547]
 [0.5060922  0.1883284  0.30557942]
 [0.46236753 0.19847246 0.33916003]
 [0.04861516 0.13370533 0.8176795 ]
 [0.51892185 0.39330828 0.08776986]]
probabilities: [[0.036279   0.2849863  0.6787347 ]
 [0.2783865  0.37429094 0.34732258]
 [0.54604125 0.26627442 0.1876843 ]
 [0.10789433 0.8760625  0.01604315]
 [0.21734452 0.13591151 0.64674395]]
probabilities: [[0.2686177  0.5129606  0.21842168]
 [0.7102799  0.13210794 0.15761216]
 [0.16655064 0.09018987 0.7432595 ]
 [0.48188534 0.15238835 0.3657263 ]
 [0.12170849 0.5226255  0.355666  ]]
probabilities: [[0. 1. 0.]
 [0. 1. 0.]
 [0. 1. 0.]
 [0. 1. 0.]
 [0. 1. 0.]]
probabilities: [[0.13301522 0.4787949  0.38818988]
 [0.52162635 0.29279873 0.18557495]
 [0.6181653  0.09815914 0.28367555]
 [0.59199417 0.02590962 0.3820962 ]
 [0.72653973 0.19908644 0.07437385]]
probabilities: [[0.16210434 0.59842163 0.23947404]
 [0.27098015 0.59969926 0.1293206 ]
 [0.33408254 0.46226087 0.20365655]
 [0.25546637 0.2876627  0.4568709 ]
 [0.00464161 0.23018134 0.7651771 ]]
probabilities: [[0.3416253  0.54528016 0.11309452]
 [0.24865621 0.6168951  0.13444869]
 [0.1714249  0.3440292  0.48454592]
 [0.24799432 0.17705782 0.57494783]
 [0.29358202 0.10069183 0.6057261 ]]
probabilities: [[0.23952506 0.51987076 0.24060418]
 [0.64620763 0.13081567 0.22297671]
 [0.11528634 0.757425   0.12728862]
 [0.18525515 0.5843588  0.23038602]
 [0.26023594 0.4564994  0.28326467]]
probabilities: [[0.479086   0.33359906 0.18731493]
 [0.02905007 0.9289693  0.04198059]
 [0.20058812 0.38379714 0.41561475]
 [0.70798665 0.19545698 0.0965564 ]
 [0.413228   0.14000422 0.44676778]]
probabilities: [[0. 0. 1.]
 [0. 1. 0.]
 [0. 1. 0.]
 [0. 0. 1.]
 [0. 0. 1.]]
probabilities: [[0.01606301 0.03641296 0.947524  ]
 [0.08832894 0.0075852  0.9040859 ]
 [0.6460623  0.12083087 0.2331068 ]
 [0.7646529  0.14700927 0.08833783]
 [0.08253246 0.24077089 0.67669666]]
probabilities: [[0.20984128 0.47584936 0.31430936]
 [0.5536212  0.41430363 0.03207518]
 [0.52717495 0.31374806 0.15907697]
 [0.16518332 0.7126965  0.12212016]
 [0.637505   0.30939975 0.05309527]]
probabilities: [[0.835308   0.1071509  0.05754107]
 [0.51496416 0.06718566 0.41785017]
 [0.12700774 0.6981205  0.17487179]
 [0.84771353 0.01218604 0.14010045]
 [0.6464355  0.23913041 0.11443409]]
probabilities: [[0.3634331  0.20774864 0.4288183 ]
 [0.59466755 0.11836281 0.2869696 ]
 [0.589608   0.40126216 0.0091298 ]
 [0.59046084 0.0451185  0.36442065]
 [0.18316078 0.02722302 0.78961617]]
probabilities: [[0.39998755 0.05840743 0.541605  ]
 [0.06857597 0.81602377 0.11540027]
 [0.6610525  0.08554452 0.25340295]
 [0.15562455 0.7750094  0.06936606]
 [0.04592868 0.916499   0.03757232]]
probabilities: [[0. 0. 1.]
 [0. 1. 0.]
 [0. 0. 1.]
 [0. 0. 1.]
 [0. 0. 1.]]
probabilities: [[0.55589324 0.3306659  0.11344088]
 [0.4395413  0.31301945 0.24743925]
 [0.34402692 0.02173756 0.6342355 ]
 [0.47294384 0.12436204 0.40269414]
 [0.22234292 0.45299196 0.3246651 ]]
probabilities: [[0.53857774 0.23697141 0.22445086]
 [0.4948548  0.14606905 0.35907617]
 [0.05621413 0.5578913  0.3858946 ]
 [0.09117661 0.09537368 0.81344974]
 [0.01016043 0.3697035  0.6201361 ]]
probabilities: [[0.47969177 0.47572973 0.04457849]
 [0.6678488  0.30809003 0.02406112]
 [0.00702883 0.988454   0.00451718]
 [0.3935604  0.22822596 0.3782136 ]
 [0.7193779  0.14250094 0.13812117]]
probabilities: [[0.13454236 0.4201973  0.44526035]
 [0.00414492 0.5730041  0.42285094]
 [0.22971293 0.2277504  0.5425367 ]
 [0.2517996  0.6952377  0.05296271]
 [0.6186171  0.37112188 0.01026103]]
probabilities: [[0.70724785 0.28424054 0.00851162]
 [0.52300406 0.12282803 0.35416788]
 [0.34828463 0.5856208  0.06609455]
 [0.39750868 0.23543487 0.36705646]
 [0.69237196 0.09909337 0.20853464]]
probabilities: [[0. 0. 1.]
 [0. 1. 0.]
 [0. 0. 1.]
 [0. 0. 1.]
 [0. 0. 1.]]
probabilities: [[0.8832847  0.10635273 0.01036256]
 [0.01425853 0.19372594 0.79201555]
 [0.09642231 0.69200337 0.2115743 ]
 [0.77168804 0.12612464 0.1021873 ]
 [0.04448827 0.27332276 0.682189  ]]
probabilities: [[0.24794888 0.72693974 0.02511138]
 [0.61526835 0.14642955 0.2383021 ]
 [0.36331442 0.60662365 0.03006191]
 [0.0030008  0.07207963 0.9249196 ]
 [0.43399483 0.14239217 0.423613  ]]
probabilities: [[0.27238956 0.3162488  0.41136163]
 [0.5483434  0.04987736 0.40177923]
 [0.5372668  0.19129393 0.27143928]
 [0.20519191 0.36107224 0.43373585]
 [0.5992256  0.22596844 0.174806  ]]
probabilities: [[0.565194   0.19082084 0.24398513]
 [0.5002681  0.24918771 0.25054422]
 [0.4505287  0.31982997 0.22964132]
 [0.03509897 0.33005366 0.6348474 ]
 [0.43955252 0.0201498  0.5402977 ]]
probabilities: [[0.70792466 0.18443379 0.10764156]
 [0.7924281  0.04179953 0.1657724 ]
 [0.3415445  0.6074719  0.05098362]
 [0.14592206 0.74719495 0.10688302]
 [0.17794028 0.29064915 0.5314106 ]]
probabilities: [[0. 1. 0.]
 [0. 1. 0.]
 [0. 1. 0.]
 [0. 1. 0.]
 [0. 1. 0.]]
probabilities: [[0.55480784 0.3144723  0.13071986]
 [0.86093444 0.12432311 0.01474246]
 [0.20653288 0.6895652  0.10390197]
 [0.6582716  0.13442378 0.20730461]
 [0.29741898 0.66604084 0.0365402 ]]
probabilities: [[0.2653213  0.20816377 0.5265149 ]
 [0.6014299  0.25113636 0.14743374]
 [0.7800518  0.13956487 0.08038332]
 [0.6155495  0.06677653 0.31767395]
 [0.04701114 0.89226836 0.06072047]]
probabilities: [[0.24507274 0.1818082  0.57311904]
 [0.5373631  0.32208925 0.14054763]
 [0.30765632 0.03926244 0.65308124]
 [0.09133228 0.75354606 0.15512167]
 [0.03168534 0.52748686 0.4408278 ]]
probabilities: [[0.00834687 0.28016487 0.71148825]
 [0.7463251  0.2413334  0.0123415 ]
 [0.2936878  0.3937487  0.31256354]
 [0.04364626 0.10775971 0.848594  ]
 [0.6436596  0.31168845 0.04465196]]
probabilities: [[0.18615267 0.6296709  0.18417643]
 [0.24015737 0.2905298  0.46931285]
 [0.7002491  0.04192717 0.25782374]
 [0.05523081 0.35713643 0.5876328 ]
 [0.20516954 0.04059435 0.7542361 ]]
probabilities: [[0. 0. 1.]
 [0. 1. 0.]
 [0. 0. 1.]
 [0. 0. 1.]
 [0. 0. 1.]]
probabilities: [[0.26204637 0.5252158  0.21273781]
 [0.11182731 0.87468517 0.01348751]
 [0.03345228 0.8167631  0.14978461]
 [0.09837047 0.738873   0.16275652]
 [0.09636246 0.82414025 0.07949731]]
probabilities: [[0.76823926 0.03736965 0.19439106]
 [0.4450632  0.37380093 0.1811359 ]
 [0.212332   0.651394   0.13627398]
 [0.593366   0.1645197  0.24211426]
 [0.71646005 0.21806535 0.06547462]]
probabilities: [[0.0942689  0.39273328 0.51299787]
 [0.25501025 0.64555717 0.0994326 ]
 [0.82699215 0.11656548 0.05644237]
 [0.06879068 0.38708517 0.5441241 ]
 [0.15919556 0.4332215  0.40758294]]
probabilities: [[0.5967653  0.0966838  0.3065509 ]
 [0.2787527  0.49217373 0.22907357]
 [0.52478755 0.01668809 0.45852438]
 [0.8273311  0.10849581 0.06417304]
 [0.19040483 0.32973528 0.4798599 ]]
probabilities: [[0.33709323 0.04683331 0.6160735 ]
 [0.31927425 0.08970868 0.59101707]
 [0.10398896 0.6834635  0.21254754]
 [0.10538651 0.6465696  0.24804391]
 [0.08611587 0.7010816  0.21280256]]
probabilities: [[0. 0. 1.]
 [0. 1. 0.]
 [0. 1. 0.]
 [0. 0. 1.]
 [0. 0. 1.]]
probabilities: [[0.45908895 0.3529097  0.18800133]
 [0.00212837 0.53228104 0.4655906 ]
 [0.18042524 0.5414297  0.27814505]
 [0.02916104 0.57809526 0.39274368]
 [0.00515205 0.00430976 0.9905382 ]]
probabilities: [[0.7119415  0.10323163 0.18482691]
 [0.31764024 0.07046008 0.6118997 ]
 [0.52327085 0.39617538 0.08055376]
 [0.33586204 0.33785358 0.32628438]
 [0.37045038 0.20539404 0.4241556 ]]
probabilities: [[0.39976153 0.5106467  0.08959178]
 [0.1055138  0.62259746 0.27188876]
 [0.43301418 0.3444368  0.22254902]
 [0.5570152  0.3200706  0.1229142 ]
 [0.02433531 0.6210574  0.3546073 ]]
probabilities: [[0.33275703 0.51885533 0.14838767]
 [0.42460057 0.13269056 0.44270888]
 [0.11216168 0.8467913  0.04104701]
 [0.9170653  0.0118538  0.07108087]
 [0.35799038 0.23058705 0.41142255]]
probabilities: [[0.471227   0.29031736 0.23845565]
 [0.14634123 0.37659365 0.47706512]
 [0.13470683 0.0764735  0.7888197 ]
 [0.8460467  0.00497211 0.14898123]
 [0.38051343 0.18016425 0.43932232]]
probabilities: [[0. 0. 1.]
 [0. 1. 0.]
 [0. 0. 1.]
 [0. 0. 1.]
 [0. 0. 1.]]
probabilities: [[0.22457144 0.7521402  0.02328836]
 [0.10636064 0.02766925 0.86597013]
 [0.38877806 0.17345282 0.43776911]
 [0.45274416 0.4455125  0.10174333]
 [0.40002906 0.17097928 0.42899168]]
probabilities: [[0.5233287  0.23656388 0.24010742]
 [0.2907514  0.06945641 0.6397922 ]
 [0.3420838  0.04394019 0.613976  ]
 [0.66226876 0.05151911 0.28621215]
 [0.21551737 0.27026737 0.5142153 ]]
probabilities: [[0.90547323 0.02755812 0.06696863]
 [0.35442457 0.37900403 0.2665714 ]
 [0.11636126 0.09544951 0.78818923]
 [0.3487998  0.13843845 0.5127618 ]
 [0.06183619 0.34765667 0.59050715]]
probabilities: [[0.22538501 0.7520715  0.02254351]
 [0.07875345 0.205684   0.7155625 ]
 [0.01484695 0.28549904 0.699654  ]
 [0.09447095 0.10923601 0.796293  ]
 [0.26778567 0.1499659  0.58224845]]
probabilities: [[0.7004962  0.09332661 0.20617718]
 [0.12697898 0.42636415 0.44665688]
 [0.18374337 0.15898553 0.6572711 ]
 [0.27469307 0.04138499 0.68392193]
 [0.0296176  0.8822447  0.08813768]]
probabilities: [[1. 0. 0.]
 [1. 0. 0.]
 [1. 0. 0.]
 [1. 0. 0.]
 [1. 0. 0.]]
probabilities: [[0.3320603  0.17718774 0.49075198]
 [0.02563164 0.841518   0.1328504 ]
 [0.67059344 0.0912215  0.2381851 ]
 [0.4956409  0.27654183 0.22781727]
 [0.06178781 0.07868232 0.85952985]]
probabilities: [[0.43509877 0.08524241 0.47965884]
 [0.9473514  0.0455269  0.00712169]
 [0.18265358 0.55049455 0.26685187]
 [0.3109972  0.6260695  0.06293333]
 [0.07024604 0.84762454 0.0821294 ]]
probabilities: [[0.06395087 0.5998708  0.33617833]
 [0.085935   0.06719318 0.8468718 ]
 [0.8579602  0.12174834 0.02029145]
 [0.09248891 0.32922527 0.5782858 ]
 [0.2145414  0.6998699  0.0855887 ]]
probabilities: [[0.8134684  0.0255324  0.16099918]
 [0.6519562  0.25544304 0.09260079]
 [0.3341921  0.30931404 0.3564939 ]
 [0.80137986 0.10920943 0.08941071]
 [0.05301757 0.35367948 0.59330297]]
probabilities: [[0.44601    0.21009359 0.34389645]
 [0.3937494  0.1811895  0.4250611 ]
 [0.88043416 0.09064269 0.02892316]
 [0.04750984 0.68555415 0.26693603]
 [0.39750972 0.5460618  0.05642848]]
probabilities: [[0. 1. 0.]
 [0. 1. 0.]
 [0. 1. 0.]
 [0. 1. 0.]
 [0. 1. 0.]]
probabilities: [[0.4733797  0.4925356  0.03408471]
 [0.16684565 0.7490268  0.08412758]
 [0.19555748 0.5282648  0.2761777 ]
 [0.89296174 0.10085113 0.00618715]
 [0.5002912  0.23400609 0.26570266]]
probabilities: [[0.06247263 0.10703307 0.8304943 ]
 [0.69694966 0.11543313 0.1876172 ]
 [0.5410731  0.08099463 0.3779323 ]
 [0.14438029 0.16679499 0.6888247 ]
 [0.7189734  0.14898752 0.13203911]]
probabilities: [[0.38853478 0.34049985 0.27096537]
 [0.2557708  0.31222612 0.43200308]
 [0.5165789  0.10377559 0.3796455 ]
 [0.9097277  0.02807894 0.06219338]
 [0.59060276 0.15922749 0.25016975]]
probabilities: [[0.02120295 0.12907241 0.84972465]
 [0.5428873  0.40964326 0.04746949]
 [0.10783287 0.48565832 0.40650883]
 [0.33560494 0.22342895 0.44096613]
 [0.18551701 0.69621557 0.11826739]]
probabilities: [[0.4123663  0.4301384  0.15749529]
 [0.2540675  0.02470128 0.7212312 ]
 [0.23186442 0.00337622 0.76475936]
 [0.4559504  0.4190445  0.12500508]
 [0.4045455  0.40618086 0.18927364]]
probabilities: [[0. 0. 1.]
 [0. 1. 0.]
 [0. 1. 0.]
 [0. 0. 1.]
 [0. 0. 1.]]
probabilities: [[0.13025787 0.6480576  0.22168455]
 [0.9213482  0.01794558 0.06070621]
 [0.45744032 0.18982543 0.35273427]
 [0.21063747 0.2601987  0.52916384]
 [0.17518593 0.10607455 0.7187395 ]]
probabilities: [[0.37836543 0.3522259  0.2694087 ]
 [0.5780846  0.346779   0.07513644]
 [0.3615031  0.53708416 0.10141276]
 [0.4213358  0.33207542 0.24658878]
 [0.84595066 0.08569266 0.06835669]]
probabilities: [[0.01429637 0.59819335 0.3875103 ]
 [0.02177031 0.6054163  0.3728134 ]
 [0.39887297 0.13669461 0.46443242]
 [0.7299635  0.21628843 0.05374806]
 [0.42584905 0.4600423  0.11410865]]
probabilities: [[0.17346795 0.62765944 0.19887261]
 [0.2882815  0.2648299  0.4468886 ]
 [0.08754161 0.5033789  0.40907946]
 [0.6062242  0.29587454 0.0979013 ]
 [0.0066884  0.52066797 0.47264364]]
