probabilities: [[0. 0. 1.]
 [0. 1. 0.]
 [0. 1. 0.]
 [0. 0. 1.]
 [0. 0. 1.]]
probabilities: [[0.41359672 0.4076392  0.17876406]
 [0.5165122  0.03730513 0.44618264]
 [0.02306273 0.8393227  0.13761462]
 [0.05975351 0.26959282 0.67065364]
 [0.82587796 0.04311763 0.13100441]]
probabilities: [[0.06323174 0.16693296 0.7698353 ]
 [0.18755777 0.75527275 0.0571695 ]
 [0.28879532 0.5672665  0.14393812]
 [0.01591069 0.5575382  0.4265511 ]
 [0.10417948 0.52445745 0.37136304]]
probabilities: [[0.62921417 0.31942883 0.05135701]
 [0.41097525 0.293523   0.29550174]
 [0.27648854 0.6718152  0.05169621]
 [0.41914055 0.29950473 0.28135473]
 [0.01636389 0.33926547 0.6443706 ]]
probabilities: [[0. 0. 1.]
 [0. 1. 0.]
 [0. 0. 1.]
 [0. 0. 1.]
 [0. 0. 1.]]
probabilities: [[0.27691096 0.6897821  0.03330699]
 [0.1598994  0.1969689  0.6431317 ]
 [0.17448403 0.6784658  0.14705019]
 [0.16003898 0.23633492 0.6036261 ]
 [0.28095087 0.5419196  0.17712952]]
probabilities: [[0.7107464  0.23333497 0.05591863]
 [0.5692212  0.39762017 0.03315862]
 [0.37309957 0.39542177 0.23147866]
 [0.16847396 0.6919847  0.13954134]
 [0.01529031 0.9448291  0.0398806 ]]
probabilities: [[0.1482558  0.4239665  0.4277777 ]
 [0.39599296 0.405465   0.19854201]
 [0.60528475 0.21791337 0.17680189]
 [0.10112478 0.1254302  0.773445  ]
 [0.51379716 0.46330485 0.02289798]]
probabilities: [[1. 0. 0.]
 [1. 0. 0.]
 [1. 0. 0.]
 [1. 0. 0.]
 [1. 0. 0.]]
probabilities: [[0.27779743 0.45898774 0.26321483]
 [0.07477947 0.8573953  0.06782524]
 [0.15747152 0.5601778  0.28235066]
 [0.32615015 0.1469767  0.5268732 ]
 [0.2808157  0.2625518  0.45663247]]
probabilities: [[0.6983571  0.21545117 0.08619173]
 [0.24799952 0.2132033  0.5387972 ]
 [0.41149926 0.5737409  0.01475984]
 [0.02136811 0.2098764  0.7687555 ]
 [0.160424   0.437226   0.40234998]]
probabilities: [[0.16067387 0.06665961 0.7726665 ]
 [0.14209433 0.29454908 0.5633566 ]
 [0.742131   0.10335884 0.15451014]
 [0.03559034 0.02499123 0.93941844]
 [0.28404585 0.6104202  0.10553391]]
probabilities: [[0. 0. 1.]
 [0. 1. 0.]
 [0. 1. 0.]
 [0. 0. 1.]
 [0. 0. 1.]]
probabilities: [[0.6388936  0.12524332 0.23586307]
 [0.14354709 0.2527817  0.6036712 ]
 [0.11618374 0.2825884  0.6012279 ]
 [0.56723344 0.07987849 0.35288808]
 [0.01990349 0.1032969  0.8767996 ]]
probabilities: [[0.09726948 0.8235684  0.07916209]
 [0.45242134 0.42989585 0.1176828 ]
 [0.73474365 0.25259897 0.0126574 ]
 [0.2518897  0.6760677  0.07204258]
 [0.8421124  0.13866119 0.01922639]]
probabilities: [[0.35369572 0.31380495 0.33249936]
 [0.5490465  0.389157   0.06179648]
 [0.17886917 0.49728125 0.32384956]
 [0.8182809  0.10181154 0.07990759]
 [0.03058834 0.9427861  0.02662558]]
probabilities: [[0. 0. 1.]
 [0. 1. 0.]
 [0. 1. 0.]
 [0. 0. 1.]
 [0. 0. 1.]]
probabilities: [[0.41422042 0.5256533  0.06012627]
 [0.33433706 0.03151033 0.6341526 ]
 [0.36633658 0.24974288 0.38392052]
 [0.48831314 0.1048402  0.40684667]
 [0.16166614 0.75833964 0.07999422]]
probabilities: [[0.7385061  0.18927224 0.0722217 ]
 [0.88538414 0.0814724  0.03314346]
 [0.31601498 0.46115282 0.22283222]
 [0.5047071  0.11988862 0.3754043 ]
 [0.24604021 0.0400882  0.7138716 ]]
probabilities: [[0.2136701  0.04627091 0.74005896]
 [0.52159184 0.10492173 0.37348643]
 [0.57749075 0.23037209 0.19213715]
 [0.38206646 0.4227486  0.19518493]
 [0.12710121 0.42215207 0.45074672]]
probabilities: [[0. 0. 1.]
 [0. 1. 0.]
 [0. 0. 1.]
 [0. 0. 1.]
 [0. 0. 1.]]
probabilities: [[0.22398463 0.24576744 0.5302479 ]
 [0.52436227 0.31436893 0.16126883]
 [0.11660226 0.3370528  0.54634494]
 [0.52221376 0.31699786 0.16078837]
 [0.22881053 0.6808281  0.09036137]]
probabilities: [[0.40405694 0.12566246 0.47028062]
 [0.7474279  0.14991236 0.10265974]
 [0.43613216 0.43728405 0.12658377]
 [0.01346859 0.23524518 0.7512862 ]
 [0.26780814 0.53029066 0.2019012 ]]
probabilities: [[0.60659665 0.07491305 0.3184903 ]
 [0.32644245 0.39261892 0.28093863]
 [0.55924    0.4250939  0.01566611]
 [0.36413038 0.39443108 0.24143852]
 [0.5497287  0.20807508 0.24219625]]
probabilities: [[0. 0. 1.]
 [0. 1. 0.]
 [0. 1. 0.]
 [0. 0. 1.]
 [0. 0. 1.]]
probabilities: [[0.699764   0.25070196 0.04953402]
 [0.28857931 0.607372   0.10404869]
 [0.19788434 0.7789076  0.02320806]
 [0.00358252 0.5383757  0.4580418 ]
 [0.72635627 0.2000708  0.07357296]]
probabilities: [[0.01880604 0.6254518  0.35574213]
 [0.07321163 0.38903144 0.5377569 ]
 [0.7375557  0.17650312 0.08594122]
 [0.41151565 0.06962796 0.5188564 ]
 [0.16925915 0.6660679  0.16467294]]
probabilities: [[0.30695143 0.2017038  0.49134475]
 [0.46029803 0.32841888 0.21128309]
 [0.14797384 0.37156466 0.4804615 ]
 [0.05197969 0.2288323  0.719188  ]
 [0.71287394 0.27314895 0.01397712]]
probabilities: [[0. 1. 0.]
 [0. 1. 0.]
 [0. 1. 0.]
 [0. 1. 0.]
 [0. 1. 0.]]
probabilities: [[0.0019738  0.96770203 0.03032418]
 [0.16743483 0.37757567 0.4549895 ]
 [0.05362963 0.8650902  0.08128016]
 [0.924507   0.046067   0.02942596]
 [0.00914077 0.71855706 0.27230215]]
probabilities: [[0.26782215 0.68624    0.04593782]
 [0.27962136 0.03494748 0.6854311 ]
 [0.7794695  0.08669172 0.13383877]
 [0.18788016 0.73982    0.07229983]
 [0.23491447 0.6295532  0.13553236]]
probabilities: [[0.27521434 0.6349098  0.08987584]
 [0.10225792 0.3321597  0.5655824 ]
 [0.01647029 0.08696712 0.8965626 ]
 [0.14786096 0.4150233  0.43711576]
 [0.5285104  0.44880491 0.02268466]]
probabilities: [[1. 0. 0.]
 [1. 0. 0.]
 [1. 0. 0.]
 [1. 0. 0.]
 [1. 0. 0.]]
probabilities: [[0.62950647 0.10017806 0.27031547]
 [0.26620495 0.2894811  0.44431394]
 [0.01249633 0.5208807  0.466623  ]
 [0.33500022 0.21588346 0.44911632]
 [0.10527454 0.12954246 0.76518303]]
probabilities: [[0.10842985 0.38864455 0.5029256 ]
 [0.05938024 0.4965463  0.44407344]
 [0.48441863 0.13357645 0.38200492]
 [0.02490943 0.21721259 0.757878  ]
 [0.0853193  0.6506331  0.26404762]]
probabilities: [[0.46981126 0.31137115 0.21881758]
 [0.2263229  0.5265572  0.24711992]
 [0.43162286 0.09640451 0.4719726 ]
 [0.7641525  0.2055855  0.03026198]
 [0.67472196 0.13572474 0.1895533 ]]
probabilities: [[0. 1. 0.]
 [0. 1. 0.]
 [0. 1. 0.]
 [0. 1. 0.]
 [0. 1. 0.]]
probabilities: [[0.24410965 0.5772034  0.17868696]
 [0.25214326 0.6944588  0.05339798]
 [0.26446086 0.65662175 0.07891735]
 [0.1875749  0.57457167 0.23785347]
 [0.7082171  0.13955    0.15223292]]
probabilities: [[0.01130762 0.17702904 0.8116633 ]
 [0.18006007 0.11062287 0.709317  ]
 [0.10078356 0.41405633 0.48516008]
 [0.09705053 0.11030534 0.79264414]
 [0.1745376  0.1063353  0.7191271 ]]
probabilities: [[0.04416768 0.06418572 0.89164656]
 [0.7606807  0.10272744 0.13659185]
 [0.45125702 0.01336416 0.5353788 ]
 [0.07923984 0.7645221  0.1562381 ]
 [0.55094826 0.30992243 0.13912934]]
probabilities: [[1. 0. 0.]
 [1. 0. 0.]
 [1. 0. 0.]
 [1. 0. 0.]
 [1. 0. 0.]]
probabilities: [[0.18461438 0.04458632 0.7707993 ]
 [0.1014205  0.25838932 0.6401902 ]
 [0.31528768 0.24953158 0.43518072]
 [0.16390432 0.26379293 0.57230276]
 [0.1652074  0.30333477 0.53145784]]
probabilities: [[0.46864215 0.06998815 0.4613697 ]
 [0.1459944  0.6617478  0.19225779]
 [0.00986089 0.6777357  0.3124034 ]
 [0.6310916  0.25901493 0.10989346]
 [0.7841144  0.06389878 0.15198682]]
probabilities: [[0.21266909 0.14838049 0.6389504 ]
 [0.4505657  0.14501321 0.4044211 ]
 [0.5696599  0.2504601  0.17988001]
 [0.5395369  0.37787455 0.08258856]
 [0.6341394  0.09308465 0.27277592]]
probabilities: [[0. 0. 1.]
 [0. 1. 0.]
 [0. 0. 1.]
 [0. 0. 1.]
 [0. 0. 1.]]
probabilities: [[0.25261512 0.2588105  0.4885744 ]
 [0.00180653 0.57664895 0.42154452]
 [0.0377181  0.14094771 0.8213342 ]
 [0.41595137 0.07088473 0.5131639 ]
 [0.18473713 0.8033092  0.01195369]]
probabilities: [[0.58082694 0.32605004 0.09312303]
 [0.80308396 0.11886012 0.0780559 ]
 [0.3117489  0.35205072 0.3362004 ]
 [0.48207277 0.44490138 0.07302586]
 [0.03423011 0.74671936 0.21905056]]
probabilities: [[0.557867   0.37606665 0.0660664 ]
 [0.50869375 0.44638035 0.0449259 ]
 [0.8445925  0.02193579 0.13347168]
 [0.58593506 0.30251738 0.11154755]
 [0.2884843  0.67129254 0.04022314]]
probabilities: [[0. 0. 1.]
 [0. 1. 0.]
 [0. 0. 1.]
 [0. 0. 1.]
 [0. 0. 1.]]
probabilities: [[0.0213109  0.75735795 0.22133113]
 [0.35673526 0.15455507 0.48870966]
 [0.09957074 0.7156327  0.1847966 ]
 [0.04514276 0.1969855  0.75787175]
 [0.41078544 0.28105405 0.3081605 ]]
probabilities: [[0.28863582 0.34549055 0.3658736 ]
 [0.5071017  0.44622082 0.04667745]
 [0.1722568  0.22594115 0.60180205]
 [0.40526253 0.53751713 0.05722035]
 [0.6520003  0.2086516  0.1393481 ]]
probabilities: [[0.20519346 0.4702491  0.32455745]
 [0.32089123 0.18300907 0.4960997 ]
 [0.7194732  0.23896502 0.04156179]
 [0.69584566 0.28640932 0.01774506]
 [0.11506528 0.41712996 0.46780476]]
probabilities: [[0. 1. 0.]
 [0. 1. 0.]
 [0. 1. 0.]
 [0. 1. 0.]
 [0. 1. 0.]]
probabilities: [[0.06626096 0.24734475 0.6863943 ]
 [0.3062931  0.62952715 0.06417975]
 [0.01428654 0.60543805 0.38027543]
 [0.10410611 0.34364572 0.5522482 ]
 [0.6233767  0.16117443 0.21544884]]
probabilities: [[0.43245497 0.04849269 0.5190523 ]
 [0.3874584  0.43309158 0.17945002]
 [0.24910302 0.42659163 0.32430536]
 [0.15803741 0.40568608 0.43627653]
 [0.21638234 0.43791026 0.34570742]]
probabilities: [[0.57097167 0.02205473 0.40697363]
 [0.43043858 0.5040475  0.06551394]
 [0.08675838 0.3222987  0.5909429 ]
 [0.39100087 0.03105792 0.57794124]
 [0.48905265 0.28414288 0.22680447]]
probabilities: [[0. 1. 0.]
 [0. 1. 0.]
 [0. 1. 0.]
 [0. 1. 0.]
 [0. 1. 0.]]
probabilities: [[0.6246383  0.23652825 0.1388334 ]
 [0.19391476 0.7960935  0.00999173]
 [0.26231262 0.20633821 0.5313491 ]
 [0.9510773  0.04134563 0.00757707]
 [0.45312175 0.5063627  0.04051556]]
probabilities: [[0.05622369 0.8660309  0.07774546]
 [0.20164232 0.61303693 0.18532075]
 [0.0206075  0.15748496 0.8219075 ]
 [0.6574167  0.338278   0.00430528]
 [0.03373376 0.12226386 0.84400237]]
probabilities: [[0.74445164 0.13844343 0.11710496]
 [0.21135361 0.6536705  0.13497591]
 [0.6923558  0.14415967 0.1634845 ]
 [0.82757956 0.10105789 0.07136258]
 [0.15044153 0.50973463 0.33982387]]
probabilities: [[1. 0. 0.]
 [1. 0. 0.]
 [1. 0. 0.]
 [1. 0. 0.]
 [1. 0. 0.]]
probabilities: [[0.28269678 0.39748898 0.31981423]
 [0.6426685  0.10503156 0.25229996]
 [0.7075399  0.00824682 0.28421324]
 [0.70367765 0.07491124 0.22141114]
 [0.00603936 0.00793679 0.98602384]]
probabilities: [[0.23924245 0.53145    0.22930759]
 [0.44757724 0.49133614 0.06108662]
 [0.40163934 0.5150887  0.08327198]
 [0.16219881 0.02109037 0.8167108 ]
 [0.13069    0.04368697 0.82562304]]
probabilities: [[0.0644428  0.88375044 0.05180675]
 [0.08872984 0.14612144 0.7651487 ]
 [0.61999047 0.01211958 0.36788994]
 [0.7812043  0.06399092 0.15480478]
 [0.05301306 0.69176203 0.2552249 ]]
probabilities: [[1. 0. 0.]
 [1. 0. 0.]
 [1. 0. 0.]
 [1. 0. 0.]
 [1. 0. 0.]]
probabilities: [[0.01861951 0.86500096 0.11637953]
 [0.22367448 0.00495402 0.7713715 ]
 [0.7398324  0.04228901 0.2178786 ]
 [0.26718113 0.67704076 0.05577813]
 [0.1618535  0.11707997 0.72106653]]
probabilities: [[0.14986217 0.80998576 0.04015208]
 [0.45151448 0.2979902  0.2504953 ]
 [0.29988083 0.4843165  0.21580267]
 [0.3343782  0.10474215 0.56087965]
 [0.69723797 0.00873643 0.29402563]]
probabilities: [[0.07300194 0.01444789 0.91255015]
 [0.23056509 0.5116059  0.25782898]
 [0.58786744 0.23705037 0.17508218]
 [0.2484587  0.5348188  0.21672247]
 [0.07847326 0.47889    0.44263676]]
probabilities: [[0. 1. 0.]
 [0. 1. 0.]
 [0. 1. 0.]
 [0. 1. 0.]
 [0. 1. 0.]]
probabilities: [[0.07130355 0.0360204  0.89267606]
 [0.30532154 0.5538799  0.14079854]
 [0.52986366 0.12157848 0.34855786]
 [0.03152487 0.37570325 0.5927719 ]
 [0.73830026 0.21877605 0.04292366]]
probabilities: [[0.10162508 0.38611373 0.51226115]
 [0.5507001  0.27288422 0.17641565]
 [0.1890767  0.8073357  0.00358764]
 [0.04452077 0.05330527 0.90217394]
 [0.28765416 0.6414836  0.07086221]]
probabilities: [[0.3851113  0.5084069  0.10648184]
 [0.06695755 0.30805847 0.62498397]
 [0.0650157  0.8702783  0.06470602]
 [0.8629716  0.02038139 0.11664703]
 [0.71215147 0.1634027  0.12444586]]
probabilities: [[0. 1. 0.]
 [0. 1. 0.]
 [0. 1. 0.]
 [0. 1. 0.]
 [0. 1. 0.]]
probabilities: [[0.383071   0.6041298  0.01279917]
 [0.13607027 0.02689956 0.8370302 ]
 [0.14158258 0.50465447 0.35376298]
 [0.7557546  0.12755488 0.11669053]
 [0.07171055 0.3458598  0.58242965]]
probabilities: [[0.39041758 0.32018816 0.28939426]
 [0.47066718 0.06912647 0.46020633]
 [0.20210686 0.35705256 0.44084057]
 [0.16093926 0.6888506  0.15021013]
 [0.06657527 0.5511958  0.3822289 ]]
probabilities: [[0.038431   0.49042362 0.4711454 ]
 [0.44053268 0.31526    0.24420732]
 [0.08017404 0.8920643  0.02776166]
 [0.21769309 0.22031792 0.561989  ]
 [0.63102835 0.10426898 0.26470268]]
probabilities: [[0. 1. 0.]
 [0. 1. 0.]
 [0. 1. 0.]
 [0. 1. 0.]
 [0. 1. 0.]]
probabilities: [[0.3098483  0.05641721 0.63373446]
 [0.27339244 0.4179234  0.30868417]
 [0.8959015  0.06420065 0.03989782]
 [0.5373239  0.07324566 0.38943043]
 [0.47856367 0.01549347 0.5059428 ]]
probabilities: [[0.09843688 0.63432837 0.26723477]
 [0.49444067 0.13138282 0.3741765 ]
 [0.34365195 0.58304745 0.07330059]
 [0.71295494 0.2309132  0.05613184]
 [0.01897068 0.15520751 0.8258218 ]]
probabilities: [[0.16533336 0.12723859 0.70742804]
 [0.11519349 0.80472744 0.08007906]
 [0.00087007 0.31399897 0.68513095]
 [0.03786876 0.49200714 0.4701241 ]
 [0.48018056 0.22430646 0.29551297]]
probabilities: [[0. 1. 0.]
 [0. 1. 0.]
 [0. 1. 0.]
 [0. 1. 0.]
 [0. 1. 0.]]
probabilities: [[0.13717435 0.22812626 0.6346994 ]
 [0.04862483 0.4078028  0.54357237]
 [0.56282645 0.15526912 0.28190446]
 [0.47431672 0.2868156  0.23886766]
 [0.38238442 0.39924115 0.21837442]]
probabilities: [[0.1360864  0.825809   0.0381046 ]
 [0.51341647 0.22247802 0.2641055 ]
 [0.01686151 0.83341527 0.14972323]
 [0.47534537 0.4234044  0.10125023]
 [0.06697103 0.3143671  0.6186619 ]]
probabilities: [[0.14383547 0.05782911 0.79833543]
 [0.7821356  0.2160463  0.0018181 ]
 [0.05818636 0.5784412  0.36337242]
 [0.41204405 0.21824454 0.3697114 ]
 [0.05425154 0.71479654 0.23095194]]
probabilities: [[0. 0. 1.]
 [0. 1. 0.]
 [0. 1. 0.]
 [0. 0. 1.]
 [0. 0. 1.]]
probabilities: [[0.66776145 0.05339891 0.27883962]
 [0.08753513 0.08427076 0.8281941 ]
 [0.46982622 0.28257513 0.24759865]
 [0.01088423 0.2738282  0.71528757]
 [0.07383157 0.09550236 0.83066607]]
probabilities: [[0.49262905 0.3905368  0.11683416]
 [0.26951027 0.2717159  0.45877385]
 [0.24884099 0.41444862 0.3367104 ]
 [0.22806738 0.33283836 0.43909425]
 [0.11245926 0.61225563 0.2752851 ]]
probabilities: [[0.52744126 0.3287364  0.14382236]
 [0.54733694 0.43598124 0.01668181]
 [0.26866224 0.04505951 0.6862782 ]
 [0.5121683  0.44650444 0.04132725]
 [0.11993822 0.8565697  0.02349203]]
probabilities: [[0. 0. 1.]
 [0. 1. 0.]
 [0. 0. 1.]
 [0. 0. 1.]
 [0. 0. 1.]]
probabilities: [[0.33761144 0.39739    0.26499858]
 [0.00732121 0.8002919  0.19238691]
 [0.5175723  0.0468956  0.43553212]
 [0.60738164 0.352855   0.03976334]
 [0.46317303 0.21764773 0.31917924]]
probabilities: [[0.00827593 0.5921345  0.39958963]
 [0.23053539 0.5182948  0.2511698 ]
 [0.45396897 0.42872152 0.11730953]
 [0.4544019  0.1033007  0.4422974 ]
 [0.27167064 0.25479147 0.4735379 ]]
probabilities: [[0.0660789  0.55704325 0.37687784]
 [0.08334352 0.34596178 0.5706947 ]
 [0.02871441 0.37351757 0.597768  ]
 [0.04126755 0.5077614  0.45097107]
 [0.30813923 0.02303812 0.66882265]]
probabilities: [[1. 0. 0.]
 [1. 0. 0.]
 [1. 0. 0.]
 [1. 0. 0.]
 [1. 0. 0.]]
probabilities: [[0.4574589  0.09534083 0.44720024]
 [0.10728646 0.33836177 0.55435175]
 [0.09299802 0.299904   0.607098  ]
 [0.07091688 0.5274342  0.4016489 ]
 [0.37440377 0.24085036 0.38474587]]
probabilities: [[0.45613706 0.18246326 0.36139968]
 [0.52665305 0.3125131  0.1608338 ]
 [0.17686203 0.58247584 0.24066211]
 [0.08048259 0.4175003  0.50201714]
 [0.3615071  0.42480054 0.21369237]]
probabilities: [[0.69316614 0.18545988 0.12137397]
 [0.04869858 0.44348258 0.5078188 ]
 [0.02294325 0.1293692  0.84768754]
 [0.55681777 0.2877193  0.15546295]
 [0.06894565 0.6896967  0.24135765]]
probabilities: [[0. 0. 1.]
 [0. 1. 0.]
 [0. 1. 0.]
 [0. 0. 1.]
 [0. 0. 1.]]
probabilities: [[0.46499363 0.03639074 0.49861565]
 [0.3747888  0.25762296 0.36758825]
 [0.12141702 0.85914755 0.01943545]
 [0.57586896 0.42242733 0.00170371]
 [0.66636056 0.30949655 0.02414291]]
probabilities: [[0.70392966 0.15053171 0.14553863]
 [0.1163291  0.28957635 0.5940946 ]
 [0.27725327 0.46800172 0.254745  ]
 [0.40126392 0.51533717 0.08339892]
 [0.05785605 0.2969379  0.64520603]]
probabilities: [[0.54380804 0.10857678 0.34761518]
 [0.11355054 0.08356852 0.80288094]
 [0.42186993 0.09098021 0.48714986]
 [0.20457141 0.04637827 0.7490503 ]
 [0.72216415 0.1595982  0.11823764]]
probabilities: [[1. 0. 0.]
 [1. 0. 0.]
 [1. 0. 0.]
 [1. 0. 0.]
 [1. 0. 0.]]
probabilities: [[0.5551024  0.4005818  0.04431578]
 [0.14336492 0.49559864 0.36103645]
 [0.08923115 0.09216484 0.818604  ]
 [0.11106433 0.03395691 0.85497874]
 [0.40376702 0.18300542 0.41322756]]
probabilities: [[0.1804002  0.10104861 0.7185512 ]
 [0.1238993  0.35964966 0.51645106]
 [0.3187696  0.06195121 0.6192792 ]
 [0.09802688 0.19133778 0.71063536]
 [0.641445   0.03265077 0.32590425]]
probabilities: [[0.38951042 0.499798   0.11069158]
 [0.5797969  0.06832994 0.35187316]
 [0.1735052  0.15262666 0.6738681 ]
 [0.32730874 0.5059198  0.16677146]
 [0.38924307 0.4838265  0.12693045]]
probabilities: [[0. 0. 1.]
 [0. 1. 0.]
 [0. 0. 1.]
 [0. 0. 1.]
 [0. 0. 1.]]
probabilities: [[0.6548836  0.25376967 0.09134671]
 [0.02708248 0.15533087 0.81758666]
 [0.09253445 0.57756186 0.32990372]
 [0.25765827 0.72683096 0.01551076]
 [0.55025166 0.09101024 0.3587381 ]]
probabilities: [[0.15603802 0.05868623 0.78527576]
 [0.26290703 0.70347196 0.03362101]
 [0.38698813 0.40475127 0.20826061]
 [0.3294269  0.42444116 0.24613191]
 [0.09933684 0.15085815 0.74980503]]
probabilities: [[0.22071816 0.18829724 0.5909846 ]
 [0.02163767 0.4928869  0.48547542]
 [0.72287107 0.03943391 0.23769504]
 [0.05367467 0.77382326 0.17250207]
 [0.7666193  0.20482565 0.02855499]]
probabilities: [[0. 1. 0.]
 [0. 1. 0.]
 [0. 1. 0.]
 [0. 1. 0.]
 [0. 1. 0.]]
probabilities: [[0.92465115 0.05828317 0.0170657 ]
 [0.08388825 0.47945535 0.4366564 ]
 [0.6944599  0.05776199 0.24777807]
 [0.5521514  0.10055267 0.34729594]
 [0.8014512  0.02628225 0.17226656]]
probabilities: [[0.13823465 0.6038296  0.25793573]
 [0.8315759  0.00465915 0.16376498]
 [0.13190135 0.79428923 0.07380941]
 [0.49649543 0.44836217 0.05514241]
 [0.01849524 0.85451674 0.126988  ]]
probabilities: [[0.8380117  0.10058715 0.06140118]
 [0.14882244 0.6641785  0.18699907]
 [0.22005348 0.12765135 0.6522952 ]
 [0.25895283 0.6556725  0.08537467]
 [0.06028631 0.15318032 0.78653336]]
probabilities: [[1. 0. 0.]
 [1. 0. 0.]
 [1. 0. 0.]
 [1. 0. 0.]
 [1. 0. 0.]]
probabilities: [[0.00603058 0.4214567  0.57251275]
 [0.21077871 0.6653294  0.12389187]
 [0.27233535 0.38786757 0.33979708]
 [0.3983683  0.4607078  0.1409239 ]
 [0.32209548 0.56821895 0.10968556]]
probabilities: [[0.251083   0.338517   0.4104    ]
 [0.36484054 0.32711995 0.30803952]
 [0.10434963 0.21422216 0.6814282 ]
 [0.25723487 0.4543409  0.28842422]
 [0.5886928  0.07815238 0.33315483]]
probabilities: [[0.04156155 0.6691286  0.28930986]
 [0.63929284 0.1195376  0.24116954]
 [0.45330697 0.17242481 0.37426823]
 [0.24483427 0.20335653 0.5518092 ]
 [0.32419848 0.54713154 0.12866998]]
probabilities: [[0. 1. 0.]
 [0. 1. 0.]
 [0. 1. 0.]
 [0. 1. 0.]
 [0. 1. 0.]]
probabilities: [[0.21609956 0.35538962 0.42851081]
 [0.58742887 0.30523685 0.10733429]
 [0.4503084  0.38401788 0.16567369]
 [0.05507322 0.685864   0.25906283]
 [0.8223896  0.07580611 0.10180429]]
probabilities: [[0.46357304 0.3284637  0.20796326]
 [0.05155934 0.08412404 0.86431664]
 [0.18358253 0.09773961 0.7186779 ]
 [0.72847253 0.2701193  0.0014082 ]
 [0.30922607 0.0429087  0.64786524]]
probabilities: [[0.68537116 0.24680857 0.06782027]
 [0.10644292 0.15562087 0.7379362 ]
 [0.1870634  0.6110665  0.20187011]
 [0.24524303 0.20310323 0.55165374]
 [0.11725295 0.65120447 0.2315426 ]]
probabilities: [[1. 0. 0.]
 [1. 0. 0.]
 [1. 0. 0.]
 [1. 0. 0.]
 [1. 0. 0.]]
probabilities: [[0.47478023 0.01878134 0.50643843]
 [0.63502115 0.17453621 0.19044264]
 [0.4035686  0.58500093 0.01143049]
 [0.3075847  0.49918044 0.19323488]
 [0.64935625 0.21596363 0.1346801 ]]
probabilities: [[0.3148289  0.43599793 0.24917315]
 [0.5454067  0.23105997 0.22353335]
 [0.8194055  0.12063628 0.0599582 ]
 [0.15636316 0.7658851  0.0777517 ]
 [0.37635192 0.3342276  0.2894205 ]]
probabilities: [[0.24398433 0.00766167 0.748354  ]
 [0.50508255 0.07453451 0.42038295]
 [0.13786629 0.63466686 0.22746687]
 [0.26205537 0.19224973 0.5456949 ]
 [0.8288639  0.15332775 0.01780832]]
probabilities: [[0. 0. 1.]
 [0. 1. 0.]
 [0. 0. 1.]
 [0. 0. 1.]
 [0. 0. 1.]]
probabilities: [[0.43285385 0.244746   0.32240015]
 [0.29854575 0.08037888 0.6210754 ]
 [0.06108928 0.61529297 0.3236178 ]
 [0.35829243 0.47630826 0.16539931]
 [0.2116384  0.7543252  0.03403641]]
probabilities: [[0.00588454 0.76514524 0.2289702 ]
 [0.63761216 0.09817237 0.2642155 ]
 [0.02511852 0.288808   0.6860735 ]
 [0.6125814  0.37669104 0.01072756]
 [0.7099307  0.27457252 0.01549678]]
probabilities: [[0.36227944 0.5791361  0.05858448]
 [0.45871884 0.5304965  0.01078468]
 [0.18501928 0.18567203 0.6293087 ]
 [0.60966223 0.24404666 0.14629112]
 [0.13438724 0.4532506  0.4123622 ]]
probabilities: [[0. 1. 0.]
 [0. 1. 0.]
 [0. 1. 0.]
 [0. 1. 0.]
 [0. 1. 0.]]
probabilities: [[0.06757575 0.3827883  0.54963595]
 [0.3632141  0.5112514  0.12553452]
 [0.36373025 0.18249847 0.45377126]
 [0.14731632 0.18052423 0.67215943]
 [0.2771633  0.62288356 0.09995312]]
probabilities: [[0.03973667 0.35255566 0.6077077 ]
 [0.2681831  0.01598228 0.7158346 ]
 [0.4994123  0.0033283  0.4972594 ]
 [0.09550137 0.0789328  0.8255658 ]
 [0.23150563 0.3654096  0.40308475]]
probabilities: [[0.6276416  0.1059302  0.26642817]
 [0.09033428 0.40533265 0.5043331 ]
 [0.34770858 0.23398915 0.41830227]
 [0.35119337 0.5340391  0.11476753]
 [0.78025436 0.17560749 0.04413814]]
probabilities: [[0. 0. 1.]
 [0. 1. 0.]
 [0. 0. 1.]
 [0. 0. 1.]
 [0. 0. 1.]]
probabilities: [[7.5099355e-01 2.4883462e-01 1.7184565e-04]
 [2.5971964e-01 2.1895842e-01 5.2132195e-01]
 [5.9080005e-01 4.0828067e-01 9.1926975e-04]
 [2.9634488e-01 3.8529357e-01 3.1836152e-01]
 [1.8258686e-01 4.1435084e-01 4.0306228e-01]]
probabilities: [[0.47962123 0.2533666  0.26701218]
 [0.8016802  0.17421585 0.02410396]
 [0.84632033 0.14288363 0.01079601]
 [0.5600491  0.05123222 0.3887187 ]
 [0.70564467 0.2407024  0.05365295]]
probabilities: [[0.16392003 0.25390747 0.5821725 ]
 [0.40407008 0.02788717 0.56804276]
 [0.41986203 0.5279006  0.0522374 ]
 [0.5473334  0.17965676 0.2730098 ]
 [0.20793991 0.02530861 0.76675147]]
probabilities: [[1. 0. 0.]
 [1. 0. 0.]
 [1. 0. 0.]
 [1. 0. 0.]
 [1. 0. 0.]]
probabilities: [[0.14685589 0.690389   0.16275516]
 [0.49985218 0.39595672 0.10419107]
 [0.39376017 0.06208292 0.5441569 ]
 [0.23316848 0.5561028  0.21072869]
 [0.15465851 0.6559803  0.18936118]]
probabilities: [[0.06020578 0.18726541 0.7525288 ]
 [0.22194217 0.16348778 0.6145701 ]
 [0.10466643 0.10035264 0.79498094]
 [0.09434664 0.60983676 0.29581657]
 [0.03795935 0.89571434 0.06632631]]
probabilities: [[0.3578921  0.5386301  0.10347777]
 [0.3918164  0.33298984 0.27519378]
 [0.98620987 0.00316614 0.01062398]
 [0.1256187  0.5558664  0.31851488]
 [0.64105874 0.3308923  0.02804899]]
probabilities: [[0. 0. 1.]
 [0. 1. 0.]
 [0. 1. 0.]
 [0. 0. 1.]
 [0. 0. 1.]]
probabilities: [[0.23196971 0.1781781  0.58985215]
 [0.38065365 0.18959141 0.42975494]
 [0.6806204  0.00282087 0.31655878]
 [0.227043   0.75914997 0.01380704]
 [0.49536943 0.44493154 0.05969901]]
probabilities: [[0.01343748 0.33416685 0.65239567]
 [0.23535295 0.49096647 0.2736806 ]
 [0.15456678 0.567927   0.27750617]
 [0.304825   0.28572795 0.40944704]
 [0.33574635 0.48019326 0.1840604 ]]
probabilities: [[0.3914039  0.46443704 0.14415903]
 [0.17974283 0.5853264  0.23493078]
 [0.62259245 0.2338728  0.14353473]
 [0.01509699 0.38957876 0.5953242 ]
 [0.06835124 0.03688039 0.89476836]]
probabilities: [[0. 0. 1.]
 [0. 1. 0.]
 [0. 1. 0.]
 [0. 0. 1.]
 [0. 0. 1.]]
probabilities: [[0.02407668 0.72309667 0.25282666]
 [0.04700335 0.3865553  0.5664413 ]
 [0.35340416 0.26099116 0.38560468]
 [0.15247053 0.13341038 0.7141191 ]
 [0.08638909 0.5524278  0.36118308]]
probabilities: [[0.1752027  0.6926137  0.13218358]
 [0.86243343 0.13037391 0.00719263]
 [0.43192503 0.26807475 0.30000022]
 [0.381064   0.5253435  0.09359254]
 [0.5957482  0.04003627 0.36421552]]
probabilities: [[0.8629344  0.11757783 0.01948775]
 [0.04084602 0.02716058 0.9319934 ]
 [0.11979987 0.6282623  0.2519379 ]
 [0.30839318 0.2294538  0.46215302]
 [0.80731016 0.1599187  0.03277117]]
probabilities: [[0. 0. 1.]
 [0. 1. 0.]
 [0. 1. 0.]
 [0. 0. 1.]
 [0. 0. 1.]]
probabilities: [[0.05809392 0.82387847 0.1180276 ]
 [0.2809787  0.34462908 0.3743922 ]
 [0.48338902 0.16743305 0.34917793]
 [0.09603993 0.5209898  0.38297027]
 [0.5095528  0.01447506 0.47597215]]
probabilities: [[0.34252906 0.05518036 0.6022906 ]
 [0.333868   0.3249765  0.3411555 ]
 [0.81366223 0.02279023 0.16354752]
 [0.3130495  0.419496   0.2674545 ]
 [0.36353675 0.49047393 0.14598933]]
probabilities: [[0.07173193 0.04641452 0.8818535 ]
 [0.12622786 0.7168385  0.1569337 ]
 [0.22127168 0.18138935 0.597339  ]
 [0.792551   0.19685538 0.01059361]
 [0.09963065 0.613102   0.28726733]]
probabilities: [[0. 1. 0.]
 [0. 1. 0.]
 [0. 1. 0.]
 [0. 1. 0.]
 [0. 1. 0.]]
probabilities: [[6.1046195e-01 2.5084573e-01 1.3869230e-01]
 [7.1217352e-01 2.0923130e-01 7.8595154e-02]
 [4.0026745e-01 5.9924728e-01 4.8527171e-04]
 [1.2411852e-01 2.4237338e-01 6.3350809e-01]
 [2.0532890e-01 5.9682685e-01 1.9784425e-01]]
probabilities: [[0.28640252 0.258636   0.45496145]
 [0.577715   0.07831162 0.34397343]
 [0.12155602 0.20025897 0.678185  ]
 [0.24439488 0.36926746 0.38633767]
 [0.59204566 0.29487202 0.1130823 ]]
probabilities: [[0.12452571 0.0453733  0.830101  ]
 [0.8138386  0.1450987  0.0410627 ]
 [0.68492174 0.11037361 0.20470469]
 [0.4269602  0.532619   0.0404208 ]
 [0.2658566  0.27372572 0.4604177 ]]
probabilities: [[1. 0. 0.]
 [1. 0. 0.]
 [1. 0. 0.]
 [1. 0. 0.]
 [1. 0. 0.]]
probabilities: [[0.79984784 0.18388894 0.01626323]
 [0.06386779 0.4605479  0.4755843 ]
 [0.06472343 0.6201123  0.3151643 ]
 [0.1027944  0.7381778  0.15902783]
 [0.29419047 0.10463733 0.6011722 ]]
probabilities: [[0.05612692 0.07480253 0.86907053]
 [0.4746129  0.17230898 0.35307813]
 [0.21035148 0.5572166  0.2324319 ]
 [0.26688042 0.72208077 0.01103878]
 [0.06043478 0.00311782 0.9364474 ]]
probabilities: [[0.8436383  0.14926055 0.00710116]
 [0.28944984 0.2110574  0.49949276]
 [0.02985073 0.72693866 0.2432106 ]
 [0.36273623 0.28229025 0.35497352]
 [0.5464362  0.3042471  0.14931668]]
probabilities: [[0. 0. 1.]
 [0. 1. 0.]
 [0. 0. 1.]
 [0. 0. 1.]
 [0. 0. 1.]]
probabilities: [[0.43193915 0.50834656 0.05971427]
 [0.20474336 0.6847583  0.11049833]
 [0.5016635  0.34485528 0.1534812 ]
 [0.2766194  0.0850288  0.6383518 ]
 [0.3715145  0.41633284 0.21215266]]
probabilities: [[0.25505793 0.3463354  0.39860666]
 [0.28984568 0.33324227 0.3769121 ]
 [0.40547562 0.26237208 0.3321523 ]
 [0.457159   0.33153018 0.21131082]
 [0.03031147 0.17180516 0.7978834 ]]
probabilities: [[0.07109627 0.38098088 0.54792285]
 [0.2585406  0.18255624 0.55890316]
 [0.12816067 0.5818848  0.2899545 ]
 [0.08814234 0.8178004  0.09405724]
 [0.33046243 0.59501845 0.0745191 ]]
probabilities: [[0. 0. 1.]
 [0. 1. 0.]
 [0. 1. 0.]
 [0. 0. 1.]
 [0. 0. 1.]]
probabilities: [[0.12951419 0.2066863  0.6637995 ]
 [0.38815528 0.22234681 0.3894979 ]
 [0.47805265 0.08392837 0.43801898]
 [0.36571285 0.43073076 0.20355639]
 [0.7259279  0.1605397  0.11353239]]
probabilities: [[0.4211733  0.26261964 0.31620702]
 [0.15289462 0.48360842 0.36349696]
 [0.59153605 0.21586367 0.19260025]
 [0.4215619  0.53681654 0.04162156]
 [0.06145602 0.84930325 0.08924075]]
probabilities: [[0.09398951 0.04269608 0.8633144 ]
 [0.14538877 0.21716781 0.6374434 ]
 [0.10197259 0.6486595  0.24936788]
 [0.3678803  0.3526051  0.2795146 ]
 [0.4646196  0.2781532  0.25722715]]
probabilities: [[0. 0. 1.]
 [0. 1. 0.]
 [0. 1. 0.]
 [0. 0. 1.]
 [0. 0. 1.]]
probabilities: [[0.18315679 0.74564844 0.07119477]
 [0.11254056 0.10738041 0.78007907]
 [0.69623846 0.11054371 0.19321783]
 [0.5892174  0.12441621 0.28636637]
 [0.34803078 0.11326198 0.53870726]]
probabilities: [[0.06164991 0.31892768 0.61942244]
 [0.6177775  0.13220195 0.25002053]
 [0.85035074 0.0510102  0.09863904]
 [0.05879055 0.715449   0.22576046]
 [0.25786147 0.3468371  0.39530143]]
probabilities: [[0.08396504 0.76719683 0.14883815]
 [0.30228078 0.34314653 0.35457268]
 [0.7300522  0.23221241 0.03773542]
 [0.7791258  0.15246885 0.06840535]
 [0.01243372 0.3651745  0.62239176]]
probabilities: [[1. 0. 0.]
 [1. 0. 0.]
 [1. 0. 0.]
 [1. 0. 0.]
 [1. 0. 0.]]
probabilities: [[0.17692392 0.5423013  0.2807748 ]
 [0.2740487  0.07105312 0.6548982 ]
 [0.5790504  0.3374481  0.08350145]
 [0.15203275 0.19944339 0.64852387]
 [0.22018597 0.3047836  0.47503042]]
probabilities: [[0.9029386  0.05349737 0.043564  ]
 [0.00949365 0.7674704  0.22303593]
 [0.11658876 0.64160866 0.2418026 ]
 [0.5090357  0.42198545 0.06897884]
 [0.73200417 0.02702767 0.24096818]]
probabilities: [[0.6258775  0.21255174 0.16157076]
 [0.23516178 0.7424179  0.02242036]
 [0.30674547 0.16591544 0.5273391 ]
 [0.19610362 0.45297092 0.35092548]
 [0.694982   0.03918872 0.2658293 ]]
probabilities: [[1. 0. 0.]
 [1. 0. 0.]
 [1. 0. 0.]
 [1. 0. 0.]
 [1. 0. 0.]]
probabilities: [[0.2042968  0.3241507  0.4715525 ]
 [0.40224615 0.48831424 0.1094396 ]
 [0.45863828 0.04743061 0.4939311 ]
 [0.8869674  0.03906927 0.07396331]
 [0.3260721  0.21817479 0.45575312]]
probabilities: [[0.6474959  0.11775835 0.23474574]
 [0.17759709 0.7162789  0.10612401]
 [0.5927811  0.20445311 0.20276575]
 [0.02572455 0.31260106 0.6616744 ]
 [0.23927835 0.53723776 0.22348389]]
probabilities: [[0.35827336 0.4099642  0.23176241]
 [0.41215208 0.5153468  0.0725011 ]
 [0.2271205  0.12233137 0.6505481 ]
 [0.64989686 0.19554919 0.15455392]
 [0.54339236 0.15657438 0.30003327]]
probabilities: [[0. 0. 1.]
 [0. 1. 0.]
 [0. 1. 0.]
 [0. 0. 1.]
 [0. 0. 1.]]
probabilities: [[0.74753845 0.09011162 0.16234995]
 [0.33071595 0.5261075  0.14317657]
 [0.32530445 0.6637772  0.0109184 ]
 [0.3221045  0.03546055 0.64243495]
 [0.15718146 0.07282415 0.7699944 ]]
probabilities: [[0.13034031 0.76093477 0.10872492]
 [0.33588448 0.36672089 0.29739463]
 [0.25924402 0.48459893 0.25615704]
 [0.69089305 0.14559308 0.16351387]
 [0.4668994  0.30717313 0.22592746]]
probabilities: [[0.55188346 0.38947213 0.05864442]
 [0.20397113 0.08660462 0.70942426]
 [0.49059105 0.26034167 0.24906726]
 [0.297898   0.1947131  0.5073889 ]
 [0.20151423 0.44785073 0.35063502]]
probabilities: [[0. 0. 1.]
 [0. 1. 0.]
 [0. 1. 0.]
 [0. 0. 1.]
 [0. 0. 1.]]
probabilities: [[0.4650999  0.49954522 0.0353549 ]
 [0.4604348  0.15999009 0.37957513]
 [0.6573897  0.30045226 0.04215804]
 [0.30474576 0.4772868  0.21796745]
 [0.02556281 0.03364701 0.9407902 ]]
probabilities: [[0.41854453 0.23214953 0.34930593]
 [0.13551445 0.28062764 0.5838579 ]
 [0.00093767 0.73023134 0.26883096]
 [0.18894275 0.64226085 0.16879642]
 [0.3862511  0.52096176 0.09278712]]
probabilities: [[0.14658952 0.0399627  0.8134478 ]
 [0.18503407 0.29579303 0.5191729 ]
 [0.8072306  0.14038359 0.05238581]
 [0.16302575 0.14379342 0.6931808 ]
 [0.00560009 0.05132703 0.94307286]]
probabilities: [[1. 0. 0.]
 [1. 0. 0.]
 [1. 0. 0.]
 [1. 0. 0.]
 [1. 0. 0.]]
probabilities: [[0.44679603 0.0140637  0.5391403 ]
 [0.25008163 0.08748195 0.6624364 ]
 [0.8203612  0.10237248 0.07726633]
 [0.18898004 0.17282414 0.6381958 ]
 [0.10732181 0.3722038  0.5204744 ]]
probabilities: [[0.26490927 0.11055013 0.62454057]
 [0.2366804  0.5446748  0.21864478]
 [0.20224625 0.61386144 0.1838923 ]
 [0.5624487  0.16419059 0.27336073]
 [0.04153045 0.7919087  0.16656089]]
probabilities: [[0.15183878 0.1743936  0.6737676 ]
 [0.00587631 0.60733557 0.3867881 ]
 [0.45107996 0.5406188  0.00830128]
 [0.12187274 0.15532918 0.72279805]
 [0.46400917 0.1433485  0.39264235]]
probabilities: [[0. 1. 0.]
 [0. 1. 0.]
 [0. 1. 0.]
 [0. 1. 0.]
 [0. 1. 0.]]
probabilities: [[0.12409317 0.05483734 0.8210695 ]
 [0.28072584 0.3425266  0.37674755]
 [0.17236575 0.09045137 0.73718286]
 [0.05930726 0.59298915 0.3477036 ]
 [0.3110706  0.2949944  0.393935  ]]
probabilities: [[0.10509034 0.32926092 0.56564873]
 [0.03785723 0.3933371  0.56880563]
 [0.9240304  0.03243272 0.04353685]
 [0.181829   0.09583023 0.72234076]
 [0.45419693 0.506049   0.03975408]]
probabilities: [[0.7888669  0.20222588 0.00890722]
 [0.47965726 0.25605634 0.2642864 ]
 [0.66218364 0.32921702 0.00859933]
 [0.8378426  0.11347278 0.04868464]
 [0.4085728  0.07992626 0.51150095]]
probabilities: [[0. 1. 0.]
 [0. 1. 0.]
 [0. 1. 0.]
 [0. 1. 0.]
 [0. 1. 0.]]
probabilities: [[0.03235002 0.2115772  0.75607276]
 [0.35320333 0.4962773  0.15051939]
 [0.2687907  0.4095526  0.3216567 ]
 [0.23350476 0.43855053 0.3279447 ]
 [0.24501634 0.08176646 0.6732172 ]]
probabilities: [[0.5965548  0.3613544  0.04209078]
 [0.15347104 0.18223692 0.66429204]
 [0.1020351  0.1241402  0.7738247 ]
 [0.11274939 0.48813978 0.39911082]
 [0.6056968  0.39280045 0.00150275]]
probabilities: [[0.81479335 0.05349505 0.13171159]
 [0.19773431 0.63051844 0.17174725]
 [0.1885932  0.565934   0.2454728 ]
 [0.20429379 0.45326117 0.34244505]
 [0.05279717 0.451921   0.49528185]]
probabilities: [[0. 0. 1.]
 [0. 1. 0.]
 [0. 1. 0.]
 [0. 0. 1.]
 [0. 0. 1.]]
probabilities: [[0.6101364  0.3760169  0.01384671]
 [0.00456097 0.35095465 0.6444844 ]
 [0.03666895 0.10445984 0.8588712 ]
 [0.26320267 0.2063422  0.5304551 ]
 [0.1479829  0.21622114 0.63579595]]
probabilities: [[0.236639   0.25299913 0.5103619 ]
 [0.52018017 0.01925303 0.4605668 ]
 [0.83040744 0.05527088 0.11432168]
 [0.06570514 0.26383796 0.6704569 ]
 [0.60859954 0.33733693 0.05406354]]
probabilities: [[0.309501   0.23861042 0.45188856]
 [0.731203   0.1342397  0.13455728]
 [0.83553666 0.00173802 0.16272531]
 [0.15579462 0.7195783  0.12462705]
 [0.8376859  0.12427112 0.03804303]]
probabilities: [[0. 1. 0.]
 [0. 1. 0.]
 [0. 1. 0.]
 [0. 1. 0.]
 [0. 1. 0.]]
probabilities: [[0.60715055 0.00841729 0.38443214]
 [0.33596367 0.21463637 0.44939995]
 [0.6414987  0.11807747 0.24042386]
 [0.29956782 0.3421312  0.35830098]
 [0.5795362  0.20065485 0.21980892]]
probabilities: [[0.30638057 0.2359531  0.45766634]
 [0.30567    0.45818478 0.23614523]
 [0.4171276  0.03900152 0.54387087]
 [0.59892774 0.15070581 0.25036648]
 [0.16685586 0.74125355 0.09189059]]
probabilities: [[0.04934447 0.16696858 0.78368694]
 [0.0586987  0.1189427  0.8223586 ]
 [0.05396036 0.589952   0.35608763]
 [0.3467743  0.06580327 0.58742243]
 [0.2241647  0.4580471  0.3177882 ]]
probabilities: [[1. 0. 0.]
 [1. 0. 0.]
 [1. 0. 0.]
 [1. 0. 0.]
 [1. 0. 0.]]
probabilities: [[0.42428565 0.39143616 0.18427818]
 [0.2664417  0.6566471  0.07691119]
 [0.2125696  0.37433332 0.41309708]
 [0.37439793 0.1754354  0.45016664]
 [0.22157171 0.7356817  0.04274656]]
probabilities: [[0.08118164 0.11030407 0.8085143 ]
 [0.61724794 0.29339126 0.0893608 ]
 [0.13989696 0.31272253 0.5473805 ]
 [0.33076596 0.29541516 0.37381887]
 [0.43530574 0.10569711 0.45899713]]
probabilities: [[0.6139135  0.3483325  0.03775403]
 [0.02891377 0.1133537  0.85773253]
 [0.35478333 0.06699125 0.57822543]
 [0.5678756  0.12354723 0.30857718]
 [0.00695587 0.84510845 0.14793567]]
probabilities: [[1. 0. 0.]
 [1. 0. 0.]
 [1. 0. 0.]
 [1. 0. 0.]
 [1. 0. 0.]]
probabilities: [[0.43924487 0.22708604 0.3336691 ]
 [0.5776439  0.04309142 0.3792647 ]
 [0.561871   0.00755694 0.43057206]
 [0.32476327 0.511232   0.1640047 ]
 [0.5581595  0.13012254 0.311718  ]]
probabilities: [[0.574746   0.4127869  0.01246708]
 [0.21995422 0.3085297  0.47151607]
 [0.35355556 0.08387213 0.5625723 ]
 [0.00825092 0.39480525 0.5969438 ]
 [0.32739693 0.1108619  0.5617412 ]]
probabilities: [[0.5270725  0.44648498 0.02644252]
 [0.56350917 0.41840252 0.01808828]
 [0.08027088 0.63274944 0.28697968]
 [0.740462   0.17201066 0.08752732]
 [0.4822615  0.16754478 0.3501937 ]]
probabilities: [[0. 1. 0.]
 [0. 1. 0.]
 [0. 1. 0.]
 [0. 1. 0.]
 [0. 1. 0.]]
probabilities: [[0.03092461 0.7583052  0.21077017]
 [0.09537729 0.6892772  0.21534556]
 [0.66478765 0.25781748 0.07739485]
 [0.17668682 0.33263314 0.49068004]
 [0.00850779 0.05403765 0.9374546 ]]
probabilities: [[0.0795464  0.8064342  0.11401936]
 [0.08768757 0.6234188  0.28889364]
 [0.5125492  0.0251172  0.4623336 ]
 [0.65537024 0.22427116 0.12035862]
 [0.4866669  0.05837035 0.45496276]]
probabilities: [[0.78658456 0.07173217 0.14168325]
 [0.28073174 0.49687916 0.22238907]
 [0.24935414 0.7266844  0.02396144]
 [0.94746286 0.04437027 0.00816686]
 [0.23595627 0.3410918  0.4229519 ]]
probabilities: [[0. 1. 0.]
 [0. 1. 0.]
 [0. 1. 0.]
 [0. 1. 0.]
 [0. 1. 0.]]
probabilities: [[0.24558537 0.5662267  0.18818788]
 [0.5096456  0.4346845  0.05566993]
 [0.6574507  0.26584512 0.0767042 ]
 [0.734465   0.2116095  0.05392547]
 [0.3596062  0.3942626  0.24613118]]
probabilities: [[0.8510228  0.12043174 0.02854549]
 [0.13837032 0.5017098  0.3599199 ]
 [0.77303517 0.0903537  0.13661115]
 [0.53840464 0.17709379 0.28450158]
 [0.08757704 0.83417225 0.07825074]]
probabilities: [[0.09584248 0.10059281 0.8035647 ]
 [0.09201869 0.82369465 0.08428665]
 [0.07348026 0.5285889  0.39793083]
 [0.10806046 0.07793272 0.8140068 ]
 [0.21222223 0.598536   0.18924178]]
probabilities: [[0. 0. 1.]
 [0. 1. 0.]
 [0. 0. 1.]
 [0. 0. 1.]
 [0. 0. 1.]]
probabilities: [[0.454098   0.5118714  0.03403058]
 [0.00136111 0.24593396 0.7527049 ]
 [0.56774926 0.3552131  0.0770376 ]
 [0.2709914  0.16776498 0.5612436 ]
 [0.6297444  0.23152621 0.13872936]]
probabilities: [[0.1837963  0.64905816 0.16714552]
 [0.47350067 0.14402717 0.38247216]
 [0.20173384 0.78919494 0.0090712 ]
 [0.34713623 0.4793651  0.17349866]
 [0.7050787  0.1407425  0.15417878]]
probabilities: [[0.13873944 0.5091095  0.35215104]
 [0.465162   0.10349952 0.43133846]
 [0.03882018 0.7890226  0.1721572 ]
 [0.05657067 0.82079405 0.1226353 ]
 [0.6608645  0.11039286 0.22874267]]
probabilities: [[0. 1. 0.]
 [0. 1. 0.]
 [0. 1. 0.]
 [0. 1. 0.]
 [0. 1. 0.]]
probabilities: [[0.09574228 0.03999252 0.8642652 ]
 [0.2374555  0.37232262 0.39022186]
 [0.33984822 0.6311451  0.02900669]
 [0.496699   0.20921907 0.29408193]
 [0.5524369  0.35496923 0.09259389]]
probabilities: [[0.13028981 0.74840647 0.12130375]
 [0.46710613 0.4427917  0.09010218]
 [0.44810858 0.51093066 0.04096073]
 [0.28809097 0.20966677 0.50224227]
 [0.2960586  0.02121465 0.68272674]]
probabilities: [[0.09228566 0.29902032 0.608694  ]
 [0.16566251 0.15437455 0.67996293]
 [0.06793661 0.7188624  0.21320097]
 [0.07262661 0.4564596  0.47091377]
 [0.28628376 0.69180465 0.02191157]]
probabilities: [[0. 1. 0.]
 [0. 1. 0.]
 [0. 1. 0.]
 [0. 1. 0.]
 [0. 1. 0.]]
probabilities: [[0.03562176 0.14053945 0.8238388 ]
 [0.10073643 0.09707164 0.8021919 ]
 [0.08276772 0.42567545 0.49155682]
 [0.36912644 0.5972453  0.0336283 ]
 [0.92004913 0.06803219 0.01191866]]
probabilities: [[0.21604744 0.16598475 0.61796784]
 [0.12243849 0.57145077 0.30611074]
 [0.3400184  0.11902788 0.54095376]
 [0.5168759  0.03426569 0.44885835]
 [0.01116517 0.83678406 0.1520508 ]]
probabilities: [[0.62561595 0.22934511 0.14503895]
 [0.41756174 0.13791898 0.44451928]
 [0.78894395 0.05370432 0.15735175]
 [0.14330597 0.35346484 0.5032292 ]
 [0.81696254 0.15348957 0.02954788]]
probabilities: [[0. 1. 0.]
 [0. 1. 0.]
 [0. 1. 0.]
 [0. 1. 0.]
 [0. 1. 0.]]
probabilities: [[0.15375602 0.13617499 0.710069  ]
 [0.05395256 0.53564674 0.41040072]
 [0.05015813 0.84474236 0.10509951]
 [0.5418654  0.04421322 0.41392136]
 [0.7616301  0.03718365 0.20118624]]
probabilities: [[0.7239533  0.02295192 0.25309476]
 [0.5578583  0.21185991 0.2302818 ]
 [0.2575316  0.44962204 0.29284635]
 [0.0831799  0.7561946  0.16062552]
 [0.23564044 0.71508306 0.04927649]]
probabilities: [[0.09871797 0.0959215  0.80536056]
 [0.4858339  0.47712427 0.03704182]
 [0.11173945 0.47630548 0.4119551 ]
 [0.35621604 0.06514215 0.5786418 ]
 [0.13735907 0.8246312  0.03800972]]
probabilities: [[0. 0. 1.]
 [0. 1. 0.]
 [0. 1. 0.]
 [0. 0. 1.]
