probabilities: [[0. 0. 1.]
 [0. 1. 0.]
 [0. 0. 1.]
 [0. 0. 1.]
 [0. 0. 1.]]
probabilities: [[0.17930447 0.4062791  0.41441643]
 [0.1785747  0.34710595 0.47431934]
 [0.22088923 0.5190445  0.26006624]
 [0.0340826  0.5989186  0.3669988 ]
 [0.6024414  0.2331391  0.16441953]]
probabilities: [[0.03816557 0.4496089  0.51222557]
 [0.43481457 0.51482403 0.05036139]
 [0.17644837 0.22617882 0.5973728 ]
 [0.219861   0.270368   0.509771  ]
 [0.26119733 0.7259334  0.0128693 ]]
probabilities: [[0.55166376 0.44286856 0.00546771]
 [0.6133801  0.29453567 0.09208425]
 [0.556938   0.14133894 0.3017231 ]
 [0.35545927 0.52559197 0.11894878]
 [0.10811772 0.17141177 0.72047055]]
probabilities: [[1. 0. 0.]
 [1. 0. 0.]
 [1. 0. 0.]
 [1. 0. 0.]
 [1. 0. 0.]]
probabilities: [[0.29190117 0.5058913  0.20220746]
 [0.36039445 0.5947284  0.04487714]
 [0.24386221 0.26800022 0.4881376 ]
 [0.15032952 0.5863322  0.26333833]
 [0.13197407 0.33811247 0.5299135 ]]
probabilities: [[0.49816012 0.23309262 0.26874727]
 [0.76237446 0.1078155  0.12981007]
 [0.8831379  0.05023726 0.06662484]
 [0.22388098 0.77133906 0.00477998]
 [0.6768718  0.04934637 0.27378187]]
probabilities: [[0.71253705 0.1789002  0.10856275]
 [0.25522405 0.5971681  0.14760785]
 [0.28471422 0.55205035 0.1632354 ]
 [0.15709935 0.5434587  0.29944193]
 [0.28302878 0.5853379  0.13163336]]
probabilities: [[1. 0. 0.]
 [1. 0. 0.]
 [1. 0. 0.]
 [1. 0. 0.]
 [1. 0. 0.]]
probabilities: [[0.2605563  0.0531698  0.6862739 ]
 [0.29474616 0.19601695 0.5092369 ]
 [0.32107827 0.64640474 0.03251696]
 [0.3821802  0.03237696 0.58544284]
 [0.12820934 0.790905   0.08088564]]
probabilities: [[0.85995984 0.06505007 0.07499009]
 [0.260418   0.2670891  0.4724929 ]
 [0.19968349 0.0508073  0.7495092 ]
 [0.0242477  0.5189443  0.45680794]
 [0.23612255 0.1486163  0.61526114]]
probabilities: [[0.28611225 0.25848526 0.4554025 ]
 [0.45534903 0.18170749 0.3629435 ]
 [0.48675385 0.17391266 0.33933347]
 [0.6898751  0.30855086 0.00157399]
 [0.8097232  0.14877301 0.04150377]]
probabilities: [[0. 0. 1.]
 [0. 1. 0.]
 [0. 1. 0.]
 [0. 0. 1.]
 [0. 0. 1.]]
probabilities: [[0.5814754  0.31652126 0.10200338]
 [0.20606294 0.43339846 0.3605386 ]
 [0.2467611  0.6442142  0.10902466]
 [0.05490852 0.3858126  0.55927885]
 [0.03104539 0.3434602  0.6254944 ]]
probabilities: [[0.09304025 0.8681518  0.03880799]
 [0.19909169 0.07519602 0.7257123 ]
 [0.01205381 0.55336624 0.43457994]
 [0.11444756 0.05124397 0.83430845]
 [0.9688933  0.02020838 0.01089833]]
probabilities: [[0.43492842 0.02050076 0.5445708 ]
 [0.50427693 0.33834532 0.15737773]
 [0.5750903  0.12538329 0.29952642]
 [0.03703114 0.14742249 0.8155464 ]
 [0.23759225 0.62424886 0.13815887]]
probabilities: [[0. 1. 0.]
 [0. 1. 0.]
 [0. 1. 0.]
 [0. 1. 0.]
 [0. 1. 0.]]
probabilities: [[0.64337814 0.30827582 0.04834603]
 [0.31753647 0.30986807 0.37259546]
 [0.18795124 0.71488154 0.09716723]
 [0.5207624  0.2740138  0.20522381]
 [0.33484524 0.00292707 0.6622277 ]]
probabilities: [[0.05739484 0.25573382 0.68687135]
 [0.09006599 0.33393568 0.57599837]
 [0.20851399 0.46541205 0.32607397]
 [0.03675986 0.4034765  0.55976367]
 [0.7230717  0.16698816 0.10994013]]
probabilities: [[0.36178747 0.42097557 0.21723698]
 [0.95021755 0.00552836 0.0442541 ]
 [0.05318626 0.53290045 0.41391328]
 [0.29937476 0.06519732 0.63542795]
 [0.2493645  0.6060996  0.14453591]]
probabilities: [[0. 0. 1.]
 [0. 1. 0.]
 [0. 1. 0.]
 [0. 0. 1.]
 [0. 0. 1.]]
probabilities: [[0.34747228 0.40306276 0.24946494]
 [0.39831972 0.46470723 0.13697305]
 [0.41806078 0.48093805 0.10100117]
 [0.6712304  0.10340599 0.22536366]
 [0.10677949 0.25906256 0.63415796]]
probabilities: [[4.6701860e-01 4.4773415e-01 8.5247256e-02]
 [5.1732355e-01 4.1432047e-01 6.8355963e-02]
 [3.3042571e-01 2.1734596e-03 6.6740084e-01]
 [5.2913868e-01 3.8967846e-04 4.7047165e-01]
 [7.5928587e-01 2.3928484e-02 2.1678565e-01]]
probabilities: [[0.1439361  0.7803789  0.07568499]
 [0.269259   0.25758806 0.47315294]
 [0.133222   0.61110944 0.25566855]
 [0.7954231  0.0554971  0.14907978]
 [0.12168985 0.7408772  0.13743293]]
probabilities: [[1. 0. 0.]
 [1. 0. 0.]
 [1. 0. 0.]
 [1. 0. 0.]
 [1. 0. 0.]]
probabilities: [[0.36305398 0.20481288 0.43213314]
 [0.14320804 0.6898512  0.16694072]
 [0.01438538 0.12223419 0.86338043]
 [0.06221666 0.86606616 0.07171719]
 [0.49105346 0.27157298 0.23737356]]
probabilities: [[0.37031496 0.36214665 0.2675384 ]
 [0.75226516 0.028308   0.21942684]
 [0.03291138 0.1248882  0.8422004 ]
 [0.15808749 0.01727568 0.8246368 ]
 [0.98698145 0.00885663 0.0041619 ]]
probabilities: [[0.35477176 0.17356005 0.47166818]
 [0.39355913 0.0399852  0.56645566]
 [0.36070314 0.56636906 0.0729278 ]
 [0.25501344 0.3441139  0.40087268]
 [0.63645875 0.05237042 0.31117085]]
probabilities: [[0. 0. 1.]
 [0. 1. 0.]
 [0. 0. 1.]
 [0. 0. 1.]
 [0. 0. 1.]]
probabilities: [[0.09269836 0.3297818  0.57751983]
 [0.416501   0.1100088  0.4734902 ]
 [0.310596   0.59656686 0.09283715]
 [0.63479424 0.28696123 0.07824454]
 [0.44081688 0.04955398 0.50962913]]
probabilities: [[0.04810619 0.87810904 0.07378475]
 [0.03466778 0.5621934  0.40313882]
 [0.36474627 0.40692773 0.22832598]
 [0.15559135 0.76502806 0.07938059]
 [0.7194368  0.21949652 0.06106666]]
probabilities: [[0.35110426 0.2697455  0.37915024]
 [0.6545597  0.3285525  0.01688784]
 [0.7893592  0.11355134 0.09708945]
 [0.39074045 0.4938916  0.11536794]
 [0.6887795  0.20206413 0.10915639]]
probabilities: [[0. 0. 1.]
 [0. 1. 0.]
 [0. 0. 1.]
 [0. 0. 1.]
 [0. 0. 1.]]
probabilities: [[0.7380557  0.1712057  0.09073862]
 [0.47182268 0.05401604 0.47416127]
 [0.29376355 0.40673673 0.29949972]
 [0.7280177  0.22728473 0.04469758]
 [0.41737944 0.02172958 0.560891  ]]
probabilities: [[0.6559377  0.2823794  0.0616829 ]
 [0.11450946 0.66660416 0.2188864 ]
 [0.4066432  0.19452998 0.3988268 ]
 [0.9536694  0.00661026 0.0397203 ]
 [0.56322527 0.12067882 0.31609595]]
probabilities: [[0.30780792 0.21351978 0.4786723 ]
 [0.4068426  0.23854287 0.35461456]
 [0.6153175  0.09345834 0.29122412]
 [0.4532564  0.52446115 0.02228247]
 [0.00239519 0.32058403 0.6770208 ]]
probabilities: [[1. 0. 0.]
 [1. 0. 0.]
 [1. 0. 0.]
 [1. 0. 0.]
 [1. 0. 0.]]
probabilities: [[0.23032503 0.70355463 0.06612034]
 [0.3247128  0.45633173 0.21895543]
 [0.01476113 0.27430096 0.7109379 ]
 [0.04946401 0.75228477 0.19825123]
 [0.08926608 0.2848513  0.6258826 ]]
probabilities: [[0.30567178 0.52821314 0.16611508]
 [0.4474504  0.02520978 0.5273398 ]
 [0.76722234 0.12696123 0.10581641]
 [0.3026525  0.4821451  0.2152024 ]
 [0.07154153 0.10393471 0.82452375]]
probabilities: [[0.4092776  0.5696156  0.02110684]
 [0.9719504  0.0251311  0.0029185 ]
 [0.19119792 0.02055545 0.78824663]
 [0.6128235  0.29596448 0.09121204]
 [0.1423787  0.75457466 0.10304666]]
probabilities: [[0. 1. 0.]
 [0. 1. 0.]
 [0. 1. 0.]
 [0. 1. 0.]
 [0. 1. 0.]]
probabilities: [[0.5522171  0.01837252 0.42941037]
 [0.6144713  0.2081889  0.17733976]
 [0.12846999 0.32313186 0.54839814]
 [0.21453656 0.5983095  0.18715394]
 [0.25523734 0.20020443 0.5445582 ]]
probabilities: [[0.04008555 0.2910944  0.6688201 ]
 [0.14658412 0.48110023 0.37231565]
 [0.51390666 0.0882351  0.39785823]
 [0.4676669  0.41482115 0.11751197]
 [0.17177483 0.09584708 0.73237807]]
probabilities: [[0.23212795 0.5769821  0.19088997]
 [0.33285302 0.52180076 0.14534622]
 [0.6011401  0.20274195 0.19611795]
 [0.07026336 0.84926265 0.08047395]
 [0.11316984 0.81086105 0.07596909]]
probabilities: [[0. 0. 1.]
 [0. 1. 0.]
 [0. 1. 0.]
 [0. 0. 1.]
 [0. 0. 1.]]
probabilities: [[0.7966656  0.06552098 0.1378134 ]
 [0.8799282  0.0403327  0.07973915]
 [0.64140606 0.30028957 0.05830435]
 [0.5910825  0.10573041 0.30318707]
 [0.6874721  0.0422278  0.27030012]]
probabilities: [[0.47321242 0.23352012 0.29326746]
 [0.3428024  0.1230825  0.53411514]
 [0.25260323 0.53492624 0.21247055]
 [0.15510921 0.6461146  0.19877617]
 [0.05761762 0.15936476 0.78301764]]
probabilities: [[0.04901077 0.9011963  0.04979296]
 [0.07829545 0.7841142  0.13759036]
 [0.3601941  0.3427148  0.29709113]
 [0.73430556 0.08423569 0.18145876]
 [0.1662357  0.7444586  0.08930566]]
probabilities: [[1. 0. 0.]
 [1. 0. 0.]
 [1. 0. 0.]
 [1. 0. 0.]
 [1. 0. 0.]]
probabilities: [[0.6389955  0.09491554 0.26608893]
 [0.44471112 0.07077506 0.48451382]
 [0.6047231  0.38259855 0.01267838]
 [0.7814462  0.04596399 0.1725898 ]
 [0.03470908 0.12025899 0.8450319 ]]
probabilities: [[0.50657994 0.38868147 0.10473862]
 [0.19389227 0.17774715 0.62836057]
 [0.77661645 0.07725673 0.14612684]
 [0.7396608  0.22589192 0.03444729]
 [0.13232698 0.30132422 0.5663488 ]]
probabilities: [[0.73174787 0.05404438 0.21420778]
 [0.6606614  0.1382266  0.20111203]
 [0.3274032  0.07266016 0.59993666]
 [0.4436985  0.38190705 0.17439446]
 [0.5316153  0.02295058 0.4454341 ]]
probabilities: [[0. 1. 0.]
 [0. 1. 0.]
 [0. 1. 0.]
 [0. 1. 0.]
 [0. 1. 0.]]
probabilities: [[0.3889564  0.277433   0.33361062]
 [0.08530916 0.44992703 0.4647638 ]
 [0.2722003  0.6127432  0.11505654]
 [0.535187   0.07376987 0.3910431 ]
 [0.06384377 0.02069657 0.91545963]]
probabilities: [[0.4544004  0.1140224  0.4315772 ]
 [0.19134307 0.24621768 0.56243926]
 [0.6623802  0.284562   0.0530578 ]
 [0.00241456 0.3279593  0.6696261 ]
 [0.5940962  0.22907121 0.17683259]]
probabilities: [[0.50490123 0.40382925 0.09126952]
 [0.07809263 0.02423932 0.89766806]
 [0.44752678 0.52471733 0.02775587]
 [0.34143397 0.62452054 0.03404546]
 [0.01850431 0.15790749 0.8235882 ]]
probabilities: [[1. 0. 0.]
 [1. 0. 0.]
 [1. 0. 0.]
 [1. 0. 0.]
 [1. 0. 0.]]
probabilities: [[0.22242437 0.7113848  0.06619086]
 [0.33747616 0.35869795 0.30382589]
 [0.44693646 0.17471704 0.3783465 ]
 [0.04419036 0.3386586  0.617151  ]
 [0.05496294 0.6926412  0.25239587]]
probabilities: [[0.78183216 0.08710535 0.13106251]
 [0.57568085 0.08993705 0.33438212]
 [0.13686225 0.8246918  0.03844596]
 [0.09558447 0.7226256  0.18178992]
 [0.14938363 0.251967   0.5986493 ]]
probabilities: [[0.02413887 0.05487758 0.92098355]
 [0.1813994  0.38188195 0.43671864]
 [0.69228154 0.1822147  0.12550375]
 [0.82835805 0.06675469 0.10488723]
 [0.5481872  0.24025157 0.21156125]]
probabilities: [[0. 0. 1.]
 [0. 1. 0.]
 [0. 1. 0.]
 [0. 0. 1.]
 [0. 0. 1.]]
probabilities: [[0.0218755  0.15358312 0.8245414 ]
 [0.7446745  0.22078791 0.03453757]
 [0.48360637 0.1699688  0.34642485]
 [0.6005974  0.20531543 0.19408718]
 [0.11748726 0.3433871  0.5391256 ]]
probabilities: [[0.0623574  0.0448828  0.8927598 ]
 [0.60939485 0.277897   0.11270814]
 [0.12764671 0.5556248  0.31672853]
 [0.76639026 0.02263688 0.21097283]
 [0.07412847 0.80158687 0.12428464]]
probabilities: [[0.8156719  0.00131479 0.18301326]
 [0.24045949 0.00983917 0.7497013 ]
 [0.21713014 0.40679988 0.37606996]
 [0.5696363  0.2540565  0.1763072 ]
 [0.08680684 0.8816724  0.0315208 ]]
probabilities: [[0. 1. 0.]
 [0. 1. 0.]
 [0. 1. 0.]
 [0. 1. 0.]
 [0. 1. 0.]]
probabilities: [[0.28559098 0.40480855 0.30960047]
 [0.3789546  0.32312998 0.2979154 ]
 [0.82543397 0.02226102 0.152305  ]
 [0.45062196 0.04968126 0.49969676]
 [0.20675555 0.34795225 0.4452922 ]]
probabilities: [[0.21339929 0.6799987  0.10660204]
 [0.11072671 0.35827008 0.5310032 ]
 [0.59563076 0.13664943 0.26771978]
 [0.21515803 0.70401037 0.08083162]
 [0.15487899 0.7087014  0.13641965]]
probabilities: [[0.8722835  0.00340655 0.12430992]
 [0.31691307 0.33579642 0.34729052]
 [0.24959362 0.59239405 0.15801233]
 [0.04733613 0.3928684  0.55979544]
 [0.02117115 0.26235974 0.7164691 ]]
probabilities: [[0. 0. 1.]
 [0. 1. 0.]
 [0. 1. 0.]
 [0. 0. 1.]
 [0. 0. 1.]]
probabilities: [[0.19945496 0.61429703 0.18624797]
 [0.24777476 0.34971693 0.4025083 ]
 [0.0304314  0.6007999  0.36876866]
 [0.7043449  0.16568223 0.12997288]
 [0.1632912  0.5574578  0.27925098]]
probabilities: [[0.57457966 0.30017424 0.12524611]
 [0.10628039 0.25213066 0.641589  ]
 [0.05774138 0.68223006 0.26002857]
 [0.52534497 0.3798332  0.09482184]
 [0.27007943 0.2405125  0.48940805]]
probabilities: [[0.06515027 0.51427203 0.42057773]
 [0.7519686  0.00964302 0.23838837]
 [0.07239297 0.82002187 0.10758518]
 [0.3135067  0.38414153 0.30235177]
 [0.49157602 0.16750892 0.34091505]]
probabilities: [[1. 0. 0.]
 [1. 0. 0.]
 [1. 0. 0.]
 [1. 0. 0.]
 [1. 0. 0.]]
probabilities: [[0.5509301  0.39453614 0.05453378]
 [0.3012313  0.41188058 0.28688815]
 [0.6720385  0.12838729 0.1995742 ]
 [0.04286796 0.11283267 0.8442994 ]
 [0.11849703 0.63128376 0.25021923]]
probabilities: [[0.16124655 0.7725625  0.06619097]
 [0.39846954 0.4021314  0.19939904]
 [0.33993852 0.38757554 0.27248594]
 [0.7441852  0.1105177  0.14529708]
 [0.00521844 0.55162096 0.44316062]]
probabilities: [[0.00335912 0.49399632 0.50264454]
 [0.7771456  0.01773968 0.20511468]
 [0.79304683 0.06061006 0.14634311]
 [0.35155803 0.63985634 0.00858564]
 [0.11870413 0.27060524 0.61069065]]
probabilities: [[0. 0. 1.]
 [0. 1. 0.]
 [0. 0. 1.]
 [0. 0. 1.]
 [0. 0. 1.]]
probabilities: [[0.46437213 0.08139311 0.45423475]
 [0.33283314 0.20913172 0.45803514]
 [0.4495817  0.05680084 0.49361745]
 [0.27931428 0.1935494  0.5271363 ]
 [0.32449535 0.07501175 0.6004929 ]]
probabilities: [[0.14883344 0.7593655  0.09180104]
 [0.23324451 0.5915297  0.17522575]
 [0.9247371  0.07045079 0.00481214]
 [0.22790623 0.4149515  0.35714227]
 [0.07850521 0.6204815  0.3010133 ]]
probabilities: [[0.5914759  0.01252842 0.39599565]
 [0.40624598 0.26503366 0.32872036]
 [0.40536964 0.33855987 0.2560705 ]
 [0.5175438  0.23219307 0.25026312]
 [0.5109422  0.45497596 0.03408183]]
probabilities: [[0. 0. 1.]
 [0. 1. 0.]
 [0. 1. 0.]
 [0. 0. 1.]
 [0. 0. 1.]]
probabilities: [[0.27590388 0.09711041 0.6269857 ]
 [0.5171846  0.4484661  0.03434926]
 [0.18106553 0.15705155 0.66188294]
 [0.5892081  0.21201696 0.19877493]
 [0.72493964 0.18152657 0.09353377]]
probabilities: [[0.08886033 0.23940831 0.67173135]
 [0.21072343 0.44623044 0.34304613]
 [0.18559723 0.37608904 0.43831375]
 [0.4029729  0.32926556 0.26776153]
 [0.34046507 0.5206879  0.13884704]]
probabilities: [[0.7278244  0.1182958  0.1538798 ]
 [0.38767365 0.5392058  0.07312058]
 [0.26039177 0.30586568 0.43374255]
 [0.12307348 0.8050959  0.07183062]
 [0.87233293 0.06490663 0.06276044]]
probabilities: [[0. 0. 1.]
 [0. 1. 0.]
 [0. 0. 1.]
 [0. 0. 1.]
 [0. 0. 1.]]
probabilities: [[0.13383004 0.1155286  0.75064135]
 [0.00584338 0.9519214  0.04223523]
 [0.1587247  0.09821446 0.7430608 ]
 [0.29785377 0.280798   0.4213482 ]
 [0.15024957 0.18046786 0.66928256]]
probabilities: [[0.05366221 0.03917846 0.9071593 ]
 [0.4751252  0.49463254 0.03024228]
 [0.35038736 0.11822522 0.53138745]
 [0.19122404 0.7900877  0.01868826]
 [0.16549848 0.4307105  0.40379104]]
probabilities: [[0.14021976 0.7466616  0.11311865]
 [0.02336178 0.52894896 0.4476893 ]
 [0.78643733 0.1265906  0.08697205]
 [0.16505261 0.3377536  0.4971938 ]
 [0.10763042 0.00109825 0.89127135]]
probabilities: [[1. 0. 0.]
 [1. 0. 0.]
 [1. 0. 0.]
 [1. 0. 0.]
 [1. 0. 0.]]
probabilities: [[0.19383116 0.10890717 0.6972617 ]
 [0.30365553 0.24285808 0.45348638]
 [0.13260078 0.23182271 0.6355765 ]
 [0.73510796 0.02766026 0.23723179]
 [0.48478732 0.10621725 0.40899542]]
probabilities: [[0.06165298 0.40678155 0.5315655 ]
 [0.30460742 0.4397415  0.25565106]
 [0.61857474 0.04334208 0.3380832 ]
 [0.6300405  0.24331738 0.12664212]
 [0.40429673 0.53840613 0.05729716]]
probabilities: [[0.64717126 0.22614627 0.12668246]
 [0.22017467 0.2992903  0.48053503]
 [0.57895684 0.25346753 0.16757563]
 [0.43696252 0.24314618 0.3198913 ]
 [0.23294468 0.30104494 0.4660104 ]]
probabilities: [[0. 1. 0.]
 [0. 1. 0.]
 [0. 1. 0.]
 [0. 1. 0.]
 [0. 1. 0.]]
probabilities: [[0.45172343 0.13052432 0.41775224]
 [0.1924078  0.7833049  0.02428726]
 [0.37632376 0.03954367 0.58413255]
 [0.15895742 0.55670136 0.28434125]
 [0.5889043  0.03397985 0.37711585]]
probabilities: [[3.7969816e-01 2.6809340e-02 5.9349251e-01]
 [1.7046972e-01 6.4632970e-01 1.8320060e-01]
 [6.7379218e-01 4.7382253e-04 3.2573396e-01]
 [7.2349840e-01 2.3809407e-02 2.5269216e-01]
 [4.0323290e-01 2.5510830e-01 3.4165880e-01]]
probabilities: [[0.9040723  0.04116056 0.05476713]
 [0.51037616 0.2939491  0.19567478]
 [0.51748204 0.02295016 0.45956782]
 [0.49827084 0.17410116 0.327628  ]
 [0.2112236  0.7671226  0.02165376]]
probabilities: [[1. 0. 0.]
 [1. 0. 0.]
 [1. 0. 0.]
 [1. 0. 0.]
 [1. 0. 0.]]
probabilities: [[0.3895694  0.16205081 0.44837978]
 [0.0207578  0.4472107  0.5320315 ]
 [0.4300518  0.08078671 0.4891615 ]
 [0.11249839 0.8108374  0.07666424]
 [0.7619865  0.15313973 0.0848738 ]]
probabilities: [[0.14718013 0.06678966 0.7860302 ]
 [0.40650168 0.01097528 0.58252305]
 [0.3553934  0.460068   0.1845386 ]
 [0.06641841 0.494224   0.43935758]
 [0.14622536 0.369869   0.48390564]]
probabilities: [[0.64674085 0.25028837 0.10297078]
 [0.59331065 0.15521893 0.25147042]
 [0.3107503  0.24099115 0.44825855]
 [0.8264132  0.1340716  0.03951519]
 [0.4635692  0.35012782 0.18630297]]
probabilities: [[0. 1. 0.]
 [0. 1. 0.]
 [0. 1. 0.]
 [0. 1. 0.]
 [0. 1. 0.]]
probabilities: [[0.5919103  0.2294404  0.17864929]
 [0.33180362 0.128665   0.5395314 ]
 [0.07614837 0.13842423 0.7854274 ]
 [0.63228214 0.29207173 0.07564615]
 [0.61940664 0.19878098 0.18181238]]
probabilities: [[0.27976874 0.18927562 0.5309557 ]
 [0.11659672 0.69421375 0.1891895 ]
 [0.43871537 0.03253862 0.528746  ]
 [0.14695221 0.51922876 0.33381903]
 [0.30317748 0.07293281 0.62388974]]
probabilities: [[0.77475786 0.09521195 0.13003018]
 [0.6485333  0.22366808 0.12779865]
 [0.79578525 0.14508942 0.05912535]
 [0.2626446  0.73471075 0.00264468]
 [0.6524748  0.32215357 0.02537163]]
probabilities: [[0. 1. 0.]
 [0. 1. 0.]
 [0. 1. 0.]
 [0. 1. 0.]
 [0. 1. 0.]]
probabilities: [[0.23872755 0.628361   0.13291146]
 [0.59094024 0.00393693 0.40512285]
 [0.2370929  0.5065914  0.2563157 ]
 [0.2715313  0.17421369 0.554255  ]
 [0.25375926 0.7294093  0.01683147]]
probabilities: [[0.08278989 0.49366617 0.42354393]
 [0.86865914 0.0563958  0.07494509]
 [0.31925535 0.5373004  0.14344424]
 [0.3173778  0.25931793 0.42330426]
 [0.18213436 0.5269972  0.29086846]]
probabilities: [[0.5262301  0.00408946 0.46968046]
 [0.04467933 0.13174222 0.8235785 ]
 [0.5780504  0.10776363 0.31418598]
 [0.5281807  0.07486174 0.39695755]
 [0.44381618 0.4894249  0.06675891]]
probabilities: [[0. 0. 1.]
 [0. 1. 0.]
 [0. 0. 1.]
 [0. 0. 1.]
 [0. 0. 1.]]
probabilities: [[0.008277   0.3544984  0.6372246 ]
 [0.60753953 0.33195564 0.06050486]
 [0.07709433 0.3424571  0.58044857]
 [0.09677542 0.5784416  0.324783  ]
 [0.48066756 0.39471003 0.12462243]]
probabilities: [[0.70420945 0.17360736 0.12218319]
 [0.21233353 0.61013424 0.17753223]
 [0.46599087 0.02165821 0.5123509 ]
 [0.7091648  0.17533426 0.11550096]
 [0.12228633 0.2386298  0.63908386]]
probabilities: [[0.85159045 0.08515073 0.0632588 ]
 [0.66045606 0.22343186 0.11611207]
 [0.17593427 0.68056583 0.14349987]
 [0.721566   0.20651414 0.07191984]
 [0.6806403  0.06824297 0.25111675]]
probabilities: [[0. 1. 0.]
 [0. 1. 0.]
 [0. 1. 0.]
 [0. 1. 0.]
 [0. 1. 0.]]
probabilities: [[0.27532157 0.18875869 0.5359197 ]
 [0.50237936 0.26144427 0.23617636]
 [0.58959526 0.14760531 0.26279944]
 [0.13077442 0.4012764  0.46794918]
 [0.27354681 0.33629417 0.390159  ]]
probabilities: [[0.33221954 0.4178732  0.24990727]
 [0.47515514 0.26378602 0.26105884]
 [0.12999374 0.1520068  0.71799946]
 [0.07752439 0.6676854  0.2547902 ]
 [0.23571335 0.14314264 0.621144  ]]
probabilities: [[0.01316239 0.32092708 0.66591054]
 [0.04875864 0.56323755 0.38800383]
 [0.9014688  0.01374691 0.08478428]
 [0.16888557 0.46368653 0.3674279 ]
 [0.03975875 0.08112802 0.8791132 ]]
probabilities: [[1. 0. 0.]
 [1. 0. 0.]
 [1. 0. 0.]
 [1. 0. 0.]
 [1. 0. 0.]]
probabilities: [[0.3724627  0.12637325 0.5011641 ]
 [0.5435279  0.12205722 0.33441487]
 [0.69999933 0.14423424 0.15576646]
 [0.55933315 0.01474252 0.42592433]
 [0.04066094 0.48284355 0.4764955 ]]
probabilities: [[0.25133097 0.52401704 0.224652  ]
 [0.106147   0.6024118  0.29144123]
 [0.01618062 0.19597416 0.78784525]
 [0.31903768 0.39269924 0.28826308]
 [0.19918741 0.73364264 0.06716995]]
probabilities: [[0.8252295  0.00485537 0.16991508]
 [0.09053854 0.311393   0.5980685 ]
 [0.06290508 0.7934083  0.14368662]
 [0.00395553 0.24829972 0.74774474]
 [0.49179858 0.03294775 0.47525367]]
probabilities: [[0. 0. 1.]
 [0. 1. 0.]
 [0. 1. 0.]
 [0. 0. 1.]
 [0. 0. 1.]]
probabilities: [[0.35070816 0.26397616 0.3853157 ]
 [0.48429102 0.44575292 0.06995607]
 [0.7608724  0.14740679 0.09172081]
 [0.42182377 0.43974647 0.13842975]
 [0.6246425  0.09014978 0.28520775]]
probabilities: [[0.34873995 0.5686763  0.08258378]
 [0.11438664 0.35752591 0.52808744]
 [0.3424589  0.51762694 0.13991413]
 [0.73502284 0.22676693 0.03821022]
 [0.4002024  0.26450437 0.33529323]]
probabilities: [[0.2521764  0.7079344  0.0398892 ]
 [0.20611234 0.54467607 0.2492116 ]
 [0.18624589 0.45474494 0.35900918]
 [0.14719321 0.20596735 0.64683944]
 [0.5833541  0.36536306 0.05128282]]
probabilities: [[0. 0. 1.]
 [0. 1. 0.]
 [0. 1. 0.]
 [0. 0. 1.]
 [0. 0. 1.]]
probabilities: [[0.05534144 0.8759308  0.06872778]
 [0.5798047  0.14896338 0.27123192]
 [0.6758782  0.24394451 0.08017725]
 [0.03964041 0.22318622 0.7371734 ]
 [0.22269993 0.01944383 0.75785625]]
probabilities: [[0.26428476 0.03845498 0.69726026]
 [0.39949006 0.4650955  0.13541442]
 [0.3639167  0.40903813 0.2270452 ]
 [0.11549944 0.07867774 0.8058228 ]
 [0.47605142 0.24969184 0.27425674]]
probabilities: [[0.32201314 0.25389087 0.424096  ]
 [0.4816422  0.44220272 0.07615508]
 [0.6583034  0.07752637 0.26417023]
 [0.5168589  0.36612383 0.11701728]
 [0.03738018 0.32904074 0.6335791 ]]
probabilities: [[0. 0. 1.]
 [0. 1. 0.]
 [0. 1. 0.]
 [0. 0. 1.]
 [0. 0. 1.]]
probabilities: [[0.10448302 0.15246339 0.7430536 ]
 [0.6610675  0.21006908 0.12886344]
 [0.44379616 0.37403938 0.18216445]
 [0.53623265 0.1367199  0.32704747]
 [0.01278002 0.25226632 0.73495364]]
probabilities: [[0.30948833 0.4676307  0.22288094]
 [0.10047946 0.13101543 0.7685051 ]
 [0.4696421  0.48654953 0.04380835]
 [0.23506002 0.16339272 0.60154724]
 [0.13379265 0.24226238 0.62394494]]
probabilities: [[0.2656885  0.6361049  0.09820662]
 [0.3746892  0.44972923 0.17558156]
 [0.750146   0.01991452 0.22993952]
 [0.02349155 0.5960703  0.38043815]
 [0.00683844 0.552686   0.4404756 ]]
probabilities: [[0. 1. 0.]
 [0. 1. 0.]
 [0. 1. 0.]
 [0. 1. 0.]
 [0. 1. 0.]]
probabilities: [[0.6760427  0.2561935  0.06776382]
 [0.86658835 0.00516557 0.12824605]
 [0.09790767 0.34550327 0.55658907]
 [0.22624324 0.43484095 0.3389158 ]
 [0.4679749  0.48726946 0.04475563]]
probabilities: [[0.6529198  0.06511185 0.28196833]
 [0.38702506 0.29334608 0.31962886]
 [0.09039503 0.86282235 0.04678262]
 [0.29311988 0.325105   0.3817751 ]
 [0.23511773 0.10613245 0.6587498 ]]
probabilities: [[0.47384402 0.28708366 0.23907231]
 [0.37110385 0.54479283 0.08410332]
 [0.2031586  0.49557132 0.30127007]
 [0.01177939 0.2045206  0.7837    ]
 [0.3696793  0.44722864 0.18309207]]
probabilities: [[0. 1. 0.]
 [0. 1. 0.]
 [0. 1. 0.]
 [0. 1. 0.]
 [0. 1. 0.]]
probabilities: [[0.51098126 0.36349177 0.12552695]
 [0.07763086 0.16759163 0.7547775 ]
 [0.45040843 0.48475194 0.06483965]
 [0.17527772 0.48854762 0.33617467]
 [0.13862452 0.63779247 0.22358301]]
probabilities: [[0.03553647 0.66055405 0.30390948]
 [0.5203066  0.01230165 0.46739176]
 [0.54448277 0.23840258 0.21711464]
 [0.01273125 0.47959358 0.5076752 ]
 [0.21134864 0.21132609 0.5773253 ]]
probabilities: [[0.2795716  0.18751374 0.53291464]
 [0.20922758 0.3025542  0.48821825]
 [0.65441805 0.19038554 0.15519643]
 [0.22013098 0.29377565 0.48609337]
 [0.3034296  0.4883669  0.2082035 ]]
probabilities: [[0. 0. 1.]
 [0. 1. 0.]
 [0. 0. 1.]
 [0. 0. 1.]
 [0. 0. 1.]]
probabilities: [[0.37737432 0.3775528  0.24507286]
 [0.31112254 0.04475921 0.64411825]
 [0.16228254 0.5962623  0.2414552 ]
 [0.21300124 0.18506455 0.6019342 ]
 [0.02909781 0.61197716 0.35892504]]
probabilities: [[0.35408926 0.07185809 0.57405263]
 [0.6849891  0.18581167 0.12919922]
 [0.1730046  0.21914029 0.6078551 ]
 [0.02693511 0.32725972 0.6458052 ]
 [0.77348197 0.19646958 0.03004844]]
probabilities: [[0.399806   0.02193476 0.5782592 ]
 [0.50733155 0.42842767 0.06424077]
 [0.20471346 0.77904713 0.01623939]
 [0.0037325  0.69032276 0.30594477]
 [0.07514922 0.785883   0.1389678 ]]
probabilities: [[0. 1. 0.]
 [0. 1. 0.]
 [0. 1. 0.]
 [0. 1. 0.]
 [0. 1. 0.]]
probabilities: [[0.34932086 0.5690433  0.08163588]
 [0.08731688 0.01835472 0.8943284 ]
 [0.2400745  0.0378745  0.722051  ]
 [0.67285275 0.17537016 0.1517771 ]
 [0.02092821 0.72452044 0.25455135]]
probabilities: [[0.09030849 0.50008374 0.40960777]
 [0.02827196 0.2671767  0.70455134]
 [0.09209116 0.5340937  0.37381518]
 [0.1574291  0.04876272 0.79380816]
 [0.35648814 0.39895248 0.24455939]]
probabilities: [[0.19725946 0.37356746 0.42917308]
 [0.773272   0.09496763 0.13176039]
 [0.25363    0.3138224  0.4325476 ]
 [0.5652355  0.14358492 0.29117954]
 [0.43995896 0.34136465 0.21867639]]
probabilities: [[1. 0. 0.]
 [1. 0. 0.]
 [1. 0. 0.]
 [1. 0. 0.]
 [1. 0. 0.]]
probabilities: [[0.04944919 0.65479213 0.2957587 ]
 [0.26288694 0.5826601  0.15445301]
 [0.02021887 0.8092509  0.17053024]
 [0.16638757 0.3406145  0.49299794]
 [0.15215744 0.5257487  0.32209384]]
probabilities: [[0.5381428  0.02091377 0.44094342]
 [0.7548712  0.05698283 0.18814595]
 [0.410281   0.47029898 0.11942001]
 [0.52284163 0.02024978 0.4569086 ]
 [0.05425597 0.20579211 0.7399519 ]]
probabilities: [[0.30504468 0.59436864 0.10058665]
 [0.66409117 0.2542535  0.08165531]
 [0.2311164  0.5319786  0.236905  ]
 [0.5223129  0.35829195 0.11939518]
 [0.15221336 0.19626299 0.65152365]]
probabilities: [[1. 0. 0.]
 [1. 0. 0.]
 [1. 0. 0.]
 [1. 0. 0.]
 [1. 0. 0.]]
probabilities: [[0.3336612  0.1608767  0.5054621 ]
 [0.42435247 0.23504367 0.34060386]
 [0.11440215 0.49567997 0.38991785]
 [0.02785099 0.09806393 0.87408507]
 [0.3923444  0.17502372 0.4326319 ]]
probabilities: [[0.3615758  0.18029599 0.45812818]
 [0.39447936 0.24576811 0.3597525 ]
 [0.03881298 0.24885291 0.7123341 ]
 [0.65850693 0.28629133 0.05520175]
 [0.50504696 0.33152577 0.1634273 ]]
probabilities: [[0.19923201 0.52994245 0.2708255 ]
 [0.27044842 0.55373996 0.17581159]
 [0.16064054 0.51888466 0.3204748 ]
 [0.14671725 0.21255633 0.6407264 ]
 [0.0190957  0.35935187 0.6215524 ]]
probabilities: [[1. 0. 0.]
 [1. 0. 0.]
 [1. 0. 0.]
 [1. 0. 0.]
 [1. 0. 0.]]
probabilities: [[0.28797144 0.42087248 0.29115605]
 [0.16185714 0.82325715 0.01488572]
 [0.05411494 0.5883025  0.35758254]
 [0.696167   0.16536695 0.13846608]
 [0.33888042 0.5268235  0.13429603]]
probabilities: [[0.1900992  0.57267237 0.23722845]
 [0.3449169  0.28382325 0.37125984]
 [0.20633906 0.4933987  0.30026224]
 [0.27053988 0.33879152 0.3906686 ]
 [0.03802541 0.8963671  0.06560753]]
probabilities: [[0.3780439  0.39975327 0.22220285]
 [0.05627248 0.8848648  0.0588627 ]
 [0.37986487 0.47461194 0.14552319]
 [0.46271387 0.48699573 0.05029041]
 [0.78219676 0.07987782 0.13792539]]
probabilities: [[0. 0. 1.]
 [0. 1. 0.]
 [0. 0. 1.]
 [0. 0. 1.]
 [0. 0. 1.]]
probabilities: [[0.77702487 0.00334436 0.2196308 ]
 [0.7470522  0.15372808 0.09921972]
 [0.1594608  0.5728981  0.2676411 ]
 [0.33553535 0.29756573 0.36689892]
 [0.03231551 0.75566745 0.21201703]]
probabilities: [[0.3225699  0.5769709  0.1004592 ]
 [0.05280039 0.7427661  0.20443355]
 [0.20511764 0.48183823 0.31304413]
 [0.29776773 0.25599107 0.4462412 ]
 [0.05293148 0.09223986 0.85482866]]
probabilities: [[0.18498503 0.02786943 0.78714556]
 [0.85987455 0.03279121 0.10733425]
 [0.09829178 0.35485178 0.5468564 ]
 [0.45314485 0.22045776 0.3263974 ]
 [0.26341212 0.23256792 0.50402   ]]
probabilities: [[1. 0. 0.]
 [1. 0. 0.]
 [1. 0. 0.]
 [1. 0. 0.]
 [1. 0. 0.]]
probabilities: [[0.26896882 0.52323353 0.20779765]
 [0.2957199  0.11424323 0.59003687]
 [0.10804209 0.35287902 0.5390789 ]
 [0.76023257 0.07526563 0.16450179]
 [0.01792614 0.41442987 0.567644  ]]
probabilities: [[0.10641986 0.6802314  0.21334872]
 [0.5793169  0.2124449  0.2082382 ]
 [0.0484206  0.83695936 0.11462007]
 [0.22709362 0.09160577 0.68130064]
 [0.00228912 0.0397994  0.9579115 ]]
probabilities: [[0.84471357 0.11988712 0.03539933]
 [0.20777063 0.6375404  0.154689  ]
 [0.698091   0.02303791 0.27887112]
 [0.5495904  0.0263758  0.42403376]
 [0.5577286  0.2797285  0.16254291]]
probabilities: [[0. 1. 0.]
 [0. 1. 0.]
 [0. 1. 0.]
 [0. 1. 0.]
 [0. 1. 0.]]
probabilities: [[0.20088497 0.19192617 0.6071889 ]
 [0.02415922 0.8972475  0.07859328]
 [0.385554   0.56719875 0.04724728]
 [0.2446561  0.44536513 0.30997875]
 [0.09316868 0.05894841 0.8478829 ]]
probabilities: [[0.2702685  0.2649786  0.46475294]
 [0.04537805 0.87040186 0.08422012]
 [0.19253972 0.59886456 0.2085957 ]
 [0.642092   0.12850317 0.22940482]
 [0.4125015  0.15985185 0.42764664]]
probabilities: [[0.13147229 0.53071606 0.33781168]
 [0.14844236 0.65539503 0.19616258]
 [0.35838377 0.5190415  0.12257474]
 [0.21760395 0.11772192 0.66467416]
 [0.4172809  0.31101078 0.27170834]]
probabilities: [[0. 0. 1.]
 [0. 1. 0.]
 [0. 1. 0.]
 [0. 0. 1.]
 [0. 0. 1.]]
probabilities: [[0.34348616 0.61701936 0.03949448]
 [0.15322033 0.20876981 0.63800985]
 [0.2192123  0.40135878 0.37942892]
 [0.7032225  0.14936852 0.14740899]
 [0.24763742 0.29370487 0.4586577 ]]
probabilities: [[0.41314387 0.04972882 0.5371273 ]
 [0.50752187 0.18076542 0.3117127 ]
 [0.29881993 0.6394815  0.0616986 ]
 [0.27466708 0.33282533 0.39250758]
 [0.10691528 0.8853535  0.00773121]]
probabilities: [[0.4740727  0.31873292 0.2071944 ]
 [0.47179046 0.15675107 0.37145847]
 [0.2079179  0.47142446 0.32065764]
 [0.5346167  0.04279078 0.42259252]
 [0.58436185 0.34529313 0.07034503]]
probabilities: [[1. 0. 0.]
 [1. 0. 0.]
 [1. 0. 0.]
 [1. 0. 0.]
 [1. 0. 0.]]
probabilities: [[0.20504911 0.3987243  0.39622658]
 [0.11941946 0.8054762  0.07510435]
 [0.634567   0.04155582 0.32387716]
 [0.19752498 0.21507499 0.5874    ]
 [0.7702758  0.1493834  0.08034084]]
probabilities: [[0.5481535  0.26374957 0.18809691]
 [0.83238757 0.0638482  0.10376422]
 [0.6661828  0.24540764 0.08840952]
 [0.07490498 0.11722799 0.80786705]
 [0.34080705 0.18921225 0.46998072]]
probabilities: [[0.28631568 0.28481486 0.42886946]
 [0.16681193 0.04331344 0.7898746 ]
 [0.10209829 0.02793066 0.86997104]
 [0.09497535 0.44622248 0.45880216]
 [0.657989   0.14711124 0.19489972]]
probabilities: [[0. 1. 0.]
 [0. 1. 0.]
 [0. 1. 0.]
 [0. 1. 0.]
 [0. 1. 0.]]
probabilities: [[6.4723516e-01 1.7656276e-01 1.7620210e-01]
 [1.2572362e-02 1.0689641e-01 8.8053125e-01]
 [3.2472619e-01 3.1048840e-01 3.6478540e-01]
 [5.6134832e-01 8.3736405e-02 3.5491523e-01]
 [7.2529584e-01 2.7465272e-01 5.1446601e-05]]
probabilities: [[0.4962845  0.47545537 0.02826012]
 [0.14485864 0.36137244 0.4937689 ]
 [0.14266866 0.16764936 0.689682  ]
 [0.59411305 0.1255654  0.28032157]
 [0.82465506 0.12733795 0.04800699]]
probabilities: [[0.04686318 0.32465154 0.6284853 ]
 [0.17198968 0.6376292  0.1903811 ]
 [0.06004058 0.0291558  0.9108036 ]
 [0.00270596 0.8605969  0.13669717]
 [0.44236553 0.3159752  0.24165927]]
probabilities: [[0. 0. 1.]
 [0. 1. 0.]
 [0. 0. 1.]
 [0. 0. 1.]
 [0. 0. 1.]]
probabilities: [[0.57254076 0.06733891 0.36012033]
 [0.41619116 0.27976775 0.3040411 ]
 [0.10384444 0.2881199  0.6080356 ]
 [0.8690948  0.08420234 0.04670285]
 [0.13250603 0.19956163 0.66793233]]
probabilities: [[0.07835657 0.77611077 0.14553267]
 [0.44411647 0.3972637  0.1586198 ]
 [0.2284621  0.6874512  0.08408673]
 [0.3180184  0.52562755 0.15635404]
 [0.33188024 0.6174824  0.05063732]]
probabilities: [[0.01408577 0.41818178 0.56773245]
 [0.1307714  0.7481305  0.12109812]
 [0.31411764 0.3395118  0.34637055]
 [0.5095935  0.439321   0.05108549]
 [0.3784967  0.14755473 0.4739486 ]]
probabilities: [[1. 0. 0.]
 [1. 0. 0.]
 [1. 0. 0.]
 [1. 0. 0.]
 [1. 0. 0.]]
probabilities: [[0.39825925 0.1363346  0.46540615]
 [0.33202088 0.5335871  0.13439204]
 [0.45537737 0.42784354 0.11677909]
 [0.97753346 0.01020331 0.01226323]
 [0.39740962 0.00158108 0.6010093 ]]
probabilities: [[3.7135699e-01 3.0709305e-01 3.2154992e-01]
 [1.6182201e-01 1.3331474e-01 7.0486325e-01]
 [4.8062119e-01 8.1933312e-02 4.3744549e-01]
 [7.7291739e-01 1.0707043e-01 1.2001219e-01]
 [3.1447655e-01 5.8873714e-04 6.8493474e-01]]
probabilities: [[0.3980682  0.28822294 0.31370884]
 [0.00715005 0.600886   0.391964  ]
 [0.13612214 0.6569777  0.20690016]
 [0.63661927 0.32082775 0.04255299]
 [0.7211465  0.2415199  0.03733357]]
probabilities: [[1. 0. 0.]
 [1. 0. 0.]
 [1. 0. 0.]
 [1. 0. 0.]
 [1. 0. 0.]]
probabilities: [[0.60404235 0.16157281 0.23438482]
 [0.05367319 0.4039079  0.5424189 ]
 [0.23121782 0.01054495 0.75823724]
 [0.20130903 0.01134076 0.78735024]
 [0.03575734 0.29905182 0.6651909 ]]
probabilities: [[0.45013833 0.36560076 0.18426089]
 [0.16842613 0.7876815  0.04389235]
 [0.8133814  0.13668989 0.04992875]
 [0.2928277  0.33913448 0.3680378 ]
 [0.20257145 0.3442454  0.45318314]]
probabilities: [[0.8538245  0.12561694 0.02055854]
 [0.21967278 0.45677412 0.3235531 ]
 [0.37613165 0.4268277  0.19704065]
 [0.03707178 0.24981722 0.713111  ]
 [0.71952367 0.24103722 0.03943912]]
probabilities: [[1. 0. 0.]
 [1. 0. 0.]
 [1. 0. 0.]
 [1. 0. 0.]
 [1. 0. 0.]]
probabilities: [[0.71313405 0.11834088 0.16852507]
 [0.06431505 0.5128513  0.42283365]
 [0.09350003 0.49650878 0.4099912 ]
 [0.15061718 0.5144939  0.3348889 ]
 [0.37161377 0.19169062 0.4366956 ]]
probabilities: [[0.4155996  0.19770336 0.38669702]
 [0.26799276 0.11264782 0.61935943]
 [0.12472865 0.631336   0.24393535]
 [0.70551324 0.27903983 0.0154469 ]
 [0.25951004 0.31314412 0.42734584]]
probabilities: [[0.26181948 0.27199182 0.4661887 ]
 [0.3801298  0.08387584 0.53599435]
 [0.10574534 0.85678077 0.03747392]
 [0.28442827 0.53462034 0.18095136]
 [0.03461894 0.42838484 0.53699625]]
probabilities: [[1. 0. 0.]
 [1. 0. 0.]
 [1. 0. 0.]
 [1. 0. 0.]
 [1. 0. 0.]]
probabilities: [[0.21992582 0.3203525  0.45972168]
 [0.6134107  0.36678302 0.01980628]
 [0.1069836  0.04037295 0.85264343]
 [0.33098045 0.46544605 0.20357351]
 [0.14383744 0.2347662  0.62139636]]
probabilities: [[0.29039088 0.25054947 0.4590597 ]
 [0.12316619 0.07984691 0.7969869 ]
 [0.31798634 0.5780969  0.10391674]
 [0.05819521 0.62327456 0.3185302 ]
 [0.29664275 0.00639903 0.69695824]]
probabilities: [[0.81205344 0.16916634 0.01878023]
 [0.07708944 0.32643402 0.59647655]
 [0.67586744 0.22725086 0.09688172]
 [0.03587412 0.49678344 0.46734244]
 [0.04987011 0.36517966 0.5849502 ]]
probabilities: [[0. 1. 0.]
 [0. 1. 0.]
 [0. 1. 0.]
 [0. 1. 0.]
 [0. 1. 0.]]
probabilities: [[0.20716882 0.00828004 0.78455114]
 [0.6641074  0.06614581 0.2697468 ]
 [0.2041104  0.09063882 0.7052508 ]
 [0.67297685 0.10149971 0.22552346]
 [0.66087466 0.02900688 0.3101185 ]]
probabilities: [[0.69484085 0.10356512 0.20159404]
 [0.3617631  0.543586   0.0946509 ]
 [0.05721328 0.11456872 0.828218  ]
 [0.8209805  0.11132537 0.06769416]
 [0.5142497  0.423206   0.06254431]]
probabilities: [[0.43723086 0.06308554 0.49968362]
 [0.25093162 0.38221028 0.36685812]
 [0.44857293 0.37251163 0.17891544]
 [0.26481286 0.15552741 0.57965976]
 [0.00185599 0.87808925 0.12005477]]
probabilities: [[0. 0. 1.]
 [0. 1. 0.]
 [0. 1. 0.]
 [0. 0. 1.]
 [0. 0. 1.]]
probabilities: [[0.8113102  0.03978667 0.14890313]
 [0.32006606 0.20282531 0.47710863]
 [0.08868867 0.35664037 0.554671  ]
 [0.06589782 0.0528594  0.8812428 ]
 [0.398593   0.10494094 0.49646607]]
probabilities: [[0.39659566 0.48584136 0.11756298]
 [0.45670903 0.4913976  0.05189339]
 [0.5229156  0.02874946 0.44833496]
 [0.41908923 0.5206295  0.06028127]
 [0.00863948 0.04088303 0.9504775 ]]
probabilities: [[0.2871227  0.4153371  0.29754025]
 [0.29230917 0.01670024 0.69099057]
 [0.30174637 0.03745641 0.66079724]
 [0.4258572  0.19599135 0.37815148]
 [0.47403038 0.32461953 0.2013501 ]]
probabilities: [[0. 0. 1.]
 [0. 1. 0.]
 [0. 0. 1.]
 [0. 0. 1.]
 [0. 0. 1.]]
probabilities: [[0.02698044 0.14601968 0.8269999 ]
 [0.6628686  0.04828723 0.28884414]
 [0.27322227 0.49460873 0.23216902]
 [0.42188743 0.50388527 0.07422732]
 [0.01976282 0.35618508 0.6240521 ]]
probabilities: [[0.35486287 0.12735471 0.51778245]
 [0.08806978 0.7996798  0.1122504 ]
 [0.10350448 0.50267154 0.39382398]
 [0.519173   0.2850397  0.19578725]
 [0.21906044 0.23133363 0.54960597]]
probabilities: [[0.14208674 0.49239647 0.36551678]
 [0.59847605 0.24419114 0.15733282]
 [0.46042934 0.38168967 0.15788098]
 [0.52447605 0.38827565 0.0872483 ]
 [0.07703579 0.6575396  0.2654246 ]]
probabilities: [[0. 1. 0.]
 [0. 1. 0.]
 [0. 1. 0.]
 [0. 1. 0.]
 [0. 1. 0.]]
probabilities: [[0.03743921 0.9489045  0.01365631]
 [0.09988109 0.29067427 0.6094446 ]
 [0.5667129  0.41124895 0.02203812]
 [0.08373494 0.26185048 0.6544146 ]
 [0.2990376  0.36663806 0.33432433]]
probabilities: [[0.29156628 0.16323397 0.54519975]
 [0.21154757 0.6401452  0.14830723]
 [0.05953036 0.6594332  0.28103647]
 [0.03514247 0.21865104 0.74620646]
 [0.48004925 0.20349029 0.31646046]]
probabilities: [[0.68414944 0.24343432 0.07241625]
 [0.40320113 0.4426448  0.15415408]
 [0.5030008  0.15503834 0.34196088]
 [0.6174088  0.01926042 0.36333078]
 [0.35523602 0.57242846 0.07233551]]
probabilities: [[1. 0. 0.]
 [1. 0. 0.]
 [1. 0. 0.]
 [1. 0. 0.]
 [1. 0. 0.]]
probabilities: [[0.24239038 0.5268921  0.2307175 ]
 [0.23798658 0.135301   0.62671244]
 [0.44852206 0.54700404 0.00447388]
 [0.3079047  0.39788574 0.29420957]
 [0.33947372 0.13522838 0.5252979 ]]
probabilities: [[0.63893807 0.32647637 0.03458557]
 [0.816836   0.04944803 0.13371596]
 [0.04829995 0.28436193 0.66733813]
 [0.5614738  0.27821293 0.16031331]
 [0.06688553 0.51601833 0.41709617]]
probabilities: [[0.43082014 0.5095399  0.05963998]
 [0.5439853  0.2778537  0.17816101]
 [0.7363317  0.24071522 0.02295308]
 [0.31390753 0.21914406 0.46694842]
 [0.5645075  0.20780975 0.22768275]]
probabilities: [[0. 0. 1.]
 [0. 1. 0.]
 [0. 1. 0.]
 [0. 0. 1.]
 [0. 0. 1.]]
probabilities: [[0.49097455 0.27805927 0.23096617]
 [0.11703108 0.3420773  0.5408916 ]
 [0.08668451 0.668407   0.24490845]
 [0.51234686 0.29764402 0.19000912]
 [0.43960163 0.43578422 0.12461416]]
probabilities: [[0.11504342 0.7723053  0.11265126]
 [0.5634828  0.20634131 0.23017587]
 [0.39645356 0.48327136 0.12027508]
 [0.19065647 0.6858359  0.12350766]
 [0.08619443 0.7173531  0.19645247]]
probabilities: [[0.15597586 0.47451174 0.3695124 ]
 [0.09722468 0.7339189  0.16885641]
 [0.0441716  0.50661105 0.44921732]
 [0.44527167 0.32980022 0.22492813]
 [0.24620344 0.56331205 0.1904845 ]]
probabilities: [[0. 0. 1.]
 [0. 1. 0.]
 [0. 1. 0.]
 [0. 0. 1.]
 [0. 0. 1.]]
probabilities: [[0.37488097 0.03971855 0.58540046]
 [0.75316113 0.08731062 0.15952824]
 [0.29631743 0.46838167 0.23530091]
 [0.184413   0.5294524  0.2861346 ]
 [0.36547905 0.04983396 0.584687  ]]
probabilities: [[0.168687   0.775789   0.05552396]
 [0.22650488 0.07208711 0.701408  ]
 [0.12334149 0.4206093  0.4560492 ]
 [0.19664222 0.7198478  0.08350997]
 [0.02376986 0.3943475  0.58188266]]
probabilities: [[0.09058633 0.7583684  0.15104528]
 [0.01963179 0.50746274 0.47290546]
 [0.33373803 0.09734908 0.56891286]
 [0.04440501 0.38125065 0.57434434]
 [0.38325596 0.13044967 0.48629436]]
probabilities: [[1. 0. 0.]
 [1. 0. 0.]
 [1. 0. 0.]
 [1. 0. 0.]
 [1. 0. 0.]]
probabilities: [[0.28330708 0.6491497  0.06754322]
 [0.20966686 0.77358586 0.01674729]
 [0.23835923 0.6964731  0.06516764]
 [0.73225546 0.21585394 0.05189063]
 [0.50718105 0.47326136 0.01955762]]
probabilities: [[0.2664202  0.6957354  0.03784442]
 [0.8890379  0.10347556 0.00748656]
 [0.44682464 0.07674986 0.4764255 ]
 [0.16290832 0.72012097 0.11697072]
 [0.2489703  0.68319184 0.06783789]]
probabilities: [[0.16112556 0.3544164  0.48445806]
 [0.2474549  0.5485708  0.20397432]
 [0.01212338 0.36180177 0.62607485]
 [0.3804305  0.25628874 0.3632808 ]
 [0.4086503  0.1737199  0.4176298 ]]
probabilities: [[0. 1. 0.]
 [0. 1. 0.]
 [0. 1. 0.]
 [0. 1. 0.]
 [0. 1. 0.]]
probabilities: [[0.2976146  0.11388201 0.5885034 ]
 [0.5126752  0.2643853  0.22293949]
 [0.52516013 0.21118076 0.26365912]
 [0.47480795 0.46437857 0.06081348]
 [0.25042683 0.69799733 0.05157584]]
probabilities: [[0.20691606 0.6488514  0.14423253]
 [0.42789719 0.16278015 0.40932265]
 [0.23331432 0.16601776 0.60066795]
 [0.6785141  0.24082386 0.080662  ]
 [0.32812378 0.34952998 0.32234627]]
probabilities: [[0.3289576  0.21188377 0.45915863]
 [0.07260169 0.4489401  0.47845823]
 [0.02261727 0.41003326 0.5673495 ]
 [0.52377695 0.38078746 0.09543558]
