probabilities: [[1. 0. 0.]
 [1. 0. 0.]
 [1. 0. 0.]
 [1. 0. 0.]
 [1. 0. 0.]]
probabilities: [[0.34715396 0.20606227 0.44678375]
 [0.0079004  0.37317735 0.61892223]
 [0.1790798  0.72757196 0.09334823]
 [0.05773446 0.20367768 0.73858786]
 [0.3781287  0.20019998 0.42167133]]
probabilities: [[0.31522122 0.3617315  0.32304728]
 [0.10643685 0.00726253 0.8863006 ]
 [0.5517403  0.00552363 0.4427361 ]
 [0.22710791 0.57491595 0.19797617]
 [0.03954258 0.5284805  0.43197685]]
probabilities: [[0.51883465 0.12192599 0.35923937]
 [0.10915501 0.8162327  0.07461227]
 [0.12960246 0.5875669  0.28283063]
 [0.6122335  0.0186026  0.3691639 ]
 [0.00207006 0.6088117  0.38911828]]
probabilities: [[1. 0. 0.]
 [1. 0. 0.]
 [1. 0. 0.]
 [1. 0. 0.]
 [1. 0. 0.]]
probabilities: [[0.01290625 0.6019164  0.38517737]
 [0.4173666  0.42314506 0.15948835]
 [0.17170183 0.3067414  0.5215568 ]
 [0.075933   0.23859791 0.6854691 ]
 [0.2512812  0.6654715  0.08324728]]
probabilities: [[0.6361239  0.26969162 0.0941845 ]
 [0.17288327 0.21562979 0.611487  ]
 [0.09315497 0.11906212 0.7877829 ]
 [0.26826492 0.3008762  0.43085888]
 [0.6013771  0.24099118 0.15763168]]
probabilities: [[0.52558655 0.11571815 0.35869533]
 [0.23979127 0.69147336 0.06873539]
 [0.0134919  0.46407327 0.52243483]
 [0.24591655 0.23199968 0.52208376]
 [0.6704639  0.1777065  0.15182957]]
probabilities: [[0. 0. 1.]
 [0. 1. 0.]
 [0. 0. 1.]
 [0. 0. 1.]
 [0. 0. 1.]]
probabilities: [[0.02548292 0.26370713 0.71080995]
 [0.3961328  0.43859303 0.16527416]
 [0.92566544 0.05930342 0.01503115]
 [0.44507554 0.26188442 0.29304007]
 [0.6941018  0.06300691 0.24289128]]
probabilities: [[0.79881537 0.04532161 0.15586302]
 [0.41404125 0.31920478 0.26675394]
 [0.197985   0.21368708 0.58832794]
 [0.08989289 0.06292015 0.847187  ]
 [0.03336863 0.02530749 0.9413239 ]]
probabilities: [[0.6963378  0.24019864 0.06346354]
 [0.48570836 0.23593204 0.2783596 ]
 [0.05591394 0.38884288 0.5552432 ]
 [0.44012138 0.27142093 0.2884577 ]
 [0.80239797 0.18322329 0.01437875]]
probabilities: [[0. 0. 1.]
 [0. 1. 0.]
 [0. 0. 1.]
 [0. 0. 1.]
 [0. 0. 1.]]
probabilities: [[0.30249554 0.34566203 0.35184243]
 [0.00781878 0.43780017 0.554381  ]
 [0.25843176 0.40184492 0.33972332]
 [0.0966375  0.20513003 0.6982325 ]
 [0.18524276 0.07811547 0.73664176]]
probabilities: [[0.3717904  0.23783615 0.3903734 ]
 [0.58165026 0.28581345 0.13253628]
 [0.15580119 0.09908782 0.745111  ]
 [0.64016944 0.08685686 0.2729737 ]
 [0.5686566  0.36354557 0.06779779]]
probabilities: [[0.03655433 0.4425716  0.520874  ]
 [0.7125716  0.07351273 0.21391565]
 [0.4583726  0.19418369 0.34744373]
 [0.12892611 0.2945074  0.57656646]
 [0.02599998 0.45543587 0.51856416]]
probabilities: [[0. 1. 0.]
 [0. 1. 0.]
 [0. 1. 0.]
 [0. 1. 0.]
 [0. 1. 0.]]
probabilities: [[0.1757318  0.36116716 0.46310106]
 [0.37725535 0.00651647 0.61622816]
 [0.35496604 0.06980674 0.5752272 ]
 [0.3873319  0.5650675  0.04760057]
 [0.11946633 0.5949385  0.28559512]]
probabilities: [[0.36356035 0.37677646 0.2596632 ]
 [0.7250836  0.03247695 0.24243946]
 [0.76314557 0.23395473 0.00289969]
 [0.2286051  0.19805245 0.57334244]
 [0.33604228 0.26883677 0.39512098]]
probabilities: [[0.5444673  0.30403003 0.15150268]
 [0.70921016 0.14842033 0.14236954]
 [0.11322903 0.6374568  0.24931419]
 [0.00220518 0.49539822 0.5023966 ]
 [0.25405106 0.57086366 0.17508528]]
probabilities: [[0. 0. 1.]
 [0. 1. 0.]
 [0. 1. 0.]
 [0. 0. 1.]
 [0. 0. 1.]]
probabilities: [[0.60472393 0.00092695 0.3943491 ]
 [0.11598802 0.18785812 0.6961539 ]
 [0.11659392 0.38333994 0.5000661 ]
 [0.08335803 0.67739123 0.23925076]
 [0.73365676 0.18519859 0.08114462]]
probabilities: [[0.30120018 0.6780241  0.0207757 ]
 [0.4384668  0.17186087 0.38967234]
 [0.05095727 0.47020906 0.47883368]
 [0.87449694 0.06011052 0.06539257]
 [0.40394744 0.39227661 0.20377596]]
probabilities: [[0.1086269  0.6330117  0.25836143]
 [0.5470985  0.36181396 0.09108749]
 [0.14679438 0.41016605 0.44303957]
 [0.10925325 0.06670331 0.82404345]
 [0.9000048  0.03819658 0.06179862]]
probabilities: [[0. 0. 1.]
 [0. 1. 0.]
 [0. 1. 0.]
 [0. 0. 1.]
 [0. 0. 1.]]
probabilities: [[0.25839832 0.34932974 0.3922719 ]
 [0.46403134 0.15816814 0.37780052]
 [0.5323297  0.43639287 0.03127741]
 [0.7120187  0.17894188 0.10903938]
 [0.40657422 0.33645776 0.25696802]]
probabilities: [[0.41746345 0.0962317  0.48630485]
 [0.11177161 0.26265654 0.62557185]
 [0.11544994 0.25491536 0.62963474]
 [0.24151522 0.24722064 0.51126415]
 [0.05264252 0.25517714 0.69218034]]
probabilities: [[0.827429   0.15182394 0.02074706]
 [0.18283895 0.7455803  0.07158072]
 [0.08329611 0.5810408  0.33566308]
 [0.1593127  0.5732265  0.26746082]
 [0.30123752 0.3173622  0.3814003 ]]
probabilities: [[0. 1. 0.]
 [0. 1. 0.]
 [0. 1. 0.]
 [0. 1. 0.]
 [0. 1. 0.]]
probabilities: [[0.01272177 0.19859919 0.78867906]
 [0.49787903 0.11282692 0.38929403]
 [0.32106808 0.3808594  0.29807255]
 [0.46611175 0.2360655  0.29782274]
 [0.5307932  0.37521502 0.09399177]]
probabilities: [[0.01928287 0.09572887 0.88498825]
 [0.44978017 0.5376115  0.01260836]
 [0.23916796 0.63841665 0.12241538]
 [0.37778503 0.11464103 0.50757396]
 [0.12887968 0.3380873  0.5330331 ]]
probabilities: [[0.69637364 0.09589764 0.2077287 ]
 [0.42516395 0.05502579 0.51981026]
 [0.11428957 0.73489666 0.15081377]
 [0.4425522  0.41334268 0.14410509]
 [0.00175518 0.3318912  0.6663536 ]]
probabilities: [[1. 0. 0.]
 [1. 0. 0.]
 [1. 0. 0.]
 [1. 0. 0.]
 [1. 0. 0.]]
probabilities: [[0.5185635  0.35102555 0.13041092]
 [0.01497842 0.39108875 0.5939328 ]
 [0.05433058 0.19376998 0.7518994 ]
 [0.54631734 0.0216857  0.43199697]
 [0.1249471  0.0706218  0.8044311 ]]
probabilities: [[0.49511757 0.496924   0.00795839]
 [0.1872263  0.51366466 0.29910907]
 [0.5026813  0.15378337 0.34353533]
 [0.00923616 0.29478753 0.6959763 ]
 [0.09379467 0.42653573 0.4796696 ]]
probabilities: [[0.28853393 0.6484827  0.06298341]
 [0.32163662 0.5898053  0.08855805]
 [0.06025863 0.78430754 0.15543385]
 [0.09168597 0.7805101  0.1278039 ]
 [0.42253503 0.46482617 0.11263881]]
probabilities: [[1. 0. 0.]
 [1. 0. 0.]
 [1. 0. 0.]
 [1. 0. 0.]
 [1. 0. 0.]]
probabilities: [[0.38557863 0.1940297  0.42039165]
 [0.02199721 0.00323123 0.97477156]
 [0.32447898 0.09705099 0.57847   ]
 [0.08799969 0.86928284 0.04271747]
 [0.543191   0.02722354 0.42958546]]
probabilities: [[0.8535432  0.12215562 0.02430118]
 [0.3484177  0.5615289  0.09005337]
 [0.05740866 0.3990167  0.54357463]
 [0.43444094 0.47094926 0.09460979]
 [0.28142896 0.16206062 0.5565104 ]]
probabilities: [[0.73535657 0.01784227 0.24680117]
 [0.9184309  0.00322446 0.0783446 ]
 [0.04153899 0.2594151  0.6990459 ]
 [0.69526345 0.14692537 0.1578112 ]
 [0.02593682 0.6277233  0.34633988]]
probabilities: [[1. 0. 0.]
 [1. 0. 0.]
 [1. 0. 0.]
 [1. 0. 0.]
 [1. 0. 0.]]
probabilities: [[0.42285997 0.5179072  0.0592328 ]
 [0.4188018  0.23337092 0.3478273 ]
 [0.54008794 0.05491634 0.40499568]
 [0.00610651 0.4404171  0.5534764 ]
 [0.29601142 0.07665755 0.627331  ]]
probabilities: [[0.09081044 0.28695148 0.6222381 ]
 [0.34504452 0.45157048 0.20338501]
 [0.531857   0.15267529 0.31546772]
 [0.721555   0.11367476 0.16477023]
 [0.18854812 0.6176124  0.19383945]]
probabilities: [[0.7763231  0.15231964 0.07135727]
 [0.16640335 0.6779491  0.15564755]
 [0.02544934 0.73757195 0.23697868]
 [0.10745025 0.5177553  0.37479445]
 [0.9187783  0.04565237 0.03556931]]
probabilities: [[0. 0. 1.]
 [0. 1. 0.]
 [0. 0. 1.]
 [0. 0. 1.]
 [0. 0. 1.]]
probabilities: [[0.34408802 0.2145866  0.44132537]
 [0.66793114 0.01514793 0.31692094]
 [0.07527582 0.06105136 0.8636728 ]
 [0.19011593 0.24060047 0.5692836 ]
 [0.2815853  0.5481553  0.17025937]]
probabilities: [[0.5716334  0.19888778 0.22947884]
 [0.11865798 0.29893312 0.5824089 ]
 [0.2634833  0.17815185 0.55836487]
 [0.31242794 0.18968004 0.49789202]
 [0.17002156 0.16135867 0.66861975]]
probabilities: [[0.2686799  0.30568057 0.42563954]
 [0.5215518  0.02655257 0.45189562]
 [0.30191696 0.1519988  0.5460842 ]
 [0.08530959 0.75827646 0.15641393]
 [0.24535994 0.40288892 0.35175112]]
probabilities: [[0. 1. 0.]
 [0. 1. 0.]
 [0. 1. 0.]
 [0. 1. 0.]
 [0. 1. 0.]]
probabilities: [[0.40006113 0.5100627  0.08987616]
 [0.16599981 0.2750238  0.55897635]
 [0.2652263  0.2428935  0.4918802 ]
 [0.10080996 0.8350129  0.0641771 ]
 [0.6703202  0.01775563 0.3119242 ]]
probabilities: [[0.9213041  0.02166498 0.05703093]
 [0.5632395  0.26798812 0.1687724 ]
 [0.66175103 0.12328207 0.21496686]
 [0.29924324 0.25547007 0.44528666]
 [0.04315837 0.4259498  0.53089184]]
probabilities: [[0.43348637 0.01720885 0.5493048 ]
 [0.30094782 0.53759277 0.1614594 ]
 [0.11801369 0.33288765 0.5490987 ]
 [0.03192658 0.5348386  0.4332348 ]
 [0.13106136 0.4139661  0.45497257]]
probabilities: [[0. 1. 0.]
 [0. 1. 0.]
 [0. 1. 0.]
 [0. 1. 0.]
 [0. 1. 0.]]
probabilities: [[2.5637710e-01 6.5455389e-01 8.9069001e-02]
 [1.9168593e-01 5.9802127e-01 2.1029280e-01]
 [1.3351500e-01 3.8730827e-01 4.7917673e-01]
 [3.4016566e-04 6.9283164e-01 3.0682817e-01]
 [2.3281913e-01 2.9472312e-01 4.7245777e-01]]
probabilities: [[0.7881711  0.13233313 0.07949575]
 [0.65531623 0.2726803  0.07200346]
 [0.10131224 0.42149144 0.4771963 ]
 [0.7891853  0.12373387 0.08708083]
 [0.6105314  0.14988945 0.23957913]]
probabilities: [[0.4545656  0.23219259 0.31324178]
 [0.10416651 0.09970947 0.79612404]
 [0.3497102  0.42232403 0.2279658 ]
 [0.2755169  0.00742639 0.7170567 ]
 [0.30038947 0.01670164 0.6829089 ]]
probabilities: [[1. 0. 0.]
 [1. 0. 0.]
 [1. 0. 0.]
 [1. 0. 0.]
 [1. 0. 0.]]
probabilities: [[0.64098746 0.15786745 0.2011451 ]
 [0.3344124  0.02706781 0.6385198 ]
 [0.33905208 0.32557347 0.33537444]
 [0.8230837  0.11576361 0.06115267]
 [0.01678617 0.19779082 0.785423  ]]
probabilities: [[0.24273323 0.24436334 0.51290345]
 [0.37026846 0.5142026  0.11552893]
 [0.40190163 0.46693796 0.13116041]
 [0.6042241  0.31322217 0.08255376]
 [0.17145997 0.5594404  0.26909965]]
probabilities: [[0.30885005 0.47834942 0.21280053]
 [0.01741473 0.9187406  0.06384467]
 [0.49843943 0.17492135 0.3266392 ]
 [0.03045383 0.2912173  0.6783289 ]
 [0.04672896 0.1606931  0.7925779 ]]
probabilities: [[1. 0. 0.]
 [1. 0. 0.]
 [1. 0. 0.]
 [1. 0. 0.]
 [1. 0. 0.]]
probabilities: [[0.255651   0.16292046 0.5814285 ]
 [0.39620265 0.05755772 0.5462396 ]
 [0.03123827 0.707022   0.26173973]
 [0.13461916 0.6193749  0.24600595]
 [0.03093123 0.5573838  0.411685  ]]
probabilities: [[0.23131692 0.03921106 0.72947204]
 [0.17462993 0.6790154  0.14635468]
 [0.39097074 0.29153344 0.31749582]
 [0.20474209 0.7186658  0.07659211]
 [0.10387368 0.46278358 0.43334275]]
probabilities: [[0.52456415 0.17195141 0.30348444]
 [0.17475499 0.49038085 0.33486414]
 [0.01299107 0.11097492 0.876034  ]
 [0.8126827  0.0781185  0.1091988 ]
 [0.2280104  0.07728469 0.6947049 ]]
probabilities: [[0. 0. 1.]
 [0. 1. 0.]
 [0. 0. 1.]
 [0. 0. 1.]
 [0. 0. 1.]]
probabilities: [[0.5021589  0.4836954  0.01414574]
 [0.05170842 0.9469057  0.00138591]
 [0.24918416 0.20799889 0.54281694]
 [0.04909344 0.09967516 0.8512314 ]
 [0.03246932 0.12748125 0.84004945]]
probabilities: [[0.8424608  0.08424772 0.07329147]
 [0.08448454 0.7143739  0.20114158]
 [0.0190059  0.70438516 0.27660894]
 [0.37843093 0.29265967 0.3289094 ]
 [0.49226448 0.47000578 0.03772975]]
probabilities: [[0.6002023  0.03799824 0.36179942]
 [0.27354753 0.01177226 0.7146802 ]
 [0.11084646 0.5047534  0.38440016]
 [0.265032   0.28512362 0.4498444 ]
 [0.7433611  0.01325492 0.24338396]]
probabilities: [[1. 0. 0.]
 [1. 0. 0.]
 [1. 0. 0.]
 [1. 0. 0.]
 [1. 0. 0.]]
probabilities: [[0.6920135  0.12227951 0.18570696]
 [0.36303046 0.00112542 0.6358441 ]
 [0.6868405  0.24827541 0.06488413]
 [0.01218663 0.43500718 0.5528062 ]
 [0.5738222  0.36711618 0.0590616 ]]
probabilities: [[0.19892587 0.1411948  0.6598793 ]
 [0.5661132  0.08101596 0.35287085]
 [0.8214233  0.17466065 0.00391607]
 [0.358541   0.3717403  0.26971868]
 [0.75105065 0.17895214 0.06999723]]
probabilities: [[0.6088566  0.19354273 0.19760063]
 [0.450364   0.04999719 0.49963883]
 [0.22065437 0.16927215 0.6100735 ]
 [0.14579673 0.6394644  0.2147389 ]
 [0.17999311 0.79650176 0.02350513]]
probabilities: [[1. 0. 0.]
 [1. 0. 0.]
 [1. 0. 0.]
 [1. 0. 0.]
 [1. 0. 0.]]
probabilities: [[0.04488356 0.117218   0.83789843]
 [0.42902136 0.20169759 0.36928105]
 [0.20940831 0.32662132 0.46397036]
 [0.29971078 0.45248103 0.24780819]
 [0.33449924 0.00323576 0.662265  ]]
probabilities: [[0.13360935 0.83102494 0.03536569]
 [0.03338873 0.8032343  0.16337702]
 [0.07535901 0.8329106  0.09173042]
 [0.3008677  0.39086086 0.30827147]
 [0.13509092 0.82403773 0.04087137]]
probabilities: [[0.46391016 0.53303814 0.00305168]
 [0.30718115 0.37343746 0.31938136]
 [0.6015679  0.14315403 0.25527808]
 [0.30914286 0.66825616 0.02260099]
 [0.10879116 0.1495795  0.74162936]]
probabilities: [[0. 0. 1.]
 [0. 1. 0.]
 [0. 1. 0.]
 [0. 0. 1.]
 [0. 0. 1.]]
probabilities: [[0.40205178 0.11017784 0.4877704 ]
 [0.16389182 0.37470174 0.46140644]
 [0.6067443  0.13164763 0.26160806]
 [0.6203258  0.19816568 0.1815085 ]
 [0.05556251 0.6319726  0.31246486]]
probabilities: [[0.6105029  0.15509224 0.23440485]
 [0.5351404  0.05731273 0.40754685]
 [0.01085119 0.9701371  0.0190117 ]
 [0.12698072 0.3033966  0.56962264]
 [0.47221446 0.22133116 0.30645436]]
probabilities: [[0.78310424 0.17469202 0.04220377]
 [0.1488209  0.4413595  0.4098196 ]
 [0.6614553  0.10290967 0.23563509]
 [0.07477278 0.5452468  0.37998047]
 [0.13657396 0.04197786 0.8214482 ]]
probabilities: [[0. 0. 1.]
 [0. 1. 0.]
 [0. 0. 1.]
 [0. 0. 1.]
 [0. 0. 1.]]
probabilities: [[0.06714021 0.4862287  0.44663107]
 [0.5272225  0.23201737 0.24076013]
 [0.17190544 0.58370274 0.24439181]
 [0.02101988 0.8919927  0.08698745]
 [0.45711306 0.30621624 0.23667072]]
probabilities: [[0.07239553 0.30436158 0.6232429 ]
 [0.24036513 0.70270705 0.05692783]
 [0.07474062 0.23364633 0.6916131 ]
 [0.12559196 0.21093576 0.6634723 ]
 [0.5180549  0.02376084 0.45818427]]
probabilities: [[0.28666037 0.4312937  0.28204593]
 [0.20778418 0.5967671  0.19544868]
 [0.11096568 0.11105811 0.7779762 ]
 [0.03600502 0.6071891  0.35680586]
 [0.65126187 0.00169967 0.34703848]]
probabilities: [[0. 1. 0.]
 [0. 1. 0.]
 [0. 1. 0.]
 [0. 1. 0.]
 [0. 1. 0.]]
probabilities: [[0.4478337  0.31977892 0.23238738]
 [0.07629135 0.3393335  0.58437514]
 [0.05854394 0.16922015 0.77223593]
 [0.1100603  0.42377457 0.46616513]
 [0.830311   0.14476371 0.02492529]]
probabilities: [[0.41298664 0.5313159  0.05569747]
 [0.47046727 0.19365597 0.3358768 ]
 [0.5143982  0.3500954  0.13550638]
 [0.7210248  0.21539164 0.06358355]
 [0.8518613  0.00215578 0.14598292]]
probabilities: [[0.30041444 0.43940386 0.2601817 ]
 [0.36941558 0.0171818  0.6134026 ]
 [0.1605098  0.7047596  0.13473064]
 [0.21517506 0.716319   0.06850591]
 [0.808568   0.05438225 0.13704976]]
probabilities: [[0. 1. 0.]
 [0. 1. 0.]
 [0. 1. 0.]
 [0. 1. 0.]
 [0. 1. 0.]]
probabilities: [[0.56058574 0.04324739 0.39616686]
 [0.3811484  0.57508326 0.04376833]
 [0.1173056  0.49947894 0.3832155 ]
 [0.45463872 0.51216215 0.03319917]
 [0.6880055  0.14191666 0.17007783]]
probabilities: [[0.27975792 0.19268376 0.5275583 ]
 [0.8228501  0.09628218 0.08086771]
 [0.25271988 0.11640815 0.63087195]
 [0.04235322 0.00660711 0.9510397 ]
 [0.24361949 0.30338186 0.45299867]]
probabilities: [[0.4806278  0.15311666 0.36625555]
 [0.3975465  0.28910464 0.31334886]
 [0.5917796  0.37000415 0.03821625]
 [0.30321458 0.07438239 0.622403  ]
 [0.01177959 0.40101483 0.5872056 ]]
probabilities: [[0. 0. 1.]
 [0. 1. 0.]
 [0. 0. 1.]
 [0. 0. 1.]
 [0. 0. 1.]]
probabilities: [[0.32752812 0.07329346 0.59917843]
 [0.74123627 0.03861332 0.22015043]
 [0.4377769  0.29674464 0.26547846]
 [0.09975455 0.3006103  0.5996352 ]
 [0.38506287 0.4101838  0.20475335]]
probabilities: [[0.6231074  0.22653402 0.15035857]
 [0.16275473 0.6305459  0.20669934]
 [0.50662124 0.09836978 0.39500895]
 [0.52664095 0.21744885 0.2559102 ]
 [0.3085002  0.21294364 0.47855616]]
probabilities: [[0.67922586 0.26351032 0.05726385]
 [0.44579232 0.2838423  0.2703654 ]
 [0.4308758  0.46106    0.1080642 ]
 [0.40406725 0.31570986 0.2802229 ]
 [0.03752377 0.07727649 0.8851997 ]]
probabilities: [[0. 0. 1.]
 [0. 1. 0.]
 [0. 0. 1.]
 [0. 0. 1.]
 [0. 0. 1.]]
probabilities: [[0.14285429 0.70392907 0.15321666]
 [0.0690645  0.6028631  0.32807243]
 [0.15414351 0.07265391 0.7732026 ]
 [0.4613185  0.3958881  0.14279342]
 [0.395215   0.23844998 0.36633503]]
probabilities: [[0.11511601 0.03272684 0.8521572 ]
 [0.5355898  0.0831392  0.381271  ]
 [0.4654094  0.01523136 0.51935923]
 [0.3207525  0.25183985 0.42740762]
 [0.29649234 0.5021221  0.20138559]]
probabilities: [[0.30975282 0.03239497 0.6578522 ]
 [0.7125861  0.15424198 0.1331719 ]
 [0.73396975 0.07086017 0.19517007]
 [0.03603706 0.716761   0.24720192]
 [0.15869541 0.75442135 0.08688321]]
probabilities: [[1. 0. 0.]
 [1. 0. 0.]
 [1. 0. 0.]
 [1. 0. 0.]
 [1. 0. 0.]]
probabilities: [[0.49169356 0.13250753 0.3757989 ]
 [0.07888459 0.85666764 0.06444778]
 [0.02400124 0.2745232  0.70147556]
 [0.19219665 0.19295146 0.6148519 ]
 [0.0981354  0.50229263 0.39957196]]
probabilities: [[0.3541713  0.6297668  0.01606189]
 [0.40407133 0.41909146 0.17683722]
 [0.30935237 0.22804964 0.462598  ]
 [0.02420294 0.6068278  0.36896926]
 [0.08528343 0.03169739 0.8830192 ]]
probabilities: [[0.4257207  0.36467507 0.20960423]
 [0.14480387 0.45452395 0.40067217]
 [0.51237684 0.12890878 0.35871437]
 [0.40119213 0.21500885 0.38379905]
 [0.13160759 0.03351273 0.8348797 ]]
probabilities: [[0. 1. 0.]
 [0. 1. 0.]
 [0. 1. 0.]
 [0. 1. 0.]
 [0. 1. 0.]]
probabilities: [[0.21021721 0.24407305 0.5457097 ]
 [0.16734236 0.40553766 0.42711997]
 [0.22516455 0.5963869  0.17844857]
 [0.74870235 0.01539042 0.23590724]
 [0.0977896  0.3204697  0.5817407 ]]
probabilities: [[0.28171745 0.07882875 0.63945377]
 [0.16226532 0.35954875 0.47818592]
 [0.58780205 0.34618643 0.06601153]
 [0.55481744 0.05375021 0.39143234]
 [0.3739011  0.13189267 0.49420622]]
probabilities: [[0.7292611  0.01724083 0.25349805]
 [0.8405332  0.0546061  0.10486072]
 [0.370206   0.22303635 0.40675765]
 [0.11857982 0.06674992 0.81467026]
 [0.5064278  0.14028838 0.3532838 ]]
probabilities: [[0. 1. 0.]
 [0. 1. 0.]
 [0. 1. 0.]
 [0. 1. 0.]
 [0. 1. 0.]]
probabilities: [[0.09338692 0.22461168 0.6820014 ]
 [0.5856423  0.3400012  0.0743565 ]
 [0.57260144 0.06437952 0.36301905]
 [0.29705527 0.6782951  0.02464963]
 [0.59975564 0.07220891 0.32803544]]
probabilities: [[0.30885792 0.23563567 0.4555064 ]
 [0.58119535 0.33322507 0.08557959]
 [0.3049095  0.31991443 0.37517607]
 [0.73610973 0.066563   0.19732726]
 [0.19337516 0.14059074 0.6660341 ]]
probabilities: [[0.16881305 0.32003492 0.511152  ]
 [0.35076398 0.05860111 0.59063494]
 [0.04681106 0.30523884 0.6479501 ]
 [0.0010211  0.6639761  0.33500287]
 [0.5314146  0.31416577 0.15441962]]
probabilities: [[0. 0. 1.]
 [0. 1. 0.]
 [0. 0. 1.]
 [0. 0. 1.]
 [0. 0. 1.]]
probabilities: [[0.33060214 0.21746315 0.4519347 ]
 [0.4614548  0.05054561 0.48799956]
 [0.5354039  0.35962912 0.10496695]
 [0.36354288 0.24018061 0.3962765 ]
 [0.1741463  0.36324477 0.46260896]]
probabilities: [[0.5504681  0.07760423 0.37192768]
 [0.2726483  0.4816229  0.2457288 ]
 [0.9849619  0.00509041 0.00994767]
 [0.29700762 0.61062324 0.09236912]
 [0.47144178 0.04455019 0.48400804]]
probabilities: [[0.39484617 0.14397196 0.46118188]
 [0.4824408  0.33424208 0.18331714]
 [0.11894318 0.41500098 0.46605584]
 [0.50183415 0.03877822 0.4593876 ]
 [0.04073179 0.25215888 0.70710933]]
probabilities: [[0. 0. 1.]
 [0. 1. 0.]
 [0. 0. 1.]
 [0. 0. 1.]
 [0. 0. 1.]]
probabilities: [[0.1737978  0.32729626 0.49890593]
 [0.17033526 0.07486352 0.7548012 ]
 [0.60989976 0.08389717 0.30620307]
 [0.722979   0.23855987 0.03846113]
 [0.36579508 0.17204279 0.46216214]]
probabilities: [[0.20197016 0.7033339  0.09469594]
 [0.04617295 0.5160317  0.43779537]
 [0.15609577 0.2699191  0.5739851 ]
 [0.10968225 0.2849712  0.60534656]
 [0.6158945  0.38170376 0.00240174]]
probabilities: [[0.53599876 0.10606434 0.3579369 ]
 [0.18591738 0.32399473 0.4900879 ]
 [0.10629737 0.01426694 0.87943566]
 [0.12967725 0.22348352 0.6468392 ]
 [0.342107   0.1845173  0.4733757 ]]
probabilities: [[0. 0. 1.]
 [0. 1. 0.]
 [0. 1. 0.]
 [0. 0. 1.]
 [0. 0. 1.]]
probabilities: [[0.04222231 0.14070244 0.81707525]
 [0.21595791 0.7595984  0.02444373]
 [0.03702297 0.14102472 0.8219523 ]
 [0.1813483  0.21369077 0.6049609 ]
 [0.52165014 0.31274506 0.16560479]]
probabilities: [[0.44496536 0.39733723 0.15769741]
 [0.09618022 0.01561811 0.88820165]
 [0.10925314 0.742197   0.14854987]
 [0.12140329 0.12059727 0.7579994 ]
 [0.05133053 0.74976313 0.19890635]]
probabilities: [[0.3138013  0.3909582  0.29524052]
 [0.49679682 0.49086416 0.01233904]
 [0.06255133 0.46554038 0.47190827]
 [0.14069197 0.16227406 0.697034  ]
 [0.04015206 0.92209524 0.03775268]]
probabilities: [[0. 0. 1.]
 [0. 1. 0.]
 [0. 0. 1.]
 [0. 0. 1.]
 [0. 0. 1.]]
probabilities: [[0.09113191 0.10921566 0.79965246]
 [0.01485901 0.7666713  0.2184697 ]
 [0.3425575  0.17842476 0.47901776]
 [0.23676078 0.09669168 0.66654754]
 [0.23711513 0.6295755  0.13330938]]
probabilities: [[0.43810415 0.3819588  0.17993705]
 [0.5944436  0.28536832 0.12018804]
 [0.33663222 0.5320324  0.1313354 ]
 [0.7305235  0.11385761 0.15561885]
 [0.04988533 0.04670951 0.9034052 ]]
probabilities: [[6.4467609e-01 7.1392201e-02 2.8393170e-01]
 [2.9309976e-01 6.1817807e-01 8.8722169e-02]
 [2.2991383e-01 1.0098189e-01 6.6910428e-01]
 [1.2772610e-04 4.1978100e-01 5.8009124e-01]
 [2.0562936e-02 5.1139313e-01 4.6804392e-01]]
probabilities: [[1. 0. 0.]
 [1. 0. 0.]
 [1. 0. 0.]
 [1. 0. 0.]
 [1. 0. 0.]]
probabilities: [[0.24617438 0.6476115  0.10621409]
 [0.17879371 0.75779796 0.06340835]
 [0.04634436 0.70267606 0.25097957]
 [0.17583452 0.31618068 0.5079848 ]
 [0.33287    0.52748066 0.13964933]]
probabilities: [[0.2110385  0.33257675 0.45638475]
 [0.3487803  0.22286442 0.42835528]
 [0.6310062  0.00198185 0.367012  ]
 [0.27141544 0.14912108 0.5794635 ]
 [0.39257112 0.10215375 0.50527513]]
probabilities: [[0.13255174 0.62156767 0.24588062]
 [0.49489564 0.03892974 0.46617463]
 [0.5194344  0.06802846 0.41253716]
 [0.12673648 0.20555656 0.66770697]
 [0.11539134 0.8702951  0.01431356]]
probabilities: [[0. 0. 1.]
 [0. 1. 0.]
 [0. 1. 0.]
 [0. 0. 1.]
 [0. 0. 1.]]
probabilities: [[0.56865925 0.05737847 0.37396228]
 [0.25962195 0.70168555 0.03869248]
 [0.44138414 0.29942566 0.2591902 ]
 [0.29596144 0.20157316 0.50246537]
 [0.82822144 0.01125064 0.16052791]]
probabilities: [[2.4240001e-01 5.4979205e-01 2.0780796e-01]
 [4.6709914e-02 8.1330270e-01 1.3998738e-01]
 [8.0020022e-01 7.7845909e-02 1.2195388e-01]
 [2.0860165e-01 5.4744762e-01 2.4395072e-01]
 [4.8594931e-04 8.6234951e-01 1.3716453e-01]]
probabilities: [[0.8260801  0.01145867 0.16246127]
 [0.59385455 0.39794603 0.00819942]
 [0.7280376  0.0631218  0.20884061]
 [0.47793135 0.2697155  0.25235316]
 [0.87267154 0.06150965 0.06581879]]
probabilities: [[0. 0. 1.]
 [0. 1. 0.]
 [0. 0. 1.]
 [0. 0. 1.]
 [0. 0. 1.]]
probabilities: [[0.44778377 0.19361022 0.358606  ]
 [0.76421034 0.19209659 0.04369309]
 [0.54640037 0.15216245 0.30143717]
 [0.02936457 0.7254208  0.24521464]
 [0.16787179 0.72838676 0.10374148]]
probabilities: [[0.0994456  0.8313981  0.06915627]
 [0.26403058 0.44077253 0.2951969 ]
 [0.63517326 0.05846341 0.30636334]
 [0.17643613 0.48632154 0.33724234]
 [0.35677373 0.10630982 0.53691643]]
probabilities: [[0.63906604 0.34627712 0.01465686]
 [0.30188945 0.3601563  0.33795425]
 [0.04312377 0.06456842 0.8923078 ]
 [0.6733405  0.2364573  0.09020218]
 [0.75904614 0.19742212 0.04353175]]
probabilities: [[0. 0. 1.]
 [0. 1. 0.]
 [0. 1. 0.]
 [0. 0. 1.]
 [0. 0. 1.]]
probabilities: [[0.03234284 0.41082245 0.5568347 ]
 [0.48538324 0.00642921 0.50818753]
 [0.29430848 0.12857547 0.577116  ]
 [0.38422248 0.5830374  0.03274017]
 [0.06643159 0.82221264 0.11135578]]
probabilities: [[0.63643223 0.27389604 0.08967175]
 [0.2915552  0.47844848 0.22999632]
 [0.03886883 0.44210514 0.51902604]
 [0.529985   0.44116497 0.02885   ]
 [0.28988737 0.3360515  0.37406114]]
probabilities: [[0.14214543 0.21033597 0.64751863]
 [0.26692647 0.2981392  0.43493432]
 [0.5860241  0.27643967 0.13753621]
 [0.55646765 0.34601048 0.09752189]
 [0.50973356 0.172679   0.31758744]]
probabilities: [[0. 0. 1.]
 [0. 1. 0.]
 [0. 1. 0.]
 [0. 0. 1.]
 [0. 0. 1.]]
probabilities: [[0.07105405 0.11966103 0.8092849 ]
 [0.6141194  0.2176622  0.1682184 ]
 [0.11129314 0.1762888  0.7124181 ]
 [0.4921018  0.28033763 0.22756056]
 [0.01543372 0.00421349 0.9803528 ]]
probabilities: [[0.15759993 0.61676335 0.22563672]
 [0.77951527 0.05761649 0.16286825]
 [0.32900807 0.40920007 0.26179183]
 [0.07482427 0.5886014  0.33657432]
 [0.20312335 0.6877128  0.10916386]]
probabilities: [[0.62950754 0.07612574 0.29436675]
 [0.25034827 0.50046104 0.24919069]
 [0.07547357 0.58156615 0.34296027]
 [0.43082163 0.31567013 0.25350827]
 [0.5866564  0.24283011 0.17051348]]
probabilities: [[0. 0. 1.]
 [0. 1. 0.]
 [0. 0. 1.]
 [0. 0. 1.]
 [0. 0. 1.]]
probabilities: [[0.00631651 0.00584583 0.9878377 ]
 [0.49707147 0.32710987 0.17581865]
 [0.3677163  0.5636872  0.0685965 ]
 [0.21592991 0.611263   0.17280713]
 [0.16970657 0.07737122 0.75292224]]
probabilities: [[0.02508842 0.61596495 0.35894662]
 [0.01576505 0.26153648 0.72269845]
 [0.50070465 0.49107414 0.00822122]
 [0.01898551 0.62737775 0.3536367 ]
 [0.31083438 0.28559658 0.40356904]]
probabilities: [[0.5771849  0.12762888 0.29518622]
 [0.15701556 0.5372644  0.30572003]
 [0.2644481  0.66112477 0.07442713]
 [0.03563483 0.72072476 0.24364044]
 [0.3791177  0.11739196 0.5034903 ]]
probabilities: [[0. 0. 1.]
 [0. 1. 0.]
 [0. 0. 1.]
 [0. 0. 1.]
 [0. 0. 1.]]
probabilities: [[0.46768898 0.12489668 0.40741432]
 [0.36525622 0.22818284 0.40656096]
 [0.12268907 0.31849897 0.55881196]
 [0.05168713 0.8435445  0.1047684 ]
 [0.23660517 0.68780035 0.07559446]]
probabilities: [[0.47364175 0.2596585  0.26669973]
 [0.6043191  0.29305577 0.1026251 ]
 [0.6344531  0.20479919 0.16074772]
 [0.45246372 0.17007609 0.37746018]
 [0.4275766  0.37889904 0.19352435]]
probabilities: [[0.882579   0.04673089 0.07069009]
 [0.43310073 0.48135585 0.08554341]
 [0.1990885  0.39395875 0.40695277]
 [0.05078323 0.34502786 0.6041889 ]
 [0.37196898 0.31661746 0.31141356]]
probabilities: [[0. 0. 1.]
 [0. 1. 0.]
 [0. 0. 1.]
 [0. 0. 1.]
 [0. 0. 1.]]
probabilities: [[0.23387966 0.11998416 0.64613616]
 [0.29895037 0.4305709  0.27047873]
 [0.70497847 0.27715248 0.01786907]
 [0.8658958  0.03545703 0.09864716]
 [0.04270522 0.43865132 0.51864344]]
probabilities: [[0.49054077 0.18098529 0.32847396]
 [0.4658976  0.32485434 0.20924807]
 [0.02423834 0.76705664 0.20870498]
 [0.3592052  0.1487455  0.4920493 ]
 [0.24685426 0.5356332  0.21751252]]
probabilities: [[0.6838306  0.16042863 0.15574074]
 [0.24509643 0.15429892 0.60060465]
 [0.6870822  0.11972763 0.19319017]
 [0.20307232 0.23473145 0.5621962 ]
 [0.05483976 0.9368757  0.00828454]]
probabilities: [[0. 0. 1.]
 [0. 1. 0.]
 [0. 0. 1.]
 [0. 0. 1.]
 [0. 0. 1.]]
probabilities: [[5.53776510e-02 8.87870371e-01 5.67519777e-02]
 [5.65340996e-01 4.33775604e-01 8.83382163e-04]
 [7.02614188e-02 3.49443108e-01 5.80295503e-01]
 [1.34211285e-02 5.26181400e-01 4.60397512e-01]
 [2.80664206e-01 6.69115722e-01 5.02200760e-02]]
probabilities: [[0.75169027 0.24524237 0.00306737]
 [0.5284846  0.24439383 0.22712158]
 [0.2444059  0.7361682  0.01942591]
 [0.15761493 0.63782716 0.20455794]
 [0.6023294  0.22970444 0.16796617]]
probabilities: [[0.05499236 0.04126129 0.90374637]
 [0.04497875 0.01724639 0.93777484]
 [0.27160743 0.2602151  0.46817744]
 [0.23586878 0.65770125 0.10642999]
 [0.04600467 0.6405437  0.31345165]]
probabilities: [[0. 1. 0.]
 [0. 1. 0.]
 [0. 1. 0.]
 [0. 1. 0.]
 [0. 1. 0.]]
probabilities: [[0.36188972 0.19191474 0.44619554]
 [0.12683056 0.5358622  0.3373072 ]
 [0.1486533  0.6570272  0.19431949]
 [0.73264223 0.15480265 0.11255515]
 [0.1281544  0.81910795 0.05273764]]
probabilities: [[0.11844455 0.67117065 0.21038482]
 [0.21566789 0.70032865 0.08400343]
 [0.31642193 0.26271558 0.4208625 ]
 [0.47824854 0.2527751  0.2689764 ]
 [0.4009027  0.21708724 0.38201007]]
probabilities: [[0.5276389  0.27408758 0.19827351]
 [0.43208963 0.12853815 0.4393722 ]
 [0.8476039  0.11723253 0.03516354]
 [0.20903139 0.4937349  0.29723373]
 [0.52908176 0.19504294 0.2758753 ]]
probabilities: [[0. 0. 1.]
 [0. 1. 0.]
 [0. 0. 1.]
 [0. 0. 1.]
 [0. 0. 1.]]
probabilities: [[0.06271032 0.34721744 0.5900722 ]
 [0.2287674  0.32792595 0.44330665]
 [0.29265788 0.2138349  0.4935072 ]
 [0.27123785 0.02128255 0.7074796 ]
 [0.00630174 0.4042598  0.58943844]]
probabilities: [[0.22890362 0.03335193 0.73774445]
 [0.06548822 0.426565   0.5079468 ]
 [0.346348   0.5213991  0.13225295]
 [0.03892174 0.7012534  0.2598248 ]
 [0.00490805 0.33921775 0.6558742 ]]
probabilities: [[0.19872485 0.13029602 0.67097914]
 [0.26816377 0.23959076 0.49224547]
 [0.14742814 0.56144106 0.29113078]
 [0.81183445 0.16159333 0.02657219]
 [0.18386766 0.13907085 0.6770615 ]]
probabilities: [[0. 0. 1.]
 [0. 1. 0.]
 [0. 1. 0.]
 [0. 0. 1.]
 [0. 0. 1.]]
probabilities: [[0.27224633 0.04989405 0.6778596 ]
 [0.3765634  0.5138079  0.10962867]
 [0.36944345 0.4431549  0.18740165]
 [0.81954503 0.01648811 0.16396686]
 [0.08362484 0.29855663 0.61781853]]
probabilities: [[0.68514764 0.12393786 0.19091448]
 [0.35710734 0.03599172 0.60690093]
 [0.69889957 0.1257894  0.17531101]
 [0.30010197 0.12669969 0.5731983 ]
 [0.14454278 0.77642477 0.07903245]]
probabilities: [[0.09888119 0.7215687  0.17955011]
 [0.7223481  0.09066224 0.18698968]
 [0.33202985 0.43093112 0.23703903]
 [0.10043105 0.35965183 0.5399171 ]
 [0.18189773 0.79006016 0.02804213]]
probabilities: [[0. 0. 1.]
 [0. 1. 0.]
 [0. 1. 0.]
 [0. 0. 1.]
 [0. 0. 1.]]
probabilities: [[0.3921319  0.20682745 0.40104067]
 [0.26019704 0.4698761  0.26992685]
 [0.37264124 0.33639726 0.2909615 ]
 [0.5840635  0.16887714 0.24705936]
 [0.1392858  0.23433258 0.62638164]]
probabilities: [[0.17002095 0.26702553 0.5629535 ]
 [0.5034767  0.21287178 0.28365156]
 [0.6670449  0.17151849 0.16143663]
 [0.12213936 0.53441995 0.34344068]
 [0.08394118 0.3822178  0.533841  ]]
probabilities: [[0.27427042 0.3577955  0.36793408]
 [0.3750523  0.16846257 0.45648512]
 [0.51501596 0.26541343 0.2195706 ]
 [0.69585204 0.28863534 0.01551261]
 [0.02980727 0.7786519  0.19154085]]
probabilities: [[0. 1. 0.]
 [0. 1. 0.]
 [0. 1. 0.]
 [0. 1. 0.]
 [0. 1. 0.]]
probabilities: [[0.11408188 0.59292156 0.2929966 ]
 [0.30014867 0.6369884  0.06286295]
 [0.5228392  0.2558697  0.22129111]
 [0.58631176 0.07279754 0.34089068]
 [0.10448452 0.40865752 0.48685795]]
probabilities: [[0.02170873 0.6486069  0.32968435]
 [0.02303537 0.39482802 0.58213663]
 [0.44629997 0.3173964  0.23630364]
 [0.18668023 0.79626787 0.01705188]
 [0.3134403  0.6542028  0.0323569 ]]
probabilities: [[0.3414484  0.46189165 0.19665994]
 [0.5114538  0.03263962 0.45590657]
 [0.07720178 0.41516834 0.5076299 ]
 [0.27801034 0.4420246  0.27996507]
 [0.37236044 0.18612364 0.44151592]]
probabilities: [[0. 1. 0.]
 [0. 1. 0.]
 [0. 1. 0.]
 [0. 1. 0.]
 [0. 1. 0.]]
probabilities: [[0.24671368 0.5184395  0.23484686]
 [0.00715523 0.46839827 0.5244465 ]
 [0.17398217 0.05252346 0.77349436]
 [0.23539644 0.72256714 0.04203643]
 [0.32120118 0.6250917  0.05370713]]
probabilities: [[0.69612455 0.14614739 0.15772805]
 [0.3219047  0.6388064  0.0392889 ]
 [0.33674416 0.26599413 0.39726174]
 [0.0369534  0.37505868 0.5879879 ]
 [0.133932   0.67371184 0.19235615]]
probabilities: [[2.4720049e-01 6.9335893e-02 6.8346363e-01]
 [1.2968418e-01 7.5590563e-01 1.1441019e-01]
 [5.6133604e-01 1.3444452e-01 3.0421945e-01]
 [5.9475092e-04 3.1289235e-01 6.8651289e-01]
 [8.0706495e-01 5.6637254e-02 1.3629778e-01]]
probabilities: [[0. 0. 1.]
 [0. 1. 0.]
 [0. 1. 0.]
 [0. 0. 1.]
 [0. 0. 1.]]
probabilities: [[0.8480727  0.03157564 0.12035167]
 [0.35118    0.09894425 0.54987574]
 [0.15328406 0.543127   0.30358896]
 [0.4470115  0.13818733 0.41480118]
 [0.18388094 0.33443892 0.48168015]]
probabilities: [[0.2731383  0.39045826 0.33640346]
 [0.8069181  0.10779198 0.08528993]
 [0.3952695  0.57204664 0.03268383]
 [0.00594224 0.4523363  0.54172146]
 [0.24058767 0.15948959 0.5999227 ]]
probabilities: [[0.02402284 0.7295622  0.24641494]
 [0.42044872 0.19421552 0.38533574]
 [0.39111853 0.21783866 0.39104283]
 [0.5244806  0.02445785 0.45106158]
 [0.34362662 0.00483758 0.6515358 ]]
probabilities: [[0. 0. 1.]
 [0. 1. 0.]
 [0. 0. 1.]
 [0. 0. 1.]
 [0. 0. 1.]]
probabilities: [[0.45540836 0.3239314  0.22066022]
 [0.15310325 0.3097095  0.5371873 ]
 [0.12399088 0.48955628 0.38645282]
 [0.02336779 0.6811576  0.29547462]
 [0.02194574 0.03309862 0.94495565]]
probabilities: [[0.3257431  0.11515186 0.55910504]
 [0.22716786 0.08171941 0.69111276]
 [0.33849624 0.39651257 0.2649912 ]
 [0.05335999 0.48885593 0.4577841 ]
 [0.41887185 0.20663199 0.37449616]]
probabilities: [[0.06807963 0.02435683 0.90756357]
 [0.12054028 0.20048085 0.67897886]
 [0.06022955 0.22210109 0.71766937]
 [0.02462669 0.65130395 0.32406935]
 [0.21971904 0.10589151 0.6743895 ]]
probabilities: [[0. 0. 1.]
 [0. 1. 0.]
 [0. 1. 0.]
 [0. 0. 1.]
 [0. 0. 1.]]
probabilities: [[0.38539535 0.2671944  0.34741026]
 [0.24470161 0.5856775  0.16962092]
 [0.47583348 0.26451552 0.259651  ]
 [0.00541651 0.08607873 0.9085048 ]
 [0.05446906 0.5426816  0.40284938]]
probabilities: [[1.2838568e-01 7.1907687e-01 1.5253745e-01]
 [1.5213862e-01 7.9089093e-01 5.6970462e-02]
 [4.8913665e-02 1.9411141e-01 7.5697494e-01]
 [4.4804105e-01 2.3893677e-01 3.1302217e-01]
 [2.6712883e-01 7.3268491e-01 1.8625095e-04]]
probabilities: [[0.6000042  0.3618341  0.03816172]
 [0.10125425 0.3395702  0.55917555]
 [0.53730345 0.4391412  0.02355534]
 [0.7504425  0.1172452  0.13231228]
 [0.3579289  0.4544577  0.18761341]]
probabilities: [[1. 0. 0.]
 [1. 0. 0.]
 [1. 0. 0.]
 [1. 0. 0.]
 [1. 0. 0.]]
probabilities: [[0.4344361  0.15426148 0.4113024 ]
 [0.4090745  0.28673324 0.30419227]
 [0.12912203 0.11421153 0.7566664 ]
 [0.04298882 0.7079588  0.24905239]
 [0.42611626 0.5273169  0.04656681]]
probabilities: [[0.18831925 0.11304929 0.69863147]
 [0.3972209  0.41791472 0.18486437]
 [0.3432158  0.51209253 0.14469168]
 [0.03759006 0.2774832  0.68492675]
 [0.4304676  0.48273167 0.08680074]]
probabilities: [[0.13695969 0.67244124 0.19059904]
 [0.08342552 0.52149653 0.39507794]
 [0.20102738 0.14676179 0.65221083]
 [0.7705292  0.01172514 0.21774563]
 [0.33577144 0.31673357 0.347495  ]]
probabilities: [[0. 0. 1.]
 [0. 1. 0.]
 [0. 0. 1.]
 [0. 0. 1.]
 [0. 0. 1.]]
probabilities: [[0.69956017 0.07687325 0.2235666 ]
 [0.12977526 0.77210456 0.09812018]
 [0.02681488 0.7319309  0.24125418]
 [0.13148114 0.39128485 0.477234  ]
 [0.35771868 0.51383346 0.12844786]]
probabilities: [[0.04564913 0.8457363  0.10861456]
 [0.87391216 0.1041543  0.02193354]
 [0.6037495  0.19219856 0.20405191]
 [0.14664969 0.30349666 0.5498537 ]
 [0.26653802 0.07848463 0.6549773 ]]
probabilities: [[0.43035406 0.13212708 0.43751886]
 [0.62675357 0.3386174  0.03462901]
 [0.1337008  0.25542125 0.61087793]
 [0.22039461 0.06286354 0.71674186]
 [0.11837833 0.5818731  0.29974857]]
probabilities: [[1. 0. 0.]
 [1. 0. 0.]
 [1. 0. 0.]
 [1. 0. 0.]
 [1. 0. 0.]]
probabilities: [[0.31381562 0.24322388 0.44296047]
 [0.29382744 0.11791894 0.5882536 ]
 [0.1127102  0.6149773  0.27231252]
 [0.44517368 0.33708653 0.21773978]
 [0.02609645 0.6248451  0.34905848]]
probabilities: [[0.38887364 0.215713   0.39541337]
 [0.22128467 0.45604584 0.3226695 ]
 [0.3478766  0.282382   0.36974135]
 [0.13361913 0.02284294 0.8435379 ]
 [0.14399295 0.2289074  0.62709963]]
probabilities: [[0.5713681  0.32464045 0.10399145]
 [0.5479436  0.06623916 0.38581726]
 [0.7224436  0.15084967 0.12670673]
 [0.2959973  0.62143594 0.08256674]
 [0.11838969 0.46674517 0.41486514]]
probabilities: [[1. 0. 0.]
 [1. 0. 0.]
 [1. 0. 0.]
 [1. 0. 0.]
 [1. 0. 0.]]
probabilities: [[0.13348125 0.7433165  0.12320229]
 [0.71684897 0.17789021 0.10526083]
 [0.15523717 0.62171936 0.22304349]
 [0.14616492 0.68365353 0.17018154]
 [0.09044768 0.8518338  0.05771852]]
probabilities: [[0.2016912  0.4953871  0.3029217 ]
 [0.4380035  0.1942968  0.36769968]
 [0.48489663 0.12189578 0.39320758]
 [0.64625853 0.00363401 0.35010746]
 [0.0639659  0.2636978  0.6723363 ]]
probabilities: [[0.02660476 0.5661011  0.40729415]
 [0.03261169 0.15307291 0.8143154 ]
 [0.26234812 0.6010669  0.13658501]
 [0.7034184  0.2221364  0.07444524]
 [0.02234768 0.69810563 0.2795467 ]]
probabilities: [[0. 1. 0.]
 [0. 1. 0.]
 [0. 1. 0.]
 [0. 1. 0.]
 [0. 1. 0.]]
probabilities: [[0.09272103 0.43756124 0.46971774]
 [0.05644916 0.927929   0.01562183]
 [0.19585365 0.61170673 0.19243963]
 [0.8762575  0.10707519 0.01666733]
 [0.81646866 0.01274123 0.17079012]]
probabilities: [[0.7021277  0.21011344 0.08775886]
 [0.3154304  0.09089241 0.5936772 ]
 [0.56064236 0.24794057 0.19141705]
 [0.836947   0.09643339 0.06661959]
 [0.9398759  0.01124135 0.04888277]]
probabilities: [[0.4335565  0.08045298 0.48599052]
 [0.06708501 0.5146362  0.41827875]
 [0.17105207 0.11217353 0.7167744 ]
 [0.502213   0.23006064 0.2677264 ]
 [0.09511025 0.3259645  0.5789252 ]]
probabilities: [[0. 0. 1.]
 [0. 1. 0.]
 [0. 0. 1.]
 [0. 0. 1.]
 [0. 0. 1.]]
probabilities: [[0.04895777 0.64624757 0.30479464]
 [0.05576738 0.26132277 0.68290985]
 [0.65426457 0.09895778 0.24677767]
 [0.4962142  0.0975385  0.4062473 ]
 [0.11602624 0.6530453  0.23092844]]
probabilities: [[0.36749315 0.28130215 0.3512047 ]
 [0.4814839  0.3581859  0.1603302 ]
 [0.47698745 0.09966338 0.42334917]
 [0.17740987 0.16328213 0.659308  ]
 [0.1927079  0.7716527  0.03563944]]
probabilities: [[0.02136685 0.47340226 0.5052309 ]
 [0.15820979 0.7575236  0.08426662]
 [0.5382888  0.2230467  0.23866454]
 [0.25256172 0.4059024  0.3415359 ]
 [0.09537184 0.72145563 0.18317254]]
probabilities: [[0. 1. 0.]
 [0. 1. 0.]
 [0. 1. 0.]
 [0. 1. 0.]
 [0. 1. 0.]]
probabilities: [[0.470008   0.4766478  0.05334423]
 [0.04184824 0.69289213 0.26525965]
 [0.35537526 0.44952574 0.195099  ]
 [0.39547083 0.51984    0.08468915]
 [0.20019864 0.61223567 0.1875657 ]]
probabilities: [[0.39397773 0.29685193 0.3091703 ]
 [0.17782475 0.204799   0.61737627]
 [0.6653007  0.15052857 0.18417071]
 [0.22885208 0.6652014  0.10594651]
 [0.57510865 0.24500667 0.1798847 ]]
probabilities: [[0.17222752 0.7210977  0.10667476]
 [0.84356946 0.097293   0.05913754]
 [0.43838903 0.16835955 0.39325142]
 [0.19766083 0.46438107 0.3379581 ]
 [0.05115141 0.1461882  0.8026604 ]]
probabilities: [[0. 1. 0.]
 [0. 1. 0.]
 [0. 1. 0.]
 [0. 1. 0.]
 [0. 1. 0.]]
probabilities: [[0.194368   0.02096042 0.78467155]
 [0.29454672 0.66402483 0.04142845]
 [0.9054198  0.0450916  0.04948857]
 [0.6351621  0.09611233 0.26872557]
 [0.33171967 0.2461689  0.42211145]]
probabilities: [[0.00243897 0.5978411  0.39971995]
 [0.03331935 0.04250295 0.9241777 ]
 [0.38064477 0.43496934 0.1843859 ]
 [0.39404878 0.43209544 0.17385578]
 [0.34137246 0.1666614  0.49196616]]
probabilities: [[0.49022973 0.3459098  0.16386046]
 [0.38936004 0.29630038 0.31433958]
 [0.0474396  0.0312408  0.9213196 ]
 [0.44774112 0.08674434 0.46551454]
 [0.2721986  0.5135449  0.21425648]]
probabilities: [[1. 0. 0.]
 [1. 0. 0.]
 [1. 0. 0.]
 [1. 0. 0.]
 [1. 0. 0.]]
probabilities: [[0.15562086 0.7102098  0.13416938]
 [0.16677159 0.10038584 0.73284256]
 [0.2941368  0.55297863 0.15288459]
 [0.22838366 0.5892384  0.1823779 ]
 [0.29144853 0.37362018 0.3349313 ]]
probabilities: [[0.44788957 0.43447474 0.11763569]
 [0.609914   0.33549577 0.05459022]
 [0.45290312 0.1214873  0.4256096 ]
 [0.29450908 0.10670865 0.5987823 ]
 [0.0840012  0.42080963 0.49518916]]
probabilities: [[0.43038055 0.53736854 0.03225092]
 [0.15516162 0.7726708  0.07216755]
 [0.47157374 0.14891927 0.379507  ]
 [0.41436246 0.03323045 0.5524071 ]
 [0.11960465 0.5664678  0.3139275 ]]
probabilities: [[0. 1. 0.]
 [0. 1. 0.]
 [0. 1. 0.]
 [0. 1. 0.]
 [0. 1. 0.]]
probabilities: [[0.12249383 0.64407396 0.2334322 ]
 [0.53256476 0.2690234  0.19841184]
 [0.17493612 0.63583577 0.1892281 ]
 [0.27964643 0.40144348 0.3189101 ]
 [0.02082208 0.52448094 0.45469698]]
probabilities: [[0.33874536 0.5541414  0.10711327]
 [0.69141734 0.05144642 0.25713623]
 [0.38175765 0.16461837 0.45362395]
 [0.05502881 0.54800475 0.39696643]
 [0.72444063 0.09447905 0.18108031]]
probabilities: [[0.13948132 0.46051365 0.40000504]
