probabilities: [[0. 0. 1.]
 [0. 1. 0.]
 [0. 1. 0.]
 [0. 0. 1.]
 [0. 0. 1.]]
probabilities: [[0.535121   0.02783482 0.4370441 ]
 [0.01160175 0.73188025 0.25651798]
 [0.5987283  0.12231828 0.2789534 ]
 [0.72715026 0.03886909 0.23398064]
 [0.611118   0.22279081 0.1660912 ]]
probabilities: [[0.04538429 0.57653654 0.37807918]
 [0.5877587  0.04131778 0.3709235 ]
 [0.08357206 0.32482675 0.5916012 ]
 [0.2471973  0.4044381  0.34836462]
 [0.58431166 0.32083932 0.094849  ]]
probabilities: [[0.09500596 0.5400597  0.36493433]
 [0.05229297 0.6677097  0.27999732]
 [0.53440255 0.24431749 0.22127998]
 [0.11838191 0.5961538  0.2854643 ]
 [0.44384885 0.3322652  0.22388597]]
probabilities: [[0.62967867 0.11843068 0.2518907 ]
 [0.31001318 0.1589933  0.5309935 ]
 [0.03325935 0.39945468 0.56728595]
 [0.12841818 0.17576581 0.695816  ]
 [0.42176738 0.2033564  0.37487623]]
probabilities: [[0.22981228 0.5861235  0.1840642 ]
 [0.6651115  0.01229983 0.32258868]
 [0.402966   0.4409814  0.15605262]
 [0.26147792 0.4405867  0.29793537]
 [0.03732925 0.73309994 0.2295708 ]]
probabilities: [[0. 1. 0.]
 [0. 1. 0.]
 [0. 1. 0.]
 [0. 1. 0.]
 [0. 1. 0.]]
probabilities: [[0.29585588 0.0934179  0.61072624]
 [0.18001711 0.3122587  0.50772417]
 [0.03635965 0.13352275 0.8301176 ]
 [0.3420758  0.6508157  0.00710847]
 [0.17402966 0.30698878 0.5189816 ]]
probabilities: [[0.26659903 0.5249856  0.20841536]
 [0.45209718 0.45948663 0.08841619]
 [0.4069037  0.2495608  0.34353548]
 [0.24287814 0.54298437 0.21413751]
 [0.00915643 0.46134073 0.5295028 ]]
probabilities: [[0.33675137 0.65143836 0.01181025]
 [0.17156433 0.05569649 0.7727392 ]
 [0.4034017  0.24480233 0.35179594]
 [0.786662   0.07017522 0.14316279]
 [0.12751004 0.47272292 0.39976704]]
probabilities: [[0.4143159  0.35483074 0.23085333]
 [0.4951791  0.05809123 0.4467297 ]
 [0.07811929 0.08886574 0.83301497]
 [0.1424224  0.33568406 0.52189356]
 [0.06942399 0.29456177 0.6360142 ]]
probabilities: [[0.4782049  0.41307032 0.10872477]
 [0.24099587 0.40772617 0.35127798]
 [0.18020037 0.5315397  0.28825995]
 [0.11045017 0.00358747 0.88596237]
 [0.6771933  0.06893896 0.25386775]]
probabilities: [[0. 1. 0.]
 [0. 1. 0.]
 [0. 1. 0.]
 [0. 1. 0.]
 [0. 1. 0.]]
probabilities: [[0.4223987  0.30827186 0.26932943]
 [0.08219861 0.7432113  0.17459007]
 [0.17572615 0.69758105 0.12669279]
 [0.6909046  0.2551302  0.05396519]
 [0.08778279 0.02144428 0.89077294]]
probabilities: [[0.60441965 0.2879572  0.10762318]
 [0.4617289  0.07805845 0.46021265]
 [0.19099782 0.5203714  0.28863078]
 [0.20766366 0.44358295 0.3487534 ]
 [0.2934294  0.26458013 0.44199046]]
probabilities: [[0.529251   0.32972828 0.14102075]
 [0.2184331  0.3120554  0.46951148]
 [0.34328273 0.27339095 0.38332635]
 [0.1942426  0.7291228  0.07663459]
 [0.45593736 0.05716757 0.48689508]]
probabilities: [[0.2682222  0.01374005 0.7180377 ]
 [0.2681845  0.19402672 0.53778875]
 [0.01127817 0.8922939  0.09642794]
 [0.1040495  0.12929076 0.76665974]
 [0.21164264 0.14873967 0.6396177 ]]
probabilities: [[0.01168856 0.7321004  0.256211  ]
 [0.4417811  0.05366269 0.5045562 ]
 [0.2598192  0.11693862 0.6232422 ]
 [0.31245914 0.01612128 0.67141956]
 [0.02466572 0.38936692 0.58596736]]
probabilities: [[0. 1. 0.]
 [0. 1. 0.]
 [0. 1. 0.]
 [0. 1. 0.]
 [0. 1. 0.]]
probabilities: [[0.48393115 0.2844283  0.23164053]
 [0.12670283 0.5391763  0.33412084]
 [0.07265639 0.7355129  0.1918307 ]
 [0.4669358  0.21569861 0.31736556]
 [0.369499   0.3316037  0.29889733]]
probabilities: [[0.0898853  0.16853067 0.741584  ]
 [0.07533749 0.80835485 0.11630763]
 [0.22092544 0.6875172  0.09155732]
 [0.0357388  0.84840006 0.11586113]
 [0.1827156  0.23982178 0.5774626 ]]
probabilities: [[0.76237136 0.21460266 0.023026  ]
 [0.24351777 0.23486777 0.5216145 ]
 [0.14780685 0.4881498  0.36404335]
 [0.0049037  0.7722396  0.22285666]
 [0.04368514 0.87410855 0.08220633]]
probabilities: [[0.26691845 0.4691367  0.26394486]
 [0.31953982 0.5477402  0.13271996]
 [0.07281999 0.44596347 0.48121652]
 [0.8708341  0.10531737 0.02384852]
 [0.37937272 0.45271948 0.16790779]]
probabilities: [[0.00829647 0.7950312  0.19667237]
 [0.19026807 0.49514374 0.3145882 ]
 [0.37779048 0.208908   0.4133015 ]
 [0.41460687 0.5201681  0.06522501]
 [0.07720159 0.22212614 0.70067227]]
probabilities: [[1. 0. 0.]
 [1. 0. 0.]
 [1. 0. 0.]
 [1. 0. 0.]
 [1. 0. 0.]]
probabilities: [[0.8602683  0.06942956 0.07030214]
 [0.35340968 0.08514065 0.56144965]
 [0.36358377 0.1506125  0.48580372]
 [0.00943657 0.02605228 0.96451116]
 [0.43923524 0.31243107 0.2483337 ]]
probabilities: [[0.6057777  0.07405692 0.3201654 ]
 [0.36350524 0.40098125 0.23551352]
 [0.33790332 0.44392    0.21817671]
 [0.30007395 0.06764445 0.6322816 ]
 [0.7956245  0.1724341  0.03194141]]
probabilities: [[0.1871897  0.79231685 0.02049348]
 [0.50881296 0.07450136 0.41668567]
 [0.6926892  0.27792272 0.02938812]
 [0.78511703 0.20998788 0.00489509]
 [0.04997965 0.3986726  0.55134773]]
probabilities: [[0.814816   0.12524304 0.05994095]
 [0.6000956  0.30634245 0.0935619 ]
 [0.45310608 0.1789361  0.36795783]
 [0.3361106  0.2100275  0.4538619 ]
 [0.10959844 0.03644592 0.8539556 ]]
probabilities: [[0.42867082 0.46983862 0.10149056]
 [0.7430264  0.17170331 0.08527034]
 [0.8950956  0.05370694 0.05119748]
 [0.3639708  0.24301624 0.39301297]
 [0.6561217  0.02113467 0.32274365]]
probabilities: [[0. 0. 1.]
 [0. 1. 0.]
 [0. 1. 0.]
 [0. 0. 1.]
 [0. 0. 1.]]
probabilities: [[0.006171   0.58947575 0.40435326]
 [0.03408635 0.666265   0.29964867]
 [0.8024031  0.17464072 0.02295622]
 [0.3424041  0.53120524 0.12639065]
 [0.03814022 0.63785625 0.32400352]]
probabilities: [[0.23917614 0.2589288  0.50189507]
 [0.11097822 0.547541   0.34148076]
 [0.24550548 0.57258344 0.18191107]
 [0.46875024 0.45390978 0.07733998]
 [0.16400814 0.5041903  0.3318015 ]]
probabilities: [[0.11390269 0.2530778  0.6330195 ]
 [0.1963619  0.65029234 0.15334573]
 [0.11722875 0.55160546 0.3311658 ]
 [0.09702768 0.51508206 0.38789025]
 [0.0878158  0.46967646 0.4425077 ]]
probabilities: [[0.19526456 0.17621791 0.6285175 ]
 [0.43532774 0.03224907 0.5324232 ]
 [0.14525571 0.00219284 0.85255146]
 [0.59037554 0.02802477 0.38159966]
 [0.20171438 0.54232275 0.25596285]]
probabilities: [[0.6061528  0.12846856 0.26537868]
 [0.7148253  0.17645659 0.10871816]
 [0.05097573 0.45075303 0.49827123]
 [0.16152935 0.00510039 0.83337027]
 [0.22934127 0.06647405 0.7041847 ]]
probabilities: [[0. 1. 0.]
 [0. 1. 0.]
 [0. 1. 0.]
 [0. 1. 0.]
 [0. 1. 0.]]
probabilities: [[0.42792833 0.53449    0.0375817 ]
 [0.4583961  0.45090356 0.09070033]
 [0.27589178 0.7028364  0.02127181]
 [0.65218246 0.04130197 0.30651554]
 [0.33093092 0.40758    0.2614891 ]]
probabilities: [[0.35503957 0.45190293 0.19305752]
 [0.74068534 0.24104656 0.01826812]
 [0.9556761  0.03141972 0.01290418]
 [0.3400293  0.626011   0.03395967]
 [0.49331036 0.41177863 0.09491102]]
probabilities: [[0.5897378  0.06301448 0.34724778]
 [0.51888925 0.11520573 0.36590502]
 [0.01293064 0.44624072 0.54082865]
 [0.458318   0.07835685 0.46332514]
 [0.14705814 0.17181587 0.681126  ]]
probabilities: [[0.11717881 0.28126407 0.60155714]
 [0.04150607 0.17852415 0.77996975]
 [0.9163697  0.03939139 0.04423891]
 [0.60791475 0.2253976  0.16668767]
 [0.26062524 0.11100687 0.6283679 ]]
probabilities: [[0.02342961 0.71375364 0.26281673]
 [0.59093326 0.00140194 0.4076648 ]
 [0.34012827 0.65308034 0.00679137]
 [0.15315562 0.77557343 0.07127097]
 [0.42358598 0.34370545 0.23270857]]
probabilities: [[0. 1. 0.]
 [0. 1. 0.]
 [0. 1. 0.]
 [0. 1. 0.]
 [0. 1. 0.]]
probabilities: [[0.6653949  0.2946173  0.03998782]
 [0.18735896 0.5473488  0.26529226]
 [0.2006051  0.7249742  0.07442068]
 [0.48438516 0.44758433 0.06803053]
 [0.42197743 0.27787143 0.30015114]]
probabilities: [[0.60622364 0.31435117 0.0794252 ]
 [0.18474227 0.21857339 0.59668434]
 [0.2230122  0.23563357 0.54135424]
 [0.20102076 0.7018783  0.09710094]
 [0.43173048 0.11357325 0.45469627]]
probabilities: [[0.3845654  0.4543724  0.1610622 ]
 [0.13382447 0.0468894  0.8192861 ]
 [0.44542423 0.42738816 0.12718761]
 [0.08888892 0.6627876  0.24832347]
 [0.3716672  0.40194255 0.22639026]]
probabilities: [[0.5344657  0.09863359 0.3669007 ]
 [0.3990909  0.05305309 0.54785603]
 [0.3577991  0.2355973  0.40660357]
 [0.30849192 0.0014473  0.6900608 ]
 [0.3405658  0.11036247 0.5490717 ]]
probabilities: [[0.65977454 0.33598226 0.00424321]
 [0.45496202 0.17366284 0.37137514]
 [0.8313492  0.13103618 0.03761462]
 [0.13098551 0.00543713 0.86357737]
 [0.2564272  0.7314587  0.01211408]]
probabilities: [[0. 0. 1.]
 [0. 1. 0.]
 [0. 1. 0.]
 [0. 0. 1.]
 [0. 0. 1.]]
probabilities: [[0.2874354  0.45247197 0.2600926 ]
 [0.4482178  0.16326788 0.3885143 ]
 [0.6245762  0.0024829  0.37294087]
 [0.27103058 0.7260981  0.0028713 ]
 [0.277819   0.217405   0.504776  ]]
probabilities: [[0.88668805 0.08584408 0.02746789]
 [0.05584352 0.2796454  0.6645111 ]
 [0.35603437 0.18357083 0.4603948 ]
 [0.03859376 0.84673893 0.1146673 ]
 [0.29973876 0.6575974  0.04266383]]
probabilities: [[0.5121651  0.0369568  0.45087805]
 [0.5386388  0.05807353 0.4032877 ]
 [0.2261818  0.7008895  0.07292867]
 [0.11855179 0.57766163 0.3037866 ]
 [0.19147031 0.4888918  0.3196379 ]]
probabilities: [[0.19401698 0.01348867 0.79249436]
 [0.13766864 0.26880324 0.59352815]
 [0.47216877 0.19370422 0.334127  ]
 [0.70262563 0.04435969 0.25301465]
 [0.25672188 0.40450782 0.33877027]]
probabilities: [[0.58645177 0.2560159  0.15753235]
 [0.24019848 0.59323335 0.16656817]
 [0.30153432 0.57200086 0.1264648 ]
 [0.03125689 0.7939552  0.1747879 ]
 [0.382342   0.30508447 0.31257352]]
probabilities: [[0. 0. 1.]
 [0. 1. 0.]
 [0. 0. 1.]
 [0. 0. 1.]
 [0. 0. 1.]]
probabilities: [[0.37504154 0.00882286 0.6161356 ]
 [0.87414956 0.08312985 0.04272059]
 [0.5877616  0.39695737 0.01528108]
 [0.17536983 0.7030424  0.12158777]
 [0.27978548 0.50494444 0.2152701 ]]
probabilities: [[0.73419374 0.08002397 0.1857823 ]
 [0.2578684  0.24631386 0.49581775]
 [0.03042298 0.15118976 0.81838727]
 [0.30376908 0.36525115 0.33097976]
 [0.2966843  0.0918498  0.61146593]]
probabilities: [[0.07528383 0.1838828  0.74083334]
 [0.37700146 0.13429311 0.48870546]
 [0.28542405 0.05681162 0.6577643 ]
 [0.25652447 0.42882803 0.3146475 ]
 [0.1893714  0.11238264 0.69824594]]
probabilities: [[0.3766544  0.11492686 0.50841874]
 [0.55950546 0.35602835 0.08446617]
 [0.20359306 0.52828103 0.26812592]
 [0.46106067 0.22131683 0.31762248]
 [0.27925923 0.5372585  0.18348223]]
probabilities: [[0.41253844 0.11564981 0.47181174]
 [0.4326678  0.29047462 0.27685758]
 [0.04359544 0.17011173 0.78629285]
 [0.08564283 0.6577568  0.25660038]
 [0.66689223 0.20290758 0.1302002 ]]
probabilities: [[1. 0. 0.]
 [1. 0. 0.]
 [1. 0. 0.]
 [1. 0. 0.]
 [1. 0. 0.]]
probabilities: [[0.05329139 0.87038165 0.07632697]
 [0.3778287  0.3898006  0.23237069]
 [0.34216723 0.44521534 0.21261743]
 [0.17720635 0.17787416 0.6449195 ]
 [0.3815139  0.6096013  0.00888479]]
probabilities: [[0.6832892  0.28695452 0.02975632]
 [0.6405493  0.0844547  0.27499598]
 [0.16873796 0.4764046  0.35485741]
 [0.39241663 0.2367555  0.37082785]
 [0.4605282  0.28488678 0.25458503]]
probabilities: [[0.72034425 0.05398512 0.22567067]
 [0.05318954 0.32641596 0.6203945 ]
 [0.74545896 0.06600221 0.18853882]
 [0.3839007  0.16990566 0.44619364]
 [0.12753513 0.8598626  0.01260226]]
probabilities: [[2.9563269e-01 3.3584073e-01 3.6852658e-01]
 [1.0089919e-01 8.1523782e-01 8.3863005e-02]
 [5.8971298e-01 2.4796757e-04 4.1003904e-01]
 [7.4471641e-01 5.1990677e-02 2.0329291e-01]
 [3.4841219e-01 1.6014093e-01 4.9144688e-01]]
probabilities: [[0.17629126 0.00273481 0.82097393]
 [0.01900197 0.86972517 0.11127284]
 [0.0849079  0.06959002 0.8455021 ]
 [0.08411615 0.7627412  0.15314263]
 [0.2566164  0.6921975  0.0511861 ]]
probabilities: [[1. 0. 0.]
 [1. 0. 0.]
 [1. 0. 0.]
 [1. 0. 0.]
 [1. 0. 0.]]
probabilities: [[0.10613057 0.05451947 0.83935   ]
 [0.17995921 0.79995257 0.02008825]
 [0.0062151  0.0492794  0.9445055 ]
 [0.47856    0.48393023 0.03750977]
 [0.21313356 0.42273894 0.36412752]]
probabilities: [[0.77138793 0.08295006 0.14566202]
 [0.52985686 0.06137577 0.4087674 ]
 [0.22862944 0.30672258 0.46464798]
 [0.8414073  0.01284936 0.14574336]
 [0.18880871 0.44174692 0.36944437]]
probabilities: [[0.6683662  0.0623945  0.2692393 ]
 [0.46858442 0.45441973 0.07699584]
 [0.31669632 0.18869881 0.4946049 ]
 [0.10725555 0.734407   0.15833743]
 [0.33047658 0.00346288 0.6660605 ]]
probabilities: [[0.7792444  0.12114719 0.09960841]
 [0.44273064 0.13090661 0.42636275]
 [0.10926572 0.01246548 0.8782688 ]
 [0.54699105 0.4431822  0.00982678]
 [0.13909602 0.6642729  0.19663109]]
probabilities: [[0.19433023 0.7058898  0.09977999]
 [0.1729229  0.16035694 0.66672015]
 [0.32071882 0.52372205 0.1555591 ]
 [0.42949718 0.04502253 0.5254803 ]
 [0.14643605 0.8126882  0.04087575]]
probabilities: [[0. 1. 0.]
 [0. 1. 0.]
 [0. 1. 0.]
 [0. 1. 0.]
 [0. 1. 0.]]
probabilities: [[0.31106663 0.45231682 0.23661654]
 [0.06667981 0.22305606 0.71026415]
 [0.7437487  0.2153312  0.04092006]
 [0.573438   0.10847569 0.3180863 ]
 [0.6742937  0.0820571  0.24364917]]
probabilities: [[0.15937641 0.5996248  0.24099877]
 [0.04561962 0.8208148  0.13356556]
 [0.20061123 0.32051364 0.47887513]
 [0.4046364  0.4055786  0.18978499]
 [0.401027   0.03426974 0.5647033 ]]
probabilities: [[0.13016947 0.35126242 0.5185681 ]
 [0.54471713 0.29665434 0.15862855]
 [0.03970004 0.50320476 0.4570952 ]
 [0.5600288  0.14537264 0.29459858]
 [0.07152276 0.25972942 0.66874784]]
probabilities: [[0.21477832 0.10322168 0.682     ]
 [0.26435018 0.43495104 0.3006988 ]
 [0.2496386  0.6732291  0.07713231]
 [0.03799894 0.40289116 0.5591099 ]
 [0.00680834 0.05735307 0.9358386 ]]
probabilities: [[0.73532236 0.00923282 0.25544485]
 [0.20096503 0.5355271  0.26350784]
 [0.22002669 0.43006063 0.34991267]
 [0.1553538  0.5816566  0.2629896 ]
 [0.04419195 0.48487347 0.47093457]]
probabilities: [[0. 0. 1.]
 [0. 1. 0.]
 [0. 0. 1.]
 [0. 0. 1.]
 [0. 0. 1.]]
probabilities: [[0.29498428 0.09495784 0.6100579 ]
 [0.47795558 0.12072172 0.4013227 ]
 [0.37006932 0.40282995 0.22710073]
 [0.24418055 0.5600904  0.19572906]
 [0.25029218 0.66847426 0.08123352]]
probabilities: [[0.08913573 0.7463341  0.16453016]
 [0.0707764  0.6821944  0.24702917]
 [0.5296747  0.24914035 0.22118491]
 [0.10861397 0.62314993 0.2682361 ]
 [0.2590677  0.7028843  0.038048  ]]
probabilities: [[0.13411619 0.3973635  0.4685203 ]
 [0.14881992 0.19650523 0.6546748 ]
 [0.40379512 0.09892207 0.4972828 ]
 [0.16637793 0.29391795 0.5397041 ]
 [0.01713639 0.12708655 0.8557771 ]]
probabilities: [[0.4059803  0.45023018 0.14378953]
 [0.494107   0.208242   0.297651  ]
 [0.07925757 0.8926131  0.02812929]
 [0.50926405 0.33170682 0.1590291 ]
 [0.19230385 0.04770743 0.7599887 ]]
probabilities: [[0.49421299 0.29635236 0.20943467]
 [0.39516768 0.3603874  0.24444489]
 [0.35144582 0.0448727  0.60368145]
 [0.12435886 0.5792269  0.29641426]
 [0.15044837 0.12547648 0.72407514]]
probabilities: [[0. 0. 1.]
 [0. 1. 0.]
 [0. 1. 0.]
 [0. 0. 1.]
 [0. 0. 1.]]
probabilities: [[0.01303965 0.47321993 0.5137404 ]
 [0.1363223  0.15458289 0.7090948 ]
 [0.02371883 0.22110555 0.75517565]
 [0.21263857 0.4848109  0.30255055]
 [0.07668946 0.14299493 0.78031564]]
probabilities: [[0.8331177  0.04267626 0.12420602]
 [0.13034263 0.6764811  0.19317622]
 [0.16806467 0.16645521 0.66548014]
 [0.89422405 0.05097028 0.0548057 ]
 [0.5928024  0.0345524  0.3726452 ]]
probabilities: [[0.42956632 0.2992877  0.27114597]
 [0.31168854 0.2122633  0.47604814]
 [0.06804962 0.5046209  0.42732945]
 [0.01515449 0.6726494  0.31219614]
 [0.10808311 0.26173586 0.6301811 ]]
probabilities: [[0.38736013 0.47520536 0.13743451]
 [0.13238706 0.86633295 0.00127997]
 [0.2401374  0.50655067 0.25331196]
 [0.5546701  0.06941202 0.3759179 ]
 [0.00416811 0.9348169  0.06101497]]
probabilities: [[0.6735641  0.13460846 0.19182746]
 [0.7779866  0.08798042 0.13403301]
 [0.16678251 0.26497698 0.5682405 ]
 [0.28354585 0.7128699  0.00358423]
 [0.03381992 0.37039378 0.5957863 ]]
probabilities: [[0. 0. 1.]
 [0. 1. 0.]
 [0. 1. 0.]
 [0. 0. 1.]
 [0. 0. 1.]]
probabilities: [[0.47829267 0.00195709 0.51975024]
 [0.3093712  0.3341511  0.3564777 ]
 [0.47079217 0.35351446 0.17569336]
 [0.7275492  0.06558521 0.20686561]
 [0.2628302  0.2073073  0.5298625 ]]
probabilities: [[0.7159196  0.12273218 0.16134818]
 [0.44222048 0.25815746 0.29962206]
 [0.5451616  0.1166923  0.33814612]
 [0.75265455 0.14760274 0.09974273]
 [0.09226935 0.19951457 0.7082161 ]]
probabilities: [[0.20137593 0.15600486 0.6426192 ]
 [0.5402955  0.10451373 0.35519078]
 [0.42229214 0.34889647 0.22881138]
 [0.1342214  0.04765965 0.81811893]
 [0.20294479 0.0023917  0.7946635 ]]
probabilities: [[0.11024887 0.88712704 0.00262407]
 [0.8936686  0.01587602 0.09045539]
 [0.20396855 0.00108291 0.7949485 ]
 [0.36881042 0.53670996 0.09447962]
 [0.25081977 0.73898894 0.0101913 ]]
probabilities: [[0.24837422 0.7183614  0.03326437]
 [0.7282761  0.2413634  0.03036055]
 [0.7039     0.21013533 0.08596471]
 [0.26808104 0.59620404 0.1357149 ]
 [0.6413574  0.13945761 0.21918495]]
probabilities: [[0. 0. 1.]
 [0. 1. 0.]
 [0. 1. 0.]
 [0. 0. 1.]
 [0. 0. 1.]]
probabilities: [[0.27185258 0.00235003 0.72579736]
 [0.09214249 0.2251625  0.682695  ]
 [0.24443395 0.5938141  0.16175196]
 [0.0507606  0.35008508 0.5991543 ]
 [0.12225911 0.5902889  0.287452  ]]
probabilities: [[0.31865922 0.4892402  0.19210058]
 [0.10236987 0.1825969  0.71503323]
 [0.42124304 0.06773424 0.51102275]
 [0.8823814  0.08924136 0.02837728]
 [0.13132823 0.17265585 0.69601595]]
probabilities: [[0.03378204 0.7654597  0.20075826]
 [0.31185004 0.4187418  0.2694082 ]
 [0.09125825 0.67374605 0.23499572]
 [0.39371112 0.3887591  0.21752979]
 [0.1801233  0.4717852  0.3480915 ]]
probabilities: [[0.36266792 0.26886782 0.3684643 ]
 [0.3180397  0.5763513  0.10560902]
 [0.21572675 0.08099788 0.7032754 ]
 [0.5605483  0.2853382  0.15411352]
 [0.06646129 0.38983828 0.54370046]]
probabilities: [[0.32303545 0.08602835 0.5909362 ]
 [0.31547794 0.42082942 0.26369262]
 [0.6205156  0.01034413 0.3691403 ]
 [0.73340786 0.19002315 0.07656897]
 [0.11772984 0.4686887  0.41358146]]
probabilities: [[1. 0. 0.]
 [1. 0. 0.]
 [1. 0. 0.]
 [1. 0. 0.]
 [1. 0. 0.]]
probabilities: [[3.0267796e-02 8.4266996e-01 1.2706226e-01]
 [4.6215972e-01 1.0996485e-01 4.2787543e-01]
 [8.3911493e-02 8.7699997e-01 3.9088540e-02]
 [2.4206150e-01 2.3501773e-01 5.2292079e-01]
 [1.3335250e-04 6.7431241e-01 3.2555422e-01]]
probabilities: [[0.31862664 0.04758184 0.6337915 ]
 [0.29442865 0.3631135  0.34245786]
 [0.30725223 0.31394422 0.37880355]
 [0.46449038 0.43557265 0.09993696]
 [0.5938997  0.21930248 0.18679781]]
probabilities: [[0.60755795 0.225749   0.16669303]
 [0.6833842  0.25526464 0.06135116]
 [0.11755049 0.13664821 0.74580127]
 [0.33760414 0.14392266 0.5184732 ]
 [0.58175904 0.02069525 0.3975457 ]]
probabilities: [[0.13375925 0.85831916 0.00792158]
 [0.21850462 0.23833638 0.543159  ]
 [0.4108993  0.33879828 0.2503024 ]
 [0.37361294 0.5545109  0.07187616]
 [0.33922908 0.27913523 0.3816357 ]]
probabilities: [[0.61804855 0.3721711  0.00978035]
 [0.5702605  0.23011974 0.19961977]
 [0.37827963 0.232737   0.38898337]
 [0.08373962 0.06501164 0.85124874]
 [0.5615899  0.11155365 0.32685643]]
probabilities: [[0. 1. 0.]
 [0. 1. 0.]
 [0. 1. 0.]
 [0. 1. 0.]
 [0. 1. 0.]]
probabilities: [[0.43811777 0.32154915 0.24033308]
 [0.38604516 0.3248744  0.28908044]
 [0.23151278 0.2926043  0.47588292]
 [0.02808865 0.02464879 0.9472626 ]
 [0.01503518 0.34497482 0.63999   ]]
probabilities: [[0.13071756 0.2714213  0.5978611 ]
 [0.6905005  0.1253457  0.18415383]
 [0.30352196 0.45263708 0.24384098]
 [0.5421111  0.34173515 0.11615374]
 [0.01800822 0.45417082 0.52782094]]
probabilities: [[0.1343234  0.60730296 0.25837362]
 [0.4157054  0.25782993 0.32646462]
 [0.36317387 0.45025116 0.18657497]
 [0.3765481  0.3478253  0.27562663]
 [0.09924128 0.0557566  0.8450021 ]]
probabilities: [[0.5389009  0.13020296 0.3308961 ]
 [0.36308947 0.5539913  0.08291922]
 [0.19385809 0.33678734 0.46935457]
 [0.49518338 0.01350379 0.49131286]
 [0.5009614  0.22147368 0.2775649 ]]
probabilities: [[0.18834987 0.21919988 0.59245026]
 [0.52248055 0.22342353 0.2540959 ]
 [0.11625506 0.61686116 0.26688376]
 [0.03153923 0.3747915  0.5936693 ]
 [0.22564888 0.33996788 0.43438324]]
probabilities: [[0. 0. 1.]
 [0. 1. 0.]
 [0. 1. 0.]
 [0. 0. 1.]
 [0. 0. 1.]]
probabilities: [[0.16982563 0.1462822  0.6838922 ]
 [0.2148477  0.11790321 0.6672491 ]
 [0.8342417  0.01908088 0.14667742]
 [0.03225233 0.00555197 0.9621957 ]
 [0.06717852 0.00694533 0.92587614]]
probabilities: [[0.1367029  0.7373176  0.1259795 ]
 [0.22431369 0.47382587 0.30186042]
 [0.3754826  0.03491432 0.58960307]
 [0.89240766 0.01530868 0.09228367]
 [0.70852345 0.27825394 0.01322257]]
probabilities: [[0.75596005 0.02953724 0.21450268]
 [0.31068507 0.6203336  0.06898136]
 [0.68066305 0.05497931 0.26435766]
 [0.59918547 0.13728374 0.26353076]
 [0.5632608  0.01948432 0.41725487]]
probabilities: [[0.24984388 0.7105083  0.03964786]
 [0.01632641 0.6428999  0.34077373]
 [0.4559927  0.43355748 0.11044981]
 [0.13985775 0.42070848 0.43943378]
 [0.19067879 0.3071046  0.50221664]]
probabilities: [[0.30894366 0.63308764 0.05796872]
 [0.06129354 0.21712536 0.7215811 ]
 [0.23201558 0.02830638 0.739678  ]
 [0.00302563 0.19009286 0.8068815 ]
 [0.23477136 0.11724715 0.6479815 ]]
probabilities: [[0. 1. 0.]
 [0. 1. 0.]
 [0. 1. 0.]
 [0. 1. 0.]
 [0. 1. 0.]]
probabilities: [[0.8082621  0.15064315 0.04109471]
 [0.1820966  0.57439697 0.24350643]
 [0.44195548 0.40808946 0.14995508]
 [0.12149312 0.83704835 0.04145854]
 [0.8063717  0.12368595 0.06994236]]
probabilities: [[0.19086063 0.7520493  0.05709003]
 [0.46440142 0.2057648  0.32983378]
 [0.03307144 0.38305965 0.5838689 ]
 [0.11445829 0.86978424 0.01575748]
 [0.48710248 0.23290154 0.27999598]]
probabilities: [[0.40176377 0.5593402  0.03889604]
 [0.33866403 0.16116707 0.50016886]
 [0.47248563 0.12002695 0.40748742]
 [0.20556605 0.71254194 0.08189204]
 [0.1461353  0.05081761 0.8030471 ]]
probabilities: [[0.695955   0.12825005 0.17579496]
 [0.40007827 0.4715726  0.12834913]
 [0.2618061  0.3215349  0.416659  ]
 [0.47252277 0.15042816 0.37704906]
 [0.18911253 0.2828915  0.52799594]]
probabilities: [[0.19802138 0.69009477 0.11188387]
 [0.2602548  0.30353987 0.43620533]
 [0.3545357  0.5204644  0.1249999 ]
 [0.09408478 0.02077399 0.8851412 ]
 [0.4953976  0.33385482 0.17074758]]
probabilities: [[1. 0. 0.]
 [1. 0. 0.]
 [1. 0. 0.]
 [1. 0. 0.]
 [1. 0. 0.]]
probabilities: [[0.37341392 0.6029438  0.02364231]
 [0.4710532  0.46481684 0.06412996]
 [0.40659642 0.27355063 0.31985298]
 [0.7557231  0.06354742 0.1807295 ]
 [0.55428684 0.42957917 0.01613401]]
probabilities: [[0.14063567 0.59263134 0.266733  ]
 [0.05914244 0.11602568 0.8248319 ]
 [0.85522544 0.06410219 0.08067235]
 [0.7389849  0.19524014 0.06577497]
 [0.1348983  0.44462535 0.42047635]]
probabilities: [[3.56823148e-05 6.66523516e-01 3.33440781e-01]
 [2.47127220e-01 1.30785212e-01 6.22087598e-01]
 [1.13232099e-01 5.64253449e-01 3.22514474e-01]
 [6.26482487e-01 3.02533686e-01 7.09838644e-02]
 [5.31870604e-01 1.04607895e-01 3.63521516e-01]]
probabilities: [[0.54438806 0.36142135 0.0941906 ]
 [0.49575785 0.19695501 0.30728716]
 [0.19675936 0.40717572 0.3960649 ]
 [0.74071383 0.09761341 0.16167273]
 [0.33872592 0.0938558  0.5674183 ]]
probabilities: [[0.6667786  0.06965154 0.26356983]
 [0.1725027  0.17472278 0.6527745 ]
 [0.80027384 0.13410269 0.06562347]
 [0.97293574 0.00357338 0.02349091]
 [0.09397559 0.17970583 0.7263186 ]]
probabilities: [[0. 1. 0.]
 [0. 1. 0.]
 [0. 1. 0.]
 [0. 1. 0.]
 [0. 1. 0.]]
probabilities: [[0.5837567  0.01277946 0.40346384]
 [0.05592322 0.50006443 0.44401234]
 [0.23145464 0.2832205  0.48532486]
 [0.13294297 0.21228921 0.6547678 ]
 [0.14797445 0.17446758 0.67755795]]
probabilities: [[0.5908931  0.11064584 0.29846105]
 [0.2419219  0.09730997 0.66076815]
 [0.04060105 0.09316679 0.86623216]
 [0.31267425 0.3491832  0.33814254]
 [0.6935017  0.25076744 0.05573087]]
probabilities: [[0.34348732 0.25047806 0.40603465]
 [0.35356057 0.1393426  0.5070968 ]
 [0.8964498  0.00489336 0.09865683]
 [0.3517334  0.2482482  0.40001842]
 [0.5671008  0.04650723 0.38639194]]
probabilities: [[0.14717717 0.13807362 0.7147492 ]
 [0.17559667 0.67079026 0.15361306]
 [0.17546323 0.7302986  0.09423818]
 [0.13523819 0.3940256  0.47073624]
 [0.2382387  0.7449826  0.01677868]]
probabilities: [[0.74826264 0.18316437 0.06857298]
 [0.59080595 0.29510432 0.11408974]
 [0.07209708 0.8204844  0.10741854]
 [0.38916937 0.0212385  0.58959216]
 [0.26182044 0.43732992 0.30084968]]
probabilities: [[1. 0. 0.]
 [1. 0. 0.]
 [1. 0. 0.]
 [1. 0. 0.]
 [1. 0. 0.]]
probabilities: [[6.3814890e-01 3.6172700e-01 1.2409748e-04]
 [6.2358320e-02 5.7278097e-01 3.6486068e-01]
 [9.7723819e-02 7.9886895e-01 1.0340726e-01]
 [1.2083306e-01 5.3134423e-01 3.4782273e-01]
 [9.3763145e-03 8.9115953e-01 9.9464141e-02]]
probabilities: [[0.5830102  0.3320187  0.08497108]
 [0.7406228  0.13062443 0.12875277]
 [0.1786058  0.14867382 0.6727204 ]
 [0.83014804 0.03405592 0.13579603]
 [0.35717484 0.18467507 0.4581501 ]]
probabilities: [[0.34589398 0.0999882  0.5541178 ]
 [0.17806068 0.6378765  0.18406278]
 [0.8957637  0.08878864 0.01544766]
 [0.03882466 0.8481855  0.11298987]
 [0.70696396 0.05227973 0.24075632]]
probabilities: [[0.42451063 0.39909497 0.1763944 ]
 [0.22552602 0.62231183 0.15216218]
 [0.35757756 0.13552588 0.50689656]
 [0.30881196 0.04727422 0.6439138 ]
 [0.16001861 0.59318554 0.24679583]]
probabilities: [[0.09316523 0.3551309  0.5517039 ]
 [0.31416246 0.1362193  0.54961824]
 [0.4240576  0.25871837 0.31722403]
 [0.10557345 0.00982476 0.8846018 ]
 [0.07037453 0.50229686 0.42732862]]
probabilities: [[0. 0. 1.]
 [0. 1. 0.]
 [0. 0. 1.]
 [0. 0. 1.]
 [0. 0. 1.]]
probabilities: [[0.6079694  0.17201215 0.22001848]
 [0.01419921 0.07192117 0.91387963]
 [0.93033576 0.02349685 0.04616739]
 [0.03853418 0.34293947 0.61852634]
 [0.23129214 0.6721975  0.09651032]]
probabilities: [[0.21165332 0.44854453 0.33980215]
 [0.05028769 0.09698382 0.8527285 ]
 [0.06677835 0.7766564  0.15656526]
 [0.0230389  0.79108834 0.18587273]
 [0.5472127  0.37080124 0.08198605]]
probabilities: [[0.12347502 0.30210212 0.57442284]
 [0.37392196 0.00593629 0.62014174]
 [0.2555244  0.5291763  0.2152993 ]
 [0.0221935  0.55249274 0.42531377]
 [0.18952623 0.7846583  0.02581545]]
probabilities: [[0.03477269 0.65024215 0.3149852 ]
 [0.7746179  0.16818295 0.05719915]
 [0.3074482  0.2583758  0.434176  ]
 [0.09031987 0.66988873 0.23979138]
 [0.45349118 0.24925748 0.29725134]]
probabilities: [[0.6553541  0.1015179  0.243128  ]
 [0.18849427 0.15339212 0.6581136 ]
 [0.28865108 0.48246804 0.22888088]
 [0.51148736 0.47801372 0.0104989 ]
 [0.01794419 0.64808005 0.33397573]]
probabilities: [[1. 0. 0.]
 [1. 0. 0.]
 [1. 0. 0.]
 [1. 0. 0.]
 [1. 0. 0.]]
probabilities: [[0.05410159 0.7354107  0.2104877 ]
 [0.83512187 0.14119834 0.02367981]
 [0.17080522 0.74803996 0.08115484]
 [0.12196662 0.20102815 0.67700523]
 [0.47264853 0.12642476 0.4009267 ]]
probabilities: [[0.842078   0.0390045  0.11891752]
 [0.22654781 0.64067703 0.13277517]
 [0.10231166 0.39620522 0.50148314]
 [0.6925834  0.09819335 0.20922327]
 [0.09050963 0.552922   0.35656837]]
probabilities: [[0.23555142 0.34750476 0.41694382]
 [0.20837153 0.07779954 0.7138289 ]
 [0.3926997  0.05079338 0.55650693]
 [0.57911736 0.13386647 0.28701618]
 [0.5255778  0.26297885 0.21144338]]
probabilities: [[0.15145795 0.67744446 0.17109759]
 [0.03620385 0.93440574 0.0293904 ]
 [0.4837775  0.29301012 0.22321239]
 [0.46766675 0.23207626 0.300257  ]
 [0.5343636  0.0645186  0.40111777]]
probabilities: [[0.17283298 0.03637099 0.79079604]
 [0.10002381 0.6299515  0.27002472]
 [0.18902831 0.22722763 0.58374405]
 [0.5986154  0.38530362 0.01608097]
 [0.94175804 0.04373669 0.01450526]]
probabilities: [[0. 0. 1.]
 [0. 1. 0.]
 [0. 1. 0.]
 [0. 0. 1.]
 [0. 0. 1.]]
probabilities: [[0.49308077 0.06965754 0.4372617 ]
 [0.03445873 0.93802464 0.02751663]
 [0.47417343 0.34084016 0.18498641]
 [0.10607941 0.12824811 0.76567245]
 [0.604529   0.31772605 0.07774491]]
probabilities: [[0.48260143 0.02330339 0.49409518]
 [0.54369277 0.01870677 0.43760046]
 [0.51552415 0.00468451 0.47979134]
 [0.00245387 0.9449802  0.05256594]
 [0.40513217 0.5002872  0.09458067]]
probabilities: [[0.2618809  0.7100967  0.02802236]
 [0.01413628 0.4217769  0.5640868 ]
 [0.28005967 0.08798122 0.6319591 ]
 [0.00692139 0.3363131  0.6567655 ]
 [0.06232873 0.07860541 0.85906583]]
probabilities: [[0.31495354 0.2582723  0.42677417]
 [0.12877646 0.633274   0.23794949]
 [0.33069745 0.6057273  0.06357523]
 [0.46085495 0.2849226  0.25422245]
 [0.3327667  0.38138828 0.28584498]]
probabilities: [[0.20140398 0.2582427  0.5403533 ]
 [0.60164934 0.30900654 0.08934411]
 [0.5563511  0.03153501 0.41211388]
 [0.6315993  0.15562567 0.21277505]
 [0.24781393 0.5518854  0.20030065]]
probabilities: [[0. 1. 0.]
 [0. 1. 0.]
 [0. 1. 0.]
 [0. 1. 0.]
 [0. 1. 0.]]
probabilities: [[0.25978747 0.48459527 0.25561726]
 [0.34898332 0.4934285  0.15758818]
 [0.78911793 0.15986961 0.05101243]
 [0.47846246 0.22786114 0.2936764 ]
 [0.942001   0.05478391 0.0032151 ]]
probabilities: [[0.37810445 0.36004105 0.26185447]
 [0.11301684 0.04871108 0.8382721 ]
 [0.11510958 0.4820747  0.40281573]
 [0.12852749 0.6277214  0.2437511 ]
 [0.3989285  0.14300166 0.45806986]]
probabilities: [[0.05526815 0.5731113  0.37162057]
 [0.852343   0.11437874 0.03327825]
 [0.8823802  0.08315705 0.03446274]
 [0.13475369 0.8374622  0.02778411]
 [0.16250573 0.68415415 0.1533401 ]]
probabilities: [[0.03923232 0.2692911  0.6914766 ]
 [0.7622723  0.05620565 0.18152207]
 [0.34146708 0.56690824 0.09162467]
 [0.05067446 0.51358753 0.43573797]
 [0.28053406 0.02077463 0.6986913 ]]
probabilities: [[0.07620986 0.3113406  0.6124495 ]
 [0.21217929 0.07985118 0.70796955]
 [0.24479768 0.742889   0.01231331]
 [0.6981264  0.19452907 0.10734458]
 [0.42223245 0.34323344 0.23453411]]
probabilities: [[1. 0. 0.]
 [1. 0. 0.]
 [1. 0. 0.]
 [1. 0. 0.]
 [1. 0. 0.]]
probabilities: [[0.04723256 0.85581166 0.0969558 ]
 [0.01132637 0.33340514 0.6552685 ]
 [0.24057272 0.13057356 0.62885374]
 [0.37927285 0.5243139  0.09641322]
 [0.25067875 0.5078822  0.24143907]]
probabilities: [[0.03708183 0.01919233 0.9437258 ]
 [0.8232603  0.09746869 0.07927101]
 [0.39593148 0.5695578  0.03451074]
 [0.7351004  0.08289983 0.18199977]
 [0.11436007 0.16063409 0.72500587]]
probabilities: [[0.5651748  0.192669   0.24215616]
 [0.66227573 0.05829902 0.27942523]
 [0.3456898  0.18647425 0.46783593]
 [0.5805892  0.18778452 0.23162632]
 [0.43620855 0.45763904 0.10615241]]
probabilities: [[0.4977969  0.27584803 0.22635509]
 [0.2390542  0.01018834 0.75075746]
 [0.25531894 0.04795505 0.69672596]
 [0.32980758 0.43708676 0.23310567]
 [0.38303858 0.4690704  0.14789101]]
probabilities: [[0.05523025 0.45119926 0.4935705 ]
 [0.5340123  0.38248828 0.08349944]
 [0.34239912 0.6193441  0.03825677]
 [0.24769409 0.74342453 0.00888138]
 [0.2242931  0.24982925 0.52587765]]
probabilities: [[0. 0. 1.]
 [0. 1. 0.]
 [0. 0. 1.]
 [0. 0. 1.]
 [0. 0. 1.]]
probabilities: [[0.34124905 0.111902   0.54684895]
 [0.8079791  0.00864975 0.18337113]
 [0.43938416 0.18473373 0.37588212]
 [0.10476552 0.02228604 0.8729484 ]
 [0.55462384 0.00997406 0.4354021 ]]
probabilities: [[0.18221734 0.38376978 0.4340129 ]
 [0.82547826 0.11685728 0.05766447]
 [0.42214927 0.55190945 0.02594129]
 [0.12978075 0.2613296  0.60888964]
 [0.06996817 0.45120004 0.4788318 ]]
probabilities: [[0.15001145 0.17712471 0.67286384]
 [0.7298586  0.25145754 0.01868389]
 [0.47685078 0.04382265 0.47932658]
 [0.6580712  0.29190454 0.05002423]
 [0.3909608  0.3227077  0.28633147]]
probabilities: [[0.30065843 0.50326824 0.19607332]
 [0.6331257  0.33482686 0.03204742]
 [0.33824074 0.30580005 0.3559592 ]
 [0.4216611  0.21506993 0.36326897]
 [0.72180307 0.19549035 0.08270659]]
probabilities: [[0.23467128 0.39287883 0.3724499 ]
 [0.50186676 0.15898417 0.3391491 ]
 [0.33209792 0.44656697 0.22133508]
 [0.15118642 0.55760187 0.2912117 ]
 [0.19557533 0.581375   0.22304967]]
probabilities: [[0. 0. 1.]
 [0. 1. 0.]
 [0. 0. 1.]
 [0. 0. 1.]
 [0. 0. 1.]]
probabilities: [[0.09723525 0.4862122  0.41655254]
 [0.25751567 0.31720287 0.42528147]
 [0.24797581 0.5299968  0.2220274 ]
 [0.33055672 0.28661522 0.3828281 ]
 [0.21114194 0.66477156 0.12408651]]
probabilities: [[0.10377265 0.6410842  0.25514317]
 [0.01856374 0.6407471  0.34068918]
 [0.5485396  0.08229025 0.36917013]
 [0.17876652 0.6484814  0.17275207]
 [0.41921416 0.3796827  0.20110317]]
probabilities: [[0.7052388  0.03506258 0.2596986 ]
 [0.84568083 0.10286244 0.05145675]
 [0.04682673 0.83478457 0.11838873]
 [0.16011715 0.7132338  0.126649  ]
 [0.6901296  0.0315915  0.27827892]]
probabilities: [[0.0892069  0.7286283  0.1821648 ]
 [0.26264152 0.14896567 0.5883928 ]
 [0.05473827 0.6848323  0.26042944]
 [0.5953352  0.26158804 0.14307678]
 [0.25213456 0.6486623  0.09920311]]
probabilities: [[0.58136666 0.03071984 0.3879135 ]
 [0.56460553 0.08481584 0.35057864]
 [0.17952679 0.31368878 0.50678444]
 [0.27774224 0.5589092  0.16334859]
 [0.40775275 0.31475523 0.27749202]]
probabilities: [[0. 0. 1.]
 [0. 1. 0.]
 [0. 1. 0.]
 [0. 0. 1.]
 [0. 0. 1.]]
probabilities: [[1.2049539e-01 3.7174192e-01 5.0776273e-01]
 [2.5415865e-01 6.2789470e-02 6.8305188e-01]
 [5.4627621e-01 4.1298106e-02 4.1242567e-01]
 [2.2040910e-01 7.7912605e-01 4.6482976e-04]
 [8.8224411e-01 2.8585183e-02 8.9170679e-02]]
probabilities: [[0.722972   0.01483001 0.262198  ]
 [0.6929948  0.25752237 0.04948284]
 [0.03628232 0.12825525 0.83546245]
 [0.49853826 0.20684977 0.294612  ]
 [0.1629799  0.20369938 0.63332075]]
probabilities: [[0.16503677 0.04808762 0.7868756 ]
 [0.20708244 0.55288607 0.24003153]
 [0.01649429 0.33756924 0.6459365 ]
 [0.051898   0.20331469 0.74478734]
 [0.63958323 0.00391374 0.35650304]]
probabilities: [[0.2388776  0.5711168  0.19000563]
 [0.43550843 0.20634109 0.35815048]
 [0.05801943 0.3505518  0.59142876]
 [0.2722577  0.3513852  0.3763571 ]
 [0.4699421  0.13986164 0.39019626]]
probabilities: [[0.21044593 0.17223208 0.61732197]
 [0.09620617 0.851579   0.05221484]
 [0.8855034  0.02993041 0.0845662 ]
 [0.20747812 0.01811189 0.77441   ]
 [0.01446168 0.7139936  0.27154472]]
probabilities: [[1. 0. 0.]
 [1. 0. 0.]
 [1. 0. 0.]
 [1. 0. 0.]
 [1. 0. 0.]]
probabilities: [[0.2673731  0.46012512 0.27250177]
 [0.5922363  0.17659798 0.23116572]
 [0.90312743 0.064562   0.03231055]
 [0.09508777 0.8786347  0.02627753]
 [0.5429921  0.0541214  0.4028865 ]]
probabilities: [[0.5453566  0.2786789  0.17596452]
 [0.22444928 0.26920554 0.50634515]
 [0.03588484 0.9334544  0.03066074]
 [0.19424725 0.3523881  0.45336464]
 [0.31089112 0.5479236  0.14118527]]
probabilities: [[0.5289258  0.4558577  0.01521656]
 [0.44816372 0.01082375 0.5410125 ]
 [0.07947633 0.18959488 0.7309288 ]
 [0.11375342 0.15406899 0.7321776 ]
 [0.2773659  0.36426875 0.35836536]]
probabilities: [[0.6594958  0.1027374  0.23776682]
 [0.5971028  0.16412053 0.23877668]
 [0.07714984 0.63460803 0.28824213]
 [0.3049702  0.58768016 0.10734966]
 [0.5751141  0.09137484 0.33351108]]
probabilities: [[0.51910603 0.36100873 0.11988522]
 [0.15445648 0.09282687 0.75271666]
 [0.39071462 0.20173052 0.40755486]
 [0.5711852  0.3666321  0.06218272]
 [0.13521196 0.14599825 0.7187898 ]]
probabilities: [[0. 1. 0.]
 [0. 1. 0.]
 [0. 1. 0.]
 [0. 1. 0.]
 [0. 1. 0.]]
probabilities: [[0.3181817  0.43263516 0.24918313]
 [0.333575   0.12964977 0.53677523]
 [0.06966204 0.28441128 0.64592665]
 [0.66535413 0.11491756 0.2197283 ]
 [0.08324047 0.28193945 0.6348201 ]]
probabilities: [[0.14771982 0.26699772 0.58528244]
 [0.6026762  0.32466766 0.0726561 ]
 [0.01130111 0.9856219  0.00307696]
 [0.04023956 0.09660552 0.8631549 ]
 [0.03108776 0.12934534 0.8395669 ]]
probabilities: [[0.3759786  0.42362627 0.20039514]
 [0.14280523 0.22498703 0.63220775]
 [0.6232724  0.15486574 0.22186184]
 [0.45097965 0.1392708  0.40974957]
 [0.09097458 0.3442741  0.5647513 ]]
probabilities: [[0.27882668 0.21031089 0.5108624 ]
 [0.6238676  0.28247675 0.09365571]
 [0.6702307  0.20503767 0.12473164]
 [0.10656331 0.558357   0.33507967]
 [0.30767995 0.4483518  0.24396825]]
probabilities: [[0.5428823  0.17823705 0.2788806 ]
 [0.4757508  0.18119547 0.34305373]
 [0.47060165 0.11660337 0.412795  ]
 [0.19215082 0.58046824 0.22738093]
 [0.02916566 0.76187307 0.20896126]]
probabilities: [[1. 0. 0.]
 [1. 0. 0.]
 [1. 0. 0.]
 [1. 0. 0.]
 [1. 0. 0.]]
probabilities: [[0.23450455 0.561692   0.20380346]
 [0.27763468 0.18764232 0.534723  ]
 [0.15353681 0.20876905 0.6376941 ]
 [0.791702   0.06356184 0.14473619]
 [0.2105808  0.48245    0.3069692 ]]
probabilities: [[0.32217318 0.21925217 0.45857465]
 [0.04904905 0.77483934 0.17611162]
 [0.63331395 0.31797084 0.0487152 ]
 [0.81121415 0.10437862 0.0844072 ]
 [0.09845481 0.64269495 0.25885025]]
probabilities: [[0.17000012 0.00867123 0.82132864]
 [0.60063046 0.31350824 0.0858613 ]
 [0.05067637 0.07325566 0.876068  ]
 [0.2327881  0.23405343 0.5331585 ]
 [0.30170792 0.41076535 0.28752673]]
probabilities: [[0.59497166 0.08254368 0.32248464]
 [0.11708853 0.23412049 0.64879096]
 [0.00783029 0.4100942  0.5820755 ]
 [0.40625677 0.47440988 0.11933336]
 [0.5228135  0.33019194 0.14699456]]
probabilities: [[0.15416484 0.6749924  0.17084275]
 [0.7296378  0.07332285 0.19703932]
 [0.02437978 0.77182984 0.20379038]
 [0.04692026 0.5943218  0.35875794]
 [0.45232233 0.37014863 0.17752904]]
probabilities: [[0. 0. 1.]
 [0. 1. 0.]
 [0. 0. 1.]
 [0. 0. 1.]
 [0. 0. 1.]]
probabilities: [[0.70065916 0.10249839 0.19684242]
 [0.31583935 0.22146146 0.46269917]
 [0.22716314 0.38489684 0.38794002]
 [0.0166842  0.9517721  0.03154368]
 [0.00251913 0.1851737  0.8123072 ]]
probabilities: [[0.28222775 0.00982695 0.7079453 ]
 [0.15524513 0.6538343  0.19092058]
 [0.41747022 0.47137007 0.11115973]
 [0.454118   0.24287428 0.30300772]
 [0.22230184 0.6284565  0.14924169]]
probabilities: [[0.30591473 0.06886584 0.6252194 ]
 [0.62268376 0.23995174 0.1373645 ]
 [0.76147324 0.07601447 0.1625123 ]
 [0.22763236 0.19189288 0.5804748 ]
 [0.43912828 0.5133232  0.04754854]]
probabilities: [[0.4761286  0.02281161 0.5010598 ]
 [0.19824834 0.73028433 0.07146732]
 [0.31162283 0.5408457  0.14753146]
 [0.25243378 0.7198415  0.02772475]
 [0.16106254 0.66199344 0.17694405]]
probabilities: [[0.3623841  0.41428423 0.22333165]
 [0.1020062  0.19865541 0.6993384 ]
 [0.04399956 0.5650539  0.39094654]
 [0.38043338 0.15363358 0.46593305]
 [0.05243095 0.6023532  0.34521583]]
probabilities: [[0. 0. 1.]
 [0. 1. 0.]
 [0. 1. 0.]
 [0. 0. 1.]
 [0. 0. 1.]]
probabilities: [[0.6364402  0.24771203 0.11584777]
 [0.816723   0.17584048 0.00743653]
 [0.49431655 0.34719977 0.15848365]
 [0.06560009 0.10064875 0.83375114]
 [0.70285404 0.28984317 0.00730278]]
probabilities: [[0.17789774 0.5079846  0.31411767]
 [0.5299927  0.20972626 0.26028103]
 [0.50437325 0.3084917  0.18713503]
 [0.12130516 0.19432005 0.6843748 ]
 [0.67328733 0.06544846 0.26126423]]
probabilities: [[0.7358569  0.08849897 0.17564413]
 [0.5071276  0.333067   0.15980543]
 [0.5118502  0.15435098 0.33379883]
 [0.65412766 0.25776404 0.0881083 ]
 [0.66638374 0.09434303 0.23927327]]
probabilities: [[0.2753755  0.05299782 0.6716267 ]
 [0.7160814  0.05684431 0.22707428]
 [0.28343973 0.5982426  0.11831769]
 [0.31008017 0.33028042 0.3596394 ]
 [0.02324663 0.46214935 0.51460403]]
probabilities: [[1.8401594e-01 6.9343686e-01 1.2254718e-01]
 [5.3666979e-01 4.5155698e-01 1.1773197e-02]
 [5.0149918e-01 4.9795586e-01 5.4496073e-04]
 [6.8321490e-01 1.4090714e-02 3.0269435e-01]
 [7.4782735e-01 1.9333620e-01 5.8836471e-02]]
probabilities: [[1. 0. 0.]
 [1. 0. 0.]
 [1. 0. 0.]
 [1. 0. 0.]
 [1. 0. 0.]]
probabilities: [[0.29956922 0.60700285 0.09342792]
 [0.2957548  0.5305467  0.1736985 ]
 [0.61527455 0.2618188  0.12290666]
 [0.06534549 0.8474475  0.087207  ]
 [0.86018085 0.03428397 0.10553516]]
probabilities: [[0.13883293 0.30882597 0.5523411 ]
 [0.04474541 0.7256304  0.22962417]
 [0.8803176  0.05127767 0.0684047 ]
 [0.9085492  0.04510585 0.04634499]
 [0.4355139  0.28741744 0.27706864]]
probabilities: [[0.40970287 0.15743834 0.4328588 ]
 [0.4111691  0.5004764  0.08835447]
 [0.9109407  0.03557755 0.05348175]
 [0.16426294 0.38529193 0.45044512]
