probabilities: [[0. 0. 1.]
 [0. 1. 0.]
 [0. 0. 1.]
 [0. 0. 1.]
 [0. 0. 1.]]
probabilities: [[0.12795791 0.23174877 0.6402933 ]
 [0.44759822 0.33245423 0.21994756]
 [0.5629941  0.07717962 0.35982624]
 [0.836502   0.02738172 0.13611628]
 [0.25080895 0.09563095 0.6535601 ]]
probabilities: [[0.24532752 0.31271347 0.441959  ]
 [0.53902876 0.3961136  0.06485766]
 [0.01581392 0.08177323 0.90241283]
 [0.13484986 0.40027446 0.4648757 ]
 [0.21167691 0.59958506 0.18873802]]
probabilities: [[0.24503288 0.6502539  0.10471321]
 [0.29085097 0.33327794 0.3758711 ]
 [0.21461421 0.7412727  0.04411308]
 [0.10423848 0.859774   0.03598754]
 [0.89854985 0.05124633 0.05020384]]
probabilities: [[1. 0. 0.]
 [1. 0. 0.]
 [1. 0. 0.]
 [1. 0. 0.]
 [1. 0. 0.]]
probabilities: [[0.04554944 0.9177194  0.03673111]
 [0.48075664 0.40309533 0.11614801]
 [0.52105474 0.25201792 0.22692734]
 [0.45691562 0.47608432 0.06700008]
 [0.799561   0.09187844 0.10856056]]
probabilities: [[0.3917436  0.31672868 0.2915277 ]
 [0.13383932 0.34026834 0.5258923 ]
 [0.1116753  0.3897556  0.4985691 ]
 [0.3502943  0.474842   0.17486368]
 [0.14678308 0.17608762 0.6771293 ]]
probabilities: [[0.4233618  0.0631307  0.5135075 ]
 [0.4242978  0.15275463 0.42294756]
 [0.35683262 0.48436677 0.1588006 ]
 [0.21507981 0.29471013 0.49021006]
 [0.10507341 0.44695064 0.44797596]]
probabilities: [[1. 0. 0.]
 [1. 0. 0.]
 [1. 0. 0.]
 [1. 0. 0.]
 [1. 0. 0.]]
probabilities: [[0.23298232 0.61726916 0.14974849]
 [0.07298238 0.6357945  0.29122308]
 [0.23045887 0.74836785 0.02117329]
 [0.49386427 0.2837199  0.22241582]
 [0.16479693 0.8050126  0.0301905 ]]
probabilities: [[0.31718358 0.28769046 0.39512596]
 [0.600724   0.27325663 0.1260194 ]
 [0.37282124 0.19023065 0.4369481 ]
 [0.21228339 0.26086715 0.52684945]
 [0.14303541 0.4766644  0.3803002 ]]
probabilities: [[0.00942482 0.05420321 0.936372  ]
 [0.25772718 0.66211134 0.08016147]
 [0.729428   0.26804772 0.00252432]
 [0.30266684 0.6737537  0.02357948]
 [0.55280995 0.39529386 0.05189622]]
probabilities: [[0. 0. 1.]
 [0. 1. 0.]
 [0. 0. 1.]
 [0. 0. 1.]
 [0. 0. 1.]]
probabilities: [[0.05194417 0.6783405  0.26971534]
 [0.37782925 0.5834325  0.03873822]
 [0.40670288 0.45913953 0.13415758]
 [0.60688    0.22309864 0.17002137]
 [0.6189402  0.02416161 0.35689825]]
probabilities: [[0.26916772 0.34627476 0.38455752]
 [0.63284093 0.0148933  0.35226575]
 [0.12082085 0.6353095  0.24386966]
 [0.45503697 0.50729585 0.03766721]
 [0.4224147  0.41692793 0.16065738]]
probabilities: [[0.5819898  0.22095315 0.19705701]
 [0.3880997  0.52590895 0.08599136]
 [0.48897344 0.5051061  0.00592045]
 [0.28430602 0.5884691  0.12722486]
 [0.06960223 0.73571616 0.19468161]]
probabilities: [[0. 0. 1.]
 [0. 1. 0.]
 [0. 0. 1.]
 [0. 0. 1.]
 [0. 0. 1.]]
probabilities: [[0.06764128 0.70606047 0.22629826]
 [0.6179157  0.05836076 0.32372355]
 [0.14493042 0.36206472 0.49300486]
 [0.12470096 0.6653457  0.20995331]
 [0.03941028 0.63336205 0.32722765]]
probabilities: [[0.72013515 0.22190243 0.05796243]
 [0.00513871 0.01834347 0.9765178 ]
 [0.1418266  0.2230164  0.635157  ]
 [0.45963615 0.13054559 0.40981826]
 [0.01459211 0.2599162  0.7254917 ]]
probabilities: [[0.14263473 0.35133308 0.50603217]
 [0.0729114  0.12511098 0.80197763]
 [0.44905415 0.4153438  0.13560206]
 [0.11497596 0.17926455 0.7057595 ]
 [0.4151376  0.23550618 0.34935623]]
probabilities: [[0. 1. 0.]
 [0. 1. 0.]
 [0. 1. 0.]
 [0. 1. 0.]
 [0. 1. 0.]]
probabilities: [[0.47771788 0.02720794 0.49507418]
 [0.05803498 0.23125246 0.71071255]
 [0.5855093  0.34593335 0.06855735]
 [0.7138209  0.22078256 0.06539655]
 [0.32385495 0.31975812 0.35638693]]
probabilities: [[0.13155177 0.3534618  0.51498646]
 [0.5828464  0.3753209  0.04183269]
 [0.90218186 0.04067939 0.05713877]
 [0.638086   0.24477737 0.11713661]
 [0.15963724 0.26104584 0.5793169 ]]
probabilities: [[0.1807787  0.69097346 0.12824787]
 [0.04697376 0.6017298  0.3512964 ]
 [0.30990452 0.12876262 0.5613329 ]
 [0.47355017 0.35028195 0.1761679 ]
 [0.5321542  0.27400336 0.19384246]]
probabilities: [[0. 0. 1.]
 [0. 1. 0.]
 [0. 1. 0.]
 [0. 0. 1.]
 [0. 0. 1.]]
probabilities: [[0.5608392  0.09964714 0.3395137 ]
 [0.05752538 0.35178843 0.5906862 ]
 [0.27027464 0.32688218 0.40284318]
 [0.9222901  0.04687187 0.03083802]
 [0.24771388 0.73316    0.01912612]]
probabilities: [[0.03782586 0.5030602  0.45911393]
 [0.21601035 0.03770971 0.74627995]
 [0.69736844 0.24195108 0.06068049]
 [0.52524066 0.05397632 0.420783  ]
 [0.0455275  0.18595971 0.7685128 ]]
probabilities: [[0.26049984 0.719413   0.02008717]
 [0.41956654 0.07186712 0.5085664 ]
 [0.81315845 0.09121567 0.09562588]
 [0.16252252 0.34793806 0.4895394 ]
 [0.6459655  0.28563148 0.06840303]]
probabilities: [[1. 0. 0.]
 [1. 0. 0.]
 [1. 0. 0.]
 [1. 0. 0.]
 [1. 0. 0.]]
probabilities: [[0.414243   0.06215553 0.5236015 ]
 [0.09908129 0.74041384 0.16050485]
 [0.18479784 0.5873659  0.22783622]
 [0.03342952 0.298174   0.6683965 ]
 [0.01426125 0.02513268 0.9606061 ]]
probabilities: [[0.15018137 0.4182674  0.43155125]
 [0.1790277  0.7300533  0.090919  ]
 [0.5553402  0.25337616 0.19128367]
 [0.44440076 0.01063446 0.5449648 ]
 [0.4858842  0.38318637 0.13092946]]
probabilities: [[0.29575253 0.19364814 0.5105993 ]
 [0.4575061  0.28897303 0.2535209 ]
 [0.5202525  0.28805077 0.19169673]
 [0.17006075 0.00167262 0.8282666 ]
 [0.27030984 0.08650557 0.6431846 ]]
probabilities: [[1. 0. 0.]
 [1. 0. 0.]
 [1. 0. 0.]
 [1. 0. 0.]
 [1. 0. 0.]]
probabilities: [[0.07664294 0.8573522  0.06600486]
 [0.03324882 0.5943852  0.372366  ]
 [0.15809616 0.06288359 0.77902025]
 [0.02923784 0.07715056 0.8936116 ]
 [0.0987445  0.31670356 0.58455193]]
probabilities: [[0.55232245 0.3471285  0.10054904]
 [0.37499312 0.11190028 0.5131066 ]
 [0.43953434 0.30864304 0.25182262]
 [0.35454774 0.39847207 0.24698019]
 [0.67176414 0.22985283 0.09838304]]
probabilities: [[0.4544805  0.07174023 0.47377926]
 [0.88593554 0.05125852 0.06280596]
 [0.6588086  0.09564302 0.24554837]
 [0.20310849 0.5486423  0.24824925]
 [0.85525227 0.00438042 0.1403673 ]]
probabilities: [[1. 0. 0.]
 [1. 0. 0.]
 [1. 0. 0.]
 [1. 0. 0.]
 [1. 0. 0.]]
probabilities: [[0.18465675 0.43975255 0.3755907 ]
 [0.8058867  0.10106852 0.09304482]
 [0.7408563  0.10119323 0.15795049]
 [0.45226717 0.4827337  0.06499913]
 [0.12890558 0.14898004 0.7221144 ]]
probabilities: [[0.14191425 0.533582   0.32450375]
 [0.3948589  0.07280102 0.5323401 ]
 [0.36556986 0.04781365 0.58661646]
 [0.10265028 0.14245787 0.7548919 ]
 [0.34250635 0.08763796 0.5698557 ]]
probabilities: [[0.543104   0.12691304 0.32998294]
 [0.08167431 0.82901406 0.08931161]
 [0.02988748 0.15108892 0.8190236 ]
 [0.2597881  0.7147685  0.02544338]
 [0.19522187 0.72558856 0.07918954]]
probabilities: [[0. 1. 0.]
 [0. 1. 0.]
 [0. 1. 0.]
 [0. 1. 0.]
 [0. 1. 0.]]
probabilities: [[0.41607448 0.12938926 0.45453626]
 [0.3497576  0.5524755  0.09776688]
 [0.11369671 0.25496194 0.63134134]
 [0.18912658 0.41857356 0.39229986]
 [0.02584708 0.18243197 0.7917209 ]]
probabilities: [[0.3609181  0.18293884 0.45614305]
 [0.6846371  0.01415159 0.3012113 ]
 [0.00165046 0.12807839 0.87027115]
 [0.42702577 0.37281153 0.20016271]
 [0.02655277 0.7748431  0.1986041 ]]
probabilities: [[0.28427407 0.34527454 0.3704514 ]
 [0.18345596 0.6264534  0.19009064]
 [0.25649056 0.5789936  0.16451582]
 [0.3445864  0.61678356 0.03863004]
 [0.2631503  0.25747618 0.47937354]]
probabilities: [[0. 0. 1.]
 [0. 1. 0.]
 [0. 0. 1.]
 [0. 0. 1.]
 [0. 0. 1.]]
probabilities: [[0.29269832 0.06191229 0.6453894 ]
 [0.2201671  0.48665625 0.29317662]
 [0.10261098 0.7126296  0.1847594 ]
 [0.43476006 0.01063068 0.55460924]
 [0.76084995 0.04243017 0.19671986]]
probabilities: [[0.6317897  0.19491246 0.17329788]
 [0.06095238 0.7625781  0.17646949]
 [0.4251752  0.39500523 0.17981957]
 [0.02117904 0.37118158 0.6076394 ]
 [0.09500717 0.12252215 0.7824707 ]]
probabilities: [[0.4600549  0.2904541  0.249491  ]
 [0.4715793  0.39935786 0.12906283]
 [0.43938884 0.39256865 0.1680425 ]
 [0.00910796 0.9685662  0.02232589]
 [0.07638784 0.01657694 0.90703523]]
probabilities: [[0. 0. 1.]
 [0. 1. 0.]
 [0. 1. 0.]
 [0. 0. 1.]
 [0. 0. 1.]]
probabilities: [[0.3200624  0.67010117 0.00983642]
 [0.13251673 0.69983006 0.16765325]
 [0.03613783 0.1991041  0.76475805]
 [0.17352466 0.72289175 0.10358356]
 [0.02502775 0.66910064 0.3058716 ]]
probabilities: [[0.3841982  0.5696098  0.04619197]
 [0.66276395 0.2484324  0.08880364]
 [0.15955734 0.377883   0.46255967]
 [0.03978346 0.3776011  0.58261544]
 [0.5054778  0.07689632 0.41762587]]
probabilities: [[0.65626246 0.2850647  0.05867283]
 [0.5509352  0.3004078  0.14865698]
 [0.09480675 0.83752215 0.0676711 ]
 [0.04471394 0.17212662 0.78315943]
 [0.37869218 0.09792653 0.5233813 ]]
probabilities: [[0. 1. 0.]
 [0. 1. 0.]
 [0. 1. 0.]
 [0. 1. 0.]
 [0. 1. 0.]]
probabilities: [[0.16767783 0.25894752 0.5733746 ]
 [0.39329562 0.17227021 0.43443418]
 [0.23792748 0.6463393  0.11573324]
 [0.1010507  0.28215697 0.6167923 ]
 [0.35638618 0.3601721  0.28344172]]
probabilities: [[0.18592946 0.5193908  0.29467973]
 [0.28680915 0.67083895 0.04235192]
 [0.5041298  0.31305778 0.18281241]
 [0.02585901 0.72440845 0.24973252]
 [0.55093014 0.31670803 0.1323618 ]]
probabilities: [[0.2357318  0.73031247 0.03395575]
 [0.38532954 0.19036336 0.4243071 ]
 [0.26487267 0.4746974  0.2604299 ]
 [0.21153378 0.44062868 0.34783754]
 [0.04283235 0.45628536 0.50088227]]
probabilities: [[1. 0. 0.]
 [1. 0. 0.]
 [1. 0. 0.]
 [1. 0. 0.]
 [1. 0. 0.]]
probabilities: [[0.67997813 0.1410514  0.17897049]
 [0.68368477 0.2556327  0.06068255]
 [0.27238736 0.01495488 0.71265775]
 [0.3042672  0.5402163  0.15551648]
 [0.45047453 0.20568472 0.34384075]]
probabilities: [[0.02008083 0.30059132 0.67932785]
 [0.09964634 0.79155964 0.10879404]
 [0.14867748 0.28737673 0.5639458 ]
 [0.18159294 0.61082304 0.20758405]
 [0.44088724 0.26684618 0.29226658]]
probabilities: [[0.2758778  0.3375451  0.3865771 ]
 [0.35948282 0.18478072 0.45573646]
 [0.8255921  0.11110266 0.06330526]
 [0.09172899 0.19746411 0.7108069 ]
 [0.03060285 0.23290913 0.73648804]]
probabilities: [[1. 0. 0.]
 [1. 0. 0.]
 [1. 0. 0.]
 [1. 0. 0.]
 [1. 0. 0.]]
probabilities: [[0.37512022 0.09245497 0.5324248 ]
 [0.36053783 0.13107452 0.5083877 ]
 [0.04431992 0.23929901 0.7163811 ]
 [0.79753697 0.06240655 0.14005648]
 [0.8235573  0.12224146 0.0542012 ]]
probabilities: [[0.08269176 0.8655652  0.05174308]
 [0.02056918 0.34110153 0.6383293 ]
 [0.07426242 0.31374842 0.61198914]
 [0.13973457 0.19985543 0.66041   ]
 [0.3603495  0.20146334 0.43818715]]
probabilities: [[0.6233757  0.08016143 0.29646283]
 [0.22349219 0.4693973  0.30711052]
 [0.26170212 0.54002935 0.19826853]
 [0.17835355 0.73969156 0.08195488]
 [0.39469534 0.07301192 0.5322927 ]]
probabilities: [[1. 0. 0.]
 [1. 0. 0.]
 [1. 0. 0.]
 [1. 0. 0.]
 [1. 0. 0.]]
probabilities: [[0.19066788 0.15640487 0.6529273 ]
 [0.57900465 0.18566598 0.23532936]
 [0.37897056 0.41494212 0.2060873 ]
 [0.17326368 0.511153   0.31558335]
 [0.08064393 0.37908307 0.540273  ]]
probabilities: [[0.18684793 0.5572033  0.25594878]
 [0.5559341  0.17201811 0.27204785]
 [0.19932362 0.57369596 0.2269804 ]
 [0.227512   0.20070697 0.57178104]
 [0.611505   0.09035171 0.29814333]]
probabilities: [[0.8205294  0.0218327  0.15763791]
 [0.4983892  0.41305372 0.08855705]
 [0.3541991  0.6338587  0.01194223]
 [0.5011893  0.47268066 0.02613006]
 [0.38816148 0.35781893 0.2540196 ]]
probabilities: [[0. 0. 1.]
 [0. 1. 0.]
 [0. 1. 0.]
 [0. 0. 1.]
 [0. 0. 1.]]
probabilities: [[0.58570194 0.14867525 0.26562282]
 [0.22566643 0.20234433 0.57198924]
 [0.8913634  0.08538682 0.02324982]
 [0.32289386 0.22842999 0.44867617]
 [0.17982583 0.7665703  0.05360387]]
probabilities: [[0.16115071 0.7268675  0.11198181]
 [0.611833   0.14644687 0.24172013]
 [0.04784874 0.6370818  0.31506947]
 [0.00696665 0.89289504 0.10013829]
 [0.10799371 0.03987519 0.85213107]]
probabilities: [[0.7361417  0.00206205 0.26179627]
 [0.47316244 0.47225943 0.05457811]
 [0.21330713 0.12398454 0.66270834]
 [0.00433107 0.6835453  0.31212363]
 [0.19597283 0.22594681 0.57808036]]
probabilities: [[0. 0. 1.]
 [0. 1. 0.]
 [0. 1. 0.]
 [0. 0. 1.]
 [0. 0. 1.]]
probabilities: [[0.5162303  0.40642217 0.07734752]
 [0.13290758 0.4906212  0.37647122]
 [0.1908809  0.38838333 0.42073578]
 [0.23143122 0.53653526 0.23203355]
 [0.12088744 0.80555284 0.07355972]]
probabilities: [[0.7573195  0.08935276 0.15332772]
 [0.41642493 0.3302734  0.25330168]
 [0.5685939  0.39546853 0.03593756]
 [0.88123167 0.08227331 0.03649504]
 [0.6116548  0.34786016 0.04048501]]
probabilities: [[0.34182015 0.6110063  0.04717356]
 [0.37295285 0.43728325 0.1897639 ]
 [0.32109115 0.44875285 0.23015602]
 [0.49353722 0.36034364 0.14611915]
 [0.09985816 0.10775397 0.79238784]]
probabilities: [[0. 1. 0.]
 [0. 1. 0.]
 [0. 1. 0.]
 [0. 1. 0.]
 [0. 1. 0.]]
probabilities: [[0.08623315 0.093192   0.8205748 ]
 [0.36025017 0.2724785  0.36727133]
 [0.59739566 0.37950337 0.02310097]
 [0.68589926 0.2394611  0.07463965]
 [0.13884184 0.26961586 0.5915423 ]]
probabilities: [[0.5001289  0.02241459 0.4774565 ]
 [0.2794527  0.65651345 0.06403387]
 [0.24600448 0.57616764 0.17782791]
 [0.06672354 0.2751227  0.6581538 ]
 [0.5363595  0.3678852  0.09575529]]
probabilities: [[0.7851589  0.12850526 0.08633586]
 [0.15525123 0.16174752 0.6830013 ]
 [0.18024626 0.40602198 0.41373175]
 [0.3803697  0.15606326 0.46356708]
 [0.14353833 0.30570516 0.5507565 ]]
probabilities: [[0. 0. 1.]
 [0. 1. 0.]
 [0. 0. 1.]
 [0. 0. 1.]
 [0. 0. 1.]]
probabilities: [[0.16683774 0.800583   0.03257928]
 [0.6103232  0.29582217 0.09385463]
 [0.26890713 0.41896603 0.31212687]
 [0.2814542  0.5780417  0.14050409]
 [0.5082209  0.21088895 0.28089017]]
probabilities: [[0.2353981  0.13478789 0.629814  ]
 [0.6906278  0.23608989 0.0732823 ]
 [0.5426228  0.30235735 0.15501985]
 [0.02817021 0.5317916  0.44003817]
 [0.23164222 0.58105147 0.18730633]]
probabilities: [[0.01603832 0.50016314 0.48379853]
 [0.48931512 0.43943045 0.07125444]
 [0.1302495  0.20410542 0.66564506]
 [0.05070509 0.82819766 0.12109727]
 [0.8100761  0.1760807  0.01384318]]
probabilities: [[0. 0. 1.]
 [0. 1. 0.]
 [0. 1. 0.]
 [0. 0. 1.]
 [0. 0. 1.]]
probabilities: [[0.03924194 0.7540979  0.20666018]
 [0.44514272 0.15847105 0.39638624]
 [0.56552756 0.32547793 0.1089945 ]
 [0.52042717 0.34904823 0.1305246 ]
 [0.48388752 0.27150968 0.24460278]]
probabilities: [[0.27793312 0.5646849  0.15738197]
 [0.28899404 0.5556275  0.1553784 ]
 [0.48081923 0.24721727 0.2719635 ]
 [0.01305495 0.19782518 0.7891199 ]
 [0.45020035 0.04308747 0.50671214]]
probabilities: [[0.58180165 0.24691121 0.17128713]
 [0.38775164 0.31925118 0.29299718]
 [0.09577414 0.4046153  0.49961054]
 [0.44659355 0.4529317  0.10047472]
 [0.36625    0.2706046  0.36314538]]
probabilities: [[0. 1. 0.]
 [0. 1. 0.]
 [0. 1. 0.]
 [0. 1. 0.]
 [0. 1. 0.]]
probabilities: [[1.02061547e-01 4.76978540e-01 4.20959920e-01]
 [2.06886321e-01 4.52042073e-01 3.41071606e-01]
 [4.21467557e-04 1.84030369e-01 8.15548182e-01]
 [4.62187648e-01 4.26253259e-01 1.11559115e-01]
 [5.17077260e-02 7.36190915e-01 2.12101340e-01]]
probabilities: [[0.6064649  0.35499334 0.03854176]
 [0.24760363 0.20003712 0.5523592 ]
 [0.56267536 0.41920963 0.01811502]
 [0.46035433 0.05792284 0.48172283]
 [0.3914482  0.07786537 0.53068644]]
probabilities: [[0.5967256  0.31327748 0.08999693]
 [0.4485332  0.4527323  0.09873448]
 [0.1281416  0.23093428 0.64092416]
 [0.38164496 0.57267576 0.04567931]
 [0.03294415 0.27894756 0.68810827]]
probabilities: [[0. 0. 1.]
 [0. 1. 0.]
 [0. 0. 1.]
 [0. 0. 1.]
 [0. 0. 1.]]
probabilities: [[0.4485412  0.30487013 0.24658868]
 [0.0451161  0.9036919  0.05119203]
 [0.21660157 0.03913617 0.7442623 ]
 [0.22906213 0.05900699 0.7119309 ]
 [0.200708   0.4010076  0.3982844 ]]
probabilities: [[0.04190595 0.7517162  0.20637785]
 [0.17080413 0.266629   0.5625669 ]
 [0.17396602 0.16389127 0.6621427 ]
 [0.71475315 0.22130282 0.06394403]
 [0.5842922  0.39426425 0.02144359]]
probabilities: [[0.3586268  0.30821058 0.33316258]
 [0.18248984 0.10213336 0.7153768 ]
 [0.42518306 0.39875454 0.1760624 ]
 [0.3019106  0.5641618  0.13392761]
 [0.19130369 0.17873901 0.6299573 ]]
probabilities: [[0. 0. 1.]
 [0. 1. 0.]
 [0. 1. 0.]
 [0. 0. 1.]
 [0. 0. 1.]]
probabilities: [[0.682752   0.16306679 0.1541812 ]
 [0.17372125 0.7479811  0.07829769]
 [0.5585961  0.20459951 0.23680441]
 [0.5141822  0.09314387 0.39267394]
 [0.33226946 0.23722707 0.4305035 ]]
probabilities: [[0.94138336 0.00976131 0.04885532]
 [0.14226288 0.67336285 0.18437426]
 [0.20061927 0.02829382 0.77108693]
 [0.00381545 0.14391644 0.8522681 ]
 [0.06026885 0.3375766  0.60215455]]
probabilities: [[0.14333303 0.6673382  0.18932877]
 [0.9625734  0.00476936 0.03265722]
 [0.1314229  0.84595346 0.02262365]
 [0.14357418 0.52570075 0.33072504]
 [0.31583658 0.5065661  0.17759728]]
probabilities: [[0. 0. 1.]
 [0. 1. 0.]
 [0. 0. 1.]
 [0. 0. 1.]
 [0. 0. 1.]]
probabilities: [[0.32077944 0.20114315 0.4780774 ]
 [0.20654051 0.71516937 0.07829009]
 [0.90123236 0.04703522 0.0517324 ]
 [0.02221393 0.55124974 0.42653635]
 [0.08955128 0.66898006 0.24146867]]
probabilities: [[0.34218243 0.23727217 0.4205454 ]
 [0.00570014 0.97482127 0.01947862]
 [0.22767    0.40669018 0.3656398 ]
 [0.04128716 0.18718867 0.7715242 ]
 [0.39025596 0.45027193 0.15947211]]
probabilities: [[0.06255927 0.16562824 0.7718125 ]
 [0.46985003 0.20708333 0.32306662]
 [0.18592675 0.02969149 0.78438175]
 [0.58859164 0.14996105 0.2614473 ]
 [0.07611011 0.80815405 0.11573585]]
probabilities: [[0. 0. 1.]
 [0. 1. 0.]
 [0. 0. 1.]
 [0. 0. 1.]
 [0. 0. 1.]]
probabilities: [[0.14956841 0.23044388 0.6199877 ]
 [0.05309445 0.22899179 0.71791375]
 [0.58559734 0.11466104 0.29974163]
 [0.17640962 0.46525633 0.35833403]
 [0.08713371 0.4284644  0.48440188]]
probabilities: [[0.69276005 0.12432525 0.18291472]
 [0.613708   0.32282352 0.06346849]
 [0.39750355 0.08188851 0.52060795]
 [0.1124343  0.26432607 0.62323964]
 [0.09670917 0.88144743 0.02184338]]
probabilities: [[0.7780198  0.19716309 0.02481712]
 [0.20392121 0.51103264 0.28504616]
 [0.74020576 0.08157147 0.17822276]
 [0.00952396 0.24623524 0.7442408 ]
 [0.37101236 0.11668334 0.5123043 ]]
probabilities: [[0. 0. 1.]
 [0. 1. 0.]
 [0. 1. 0.]
 [0. 0. 1.]
 [0. 0. 1.]]
probabilities: [[0.59873307 0.06163599 0.33963093]
 [0.26681978 0.6834751  0.04970513]
 [0.74104136 0.2038458  0.05511286]
 [0.7994744  0.07955144 0.12097412]
 [0.16732608 0.17936237 0.65331155]]
probabilities: [[0.00251222 0.9522376  0.04525016]
 [0.3262427  0.11356832 0.560189  ]
 [0.1034477  0.22819659 0.6683557 ]
 [0.57791066 0.01611149 0.40597787]
 [0.03185791 0.9109194  0.05722265]]
probabilities: [[0.43260032 0.43408    0.13331966]
 [0.7624424  0.2153945  0.02216311]
 [0.29846084 0.15729329 0.5442459 ]
 [0.5755482  0.08638734 0.33806452]
 [0.49308    0.2983283  0.20859171]]
probabilities: [[0. 0. 1.]
 [0. 1. 0.]
 [0. 0. 1.]
 [0. 0. 1.]
 [0. 0. 1.]]
probabilities: [[0.16588296 0.45688558 0.37723145]
 [0.11571403 0.4073227  0.47696328]
 [0.55739796 0.28226563 0.16033642]
 [0.6041992  0.294474   0.10132685]
 [0.39429978 0.34633297 0.2593673 ]]
probabilities: [[0.5303232  0.2752603  0.1944165 ]
 [0.02838627 0.16498484 0.8066289 ]
 [0.13181578 0.24226734 0.6259169 ]
 [0.8272251  0.16094446 0.01183047]
 [0.01215456 0.4681016  0.51974386]]
probabilities: [[0.02399893 0.18549393 0.79050714]
 [0.08842742 0.6684274  0.24314521]
 [0.24740407 0.6423109  0.11028501]
 [0.3657799  0.36047283 0.27374727]
 [0.01486871 0.36048988 0.6246414 ]]
probabilities: [[1. 0. 0.]
 [1. 0. 0.]
 [1. 0. 0.]
 [1. 0. 0.]
 [1. 0. 0.]]
probabilities: [[0.24232212 0.30404785 0.45363003]
 [0.20162442 0.66701126 0.13136432]
 [0.14847812 0.23363258 0.6178893 ]
 [0.05933066 0.61653095 0.32413834]
 [0.45263153 0.10656601 0.44080245]]
probabilities: [[0.5077877  0.22476122 0.2674511 ]
 [0.25693858 0.62918407 0.11387736]
 [0.25423816 0.16107883 0.584683  ]
 [0.1628927  0.09618246 0.74092484]
 [0.55351907 0.4433771  0.00310384]]
probabilities: [[0.4787254  0.07534184 0.44593275]
 [0.70194584 0.14093289 0.15712126]
 [0.5269207  0.14277418 0.33030516]
 [0.26703385 0.14795554 0.58501065]
 [0.18202314 0.3803962  0.43758067]]
probabilities: [[0. 0. 1.]
 [0. 1. 0.]
 [0. 1. 0.]
 [0. 0. 1.]
 [0. 0. 1.]]
probabilities: [[0.41175154 0.37726033 0.21098815]
 [0.38552558 0.59332705 0.02114734]
 [0.07931603 0.76137984 0.1593041 ]
 [0.01213766 0.77135307 0.21650928]
 [0.23583286 0.18137003 0.5827971 ]]
probabilities: [[0.25170308 0.10788916 0.64040774]
 [0.1556815  0.19720724 0.64711124]
 [0.03487192 0.92054397 0.04458412]
 [0.3582564  0.09289566 0.5488479 ]
 [0.06493632 0.30576372 0.62929994]]
probabilities: [[0.10818674 0.57487494 0.31693834]
 [0.3645495  0.07582529 0.5596252 ]
 [0.31831104 0.06275045 0.6189385 ]
 [0.50629556 0.490969   0.00273542]
 [0.03529057 0.44516084 0.5195486 ]]
probabilities: [[0. 1. 0.]
 [0. 1. 0.]
 [0. 1. 0.]
 [0. 1. 0.]
 [0. 1. 0.]]
probabilities: [[0.42901176 0.22926728 0.34172094]
 [0.6310095  0.24325706 0.12573339]
 [0.01371218 0.01892283 0.96736497]
 [0.24475652 0.08858512 0.66665834]
 [0.33270952 0.48671415 0.18057632]]
probabilities: [[0.03657879 0.5657864  0.3976348 ]
 [0.65026844 0.11710434 0.23262726]
 [0.5818638  0.35202175 0.0661144 ]
 [0.86580604 0.10457925 0.02961471]
 [0.08572214 0.68972653 0.22455132]]
probabilities: [[0.84565175 0.10999378 0.04435449]
 [0.55933124 0.3458883  0.09478046]
 [0.25996616 0.0877367  0.65229714]
 [0.24073166 0.09275587 0.6665125 ]
 [0.08994035 0.28851116 0.62154853]]
probabilities: [[0. 0. 1.]
 [0. 1. 0.]
 [0. 0. 1.]
 [0. 0. 1.]
 [0. 0. 1.]]
probabilities: [[0.526198   0.35412234 0.11967966]
 [0.49458283 0.43847498 0.06694219]
 [0.1230728  0.14919947 0.7277277 ]
 [0.4702774  0.47059938 0.05912323]
 [0.67461604 0.29626444 0.02911955]]
probabilities: [[0.8507563  0.0207887  0.12845504]
 [0.7051014  0.2050569  0.08984172]
 [0.49074933 0.09694207 0.4123086 ]
 [0.10840289 0.38864562 0.5029515 ]
 [0.18884689 0.8018124  0.00934072]]
probabilities: [[0.4124692  0.13580975 0.45172104]
 [0.05417794 0.3950246  0.55079746]
 [0.1989193  0.10351373 0.697567  ]
 [0.6321148  0.01002356 0.35786158]
 [0.78164643 0.10665807 0.11169548]]
probabilities: [[1. 0. 0.]
 [1. 0. 0.]
 [1. 0. 0.]
 [1. 0. 0.]
 [1. 0. 0.]]
probabilities: [[0.39505294 0.08280659 0.5221405 ]
 [0.15806146 0.68834317 0.15359537]
 [0.03179252 0.6579868  0.31022063]
 [0.99676216 0.00191841 0.00131943]
 [0.28119683 0.33039963 0.38840353]]
probabilities: [[0.64646995 0.20448248 0.14904755]
 [0.98019415 0.00924159 0.01056428]
 [0.10627183 0.88286376 0.01086443]
 [0.28555638 0.6045463  0.10989733]
 [0.1303107  0.03456125 0.83512807]]
probabilities: [[0.32730645 0.05560942 0.61708415]
 [0.13499288 0.294154   0.5708531 ]
 [0.1971999  0.16269521 0.6401049 ]
 [0.16446905 0.7736078  0.06192313]
 [0.14191517 0.7459002  0.11218461]]
probabilities: [[0. 0. 1.]
 [0. 1. 0.]
 [0. 0. 1.]
 [0. 0. 1.]
 [0. 0. 1.]]
probabilities: [[0.11584328 0.49129733 0.3928594 ]
 [0.11355619 0.77059764 0.11584618]
 [0.20442457 0.571967   0.22360843]
 [0.00998494 0.56968904 0.42032602]
 [0.29094157 0.2419605  0.46709794]]
probabilities: [[0.47208744 0.43406466 0.09384791]
 [0.54510736 0.23335682 0.22153582]
 [0.7206329  0.12348111 0.15588595]
 [0.18315007 0.4051621  0.41168782]
 [0.33090025 0.16679409 0.5023056 ]]
probabilities: [[0.17985325 0.587585   0.23256175]
 [0.09609312 0.5046932  0.3992137 ]
 [0.128319   0.21630318 0.6553778 ]
 [0.17610857 0.00109355 0.8227979 ]
 [0.04132063 0.07243599 0.8862434 ]]
probabilities: [[1. 0. 0.]
 [1. 0. 0.]
 [1. 0. 0.]
 [1. 0. 0.]
 [1. 0. 0.]]
probabilities: [[0.6170345  0.36671153 0.01625395]
 [0.6355587  0.23621379 0.12822749]
 [0.5195467  0.05607286 0.42438048]
 [0.03024426 0.07789776 0.891858  ]
 [0.08377681 0.36070007 0.5555231 ]]
probabilities: [[0.22655955 0.42648584 0.34695458]
 [0.01923341 0.51883847 0.4619281 ]
 [0.40230292 0.43127966 0.16641743]
 [0.05597932 0.29534742 0.64867324]
 [0.68103945 0.16037883 0.15858173]]
probabilities: [[0.46542817 0.28507194 0.24949989]
 [0.7889941  0.01790925 0.19309667]
 [0.66188425 0.14767478 0.19044098]
 [0.2484568  0.4357191  0.3158241 ]
 [0.01118465 0.26470372 0.7241116 ]]
probabilities: [[0. 1. 0.]
 [0. 1. 0.]
 [0. 1. 0.]
 [0. 1. 0.]
 [0. 1. 0.]]
probabilities: [[0.4490988  0.31414604 0.23675519]
 [0.44797602 0.37344712 0.17857687]
 [0.17576914 0.8228493  0.00138157]
 [0.09219798 0.04866328 0.8591387 ]
 [0.593926   0.14711517 0.25895882]]
probabilities: [[0.3691151  0.16831276 0.46257213]
 [0.021058   0.92496556 0.05397642]
 [0.47293428 0.40419197 0.12287374]
 [0.35512197 0.3793342  0.26554382]
 [0.27604443 0.3358691  0.38808647]]
probabilities: [[0.19700904 0.7604966  0.04249434]
 [0.15101965 0.12160882 0.7273715 ]
 [0.24646953 0.10913143 0.64439905]
 [0.22962676 0.23475064 0.5356226 ]
 [0.5723255  0.05861056 0.3690639 ]]
probabilities: [[0. 1. 0.]
 [0. 1. 0.]
 [0. 1. 0.]
 [0. 1. 0.]
 [0. 1. 0.]]
probabilities: [[0.27935943 0.37203085 0.34860972]
 [0.572948   0.13129991 0.2957521 ]
 [0.1890179  0.25071403 0.56026804]
 [0.0316249  0.65495795 0.31341717]
 [0.30294335 0.2091889  0.48786774]]
probabilities: [[0.02608802 0.87600565 0.09790635]
 [0.15040208 0.8393199  0.01027805]
 [0.819353   0.14273186 0.03791513]
 [0.15585919 0.28608844 0.5580524 ]
 [0.336612   0.2686244  0.39476362]]
probabilities: [[0.5020552  0.3615456  0.13639918]
 [0.34119248 0.2241523  0.43465522]
 [0.06694698 0.3094295  0.62362355]
 [0.05826674 0.6010505  0.34068277]
 [0.7229819  0.25073555 0.02628251]]
probabilities: [[1. 0. 0.]
 [1. 0. 0.]
 [1. 0. 0.]
 [1. 0. 0.]
 [1. 0. 0.]]
probabilities: [[0.0878583  0.58060676 0.33153492]
 [0.75280154 0.1530183  0.09418014]
 [0.7104486  0.19485523 0.09469614]
 [0.83740264 0.08836536 0.07423198]
 [0.3523443  0.15828885 0.48936686]]
probabilities: [[0.1761375  0.54658735 0.27727517]
 [0.5643657  0.03709805 0.39853626]
 [0.47554365 0.23583332 0.28862303]
 [0.03276404 0.5508064  0.41642958]
 [0.09047978 0.08787166 0.82164854]]
probabilities: [[0.13407409 0.5980943  0.26783162]
 [0.47774252 0.19420345 0.32805404]
 [0.1307175  0.6562394  0.2130431 ]
 [0.83435404 0.03944239 0.12620358]
 [0.9246344  0.01813438 0.0572312 ]]
probabilities: [[0. 0. 1.]
 [0. 1. 0.]
 [0. 1. 0.]
 [0. 0. 1.]
 [0. 0. 1.]]
probabilities: [[0.39144614 0.3568955  0.25165838]
 [0.23438527 0.53185374 0.23376098]
 [0.4633815  0.13800985 0.39860865]
 [0.11061781 0.72256976 0.16681239]
 [0.256815   0.1276507  0.6155343 ]]
probabilities: [[0.34931904 0.47894782 0.17173314]
 [0.458764   0.5367572  0.00447885]
 [0.664841   0.25932598 0.07583303]
 [0.26367947 0.3399967  0.39632383]
 [0.08215523 0.09137157 0.8264732 ]]
probabilities: [[0.1193186  0.69626254 0.18441883]
 [0.40636522 0.37521756 0.21841723]
 [0.1796681  0.53343207 0.28689983]
 [0.65082353 0.07090723 0.27826926]
 [0.04566068 0.34761184 0.6067275 ]]
probabilities: [[0. 0. 1.]
 [0. 1. 0.]
 [0. 0. 1.]
 [0. 0. 1.]
 [0. 0. 1.]]
probabilities: [[0.18228704 0.16422309 0.6534899 ]
 [0.44036984 0.24102224 0.3186079 ]
 [0.22123554 0.58301985 0.19574457]
 [0.85093355 0.04400011 0.10506631]
 [0.21730298 0.1169126  0.6657844 ]]
probabilities: [[0.46825942 0.28578112 0.24595948]
 [0.7456679  0.24547185 0.00886029]
 [0.3134673  0.18738918 0.49914354]
 [0.20841092 0.03734132 0.7542478 ]
 [0.6963117  0.1107162  0.19297208]]
probabilities: [[0.2581709  0.7226228  0.01920627]
 [0.6238194  0.04106317 0.3351174 ]
 [0.27054805 0.16529296 0.564159  ]
 [0.54623127 0.42695975 0.026809  ]
 [0.5595302  0.12345157 0.31701827]]
probabilities: [[0. 1. 0.]
 [0. 1. 0.]
 [0. 1. 0.]
 [0. 1. 0.]
 [0. 1. 0.]]
probabilities: [[0.2666949  0.5589631  0.17434199]
 [0.01562964 0.2475733  0.73679703]
 [0.5486877  0.07833867 0.37297362]
 [0.7523301  0.15054367 0.09712619]
 [0.29165426 0.39324054 0.3151052 ]]
probabilities: [[0.03516347 0.8737614  0.09107513]
 [0.1932453  0.28568316 0.52107155]
 [0.09102479 0.1437582  0.765217  ]
 [0.28039795 0.14871456 0.5708875 ]
 [0.786027   0.17071643 0.04325653]]
probabilities: [[0.03447358 0.34700397 0.61852247]
 [0.451304   0.4177241  0.13097191]
 [0.225814   0.4359178  0.33826822]
 [0.03942766 0.15650076 0.8040716 ]
 [0.15536404 0.04124364 0.80339235]]
probabilities: [[0. 0. 1.]
 [0. 1. 0.]
 [0. 1. 0.]
 [0. 0. 1.]
 [0. 0. 1.]]
probabilities: [[0.6367455  0.21954346 0.14371105]
 [0.33219627 0.51621705 0.15158668]
 [0.0034437  0.8116464  0.18490991]
 [0.04162222 0.8386398  0.11973798]
 [0.9672689  0.03127746 0.00145366]]
probabilities: [[0.35022178 0.5895312  0.06024706]
 [0.54258186 0.34999865 0.10741948]
 [0.34763455 0.3925759  0.25978956]
 [0.17499289 0.30293033 0.5220768 ]
 [0.15007886 0.68239325 0.16752791]]
probabilities: [[0.3190511  0.31957448 0.36137444]
 [0.84735197 0.05765594 0.09499208]
 [0.17569512 0.68882537 0.13547951]
 [0.22890005 0.66294104 0.10815892]
 [0.76130337 0.09027045 0.14842622]]
probabilities: [[1. 0. 0.]
 [1. 0. 0.]
 [1. 0. 0.]
 [1. 0. 0.]
 [1. 0. 0.]]
probabilities: [[0.35671064 0.33740085 0.3058885 ]
 [0.26358998 0.10453624 0.6318738 ]
 [0.41810238 0.5497814  0.03211624]
 [0.13670819 0.76240075 0.10089109]
 [0.25840703 0.6409788  0.10061418]]
probabilities: [[0.56326705 0.04789761 0.38883537]
 [0.43826354 0.4792479  0.08248858]
 [0.59978765 0.02985801 0.37035435]
 [0.41186893 0.10415341 0.48397765]
 [0.2076778  0.50393116 0.28839105]]
probabilities: [[0.2804083  0.3110756  0.4085161 ]
 [0.52476853 0.38882485 0.08640663]
 [0.35840595 0.5027924  0.1388016 ]
 [0.50480205 0.1376743  0.35752365]
 [0.14623743 0.3431245  0.51063806]]
probabilities: [[1. 0. 0.]
 [1. 0. 0.]
 [1. 0. 0.]
 [1. 0. 0.]
 [1. 0. 0.]]
probabilities: [[0.6203117  0.1969104  0.18277793]
 [0.04806111 0.34551242 0.6064265 ]
 [0.04802614 0.46541807 0.48655578]
 [0.5065528  0.38599917 0.107448  ]
 [0.29861045 0.16481435 0.5365752 ]]
probabilities: [[0.43826097 0.40598378 0.15575527]
 [0.5654751  0.04114981 0.3933751 ]
 [0.09808099 0.3688373  0.5330817 ]
 [0.35065645 0.1047162  0.54462737]
 [0.58861554 0.11354049 0.29784396]]
probabilities: [[0.54890585 0.33616835 0.11492582]
 [0.40235662 0.41647887 0.18116453]
 [0.00189872 0.27478838 0.7233129 ]
 [0.1138455  0.4746995  0.411455  ]
 [0.02138742 0.46663135 0.51198125]]
probabilities: [[1. 0. 0.]
 [1. 0. 0.]
 [1. 0. 0.]
 [1. 0. 0.]
 [1. 0. 0.]]
probabilities: [[0.22427416 0.36706468 0.40866116]
 [0.1135793  0.72650635 0.15991436]
 [0.07457502 0.65821254 0.26721245]
 [0.04161306 0.11638763 0.8419993 ]
 [0.02435142 0.53057367 0.4450749 ]]
probabilities: [[0.44246027 0.53827053 0.01926923]
 [0.47782308 0.2681164  0.2540605 ]
 [0.5940204  0.19670983 0.20926976]
 [0.29571927 0.38250974 0.321771  ]
 [0.900337   0.02281038 0.07685263]]
probabilities: [[0.23505338 0.49912146 0.26582518]
 [0.5929207  0.39236146 0.01471779]
 [0.0766163  0.30763763 0.6157461 ]
 [0.29113787 0.2973005  0.41156164]
 [0.775799   0.03440794 0.18979311]]
probabilities: [[0. 0. 1.]
 [0. 1. 0.]
 [0. 0. 1.]
 [0. 0. 1.]
 [0. 0. 1.]]
probabilities: [[0.6361975  0.01443469 0.34936783]
 [0.582798   0.25863367 0.15856834]
 [0.3104547  0.6658047  0.0237406 ]
 [0.2877226  0.50148106 0.21079639]
 [0.51175785 0.36878747 0.1194547 ]]
probabilities: [[0.43082032 0.41410393 0.15507576]
 [0.3613168  0.41198307 0.22670011]
 [0.27543333 0.23336619 0.49120048]
 [0.587639   0.13165519 0.28070587]
 [0.583387   0.11169362 0.30491933]]
probabilities: [[0.18146978 0.12255306 0.69597715]
 [0.0645996  0.7401548  0.19524562]
 [0.13023372 0.17779642 0.6919699 ]
 [0.43232304 0.10763176 0.4600452 ]
 [0.58490837 0.32473925 0.0903524 ]]
probabilities: [[0. 0. 1.]
 [0. 1. 0.]
 [0. 1. 0.]
 [0. 0. 1.]
 [0. 0. 1.]]
probabilities: [[0.06049518 0.6155855  0.3239193 ]
 [0.6659835  0.15596518 0.17805135]
 [0.37543494 0.5734028  0.05116227]
 [0.786918   0.20343675 0.00964525]
 [0.5323854  0.3999246  0.06769   ]]
probabilities: [[0.09308425 0.9040109  0.00290485]
 [0.18572411 0.31819108 0.4960848 ]
 [0.24927591 0.7430006  0.00772345]
 [0.40131417 0.1888558  0.40983003]
 [0.07513934 0.62915695 0.2957037 ]]
probabilities: [[0.01568086 0.0501573  0.93416184]
 [0.42038473 0.38110656 0.19850871]
 [0.00733145 0.5790742  0.41359437]
 [0.02123908 0.2472201  0.7315408 ]
 [0.42554983 0.28881586 0.2856343 ]]
probabilities: [[0. 0. 1.]
 [0. 1. 0.]
 [0. 1. 0.]
 [0. 0. 1.]
 [0. 0. 1.]]
probabilities: [[0.61910164 0.26298648 0.11791187]
 [0.38220596 0.5328608  0.08493322]
 [0.17358407 0.61899817 0.20741773]
 [0.2866144  0.2847532  0.4286324 ]
 [0.03823072 0.20306855 0.7587007 ]]
probabilities: [[0.37803322 0.5628461  0.05912067]
 [0.00122169 0.23082626 0.767952  ]
 [0.6862634  0.06289743 0.2508392 ]
 [0.6237127  0.2999524  0.07633488]
 [0.13575105 0.7875055  0.07674344]]
probabilities: [[0.34234697 0.45898548 0.19866756]
 [0.5245104  0.08876983 0.38671976]
 [0.7433839  0.01362384 0.24299227]
 [0.18516949 0.63843733 0.1763932 ]
 [0.6942092  0.21478394 0.09100685]]
probabilities: [[0. 0. 1.]
 [0. 1. 0.]
 [0. 1. 0.]
 [0. 0. 1.]
 [0. 0. 1.]]
probabilities: [[0.12183389 0.53981423 0.33835188]
 [0.15605146 0.4902854  0.35366315]
 [0.68832254 0.05322225 0.25845522]
 [0.20718609 0.36279663 0.43001726]
 [0.1068066  0.29881105 0.59438235]]
probabilities: [[0.22497258 0.0685521  0.7064753 ]
 [0.42563897 0.50613683 0.06822418]
 [0.1944575  0.2027151  0.6028274 ]
 [0.22820958 0.19892348 0.5728669 ]
 [0.09941708 0.5283088  0.3722741 ]]
probabilities: [[0.06633319 0.65178806 0.28187877]
 [0.20015101 0.02978555 0.77006346]
 [0.23986773 0.6536186  0.10651369]
 [0.52960587 0.16159251 0.30880162]
 [0.37638357 0.27339768 0.35021874]]
probabilities: [[1. 0. 0.]
 [1. 0. 0.]
 [1. 0. 0.]
 [1. 0. 0.]
 [1. 0. 0.]]
probabilities: [[0.70910674 0.20218818 0.08870506]
 [0.61941046 0.352236   0.02835352]
 [0.19975303 0.65835565 0.14189129]
 [0.055434   0.74169207 0.20287395]
 [0.6841787  0.04757433 0.26824695]]
probabilities: [[0.1969345  0.37393484 0.42913067]
 [0.0783681  0.7632343  0.1583976 ]
 [0.20681797 0.41454968 0.37863234]
 [0.66901916 0.22865064 0.10233019]
 [0.2844324  0.00194607 0.7136215 ]]
probabilities: [[0.5539312  0.03232932 0.41373953]
 [0.08726199 0.23371804 0.67902   ]
 [0.60845774 0.15920827 0.232334  ]
 [0.03682373 0.81063455 0.15254173]
 [0.45090935 0.27597368 0.27311698]]
probabilities: [[0. 0. 1.]
 [0. 1. 0.]
 [0. 1. 0.]
 [0. 0. 1.]
 [0. 0. 1.]]
probabilities: [[0.34090534 0.04573677 0.6133579 ]
 [0.22480091 0.58358413 0.19161496]
 [0.16563919 0.36991334 0.46444747]
 [0.3252289  0.53629625 0.13847487]
 [0.45842707 0.48864424 0.05292869]]
probabilities: [[0.27326822 0.36360767 0.3631241 ]
 [0.37188393 0.06310433 0.56501174]
 [0.7968455  0.10647466 0.09667984]
 [0.7598804  0.2306875  0.00943207]
 [0.09869735 0.4468887  0.45441398]]
probabilities: [[0.1252512  0.27675    0.5979988 ]
 [0.6738235  0.21916091 0.10701561]
 [0.2034147  0.5007714  0.2958139 ]
 [0.59965557 0.06216962 0.33817482]
 [0.02588884 0.67653364 0.2975775 ]]
probabilities: [[1. 0. 0.]
 [1. 0. 0.]
 [1. 0. 0.]
 [1. 0. 0.]
 [1. 0. 0.]]
probabilities: [[0.27127594 0.5423806  0.18634348]
 [0.8090406  0.04003063 0.15092875]
 [0.08260433 0.8231013  0.09429438]
 [0.02301372 0.7268469  0.25013942]
 [0.13202877 0.75542986 0.11254133]]
probabilities: [[0.58792543 0.02382854 0.38824606]
 [0.346192   0.14172728 0.51208067]
 [0.28434896 0.64178157 0.07386945]
 [0.44603962 0.16356675 0.39039364]
 [0.41125235 0.30161294 0.2871347 ]]
probabilities: [[0.04225131 0.03305461 0.92469406]
 [0.4811786  0.13121308 0.3876083 ]
 [0.26661006 0.54403096 0.18935898]
 [0.7557021  0.16473463 0.07956328]
 [0.04325148 0.01894075 0.9378078 ]]
probabilities: [[0. 0. 1.]
 [0. 1. 0.]
 [0. 1. 0.]
 [0. 0. 1.]
 [0. 0. 1.]]
probabilities: [[0.15237798 0.4045421  0.44307992]
 [0.03205656 0.6718859  0.2960575 ]
 [0.3671896  0.17552464 0.4572858 ]
 [0.3549734  0.3132449  0.3317817 ]
 [0.4923545  0.22612765 0.2815178 ]]
probabilities: [[0.43867373 0.06584657 0.4954797 ]
 [0.1612645  0.71295255 0.12578297]
 [0.29494464 0.550578   0.15447737]
 [0.8698913  0.0686153  0.06149342]
 [0.6287498  0.17567208 0.19557814]]
probabilities: [[0.31685606 0.18971853 0.4934254 ]
 [0.1336168  0.3994762  0.46690702]
 [0.39500487 0.5298662  0.07512889]
 [0.08557165 0.1555346  0.7588938 ]
 [0.17831953 0.28562307 0.5360574 ]]
probabilities: [[0. 0. 1.]
 [0. 1. 0.]
 [0. 1. 0.]
 [0. 0. 1.]
 [0. 0. 1.]]
probabilities: [[0.1015803  0.4723155  0.42610422]
 [0.5808584  0.22727288 0.19186871]
 [0.07363416 0.8736166  0.05274928]
 [0.08484215 0.24848735 0.6666705 ]
 [0.9065394  0.03545668 0.05800395]]
probabilities: [[0.35509917 0.15655279 0.48834804]
 [0.8085114  0.08549198 0.10599662]
 [0.02802718 0.4682352  0.5037376 ]
 [0.1370619  0.45807743 0.40486068]
 [0.0494717  0.93664575 0.01388254]]
probabilities: [[0.18289798 0.05666409 0.7604379 ]
 [0.5696196  0.34700984 0.08337057]
 [0.1728956  0.0536201  0.7734843 ]
 [0.31193236 0.03374917 0.65431845]
 [0.8096276  0.08372937 0.10664305]]
probabilities: [[0. 1. 0.]
 [0. 1. 0.]
 [0. 1. 0.]
 [0. 1. 0.]
 [0. 1. 0.]]
probabilities: [[0.40243557 0.26141703 0.33614743]
 [0.6292748  0.06019548 0.31052974]
 [0.43731242 0.08459823 0.47808936]
 [0.00710554 0.13946015 0.8534343 ]
 [0.32622764 0.41035846 0.2634139 ]]
probabilities: [[0.31354836 0.30058554 0.3858661 ]
 [0.3718583  0.5278214  0.10032027]
 [0.07963005 0.7520529  0.16831705]
 [0.05459938 0.1305142  0.8148864 ]
 [0.25759724 0.2244749  0.5179279 ]]
probabilities: [[0.05660293 0.9257096  0.0176875 ]
 [0.08728202 0.5064171  0.40630087]
 [0.00140366 0.73872143 0.2598749 ]
 [0.1476602  0.30500245 0.54733735]
 [0.9503542  0.02153359 0.02811221]]
probabilities: [[1. 0. 0.]
 [1. 0. 0.]
 [1. 0. 0.]
 [1. 0. 0.]
 [1. 0. 0.]]
probabilities: [[0.11772163 0.7239739  0.1583045 ]
 [0.34994233 0.16041692 0.48964077]
 [0.1068683  0.26109162 0.6320401 ]
 [0.24921733 0.06586069 0.684922  ]
 [0.93941736 0.02236247 0.03822018]]
probabilities: [[0.4727492  0.28023484 0.24701592]
 [0.12818328 0.8512837  0.02053298]
 [0.19458176 0.692246   0.11317223]
 [0.22340924 0.75705224 0.01953853]
 [0.2878179  0.16817875 0.54400337]]
probabilities: [[0.1452933  0.8052539  0.04945275]
 [0.28255832 0.593627   0.12381473]
 [0.21535672 0.07247258 0.7121707 ]
 [0.643778   0.29555282 0.06066916]
 [0.47235042 0.37106562 0.15658398]]
probabilities: [[0. 0. 1.]
 [0. 1. 0.]
 [0. 0. 1.]
 [0. 0. 1.]
 [0. 0. 1.]]
probabilities: [[0.13138422 0.65862757 0.20998824]
 [0.6019912  0.20807905 0.18992977]
 [0.09007836 0.46320045 0.4467212 ]
 [0.04116113 0.21807542 0.7407634 ]
 [0.47840574 0.2175322  0.30406204]]
probabilities: [[0.09425417 0.8810358  0.02471003]
 [0.719099   0.21333565 0.06756536]
 [0.74387425 0.12363083 0.13249491]
 [0.55292624 0.1381408  0.30893296]
 [0.05287143 0.68017364 0.26695496]]
probabilities: [[0.6474421  0.19429654 0.15826133]
 [0.20495942 0.16978359 0.62525696]
 [0.13633062 0.526352   0.3373174 ]
 [0.05437244 0.00749452 0.93813306]
 [0.01701789 0.16407655 0.81890553]]
probabilities: [[0. 0. 1.]
 [0. 1. 0.]
 [0. 1. 0.]
 [0. 0. 1.]
 [0. 0. 1.]]
probabilities: [[3.1970903e-01 4.2658386e-01 2.5370711e-01]
 [5.2191561e-01 4.7111627e-01 6.9681080e-03]
 [5.6938243e-01 4.0394446e-01 2.6673134e-02]
 [2.1388607e-04 6.4980084e-01 3.4998524e-01]
 [1.8138628e-01 4.0636185e-01 4.1225189e-01]]
probabilities: [[0.73145765 0.05804361 0.21049872]
 [0.21653473 0.33905575 0.44440952]
 [0.3776538  0.39752474 0.22482146]
 [0.34360543 0.19706602 0.45932856]
 [0.2927672  0.4075109  0.29972187]]
probabilities: [[0.17435345 0.1954934  0.6301532 ]
 [0.56995267 0.40199873 0.02804861]
 [0.78929704 0.02229478 0.18840817]
 [0.33097324 0.5257251  0.14330162]
 [0.47448418 0.43677542 0.08874043]]
probabilities: [[1. 0. 0.]
 [1. 0. 0.]
 [1. 0. 0.]
 [1. 0. 0.]
 [1. 0. 0.]]
probabilities: [[0.34366265 0.03186481 0.62447256]
 [0.48436195 0.3836008  0.13203724]
 [0.42545223 0.00184814 0.57269967]
 [0.19912578 0.13926208 0.66161215]
 [0.24371985 0.31751764 0.43876252]]
probabilities: [[0.6024291  0.19720486 0.20036605]
 [0.04939688 0.71592414 0.23467895]
 [0.30627948 0.5771921  0.11652836]
 [0.31391636 0.44971827 0.23636538]
 [0.0254246  0.66747653 0.30709887]]
probabilities: [[0.03192332 0.7486033  0.21947338]
 [0.39157438 0.24586159 0.36256403]
 [0.56896925 0.3810906  0.04994016]
 [0.6453336  0.17771792 0.17694847]
 [0.48989028 0.31781688 0.19229285]]
probabilities: [[1. 0. 0.]
 [1. 0. 0.]
 [1. 0. 0.]
