probabilities: [[0. 0. 1.]
 [0. 1. 0.]
 [0. 0. 1.]
 [0. 0. 1.]
 [0. 0. 1.]]
probabilities: [[0.2481357  0.55533    0.1965343 ]
 [0.01694698 0.95663255 0.02642046]
 [0.30060467 0.26081547 0.43857986]
 [0.66088355 0.16664855 0.1724679 ]
 [0.3070351  0.4125287  0.2804362 ]]
probabilities: [[0.21313058 0.5216308  0.26523858]
 [0.6764064  0.00454423 0.3190494 ]
 [0.25857204 0.17865232 0.5627756 ]
 [0.4888775  0.44339252 0.06772997]
 [0.65213764 0.3036308  0.04423158]]
probabilities: [[0.07416844 0.62542987 0.30040166]
 [0.06095691 0.7169579  0.22208516]
 [0.6667062  0.07857493 0.25471884]
 [0.10813336 0.45396057 0.43790606]
 [0.48805895 0.10353333 0.40840772]]
probabilities: [[0. 1. 0.]
 [0. 1. 0.]
 [0. 1. 0.]
 [0. 1. 0.]
 [0. 1. 0.]]
probabilities: [[0.42905405 0.31151554 0.2594304 ]
 [0.15382735 0.27112892 0.57504374]
 [0.02759441 0.3635933  0.6088123 ]
 [0.11613419 0.4883861  0.3954797 ]
 [0.49530813 0.03642862 0.46826324]]
probabilities: [[0.52932286 0.2064098  0.26426736]
 [0.5230383  0.22236799 0.2545937 ]
 [0.46240142 0.16348788 0.3741107 ]
 [0.10184086 0.384168   0.5139911 ]
 [0.01773089 0.7871989  0.19507019]]
probabilities: [[0.35219637 0.0374651  0.61033857]
 [0.00949472 0.16828614 0.82221913]
 [0.71664965 0.17221534 0.11113502]
 [0.00986829 0.488214   0.5019177 ]
 [0.1661713  0.7814217  0.05240699]]
probabilities: [[1. 0. 0.]
 [1. 0. 0.]
 [1. 0. 0.]
 [1. 0. 0.]
 [1. 0. 0.]]
probabilities: [[0.34909177 0.18816002 0.4627482 ]
 [0.46404535 0.14298712 0.39296755]
 [0.39999124 0.492405   0.10760376]
 [0.3421166  0.17256565 0.48531777]
 [0.7281587  0.17056437 0.10127692]]
probabilities: [[0.03656092 0.66936594 0.29407313]
 [0.46900758 0.12296716 0.40802526]
 [0.31934237 0.6169923  0.06366538]
 [0.02446526 0.49196735 0.4835674 ]
 [0.37364534 0.3760125  0.2503422 ]]
probabilities: [[0.3576831  0.18196777 0.46034914]
 [0.03928972 0.3187567  0.6419536 ]
 [0.7792606  0.1244434  0.09629601]
 [0.1257768  0.8502431  0.02398011]
 [0.07642457 0.7745507  0.14902478]]
probabilities: [[0. 1. 0.]
 [0. 1. 0.]
 [0. 1. 0.]
 [0. 1. 0.]
 [0. 1. 0.]]
probabilities: [[6.16791666e-01 3.82790804e-01 4.17505740e-04]
 [3.36338252e-01 3.92743915e-01 2.70917833e-01]
 [2.59036452e-01 1.09725475e-01 6.31238103e-01]
 [5.56849599e-01 2.32009545e-01 2.11140841e-01]
 [4.28729773e-01 1.61229864e-01 4.10040349e-01]]
probabilities: [[0.11729747 0.7824922  0.1002103 ]
 [0.38807428 0.10332892 0.5085968 ]
 [0.46321484 0.23901024 0.2977749 ]
 [0.89514995 0.00417028 0.1006798 ]
 [0.07109469 0.26440132 0.664504  ]]
probabilities: [[0.7483986  0.16354415 0.08805726]
 [0.19551769 0.0180877  0.7863946 ]
 [0.34913084 0.57394594 0.07692322]
 [0.06476321 0.22712083 0.70811594]
 [0.08185343 0.02137726 0.8967693 ]]
probabilities: [[1. 0. 0.]
 [1. 0. 0.]
 [1. 0. 0.]
 [1. 0. 0.]
 [1. 0. 0.]]
probabilities: [[0.51153773 0.35421255 0.13424972]
 [0.1869139  0.5750448  0.23804128]
 [0.3999761  0.10321004 0.49681383]
 [0.03569189 0.95442134 0.00988675]
 [0.16647525 0.6084305  0.22509424]]
probabilities: [[0.07273582 0.7105369  0.21672726]
 [0.40245992 0.5311458  0.06639427]
 [0.38348922 0.18404041 0.43247035]
 [0.05635574 0.30718163 0.6364626 ]
 [0.60978645 0.36301845 0.02719508]]
probabilities: [[0.08205604 0.29230458 0.6256394 ]
 [0.10177083 0.25590378 0.6423254 ]
 [0.3215378  0.5071257  0.17133653]
 [0.06829276 0.59996337 0.33174387]
 [0.91459084 0.08086674 0.00454245]]
probabilities: [[0. 1. 0.]
 [0. 1. 0.]
 [0. 1. 0.]
 [0. 1. 0.]
 [0. 1. 0.]]
probabilities: [[0.20846352 0.62125856 0.17027794]
 [0.05202976 0.66784436 0.2801259 ]
 [0.2561367  0.04980454 0.6940588 ]
 [0.3975835  0.32552108 0.2768954 ]
 [0.07965392 0.28969327 0.63065284]]
probabilities: [[0.1405627  0.52019656 0.33924073]
 [0.20350799 0.44808507 0.3484069 ]
 [0.13535479 0.4441371  0.42050815]
 [0.42830378 0.22995073 0.34174553]
 [0.18745525 0.07154308 0.74100167]]
probabilities: [[0.12185144 0.5137686  0.3643799 ]
 [0.56690556 0.19848421 0.23461023]
 [0.6809208  0.04665262 0.2724266 ]
 [0.10709602 0.25085667 0.6420473 ]
 [0.7931004  0.10892021 0.09797934]]
probabilities: [[1. 0. 0.]
 [1. 0. 0.]
 [1. 0. 0.]
 [1. 0. 0.]
 [1. 0. 0.]]
probabilities: [[0.43912405 0.48603463 0.07484132]
 [0.40020525 0.27398306 0.32581168]
 [0.14326698 0.58556736 0.27116567]
 [0.30155766 0.20113024 0.4973121 ]
 [0.16575699 0.1850687  0.64917433]]
probabilities: [[0.25614128 0.42897052 0.3148882 ]
 [0.18296812 0.8014664  0.01556546]
 [0.73360586 0.17654604 0.08984813]
 [0.06551441 0.9020917  0.0323939 ]
 [0.10927552 0.37331763 0.5174068 ]]
probabilities: [[0.8502615  0.11950897 0.03022953]
 [0.00150992 0.09059801 0.90789205]
 [0.66004634 0.05088967 0.289064  ]
 [0.4237365  0.05142324 0.52484024]
 [0.05457323 0.5186112  0.4268156 ]]
probabilities: [[0. 0. 1.]
 [0. 1. 0.]
 [0. 0. 1.]
 [0. 0. 1.]
 [0. 0. 1.]]
probabilities: [[0.26793173 0.7297434  0.00232486]
 [0.24705832 0.1976055  0.5553362 ]
 [0.7868927  0.14878978 0.06431752]
 [0.20246008 0.14153384 0.6560061 ]
 [0.14319423 0.11861733 0.73818845]]
probabilities: [[0.08231253 0.33702207 0.5806654 ]
 [0.2540137  0.7238831  0.02210325]
 [0.01099595 0.34304333 0.6459607 ]
 [0.5541904  0.10146803 0.3443416 ]
 [0.53409135 0.09800978 0.36789885]]
probabilities: [[0.02689305 0.13630486 0.8368021 ]
 [0.22289816 0.07208523 0.7050166 ]
 [0.3702982  0.35105643 0.27864534]
 [0.25476572 0.46545267 0.27978158]
 [0.6321041  0.03051977 0.33737612]]
probabilities: [[0. 1. 0.]
 [0. 1. 0.]
 [0. 1. 0.]
 [0. 1. 0.]
 [0. 1. 0.]]
probabilities: [[0.74182254 0.13108543 0.12709203]
 [0.6275512  0.24960862 0.12284015]
 [0.21275517 0.5294353  0.25780955]
 [0.61962533 0.09161851 0.2887562 ]
 [0.7293825  0.04224097 0.22837652]]
probabilities: [[0.09302785 0.16709818 0.73987395]
 [0.5905112  0.3419326  0.06755617]
 [0.15307838 0.4951726  0.35174903]
 [0.10907704 0.7080141  0.18290888]
 [0.39494675 0.01175608 0.5932972 ]]
probabilities: [[0.06363959 0.18386197 0.75249845]
 [0.09068058 0.49481496 0.41450447]
 [0.07393114 0.2571609  0.66890794]
 [0.54692495 0.40945327 0.04362179]
 [0.09908708 0.1264616  0.7744513 ]]
probabilities: [[0. 0. 1.]
 [0. 1. 0.]
 [0. 0. 1.]
 [0. 0. 1.]
 [0. 0. 1.]]
probabilities: [[0.4015902  0.11835608 0.48005372]
 [0.6688257  0.32300326 0.00817105]
 [0.01647243 0.41964757 0.56387997]
 [0.09298082 0.7134782  0.19354095]
 [0.5315003  0.22521932 0.24328038]]
probabilities: [[0.48696738 0.27478224 0.23825039]
 [0.84290266 0.02446963 0.1326277 ]
 [0.63404405 0.06536468 0.30059126]
 [0.8406408  0.081552   0.07780723]
 [0.00356275 0.22354224 0.772895  ]]
probabilities: [[0.5913466  0.09101617 0.31763723]
 [0.01607381 0.21668488 0.7672413 ]
 [0.12224619 0.37124643 0.5065074 ]
 [0.36751753 0.28499857 0.3474839 ]
 [0.14090854 0.27518013 0.5839113 ]]
probabilities: [[0. 0. 1.]
 [0. 1. 0.]
 [0. 1. 0.]
 [0. 0. 1.]
 [0. 0. 1.]]
probabilities: [[0.08412876 0.40529737 0.51057386]
 [0.30407447 0.6862511  0.00967444]
 [0.42994428 0.4147402  0.15531552]
 [0.500214   0.45367184 0.04611418]
 [0.02958082 0.6580854  0.3123338 ]]
probabilities: [[0.00736371 0.94005144 0.05258485]
 [0.15272151 0.01128477 0.8359937 ]
 [0.48029083 0.40836346 0.1113457 ]
 [0.28976363 0.58525294 0.12498342]
 [0.25732285 0.35297918 0.38969797]]
probabilities: [[0.35706255 0.38051623 0.26242122]
 [0.4171045  0.216692   0.3662035 ]
 [0.06527255 0.8804844  0.05424304]
 [0.2538957  0.70155233 0.04455195]
 [0.03779483 0.21242078 0.7497844 ]]
probabilities: [[0. 1. 0.]
 [0. 1. 0.]
 [0. 1. 0.]
 [0. 1. 0.]
 [0. 1. 0.]]
probabilities: [[0.6683296  0.04490792 0.28676248]
 [0.0061845  0.40248692 0.59132856]
 [0.564772   0.05525567 0.3799723 ]
 [0.32098    0.45298973 0.22603026]
 [0.43929213 0.13161705 0.42909083]]
probabilities: [[0.7232269  0.22969681 0.04707628]
 [0.252821   0.5612975  0.18588151]
 [0.00247549 0.03830488 0.95921963]
 [0.17390732 0.54788965 0.278203  ]
 [0.17836009 0.3042622  0.51737773]]
probabilities: [[0.13549301 0.47871128 0.3857957 ]
 [0.49326998 0.21900538 0.2877246 ]
 [0.5562444  0.3359822  0.10777346]
 [0.2575819  0.3181852  0.4242329 ]
 [0.32918912 0.09782657 0.57298434]]
probabilities: [[0. 0. 1.]
 [0. 1. 0.]
 [0. 0. 1.]
 [0. 0. 1.]
 [0. 0. 1.]]
probabilities: [[8.4183747e-01 1.5770343e-01 4.5910713e-04]
 [2.9358199e-01 3.7853080e-01 3.2788721e-01]
 [6.4050972e-01 1.5333267e-01 2.0615761e-01]
 [2.5072837e-01 2.9403803e-01 4.5523360e-01]
 [3.4592786e-01 4.2772576e-01 2.2634637e-01]]
probabilities: [[0.04713754 0.15387687 0.7989856 ]
 [0.14782375 0.05898953 0.7931867 ]
 [0.07660059 0.54155195 0.38184744]
 [0.44063628 0.30561754 0.25374618]
 [0.27744654 0.35486957 0.36768392]]
probabilities: [[0.12579776 0.86148524 0.012717  ]
 [0.35168087 0.14020833 0.50811076]
 [0.5143628  0.33885053 0.14678663]
 [0.1160297  0.5652787  0.3186916 ]
 [0.06254652 0.25663128 0.6808222 ]]
probabilities: [[0. 1. 0.]
 [0. 1. 0.]
 [0. 1. 0.]
 [0. 1. 0.]
 [0. 1. 0.]]
probabilities: [[0.38569012 0.09538103 0.5189288 ]
 [0.23196977 0.7302975  0.03773272]
 [0.2988089  0.6714073  0.0297838 ]
 [0.0140238  0.27196264 0.7140135 ]
 [0.08543233 0.26757792 0.64698976]]
probabilities: [[0.5340648  0.32767868 0.13825652]
 [0.37256524 0.08906974 0.538365  ]
 [0.54703754 0.18790679 0.26505566]
 [0.76411426 0.22364293 0.01224279]
 [0.08146104 0.4500936  0.46844536]]
probabilities: [[0.00763072 0.61848855 0.3738807 ]
 [0.12978491 0.46761438 0.4026007 ]
 [0.0745718  0.8808631  0.04456511]
 [0.04011221 0.5916683  0.3682195 ]
 [0.6502561  0.16050038 0.18924351]]
probabilities: [[0. 0. 1.]
 [0. 1. 0.]
 [0. 0. 1.]
 [0. 0. 1.]
 [0. 0. 1.]]
probabilities: [[0.6557807  0.2886101  0.0556092 ]
 [0.46262994 0.33112082 0.20624924]
 [0.9121858  0.05014712 0.03766711]
 [0.06412013 0.8069313  0.12894858]
 [0.6350729  0.3487093  0.01621783]]
probabilities: [[0.39527065 0.5454627  0.05926666]
 [0.369382   0.13046432 0.50015366]
 [0.33219218 0.29853585 0.36927196]
 [0.02828414 0.3565727  0.6151432 ]
 [0.13282794 0.25451258 0.61265945]]
probabilities: [[0.8662209  0.05271954 0.08105954]
 [0.69440615 0.08501402 0.22057983]
 [0.44376814 0.05835767 0.4978742 ]
 [0.18370023 0.09824084 0.71805894]
 [0.37608328 0.0151422  0.6087745 ]]
probabilities: [[0. 1. 0.]
 [0. 1. 0.]
 [0. 1. 0.]
 [0. 1. 0.]
 [0. 1. 0.]]
probabilities: [[0.4987727  0.21283786 0.28838944]
 [0.36347458 0.4923815  0.14414392]
 [0.2530566  0.10899679 0.6379466 ]
 [0.28915882 0.1223919  0.58844924]
 [0.09267737 0.8133527  0.09396991]]
probabilities: [[0.84343576 0.09597445 0.06058979]
 [0.53190213 0.07157809 0.3965198 ]
 [0.5545602  0.19899881 0.246441  ]
 [0.12044282 0.6076543  0.2719029 ]
 [0.21891281 0.7617992  0.01928798]]
probabilities: [[0.9278521  0.05649345 0.01565443]
 [0.4323039  0.19799401 0.36970207]
 [0.8626744  0.08892787 0.04839774]
 [0.05078674 0.20366338 0.74554986]
 [0.26752493 0.6275702  0.10490488]]
probabilities: [[0. 0. 1.]
 [0. 1. 0.]
 [0. 1. 0.]
 [0. 0. 1.]
 [0. 0. 1.]]
probabilities: [[0.5422297  0.45296323 0.00480708]
 [0.29153803 0.16988137 0.5385806 ]
 [0.5442897  0.12479589 0.33091444]
 [0.07535978 0.46198237 0.46265784]
 [0.57417446 0.357105   0.06872055]]
probabilities: [[0.23627841 0.27079612 0.49292547]
 [0.3639878  0.3655889  0.27042326]
 [0.35947403 0.46145377 0.17907217]
 [0.01186898 0.9448052  0.04332582]
 [0.09001481 0.6480941  0.26189107]]
probabilities: [[0.68526673 0.2800412  0.03469206]
 [0.25934318 0.09643019 0.6442266 ]
 [0.5692885  0.31159118 0.11912031]
 [0.22860381 0.311804   0.4595922 ]
 [0.1313098  0.219492   0.6491982 ]]
probabilities: [[0. 0. 1.]
 [0. 1. 0.]
 [0. 0. 1.]
 [0. 0. 1.]
 [0. 0. 1.]]
probabilities: [[0.09230454 0.8047594  0.10293606]
 [0.15714885 0.3217338  0.5211173 ]
 [0.26718664 0.4167032  0.31611016]
 [0.2781083  0.27749166 0.44440004]
 [0.072967   0.1519106  0.7751224 ]]
probabilities: [[0.17309897 0.5620101  0.26489094]
 [0.0165119  0.05276948 0.9307186 ]
 [0.2090922  0.3935989  0.3973089 ]
 [0.42153096 0.57146    0.007009  ]
 [0.34908783 0.32013544 0.33077672]]
probabilities: [[0.22908068 0.18193705 0.5889823 ]
 [0.35304442 0.22752157 0.419434  ]
 [0.0060252  0.01290829 0.9810665 ]
 [0.31298903 0.679865   0.00714595]
 [0.52044594 0.32010227 0.15945181]]
probabilities: [[0. 0. 1.]
 [0. 1. 0.]
 [0. 1. 0.]
 [0. 0. 1.]
 [0. 0. 1.]]
probabilities: [[0.61855316 0.3476056  0.03384125]
 [0.39194855 0.26364958 0.34440187]
 [0.26409766 0.11831222 0.6175901 ]
 [0.16239068 0.38008395 0.45752537]
 [0.5177086  0.27392697 0.20836443]]
probabilities: [[0.28791726 0.32162622 0.39045653]
 [0.26888767 0.16346973 0.56764257]
 [0.13785663 0.22442707 0.6377163 ]
 [0.48716742 0.4456265  0.06720609]
 [0.20781972 0.2438197  0.5483606 ]]
probabilities: [[0.13245937 0.3637456  0.503795  ]
 [0.33982995 0.28095862 0.37921143]
 [0.34620634 0.07937499 0.57441866]
 [0.81987685 0.10511302 0.07501012]
 [0.57509035 0.28180394 0.14310575]]
probabilities: [[0. 0. 1.]
 [0. 1. 0.]
 [0. 1. 0.]
 [0. 0. 1.]
 [0. 0. 1.]]
probabilities: [[0.59936345 0.30694252 0.093694  ]
 [0.7799605  0.18489581 0.0351437 ]
 [0.00370401 0.47515827 0.5211377 ]
 [0.58933187 0.30400574 0.10666242]
 [0.6342206  0.34752887 0.01825051]]
probabilities: [[0.444926   0.07435954 0.48071444]
 [0.5624377  0.2899919  0.14757039]
 [0.6372286  0.35689342 0.00587796]
 [0.8106104  0.14358197 0.04580762]
 [0.57686377 0.03285852 0.39027768]]
probabilities: [[0.21286504 0.7048481  0.08228686]
 [0.1985421  0.55710644 0.24435146]
 [0.28560665 0.14164083 0.57275254]
 [0.00781357 0.07668997 0.91549647]
 [0.216604   0.41926458 0.36413142]]
probabilities: [[0. 1. 0.]
 [0. 1. 0.]
 [0. 1. 0.]
 [0. 1. 0.]
 [0. 1. 0.]]
probabilities: [[0.05452636 0.8602702  0.08520342]
 [0.24869302 0.3053449  0.44596207]
 [0.40890008 0.10201532 0.4890846 ]
 [0.36792454 0.29023603 0.34183943]
 [0.48208314 0.27016538 0.24775149]]
probabilities: [[0.3712827  0.10897864 0.5197387 ]
 [0.32651123 0.40977442 0.26371434]
 [0.04141665 0.3225736  0.63600975]
 [0.43872026 0.06427275 0.497007  ]
 [0.11690687 0.34185717 0.541236  ]]
probabilities: [[0.19328699 0.05494318 0.75176984]
 [0.3619469  0.46556488 0.1724882 ]
 [0.28717613 0.03874891 0.67407495]
 [0.28686988 0.29758802 0.4155421 ]
 [0.4252111  0.37053668 0.20425221]]
probabilities: [[0. 0. 1.]
 [0. 1. 0.]
 [0. 0. 1.]
 [0. 0. 1.]
 [0. 0. 1.]]
probabilities: [[0.20178999 0.59686553 0.20134448]
 [0.40216255 0.4073701  0.19046734]
 [0.00828208 0.3798668  0.6118511 ]
 [0.6658829  0.25300813 0.08110898]
 [0.6478372  0.10706402 0.24509877]]
probabilities: [[0.02991163 0.14228089 0.8278075 ]
 [0.11665957 0.0269251  0.85641533]
 [0.68887603 0.1738421  0.1372819 ]
 [0.8033028  0.16102555 0.03567161]
 [0.22291669 0.0761665  0.7009168 ]]
probabilities: [[0.68236125 0.12038372 0.19725502]
 [0.8156569  0.0425145  0.14182861]
 [0.74508923 0.18046166 0.07444912]
 [0.407262   0.08928599 0.503452  ]
 [0.38016546 0.37613252 0.243702  ]]
probabilities: [[0. 0. 1.]
 [0. 1. 0.]
 [0. 1. 0.]
 [0. 0. 1.]
 [0. 0. 1.]]
probabilities: [[0.35517856 0.29840708 0.34641436]
 [0.08692757 0.41612285 0.49694958]
 [0.03639147 0.56620437 0.39740416]
 [0.33242777 0.17515275 0.49241945]
 [0.04223902 0.85425407 0.10350694]]
probabilities: [[0.3534504  0.26411852 0.3824311 ]
 [0.6064818  0.14073916 0.25277907]
 [0.26030993 0.6040913  0.13559881]
 [0.17925547 0.33598754 0.484757  ]
 [0.23169175 0.58612025 0.18218799]]
probabilities: [[0.19355282 0.76566124 0.04078595]
 [0.15658206 0.6456811  0.19773687]
 [0.25633025 0.26950175 0.474168  ]
 [0.26430586 0.13846834 0.5972258 ]
 [0.637387   0.14325121 0.21936181]]
probabilities: [[0. 1. 0.]
 [0. 1. 0.]
 [0. 1. 0.]
 [0. 1. 0.]
 [0. 1. 0.]]
probabilities: [[0.11534191 0.04255466 0.8421034 ]
 [0.09810547 0.61056376 0.2913308 ]
 [0.9257399  0.06724919 0.00701094]
 [0.07940102 0.19029151 0.73030746]
 [0.35654476 0.29591525 0.34754   ]]
probabilities: [[0.26821318 0.30450794 0.42727888]
 [0.67251426 0.09370212 0.2337836 ]
 [0.5632507  0.32722443 0.10952482]
 [0.58740246 0.21378873 0.1988088 ]
 [0.68574685 0.05123161 0.26302156]]
probabilities: [[0.16562194 0.33490014 0.4994779 ]
 [0.35107973 0.55275744 0.09616285]
 [0.08139731 0.5823485  0.33625415]
 [0.27765304 0.12334723 0.59899974]
 [0.09491298 0.25426808 0.65081894]]
probabilities: [[1. 0. 0.]
 [1. 0. 0.]
 [1. 0. 0.]
 [1. 0. 0.]
 [1. 0. 0.]]
probabilities: [[0.6302207  0.2239047  0.1458746 ]
 [0.65712565 0.03246803 0.3104063 ]
 [0.3028608  0.6659308  0.0312084 ]
 [0.69402426 0.00246663 0.30350912]
 [0.26717064 0.02052727 0.7123021 ]]
probabilities: [[0.12831621 0.11692642 0.75475734]
 [0.5346704  0.261024   0.20430556]
 [0.28307283 0.51182765 0.2050995 ]
 [0.5987103  0.05866972 0.34261996]
 [0.44624373 0.46041876 0.09333751]]
probabilities: [[0.55734    0.11816518 0.3244948 ]
 [0.3348611  0.25119674 0.41394216]
 [0.56445366 0.10848444 0.3270619 ]
 [0.68493795 0.0607855  0.25427657]
 [0.07719882 0.8249688  0.09783234]]
probabilities: [[1. 0. 0.]
 [1. 0. 0.]
 [1. 0. 0.]
 [1. 0. 0.]
 [1. 0. 0.]]
probabilities: [[0.7972959  0.11021596 0.09248812]
 [0.11109786 0.02352975 0.8653724 ]
 [0.12951784 0.3005094  0.56997275]
 [0.07520907 0.01269127 0.91209966]
 [0.4478281  0.28055757 0.2716143 ]]
probabilities: [[0.31896797 0.51815253 0.16287948]
 [0.45119032 0.3587514  0.19005828]
 [0.26099405 0.6125601  0.12644583]
 [0.37114355 0.44658592 0.18227051]
 [0.65679604 0.19160582 0.15159811]]
probabilities: [[0.25025955 0.05027419 0.6994662 ]
 [0.19042441 0.0429267  0.7666489 ]
 [0.33457538 0.44404528 0.22137932]
 [0.26120886 0.1495097  0.58928144]
 [0.4110206  0.22075987 0.36821952]]
probabilities: [[1. 0. 0.]
 [1. 0. 0.]
 [1. 0. 0.]
 [1. 0. 0.]
 [1. 0. 0.]]
probabilities: [[0.06341288 0.6059582  0.33062893]
 [0.06758552 0.8057033  0.12671122]
 [0.3038573  0.2990745  0.39706817]
 [0.6830594  0.28246167 0.03447892]
 [0.2633343  0.00323634 0.7334294 ]]
probabilities: [[0.75412345 0.20137496 0.04450155]
 [0.06963092 0.9199695  0.0103996 ]
 [0.42229095 0.45709243 0.12061663]
 [0.265687   0.4385774  0.29573563]
 [0.00093195 0.631859   0.36720905]]
probabilities: [[0.08690032 0.85196096 0.06113872]
 [0.5619064  0.348425   0.0896686 ]
 [0.63652503 0.10512703 0.25834793]
 [0.01672042 0.690549   0.29273054]
 [0.541094   0.43916577 0.01974024]]
probabilities: [[0. 0. 1.]
 [0. 1. 0.]
 [0. 0. 1.]
 [0. 0. 1.]
 [0. 0. 1.]]
probabilities: [[0.17439352 0.10978455 0.7158219 ]
 [0.7789588  0.19277123 0.02827   ]
 [0.47793955 0.20200968 0.32005078]
 [0.60966015 0.2880223  0.10231756]
 [0.3911186  0.53196543 0.07691595]]
probabilities: [[0.7418921  0.0132903  0.24481758]
 [0.4730331  0.23668611 0.2902808 ]
 [0.29288393 0.06000924 0.6471068 ]
 [0.47701043 0.2774639  0.24552563]
 [0.2690518  0.26258776 0.46836045]]
probabilities: [[0.31636715 0.13754074 0.5460921 ]
 [0.39754552 0.09351717 0.5089373 ]
 [0.37976202 0.23515114 0.38508683]
 [0.25265414 0.6246181  0.12272776]
 [0.11916455 0.26729956 0.6135359 ]]
probabilities: [[1. 0. 0.]
 [1. 0. 0.]
 [1. 0. 0.]
 [1. 0. 0.]
 [1. 0. 0.]]
probabilities: [[0.03830752 0.78449225 0.17720023]
 [0.5441643  0.16684377 0.28899193]
 [0.32991302 0.29534313 0.37474385]
 [0.5206346  0.3411343  0.1382311 ]
 [0.00625171 0.2000977  0.79365057]]
probabilities: [[0.79162586 0.03127989 0.17709425]
 [0.13540442 0.57508755 0.28950807]
 [0.40999117 0.39853358 0.19147524]
 [0.07298584 0.82806534 0.09894886]
 [0.18598105 0.50458455 0.3094344 ]]
probabilities: [[0.21659066 0.37039575 0.41301358]
 [0.12830053 0.2736269  0.5980726 ]
 [0.3849727  0.4531161  0.1619112 ]
 [0.039538   0.923682   0.03678001]
 [0.40310827 0.09202921 0.5048625 ]]
probabilities: [[0. 1. 0.]
 [0. 1. 0.]
 [0. 1. 0.]
 [0. 1. 0.]
 [0. 1. 0.]]
probabilities: [[0.4999235  0.30093566 0.19914085]
 [0.00186589 0.29224998 0.7058841 ]
 [0.7641028  0.05726234 0.17863482]
 [0.04423776 0.32121375 0.6345485 ]
 [0.13892375 0.08886401 0.7722122 ]]
probabilities: [[0.7274806  0.16563733 0.10688211]
 [0.5802685  0.23948327 0.18024823]
 [0.22533055 0.5800402  0.1946292 ]
 [0.6293426  0.3141438  0.05651357]
 [0.12161445 0.16242515 0.7159604 ]]
probabilities: [[0.619987   0.15767801 0.22233497]
 [0.20271938 0.54597086 0.25130978]
 [0.15770656 0.7611353  0.08115814]
 [0.97076726 0.00273106 0.02650169]
 [0.02169787 0.43615833 0.5421438 ]]
probabilities: [[1. 0. 0.]
 [1. 0. 0.]
 [1. 0. 0.]
 [1. 0. 0.]
 [1. 0. 0.]]
probabilities: [[0.07548267 0.06478006 0.8597373 ]
 [0.07595481 0.5039637  0.4200815 ]
 [0.5227775  0.01919947 0.45802304]
 [0.08246339 0.29331595 0.62422067]
 [0.47531328 0.4849904  0.03969634]]
probabilities: [[0.05630242 0.54371154 0.39998603]
 [0.49682596 0.22826731 0.27490672]
 [0.11450897 0.5054825  0.38000852]
 [0.55833703 0.16298693 0.278676  ]
 [0.1342101  0.3470266  0.5187633 ]]
probabilities: [[0.6145583  0.0102492  0.37519252]
 [0.3080362  0.6882111  0.00375271]
 [0.03687085 0.6835911  0.27953804]
 [0.1779653  0.53651357 0.28552112]
 [0.43153575 0.07806765 0.4903966 ]]
probabilities: [[0. 0. 1.]
 [0. 1. 0.]
 [0. 0. 1.]
 [0. 0. 1.]
 [0. 0. 1.]]
probabilities: [[0.2865046  0.42078343 0.29271197]
 [0.50631356 0.4502733  0.04341312]
 [0.1739032  0.25569898 0.57039785]
 [0.23291187 0.52240884 0.2446793 ]
 [0.3225719  0.4914929  0.1859352 ]]
probabilities: [[0.41938698 0.26774594 0.31286705]
 [0.16212015 0.2516476  0.58623224]
 [0.1569058  0.25451013 0.58858407]
 [0.67001724 0.0261902  0.3037926 ]
 [0.6550742  0.10708889 0.23783694]]
probabilities: [[0.45285287 0.3214724  0.22567472]
 [0.5328867  0.39828    0.06883329]
 [0.26380107 0.12907928 0.6071197 ]
 [0.20220342 0.40970832 0.38808826]
 [0.06714948 0.07991549 0.852935  ]]
probabilities: [[0. 0. 1.]
 [0. 1. 0.]
 [0. 1. 0.]
 [0. 0. 1.]
 [0. 0. 1.]]
probabilities: [[0.24421784 0.39708963 0.35869256]
 [0.10054107 0.32283297 0.576626  ]
 [0.36699992 0.5348386  0.09816148]
 [0.08438407 0.33702075 0.57859516]
 [0.31729668 0.30159554 0.3811078 ]]
probabilities: [[0.10419259 0.8137159  0.08209151]
 [0.7888543  0.01803307 0.19311264]
 [0.3084823  0.21428178 0.47723594]
 [0.01308502 0.68886524 0.29804978]
 [0.39119488 0.10917857 0.49962655]]
probabilities: [[0.01273019 0.9789673  0.00830252]
 [0.38276142 0.45285556 0.16438302]
 [0.3944852  0.38969198 0.21582282]
 [0.16795002 0.21013957 0.6219104 ]
 [0.15179177 0.16174157 0.68646663]]
probabilities: [[0. 0. 1.]
 [0. 1. 0.]
 [0. 0. 1.]
 [0. 0. 1.]
 [0. 0. 1.]]
probabilities: [[0.16506441 0.25859022 0.5763454 ]
 [0.14531203 0.32372937 0.5309586 ]
 [0.06958104 0.8389298  0.09148919]
 [0.2364115  0.5634775  0.20011096]
 [0.20970173 0.09218291 0.69811535]]
probabilities: [[0.09503682 0.08213085 0.82283235]
 [0.3219884  0.09077876 0.5872328 ]
 [0.00399665 0.1304448  0.86555856]
 [0.16929762 0.6982676  0.13243477]
 [0.12539369 0.33036965 0.54423666]]
probabilities: [[0.19708648 0.7151692  0.08774432]
 [0.64811254 0.23918605 0.11270143]
 [0.2191272  0.65956336 0.12130945]
 [0.08396132 0.7649803  0.15105838]
 [0.18233523 0.44848695 0.3691778 ]]
probabilities: [[1. 0. 0.]
 [1. 0. 0.]
 [1. 0. 0.]
 [1. 0. 0.]
 [1. 0. 0.]]
probabilities: [[0.26751265 0.3452469  0.38724044]
 [0.05798974 0.8664081  0.07560215]
 [0.8156573  0.03272951 0.15161318]
 [0.8660956  0.04059643 0.09330796]
 [0.15388279 0.3683574  0.47775984]]
probabilities: [[0.38492435 0.3567732  0.25830242]
 [0.8047859  0.12081172 0.0744024 ]
 [0.15074503 0.27324787 0.5760071 ]
 [0.7342519  0.11047483 0.15527326]
 [0.32250732 0.6749843  0.00250837]]
probabilities: [[0.46768272 0.05889552 0.47342175]
 [0.35067138 0.37508228 0.2742463 ]
 [0.06254355 0.6723536  0.26510286]
 [0.35047027 0.34549984 0.30402988]
 [0.25996757 0.4458957  0.2941367 ]]
probabilities: [[0. 0. 1.]
 [0. 1. 0.]
 [0. 1. 0.]
 [0. 0. 1.]
 [0. 0. 1.]]
probabilities: [[0.10430187 0.85299385 0.04270427]
 [0.4142641  0.13925157 0.44648433]
 [0.10471177 0.6458767  0.24941154]
 [0.91380113 0.05490725 0.03129159]
 [0.14585026 0.72369593 0.1304538 ]]
probabilities: [[0.14711922 0.26610318 0.58677757]
 [0.8003673  0.06896567 0.13066702]
 [0.21045798 0.49241906 0.29712296]
 [0.24417599 0.16477205 0.591052  ]
 [0.36386973 0.4362815  0.19984877]]
probabilities: [[0.3803822  0.30749097 0.31212682]
 [0.173406   0.30530855 0.5212854 ]
 [0.68458927 0.06865772 0.24675305]
 [0.16191967 0.24851474 0.5895656 ]
 [0.40836233 0.00117885 0.5904588 ]]
probabilities: [[0. 0. 1.]
 [0. 1. 0.]
 [0. 1. 0.]
 [0. 0. 1.]
 [0. 0. 1.]]
probabilities: [[0.52132016 0.16875699 0.30992284]
 [0.04763816 0.06566015 0.8867017 ]
 [0.37048656 0.1929038  0.43660963]
 [0.85677063 0.08114537 0.06208399]
 [0.24887191 0.02100864 0.73011947]]
probabilities: [[0.49047863 0.47750738 0.03201398]
 [0.5276034  0.34659177 0.1258048 ]
 [0.5363448  0.1993643  0.26429087]
 [0.52673966 0.4113516  0.06190878]
 [0.12985702 0.6759206  0.19422236]]
probabilities: [[0.19390987 0.7141696  0.09192054]
 [0.4319571  0.42733502 0.1407079 ]
 [0.62662756 0.27296802 0.10040437]
 [0.2693315  0.14917904 0.58148944]
 [0.5783194  0.05234474 0.36933586]]
probabilities: [[1. 0. 0.]
 [1. 0. 0.]
 [1. 0. 0.]
 [1. 0. 0.]
 [1. 0. 0.]]
probabilities: [[0.7751465  0.206278   0.01857554]
 [0.2943389  0.03204192 0.67361915]
 [0.19532672 0.7703181  0.03435522]
 [0.77386546 0.18800536 0.0381292 ]
 [0.45659637 0.09497297 0.44843066]]
probabilities: [[0.3135406  0.33501297 0.35144642]
 [0.6398139  0.265097   0.09508911]
 [0.4164301  0.2466019  0.336968  ]
 [0.6036243  0.27880102 0.11757468]
 [0.35645634 0.33225042 0.31129327]]
probabilities: [[0.47140664 0.47396782 0.05462554]
 [0.09898189 0.25630465 0.64471346]
 [0.43856972 0.29667896 0.26475132]
 [0.14745861 0.8343424  0.01819895]
 [0.04572721 0.41494736 0.5393254 ]]
probabilities: [[0. 0. 1.]
 [0. 1. 0.]
 [0. 1. 0.]
 [0. 0. 1.]
 [0. 0. 1.]]
probabilities: [[0.7476267  0.08032621 0.17204705]
 [0.33585852 0.10702455 0.5571169 ]
 [0.58708805 0.05674575 0.35616618]
 [0.5795889  0.3633175  0.05709359]
 [0.32992694 0.31207064 0.35800242]]
probabilities: [[0.2194939  0.37979308 0.40071303]
 [0.20601548 0.6807234  0.1132611 ]
 [0.07599855 0.3997421  0.5242593 ]
 [0.01036031 0.00881976 0.98081994]
 [0.4219829  0.2587481  0.319269  ]]
probabilities: [[0.26100844 0.44404414 0.29494742]
 [0.06274545 0.677125   0.2601296 ]
 [0.42452127 0.29388058 0.28159815]
 [0.20289679 0.04579906 0.75130415]
 [0.41576827 0.38542396 0.19880779]]
probabilities: [[0. 1. 0.]
 [0. 1. 0.]
 [0. 1. 0.]
 [0. 1. 0.]
 [0. 1. 0.]]
probabilities: [[0.1785904  0.08687223 0.73453736]
 [0.656357   0.017919   0.325724  ]
 [0.47815028 0.12509379 0.39675593]
 [0.6574999  0.2236635  0.11883658]
 [0.54292744 0.31975752 0.137315  ]]
probabilities: [[0.87068415 0.09501716 0.03429867]
 [0.40216693 0.3969029  0.20093018]
 [0.43010557 0.07998227 0.48991215]
 [0.07438706 0.9153459  0.01026702]
 [0.05917845 0.47896007 0.4618615 ]]
probabilities: [[0.47702467 0.02071456 0.50226074]
 [0.34660783 0.31939796 0.3339942 ]
 [0.53703254 0.14763494 0.3153325 ]
 [0.47058398 0.52877605 0.00063995]
 [0.50848186 0.48681235 0.00470581]]
probabilities: [[0. 0. 1.]
 [0. 1. 0.]
 [0. 1. 0.]
 [0. 0. 1.]
 [0. 0. 1.]]
probabilities: [[0.02721569 0.22720091 0.7455834 ]
 [0.06713521 0.5644541  0.3684107 ]
 [0.12459288 0.6079123  0.26749486]
 [0.30922988 0.15313597 0.53763413]
 [0.42939505 0.20258555 0.3680194 ]]
probabilities: [[0.18153033 0.56622905 0.25224063]
 [0.14590836 0.13348973 0.7206019 ]
 [0.40471816 0.32180384 0.27347797]
 [0.40940642 0.58658814 0.00400542]
 [0.8551774  0.00896183 0.13586079]]
probabilities: [[0.5529654  0.1003308  0.3467038 ]
 [0.09902621 0.22866689 0.6723069 ]
 [0.28180492 0.36652264 0.35167244]
 [0.26506686 0.5092469  0.22568622]
 [0.39563105 0.5936697  0.01069924]]
probabilities: [[0. 1. 0.]
 [0. 1. 0.]
 [0. 1. 0.]
 [0. 1. 0.]
 [0. 1. 0.]]
probabilities: [[0.28365713 0.14441384 0.57192904]
 [0.25723675 0.5999859  0.14277735]
 [0.17274915 0.4087007  0.41855013]
 [0.10082196 0.43738958 0.46178845]
 [0.26334545 0.40891862 0.32773593]]
probabilities: [[0.21746868 0.7046881  0.07784326]
 [0.8143177  0.12054591 0.0651364 ]
 [0.5444625  0.42536864 0.03016889]
 [0.06604064 0.48541176 0.4485476 ]
 [0.10413449 0.33162466 0.5642409 ]]
probabilities: [[0.72407585 0.26505733 0.01086681]
 [0.12298217 0.34732315 0.5296947 ]
 [0.3839698  0.3161094  0.2999208 ]
 [0.3010443  0.67320937 0.02574636]
 [0.07436749 0.40842053 0.517212  ]]
probabilities: [[0. 0. 1.]
 [0. 1. 0.]
 [0. 1. 0.]
 [0. 0. 1.]
 [0. 0. 1.]]
probabilities: [[0.08996487 0.54865503 0.36138013]
 [0.11361722 0.63090277 0.25548005]
 [0.5970648  0.3350629  0.06787232]
 [0.5255561  0.21634343 0.25810048]
 [0.21322821 0.1734773  0.6132945 ]]
probabilities: [[0.20850149 0.7709403  0.02055818]
 [0.51316464 0.3530057  0.13382965]
 [0.46558172 0.45317078 0.08124752]
 [0.5953971  0.10808143 0.29652143]
 [0.55678093 0.03303816 0.4101809 ]]
probabilities: [[0.15453722 0.5083041  0.33715868]
 [0.6795998  0.04237908 0.27802107]
 [0.3717849  0.44670403 0.18151109]
 [0.0010833  0.6784247  0.320492  ]
 [0.6076346  0.31038138 0.081984  ]]
probabilities: [[1. 0. 0.]
 [1. 0. 0.]
 [1. 0. 0.]
 [1. 0. 0.]
 [1. 0. 0.]]
probabilities: [[0.21142215 0.27587515 0.5127027 ]
 [0.7924983  0.11616102 0.09134066]
 [0.19070864 0.25902113 0.55027026]
 [0.48998353 0.12662543 0.38339105]
 [0.22890852 0.69325674 0.07783476]]
probabilities: [[0.359262   0.50368303 0.13705496]
 [0.00263007 0.66498786 0.33238205]
 [0.11222269 0.7773627  0.11041462]
 [0.6236977  0.15844302 0.21785931]
 [0.6720466  0.06564234 0.26231104]]
probabilities: [[0.26814505 0.6775286  0.05432634]
 [0.27081913 0.0469216  0.68225926]
 [0.06137013 0.09422433 0.84440553]
 [0.34658703 0.4906632  0.16274977]
 [0.1678132  0.06099644 0.77119035]]
probabilities: [[0. 0. 1.]
 [0. 1. 0.]
 [0. 1. 0.]
 [0. 0. 1.]
 [0. 0. 1.]]
probabilities: [[0.5118302  0.25137037 0.23679945]
 [0.36261207 0.25486055 0.3825274 ]
 [0.3501726  0.26571772 0.38410968]
 [0.079585   0.6182059  0.3022091 ]
 [0.15346006 0.22996323 0.61657673]]
probabilities: [[0.5867963  0.3098883  0.10331542]
 [0.21178325 0.7020498  0.08616699]
 [0.43081078 0.4178433  0.1513459 ]
 [0.08137996 0.89009345 0.02852657]
 [0.522269   0.29718685 0.18054415]]
probabilities: [[0.02720474 0.8426154  0.13017982]
 [0.12259071 0.37981305 0.49759623]
 [0.7262569  0.10536671 0.16837637]
 [0.32575917 0.31071538 0.36352545]
 [0.01942357 0.6917434  0.28883305]]
probabilities: [[0. 0. 1.]
 [0. 1. 0.]
 [0. 0. 1.]
 [0. 0. 1.]
 [0. 0. 1.]]
probabilities: [[0.66849    0.28282213 0.04868789]
 [0.30877036 0.3096408  0.38158885]
 [0.44782314 0.5315874  0.02058946]
 [0.6848788  0.08196069 0.23316047]
 [0.57414126 0.39078036 0.03507836]]
probabilities: [[0.07325517 0.8420568  0.08468801]
 [0.04925354 0.8515359  0.09921055]
 [0.06218864 0.3375112  0.60030013]
 [0.46988505 0.1901794  0.33993557]
 [0.8994246  0.04888158 0.05169383]]
probabilities: [[0.14078301 0.34943762 0.5097794 ]
 [0.3895367  0.0030888  0.6073745 ]
 [0.5252704  0.13019235 0.34453726]
 [0.4017364  0.3849692  0.21329439]
 [0.2054387  0.5079901  0.28657117]]
probabilities: [[0. 0. 1.]
 [0. 1. 0.]
 [0. 1. 0.]
 [0. 0. 1.]
 [0. 0. 1.]]
probabilities: [[0.28830284 0.29928437 0.4124128 ]
 [0.60369205 0.22400972 0.17229821]
 [0.0260059  0.42046008 0.55353403]
 [0.0859229  0.32402757 0.5900495 ]
 [0.24899612 0.01729393 0.73370993]]
probabilities: [[0.17049795 0.7313114  0.09819066]
 [0.6589792  0.0335064  0.30751443]
 [0.58143955 0.30147755 0.11708288]
 [0.23020138 0.02545058 0.74434805]
 [0.01486036 0.29257026 0.6925694 ]]
probabilities: [[0.23758581 0.53748703 0.22492716]
 [0.12533103 0.66064924 0.21401975]
 [0.7811378  0.14220169 0.07666048]
 [0.00645031 0.67103887 0.32251084]
 [0.20520265 0.22395803 0.57083935]]
probabilities: [[0. 0. 1.]
 [0. 1. 0.]
 [0. 0. 1.]
 [0. 0. 1.]
 [0. 0. 1.]]
probabilities: [[0.38740304 0.5203629  0.09223408]
 [0.37644866 0.2971655  0.32638583]
 [0.16498965 0.74781924 0.08719113]
 [0.01318081 0.38434273 0.6024764 ]
 [0.26750252 0.19687767 0.5356198 ]]
probabilities: [[0.788034   0.095002   0.11696398]
 [0.40147972 0.47936934 0.11915092]
 [0.03625949 0.8973168  0.06642368]
 [0.49845743 0.19965658 0.301886  ]
 [0.11493357 0.62614375 0.25892267]]
probabilities: [[0.72837025 0.20152292 0.07010685]
 [0.25512272 0.62407464 0.12080264]
 [0.4507868  0.02474142 0.5244718 ]
 [0.46799114 0.22850075 0.3035081 ]
 [0.24354802 0.67263424 0.08381774]]
probabilities: [[1. 0. 0.]
 [1. 0. 0.]
 [1. 0. 0.]
 [1. 0. 0.]
 [1. 0. 0.]]
probabilities: [[0.39731687 0.52724034 0.07544279]
 [0.2541769  0.33647236 0.4093507 ]
 [0.30737823 0.1635021  0.5291197 ]
 [0.27356255 0.26268658 0.46375087]
 [0.4446235  0.11299372 0.44238278]]
probabilities: [[0.5450014  0.03182532 0.4231733 ]
 [0.40192777 0.18718301 0.4108892 ]
 [0.2452718  0.6312686  0.12345956]
 [0.21433093 0.57580507 0.20986399]
 [0.71533984 0.27365583 0.01100431]]
probabilities: [[0.15408984 0.7314496  0.11446059]
 [0.19845356 0.00639287 0.79515356]
 [0.06446135 0.25080374 0.68473494]
 [0.78515065 0.19136582 0.02348353]
 [0.07109779 0.5053457  0.4235565 ]]
probabilities: [[0. 1. 0.]
 [0. 1. 0.]
 [0. 1. 0.]
 [0. 1. 0.]
 [0. 1. 0.]]
probabilities: [[0.22849095 0.4301244  0.34138462]
 [0.33244935 0.5255454  0.14200522]
 [0.59276503 0.14737247 0.25986248]
 [0.4773292  0.512372   0.01029878]
 [0.07644586 0.09643079 0.82712334]]
probabilities: [[0.26652998 0.5405296  0.19294041]
 [0.28952944 0.6454634  0.06500713]
 [0.21763746 0.29077893 0.49158362]
 [0.3024068  0.11126491 0.58632827]
 [0.4061852  0.22207054 0.37174428]]
probabilities: [[0.28000984 0.5153931  0.20459709]
 [0.01405503 0.21167962 0.77426535]
 [0.8279366  0.00699608 0.16506734]
 [0.26769772 0.09304944 0.63925284]
 [0.2348138  0.5618864  0.2032998 ]]
probabilities: [[1. 0. 0.]
 [1. 0. 0.]
 [1. 0. 0.]
 [1. 0. 0.]
 [1. 0. 0.]]
probabilities: [[0.08151538 0.10141047 0.8170742 ]
 [0.29728395 0.29597816 0.4067379 ]
 [0.21249865 0.36307096 0.4244304 ]
 [0.51353467 0.30560616 0.1808592 ]
 [0.2483952  0.35735172 0.39425308]]
probabilities: [[0.46507522 0.17325477 0.36167   ]
 [0.35478938 0.5802668  0.06494383]
 [0.06459074 0.7338274  0.20158182]
 [0.12134536 0.05610298 0.82255167]
 [0.21037862 0.22978367 0.5598377 ]]
probabilities: [[0.29938066 0.51372826 0.18689106]
 [0.28930342 0.28333074 0.42736584]
 [0.46414796 0.1712263  0.36462575]
 [0.34714225 0.33445808 0.31839967]
 [0.2973783  0.31343588 0.38918582]]
probabilities: [[1. 0. 0.]
 [1. 0. 0.]
 [1. 0. 0.]
 [1. 0. 0.]
 [1. 0. 0.]]
probabilities: [[0.08141665 0.2115154  0.70706797]
 [0.20386408 0.05837111 0.73776484]
 [0.5798631  0.08276518 0.3373717 ]
 [0.4302753  0.13514039 0.43458432]
 [0.06899587 0.4113248  0.51967937]]
probabilities: [[0.4788347  0.28083244 0.24033287]
 [0.17485352 0.19565412 0.62949234]
 [0.6677891  0.20501961 0.1271913 ]
 [0.19401109 0.6965238  0.10946511]
 [0.24282591 0.13970906 0.617465  ]]
probabilities: [[0.23636848 0.0906117  0.6730198 ]
 [0.2596365  0.0816152  0.6587483 ]
 [0.06995469 0.04332305 0.88672227]
 [0.03895422 0.5299401  0.43110567]
 [0.02317778 0.39125666 0.58556557]]
probabilities: [[0. 1. 0.]
 [0. 1. 0.]
 [0. 1. 0.]
 [0. 1. 0.]
 [0. 1. 0.]]
probabilities: [[0.13751915 0.29072857 0.5717523 ]
 [0.11817527 0.83513576 0.04668896]
 [0.48700187 0.1803854  0.33261272]
 [0.6125554  0.2262045  0.16124012]
 [0.64482105 0.25836048 0.09681852]]
probabilities: [[0.34010434 0.35427132 0.30562434]
 [0.59075344 0.12320731 0.28603926]
 [0.27166438 0.48309913 0.2452365 ]
 [0.03398661 0.84373546 0.12227792]
 [0.40597847 0.14342473 0.4505968 ]]
probabilities: [[0.24005981 0.61247057 0.14746961]
 [0.6674767  0.0352027  0.2973206 ]
 [0.83980876 0.03050387 0.12968734]
 [0.16047843 0.26940346 0.5701181 ]
 [0.53644913 0.0453878  0.41816306]]
probabilities: [[0. 1. 0.]
 [0. 1. 0.]
 [0. 1. 0.]
 [0. 1. 0.]
 [0. 1. 0.]]
probabilities: [[0.46106392 0.5154792  0.02345689]
 [0.00935036 0.78858685 0.2020628 ]
 [0.3493595  0.34937176 0.30126876]
 [0.4205075  0.07621586 0.50327665]
 [0.40808007 0.56649435 0.0254256 ]]
probabilities: [[0.11951979 0.59125584 0.28922436]
 [0.42541832 0.33807796 0.23650372]
 [0.34766233 0.5122012  0.14013647]
 [0.23957688 0.5280752  0.2323479 ]
 [0.06721151 0.85497004 0.07781844]]
probabilities: [[0.7082017  0.04115093 0.25064737]
 [0.1507903  0.3772053  0.47200438]
 [0.42329746 0.3449511  0.23175144]
 [0.61898905 0.182647   0.19836396]
 [0.00705114 0.69635355 0.2965953 ]]
probabilities: [[0. 0. 1.]
 [0. 1. 0.]
 [0. 0. 1.]
 [0. 0. 1.]
 [0. 0. 1.]]
probabilities: [[0.05793059 0.9361128  0.00595656]
 [0.16029678 0.28103846 0.55866474]
 [0.47491795 0.4844951  0.04058693]
 [0.85411173 0.05733867 0.0885496 ]
 [0.5205479  0.26577622 0.21367586]]
probabilities: [[0.09802869 0.78993624 0.11203507]
 [0.24235757 0.36476517 0.39287728]
 [0.51331    0.38496888 0.10172111]
 [0.05760443 0.27031648 0.6720791 ]
 [0.09623169 0.37495068 0.52881765]]
probabilities: [[0.30992144 0.08104295 0.6090356 ]
 [0.31017137 0.5412731  0.1485555 ]
 [0.84025323 0.09408925 0.06565753]
 [0.07236663 0.6188923  0.30874106]
 [0.92064446 0.05181485 0.02754071]]
probabilities: [[0. 0. 1.]
 [0. 1. 0.]
 [0. 0. 1.]
 [0. 0. 1.]
 [0. 0. 1.]]
probabilities: [[0.59019715 0.37977177 0.03003106]
 [0.04836104 0.88049245 0.0711465 ]
 [0.16107391 0.51025337 0.32867274]
 [0.41970184 0.02485076 0.5554474 ]
 [0.29824492 0.43530446 0.2664506 ]]
probabilities: [[0.22525282 0.5011871  0.2735601 ]
 [0.5564751  0.41234538 0.03117948]
 [0.14254202 0.08386759 0.7735904 ]
 [0.20977636 0.15165086 0.6385728 ]
 [0.32841867 0.43378094 0.2378004 ]]
probabilities: [[0.50206476 0.17997175 0.31796348]
 [0.2398399  0.18937403 0.57078606]
 [0.01366269 0.39950192 0.5868354 ]
 [0.2027339  0.4148079  0.3824582 ]
 [0.11158422 0.6305533  0.25786248]]
probabilities: [[0. 0. 1.]
 [0. 1. 0.]
 [0. 0. 1.]
 [0. 0. 1.]
 [0. 0. 1.]]
probabilities: [[0.15075621 0.33408037 0.5151634 ]
 [0.46325627 0.3839448  0.1527989 ]
 [0.43670586 0.47455266 0.0887415 ]
 [0.49647567 0.11754751 0.38597682]
 [0.17005366 0.6625789  0.16736744]]
probabilities: [[0.7165079  0.1947064  0.08878569]
 [0.0059404  0.8358161  0.15824352]
 [0.78304315 0.17572396 0.04123291]
 [0.4631908  0.36493757 0.17187165]
 [0.23681763 0.6898832  0.07329919]]
probabilities: [[0.06520671 0.9267419  0.00805139]
 [0.33816144 0.56936353 0.09247503]
 [0.49631736 0.44274467 0.06093799]
 [0.14983468 0.5966452  0.25352013]
 [0.31732485 0.17563507 0.5070401 ]]
probabilities: [[0. 0. 1.]
 [0. 1. 0.]
 [0. 1. 0.]
 [0. 0. 1.]
 [0. 0. 1.]]
probabilities: [[0.40338057 0.01868104 0.5779384 ]
 [0.01227999 0.9035422  0.08417778]
 [0.25072023 0.40332142 0.34595835]
 [0.73493826 0.21265414 0.05240762]
 [0.0558336  0.55935293 0.38481343]]
probabilities: [[0.32729077 0.21796906 0.45474017]
 [0.07259137 0.65109265 0.27631596]
 [0.75159174 0.08279676 0.1656115 ]
 [0.76058567 0.18321939 0.05619495]
 [0.05448672 0.8148585  0.13065475]]
probabilities: [[0.524352   0.03561382 0.44003415]
 [0.42123535 0.20001195 0.37875268]
 [0.24289797 0.02419362 0.7329084 ]
 [0.48730555 0.14118999 0.37150446]
 [0.96982497 0.02717819 0.00299684]]
probabilities: [[1. 0. 0.]
 [1. 0. 0.]
 [1. 0. 0.]
 [1. 0. 0.]
 [1. 0. 0.]]
probabilities: [[0.465776   0.08096496 0.45325905]
 [0.34000766 0.01178422 0.64820814]
 [0.44281015 0.36065406 0.1965358 ]
 [0.01117321 0.8485009  0.14032589]
 [0.23220581 0.5583817  0.2094125 ]]
probabilities: [[0.01574054 0.47169033 0.5125691 ]
 [0.18555301 0.22841763 0.58602935]
 [0.44420648 0.0528669  0.5029266 ]
 [0.79629534 0.05312264 0.15058202]
 [0.27892968 0.14855082 0.5725195 ]]
probabilities: [[0.15095752 0.44405618 0.4049863 ]
 [0.1902379  0.60731536 0.20244671]
 [0.10525241 0.63527244 0.25947514]
 [0.05554953 0.3120697  0.6323808 ]
 [0.34146968 0.46845376 0.19007654]]
probabilities: [[0. 1. 0.]
 [0. 1. 0.]
 [0. 1. 0.]
 [0. 1. 0.]
 [0. 1. 0.]]
probabilities: [[0.06742861 0.3295285  0.6030429 ]
 [0.12336054 0.09581002 0.7808294 ]
 [0.02961772 0.06747208 0.9029102 ]
 [0.17928265 0.23528439 0.58543295]
 [0.04265232 0.91092193 0.04642576]]
probabilities: [[0.43833765 0.5558046  0.00585773]
 [0.01038012 0.30284852 0.6867714 ]
 [0.36089182 0.4079458  0.23116238]
 [0.7969052  0.03705466 0.16604012]
 [0.1930603  0.03619337 0.77074635]]
probabilities: [[0.18463005 0.44843477 0.36693516]
 [0.49740717 0.22113912 0.2814537 ]
 [0.731713   0.0347535  0.23353352]
 [0.6651163  0.20627724 0.12860644]
 [0.22870924 0.7060193  0.06527147]]
probabilities: [[0. 0. 1.]
 [0. 1. 0.]
 [0. 0. 1.]
