probabilities: [[0. 0. 1.]
 [0. 1. 0.]
 [0. 0. 1.]
 [0. 0. 1.]
 [0. 0. 1.]]
probabilities: [[0.5696656  0.24348144 0.18685295]
 [0.03670597 0.45179406 0.51149994]
 [0.30945158 0.03987635 0.6506721 ]
 [0.30754706 0.3180828  0.37437013]
 [0.33826074 0.24394251 0.41779673]]
probabilities: [[0.3312913  0.53713083 0.1315779 ]
 [0.0607869  0.50988615 0.42932695]
 [0.33177936 0.5602222  0.10799848]
 [0.08972993 0.6051373  0.30513278]
 [0.5480584  0.24736963 0.20457196]]
probabilities: [[0.09261113 0.43598777 0.47140113]
 [0.43357918 0.46653607 0.09988475]
 [0.31268075 0.06087884 0.6264404 ]
 [0.25633955 0.41605368 0.32760677]
 [0.07800664 0.07899898 0.8429944 ]]
probabilities: [[0.44209915 0.38750622 0.17039463]
 [0.6052482  0.11228011 0.28247166]
 [0.21689619 0.54988277 0.23322104]
 [0.0153274  0.33255184 0.65212077]
 [0.18041694 0.59248435 0.22709869]]
probabilities: [[0.6492318  0.25670156 0.09406666]
 [0.16099098 0.4883173  0.3506917 ]
 [0.34274057 0.30301863 0.35424078]
 [0.13140659 0.12856139 0.740032  ]
 [0.36436543 0.34464252 0.29099205]]
probabilities: [[0. 0. 1.]
 [0. 1. 0.]
 [0. 0. 1.]
 [0. 0. 1.]
 [0. 0. 1.]]
probabilities: [[0.5862937  0.22255234 0.19115396]
 [0.42507893 0.14835301 0.42656806]
 [0.2086505  0.48088837 0.31046113]
 [0.5392352  0.03669051 0.42407432]
 [0.08593562 0.21754654 0.6965178 ]]
probabilities: [[0.5355963  0.40009043 0.06431326]
 [0.75943995 0.07172369 0.16883634]
 [0.31065068 0.48826027 0.20108904]
 [0.4300361  0.4408093  0.12915461]
 [0.11483056 0.3170157  0.56815374]]
probabilities: [[0.06252938 0.8411251  0.09634557]
 [0.41100177 0.13564399 0.45335424]
 [0.37578374 0.22236246 0.4018538 ]
 [0.00576562 0.7383054  0.25592896]
 [0.7142156  0.14527574 0.14050868]]
probabilities: [[0.33265564 0.49189287 0.17545147]
 [0.15878735 0.3704439  0.47076875]
 [0.44707158 0.01286638 0.540062  ]
 [0.19625397 0.69201    0.11173605]
 [0.06223773 0.153896   0.7838663 ]]
probabilities: [[0.44804767 0.36422125 0.18773112]
 [0.09065098 0.1884273  0.7209217 ]
 [0.63756484 0.35877502 0.00366011]
 [0.04782064 0.5500876  0.40209177]
 [0.7137828  0.0987042  0.18751301]]
probabilities: [[0. 0. 1.]
 [0. 1. 0.]
 [0. 0. 1.]
 [0. 0. 1.]
 [0. 0. 1.]]
probabilities: [[0.18888885 0.5375545  0.27355662]
 [0.35332346 0.17738646 0.46929008]
 [0.19599585 0.707402   0.09660218]
 [0.3820371  0.05362401 0.56433886]
 [0.42087373 0.02883223 0.55029404]]
probabilities: [[0.2905201  0.48498023 0.22449967]
 [0.12560444 0.35850728 0.51588833]
 [0.19829787 0.09987904 0.70182306]
 [0.05397874 0.5898985  0.35612276]
 [0.06069624 0.31016293 0.62914085]]
probabilities: [[0.08994582 0.8588414  0.05121279]
 [0.15550025 0.30984667 0.53465307]
 [0.04757781 0.0666931  0.8857291 ]
 [0.03145385 0.13546525 0.8330809 ]
 [0.4658853  0.10913985 0.42497483]]
probabilities: [[0.00170127 0.07529057 0.92300814]
 [0.41682526 0.3337969  0.24937786]
 [0.40172002 0.25806096 0.340219  ]
 [0.40487388 0.24634103 0.34878507]
 [0.04330314 0.30851585 0.648181  ]]
probabilities: [[0.8277809  0.14702663 0.0251925 ]
 [0.00342812 0.7999489  0.19662301]
 [0.29047832 0.5531542  0.15636751]
 [0.01460163 0.13708867 0.8483097 ]
 [0.08197815 0.2910625  0.6269593 ]]
probabilities: [[0. 0. 1.]
 [0. 1. 0.]
 [0. 1. 0.]
 [0. 0. 1.]
 [0. 0. 1.]]
probabilities: [[0.12846063 0.4099803  0.4615591 ]
 [0.49784955 0.3993897  0.10276074]
 [0.17914991 0.2800683  0.5407818 ]
 [0.30715865 0.03945122 0.6533901 ]
 [0.4279581  0.11935546 0.45268643]]
probabilities: [[0.29773843 0.39419538 0.3080662 ]
 [0.4592862  0.06409175 0.47662205]
 [0.3102587  0.54724896 0.14249235]
 [0.29314303 0.5378925  0.16896443]
 [0.06815751 0.14331506 0.7885274 ]]
probabilities: [[0.2576837  0.7407048  0.00161154]
 [0.28626627 0.643137   0.07059676]
 [0.04859691 0.2663205  0.68508255]
 [0.0494202  0.43872744 0.5118524 ]
 [0.8025548  0.00358772 0.19385748]]
probabilities: [[0.59240896 0.00242379 0.40516725]
 [0.33456942 0.20954198 0.4558886 ]
 [0.35846826 0.50135773 0.14017397]
 [0.6380434  0.03710939 0.3248472 ]
 [0.18301322 0.55696017 0.2600266 ]]
probabilities: [[0.20606408 0.6838242  0.11011174]
 [0.1163497  0.6388177  0.24483258]
 [0.10240092 0.4067706  0.49082848]
 [0.4299626  0.3148924  0.255145  ]
 [0.20528036 0.2779282  0.51679146]]
probabilities: [[0. 1. 0.]
 [0. 1. 0.]
 [0. 1. 0.]
 [0. 1. 0.]
 [0. 1. 0.]]
probabilities: [[0.11388627 0.06252901 0.82358474]
 [0.33817926 0.13330728 0.5285135 ]
 [0.55230075 0.1352151  0.31248415]
 [0.53452814 0.18045008 0.2850218 ]
 [0.8759346  0.04147488 0.08259054]]
probabilities: [[0.41875917 0.42715266 0.15408815]
 [0.4000614  0.20574453 0.39419407]
 [0.11845522 0.19112803 0.69041675]
 [0.49420133 0.17082277 0.33497587]
 [0.8845885  0.1133038  0.00210771]]
probabilities: [[0.4804178  0.2287862  0.290796  ]
 [0.19018705 0.1272333  0.68257964]
 [0.45945165 0.22818278 0.3123656 ]
 [0.6242742  0.05707936 0.31864643]
 [0.7768628  0.16584902 0.05728817]]
probabilities: [[1.1393753e-01 8.3057725e-01 5.5485245e-02]
 [2.1143697e-01 4.7245443e-01 3.1610861e-01]
 [7.0109987e-01 6.5108486e-02 2.3379166e-01]
 [2.9572242e-04 7.2076583e-01 2.7893844e-01]
 [7.3643363e-01 1.2228151e-01 1.4128488e-01]]
probabilities: [[0.15684661 0.59762686 0.24552655]
 [0.3809459  0.00643327 0.61262083]
 [0.280808   0.3524266  0.36676538]
 [0.22574382 0.02375463 0.7505016 ]
 [0.39086422 0.5191059  0.09002986]]
probabilities: [[1. 0. 0.]
 [1. 0. 0.]
 [1. 0. 0.]
 [1. 0. 0.]
 [1. 0. 0.]]
probabilities: [[0.19679692 0.28753906 0.51566404]
 [0.0090298  0.5466418  0.44432837]
 [0.1570306  0.5891826  0.25378677]
 [0.6029168  0.17222783 0.2248554 ]
 [0.36885244 0.57793385 0.05321373]]
probabilities: [[0.21647954 0.2002044  0.5833161 ]
 [0.2636807  0.5923027  0.14401661]
 [0.02838483 0.6470636  0.32455158]
 [0.0575573  0.13231377 0.8101289 ]
 [0.10766874 0.70499074 0.18734054]]
probabilities: [[0.2921211  0.5953611  0.11251776]
 [0.05398856 0.41064945 0.535362  ]
 [0.24094297 0.408516   0.35054106]
 [0.42163962 0.11330896 0.46505144]
 [0.15882924 0.5213681  0.31980267]]
probabilities: [[0.91671216 0.04584881 0.03743906]
 [0.56574917 0.06301729 0.37123355]
 [0.33676127 0.34992033 0.3133184 ]
 [0.42999005 0.32216555 0.2478444 ]
 [0.15766351 0.25099328 0.5913432 ]]
probabilities: [[0.3264305  0.60212654 0.07144295]
 [0.14054427 0.65309685 0.20635888]
 [0.60207695 0.2484434  0.14947967]
 [0.3045276  0.39903834 0.29643404]
 [0.25610036 0.07108358 0.67281604]]
probabilities: [[1. 0. 0.]
 [1. 0. 0.]
 [1. 0. 0.]
 [1. 0. 0.]
 [1. 0. 0.]]
probabilities: [[0.7941563  0.0856398  0.12020387]
 [0.02844325 0.00661801 0.96493876]
 [0.15152664 0.05525691 0.79321647]
 [0.75692147 0.02004863 0.22302988]
 [0.713102   0.18625845 0.10063956]]
probabilities: [[0.45951384 0.29640952 0.24407665]
 [0.2844389  0.70565355 0.00990755]
 [0.5426645  0.408554   0.04878149]
 [0.10491381 0.7696285  0.12545769]
 [0.04291592 0.8204239  0.13666017]]
probabilities: [[0.22838844 0.62899965 0.1426119 ]
 [0.32252777 0.669656   0.00781628]
 [0.05360426 0.4568932  0.48950255]
 [0.38921753 0.25786006 0.35292238]
 [0.5766615  0.15939556 0.2639429 ]]
probabilities: [[0.7271427  0.11483389 0.1580234 ]
 [0.32319185 0.08462018 0.592188  ]
 [0.07484119 0.02030254 0.90485626]
 [0.11289716 0.11749436 0.7696085 ]
 [0.02906168 0.9231912  0.04774713]]
probabilities: [[0.18372725 0.37284043 0.44343233]
 [0.08456311 0.3598816  0.5555553 ]
 [0.8991019  0.06544085 0.03545726]
 [0.07756819 0.76300997 0.15942183]
 [0.13549376 0.22621767 0.63828856]]
probabilities: [[0. 1. 0.]
 [0. 1. 0.]
 [0. 1. 0.]
 [0. 1. 0.]
 [0. 1. 0.]]
probabilities: [[0.26258218 0.20544724 0.53197056]
 [0.30479223 0.10237021 0.5928376 ]
 [0.41653594 0.19399056 0.3894735 ]
 [0.04158029 0.45200938 0.5064103 ]
 [0.68280554 0.2396678  0.07752664]]
probabilities: [[0.8116784  0.05922514 0.12909643]
 [0.27742702 0.02563425 0.69693875]
 [0.24225761 0.5232904  0.23445198]
 [0.02716052 0.69596475 0.27687475]
 [0.25238067 0.2320945  0.51552486]]
probabilities: [[0.19912274 0.54621285 0.25466442]
 [0.44605702 0.04917822 0.50476474]
 [0.50102794 0.10738267 0.3915894 ]
 [0.34329495 0.33718488 0.31952018]
 [0.01375119 0.8340986  0.15215024]]
probabilities: [[0.27696803 0.28879026 0.4342417 ]
 [0.49495488 0.33839473 0.16665038]
 [0.1536159  0.29130602 0.5550781 ]
 [0.5380035  0.4478046  0.0141919 ]
 [0.15404098 0.3736995  0.47225955]]
probabilities: [[0.120837   0.29871446 0.58044857]
 [0.4765692  0.12081808 0.40261272]
 [0.19247401 0.5778471  0.22967888]
 [0.3789099  0.3594314  0.26165873]
 [0.25484726 0.00646522 0.7386875 ]]
probabilities: [[0. 0. 1.]
 [0. 1. 0.]
 [0. 0. 1.]
 [0. 0. 1.]
 [0. 0. 1.]]
probabilities: [[0.18677436 0.45172918 0.36149645]
 [0.3662768  0.41822705 0.21549617]
 [0.8780078  0.05410139 0.0678908 ]
 [0.08184396 0.34621203 0.571944  ]
 [0.43518135 0.30101871 0.26379994]]
probabilities: [[0.06716575 0.59565    0.3371842 ]
 [0.3770133  0.04946699 0.5735197 ]
 [0.14579894 0.03886939 0.8153317 ]
 [0.25538832 0.34703758 0.39757413]
 [0.08245703 0.86191547 0.05562751]]
probabilities: [[0.08211073 0.19495505 0.72293425]
 [0.48724243 0.03605121 0.47670636]
 [0.08897197 0.840275   0.07075303]
 [0.28712332 0.53955996 0.1733167 ]
 [0.60689455 0.3768658  0.01623961]]
probabilities: [[0.31064612 0.19392836 0.49542552]
 [0.38036487 0.23034474 0.3892904 ]
 [0.53300136 0.13299678 0.3340018 ]
 [0.05651531 0.61776316 0.3257215 ]
 [0.33214232 0.10139505 0.56646264]]
probabilities: [[0.5868593  0.23234376 0.18079698]
 [0.70904714 0.2766261  0.01432672]
 [0.08871242 0.29954746 0.6117401 ]
 [0.07785217 0.46298018 0.45916766]
 [0.02092506 0.3061903  0.67288464]]
probabilities: [[0. 1. 0.]
 [0. 1. 0.]
 [0. 1. 0.]
 [0. 1. 0.]
 [0. 1. 0.]]
probabilities: [[0.5675743  0.14740513 0.28502053]
 [0.37311652 0.60946035 0.01742311]
 [0.8099172  0.02948906 0.16059372]
 [0.44931862 0.00497318 0.54570824]
 [0.7061548  0.28060502 0.01324017]]
probabilities: [[0.03603529 0.77470374 0.18926099]
 [0.49355906 0.09313668 0.41330424]
 [0.0098082  0.5034953  0.48669654]
 [0.2825853  0.29355192 0.4238628 ]
 [0.58221126 0.06273481 0.35505396]]
probabilities: [[0.47686332 0.1657624  0.35737428]
 [0.0350452  0.19106118 0.7738936 ]
 [0.50085396 0.15213403 0.34701204]
 [0.53829634 0.37996945 0.0817342 ]
 [0.19071215 0.7458578  0.06343006]]
probabilities: [[0.3664138  0.45091286 0.18267332]
 [0.519306   0.3963486  0.08434536]
 [0.4840404  0.36652207 0.14943752]
 [0.33015022 0.5760302  0.09381963]
 [0.1781525  0.02578696 0.79606056]]
probabilities: [[0.23969439 0.6481271  0.11217857]
 [0.00641148 0.45804873 0.5355398 ]
 [0.2862003  0.5802335  0.13356619]
 [0.144687   0.45419696 0.40111604]
 [0.8462903  0.04225669 0.11145304]]
probabilities: [[0. 0. 1.]
 [0. 1. 0.]
 [0. 0. 1.]
 [0. 0. 1.]
 [0. 0. 1.]]
probabilities: [[0.23185267 0.3765306  0.39161673]
 [0.0804477  0.10249599 0.8170563 ]
 [0.81846654 0.05918911 0.12234434]
 [0.12586825 0.2231638  0.65096796]
 [0.06131583 0.05758515 0.88109905]]
probabilities: [[0.14304778 0.42010152 0.4368507 ]
 [0.50037724 0.0781461  0.42147666]
 [0.07624871 0.8521308  0.07162054]
 [0.16999911 0.45694414 0.37305674]
 [0.0546455  0.2061873  0.7391672 ]]
probabilities: [[0.73000735 0.02899511 0.24099752]
 [0.03318345 0.2817407  0.6850758 ]
 [0.56080985 0.05178675 0.38740343]
 [0.16135271 0.6973577  0.1412896 ]
 [0.21666871 0.77604437 0.0072869 ]]
probabilities: [[0.45084083 0.16395327 0.3852059 ]
 [0.05934977 0.60194707 0.33870316]
 [0.24799441 0.21291426 0.53909135]
 [0.6525132  0.01201205 0.33547476]
 [0.36130014 0.23213106 0.4065688 ]]
probabilities: [[0.31051725 0.64800215 0.0414806 ]
 [0.6211743  0.33412075 0.04470498]
 [0.23544414 0.36109236 0.40346348]
 [0.6149191  0.20679098 0.17828988]
 [0.03058577 0.46515268 0.50426155]]
probabilities: [[0. 1. 0.]
 [0. 1. 0.]
 [0. 1. 0.]
 [0. 1. 0.]
 [0. 1. 0.]]
probabilities: [[0.4074347  0.26925245 0.32331285]
 [0.33134976 0.55540156 0.11324865]
 [0.2908641  0.6457676  0.06336822]
 [0.17630456 0.6409468  0.1827486 ]
 [0.19861872 0.74080145 0.06057981]]
probabilities: [[0.17504303 0.14257523 0.68238175]
 [0.7196146  0.018409   0.26197636]
 [0.27388307 0.6312296  0.09488732]
 [0.49502954 0.19619118 0.30877927]
 [0.35352057 0.05280823 0.5936712 ]]
probabilities: [[0.4231877  0.24806793 0.32874435]
 [0.08047153 0.4473345  0.47219396]
 [0.0553398  0.24232194 0.7023383 ]
 [0.49308807 0.00494692 0.501965  ]
 [0.26671404 0.16675706 0.5665289 ]]
probabilities: [[0.1696794  0.49630564 0.33401495]
 [0.3142591  0.40631598 0.2794249 ]
 [0.16203655 0.83582675 0.0021367 ]
 [0.08268806 0.42780823 0.4895037 ]
 [0.44375148 0.361187   0.19506152]]
probabilities: [[0.46190834 0.39882132 0.13927034]
 [0.0149606  0.25713453 0.72790486]
 [0.5489785  0.32987365 0.12114783]
 [0.0151899  0.9778852  0.00692491]
 [0.17724365 0.48227924 0.34047708]]
probabilities: [[0. 0. 1.]
 [0. 1. 0.]
 [0. 0. 1.]
 [0. 0. 1.]
 [0. 0. 1.]]
probabilities: [[0.00789741 0.95723784 0.03486478]
 [0.07968484 0.56411886 0.35619634]
 [0.12020573 0.6395784  0.24021585]
 [0.23272958 0.3362189  0.43105152]
 [0.04015278 0.4108885  0.5489587 ]]
probabilities: [[0.66889167 0.22287282 0.10823549]
 [0.46627936 0.32374546 0.20997517]
 [0.13887747 0.6950628  0.16605972]
 [0.30642444 0.48703676 0.2065388 ]
 [0.17248534 0.364302   0.46321267]]
probabilities: [[0.19994386 0.49336675 0.3066894 ]
 [0.1012906  0.6486119  0.2500975 ]
 [0.10467713 0.30564278 0.5896801 ]
 [0.74735755 0.18691088 0.06573155]
 [0.23776339 0.35150543 0.4107312 ]]
probabilities: [[0.36587077 0.27657482 0.3575544 ]
 [0.16298884 0.57226366 0.26474753]
 [0.50422543 0.46699288 0.0287817 ]
 [0.6127886  0.17738138 0.20983002]
 [0.38020477 0.33120787 0.28858736]]
probabilities: [[0.1911307  0.7935954  0.01527395]
 [0.6793958  0.02425362 0.2963506 ]
 [0.8462628  0.04026769 0.11346951]
 [0.32998833 0.37693343 0.29307824]
 [0.46441305 0.3219917  0.21359523]]
probabilities: [[0. 0. 1.]
 [0. 1. 0.]
 [0. 1. 0.]
 [0. 0. 1.]
 [0. 0. 1.]]
probabilities: [[0.11398904 0.17214376 0.7138672 ]
 [0.87182623 0.05824985 0.06992391]
 [0.41288516 0.41759536 0.16951948]
 [0.7708532  0.02203928 0.2071075 ]
 [0.01252637 0.6152872  0.37218642]]
probabilities: [[0.11292011 0.34645113 0.5406288 ]
 [0.07178008 0.19376156 0.7344584 ]
 [0.70715773 0.2493648  0.04347747]
 [0.5805954  0.40543583 0.01396881]
 [0.32131222 0.4354338  0.24325399]]
probabilities: [[0.10167857 0.09646048 0.8018609 ]
 [0.18534622 0.7731367  0.04151714]
 [0.26081422 0.35713738 0.3820484 ]
 [0.5366486  0.30329546 0.16005598]
 [0.49738115 0.13710035 0.36551848]]
probabilities: [[0.3796149  0.05585803 0.5645271 ]
 [0.11908107 0.37111577 0.5098032 ]
 [0.38195089 0.31104237 0.30700675]
 [0.01039882 0.85267395 0.13692722]
 [0.23128304 0.7081422  0.06057473]]
probabilities: [[0.32283172 0.3310736  0.34609467]
 [0.26884887 0.10216904 0.62898207]
 [0.0859028  0.7896815  0.12441571]
 [0.03149533 0.61283916 0.3556655 ]
 [0.54018444 0.392069   0.06774651]]
probabilities: [[0. 1. 0.]
 [0. 1. 0.]
 [0. 1. 0.]
 [0. 1. 0.]
 [0. 1. 0.]]
probabilities: [[0.64648896 0.27983114 0.07367988]
 [0.35101402 0.48017514 0.16881086]
 [0.40297544 0.00149185 0.5955327 ]
 [0.50421476 0.00172372 0.49406153]
 [0.66550064 0.10161375 0.2328856 ]]
probabilities: [[0.23587929 0.4265072  0.33761352]
 [0.568185   0.0854143  0.34640074]
 [0.07304507 0.13789468 0.78906024]
 [0.6182102  0.37666947 0.00512034]
 [0.0291417  0.47569564 0.49516267]]
probabilities: [[0.19923715 0.09385597 0.70690686]
 [0.19990936 0.78812665 0.01196398]
 [0.01968888 0.17858294 0.8017282 ]
 [0.00703613 0.8623929  0.13057093]
 [0.0756928  0.35166037 0.57264686]]
probabilities: [[0.2597956  0.66947    0.07073435]
 [0.5685878  0.17541209 0.2560001 ]
 [0.8011066  0.15016554 0.04872787]
 [0.31715    0.06246465 0.62038535]
 [0.09007611 0.7192285  0.19069539]]
probabilities: [[0.17236361 0.16491872 0.66271764]
 [0.31511137 0.03187196 0.6530167 ]
 [0.18498193 0.788761   0.02625708]
 [0.25522754 0.01097561 0.73379683]
 [0.16203366 0.0310088  0.80695754]]
probabilities: [[0. 1. 0.]
 [0. 1. 0.]
 [0. 1. 0.]
 [0. 1. 0.]
 [0. 1. 0.]]
probabilities: [[0.4307494  0.3258268  0.2434238 ]
 [0.08964963 0.10147491 0.80887544]
 [0.34162995 0.16943346 0.4889366 ]
 [0.8434306  0.04258012 0.11398929]
 [0.27645418 0.4645591  0.2589867 ]]
probabilities: [[0.86928004 0.07242624 0.05829375]
 [0.20584923 0.09466321 0.69948757]
 [0.16047768 0.10618445 0.7333379 ]
 [0.76947945 0.12620346 0.10431707]
 [0.4087784  0.470781   0.1204406 ]]
probabilities: [[0.32501945 0.21310195 0.4618786 ]
 [0.6328541  0.10435617 0.26278973]
 [0.42890596 0.51452196 0.05657205]
 [0.31992385 0.20852473 0.47155142]
 [0.6551232  0.23338561 0.1114912 ]]
probabilities: [[0.14813332 0.07165422 0.78021246]
 [0.08541197 0.00483747 0.9097506 ]
 [0.38166502 0.5992452  0.01908978]
 [0.24449454 0.39754006 0.35796538]
 [0.29014605 0.2749093  0.43494466]]
probabilities: [[0.07043434 0.7783345  0.15123118]
 [0.15939638 0.26503703 0.5755666 ]
 [0.27119058 0.48023647 0.24857295]
 [0.1416786  0.57768095 0.28064045]
 [0.06579281 0.03183597 0.9023712 ]]
probabilities: [[1. 0. 0.]
 [1. 0. 0.]
 [1. 0. 0.]
 [1. 0. 0.]
 [1. 0. 0.]]
probabilities: [[0.86954623 0.09943984 0.03101392]
 [0.6831105  0.06919841 0.2476911 ]
 [0.12989315 0.14147599 0.72863084]
 [0.01030925 0.07498393 0.9147068 ]
 [0.00656178 0.1327579  0.86068034]]
probabilities: [[0.28213528 0.5895809  0.1282838 ]
 [0.02740728 0.92566586 0.04692688]
 [0.27001905 0.03374421 0.6962367 ]
 [0.14321244 0.32712695 0.5296606 ]
 [0.09856333 0.10232929 0.7991074 ]]
probabilities: [[0.7262462  0.07973937 0.19401444]
 [0.39199767 0.14886384 0.45913848]
 [0.49923688 0.23010169 0.27066144]
 [0.13923523 0.6542711  0.20649363]
 [0.41738513 0.06303468 0.5195802 ]]
probabilities: [[0.31063238 0.41281724 0.27655038]
 [0.39050525 0.0991056  0.51038915]
 [0.30008936 0.5633856  0.13652502]
 [0.06591024 0.48074803 0.45334175]
 [0.37437603 0.57937014 0.04625383]]
probabilities: [[0.02499154 0.8004565  0.17455193]
 [0.6097682  0.23270121 0.15753055]
 [0.11905422 0.26354465 0.6174011 ]
 [0.68274975 0.05201565 0.2652346 ]
 [0.272155   0.06607374 0.66177124]]
probabilities: [[0. 0. 1.]
 [0. 1. 0.]
 [0. 1. 0.]
 [0. 0. 1.]
 [0. 0. 1.]]
probabilities: [[0.23493172 0.03414024 0.73092806]
 [0.08186111 0.45166856 0.46647033]
 [0.26317725 0.43247116 0.30435157]
 [0.03614021 0.9034407  0.06041905]
 [0.20576207 0.53909916 0.25513875]]
probabilities: [[0.4452293  0.08296411 0.4718066 ]
 [0.00543073 0.21153072 0.78303856]
 [0.5303328  0.30758634 0.16208085]
 [0.31908712 0.08091898 0.5999939 ]
 [0.18831304 0.6824513  0.12923566]]
probabilities: [[0.08084024 0.46849325 0.45066652]
 [0.5213501  0.05018499 0.42846492]
 [0.1102561  0.22184291 0.667901  ]
 [0.2875091  0.26618043 0.44631046]
 [0.6208724  0.145938   0.23318964]]
probabilities: [[0.20694886 0.19963494 0.5934162 ]
 [0.26426324 0.6435519  0.09218486]
 [0.34964043 0.17705502 0.47330457]
 [0.3539916  0.14809369 0.4979147 ]
 [0.47279686 0.43223795 0.0949652 ]]
probabilities: [[0.44371247 0.10786457 0.44842297]
 [0.41710106 0.41110754 0.17179142]
 [0.15487444 0.20251925 0.6426063 ]
 [0.02780327 0.9612257  0.01097107]
 [0.21544167 0.5800878  0.20447053]]
probabilities: [[0. 1. 0.]
 [0. 1. 0.]
 [0. 1. 0.]
 [0. 1. 0.]
 [0. 1. 0.]]
probabilities: [[0.07155772 0.68727076 0.2411715 ]
 [0.4488315  0.1654816  0.38568687]
 [0.41606122 0.5093503  0.07458846]
 [0.31633732 0.06513687 0.6185258 ]
 [0.10350844 0.7469189  0.14957267]]
probabilities: [[0.3574053  0.46962357 0.1729711 ]
 [0.39316523 0.39807868 0.20875609]
 [0.14727539 0.6130009  0.23972371]
 [0.29151028 0.44992852 0.2585612 ]
 [0.06053483 0.88520277 0.05426241]]
probabilities: [[0.00643894 0.81316066 0.18040037]
 [0.3268447  0.35246027 0.32069507]
 [0.01966705 0.9221878  0.05814516]
 [0.10931838 0.6266393  0.26404232]
 [0.14486541 0.8438455  0.01128909]]
probabilities: [[0.5580883  0.15791945 0.28399223]
 [0.24532157 0.27366883 0.4810096 ]
 [0.12338895 0.42174876 0.45486227]
 [0.18970707 0.07747942 0.7328135 ]
 [0.09238167 0.8048339  0.10278445]]
probabilities: [[0.19294725 0.50168055 0.30537218]
 [0.1941214  0.80471283 0.00116575]
 [0.42705658 0.4517068  0.12123661]
 [0.31521842 0.12396035 0.56082124]
 [0.24124248 0.6574367  0.10132078]]
probabilities: [[1. 0. 0.]
 [1. 0. 0.]
 [1. 0. 0.]
 [1. 0. 0.]
 [1. 0. 0.]]
probabilities: [[0.25151098 0.4680998  0.28038922]
 [0.39967117 0.06417768 0.5361512 ]
 [0.35439792 0.42448404 0.22111803]
 [0.08983458 0.54488844 0.36527696]
 [0.0491558  0.12136237 0.82948184]]
probabilities: [[0.84448653 0.06107942 0.09443406]
 [0.35176378 0.22672889 0.42150733]
 [0.58129317 0.1312141  0.28749275]
 [0.00755606 0.5432089  0.44923502]
 [0.7426983  0.22312243 0.03417928]]
probabilities: [[0.80361307 0.07009152 0.12629542]
 [0.49232352 0.43991175 0.06776471]
 [0.10174936 0.3943417  0.50390893]
 [0.3602787  0.0451995  0.59452176]
 [0.43685693 0.05156118 0.5115819 ]]
probabilities: [[0.51255566 0.46875644 0.01868786]
 [0.1374081  0.18849184 0.6741001 ]
 [0.60379463 0.31617975 0.08002562]
 [0.65032727 0.31586826 0.03380446]
 [0.8501868  0.12229371 0.02751947]]
probabilities: [[0.4072565  0.5726762  0.02006733]
 [0.76143324 0.12411781 0.11444897]
 [0.03408362 0.71597487 0.24994154]
 [0.8496233  0.0708109  0.07956579]
 [0.00724835 0.2618708  0.73088086]]
probabilities: [[0. 1. 0.]
 [0. 1. 0.]
 [0. 1. 0.]
 [0. 1. 0.]
 [0. 1. 0.]]
probabilities: [[0.16559488 0.55198014 0.282425  ]
 [0.04038379 0.31057602 0.64904016]
 [0.12967783 0.5414019  0.32892022]
 [0.19944036 0.47620943 0.3243502 ]
 [0.00904177 0.0631787  0.92777956]]
probabilities: [[0.14198664 0.69806635 0.15994698]
 [0.68466544 0.08164098 0.2336936 ]
 [0.9469131  0.02544098 0.02764589]
 [0.7973931  0.1084412  0.0941657 ]
 [0.02578042 0.6171698  0.3570498 ]]
probabilities: [[0.27820948 0.35829815 0.36349237]
 [0.47147524 0.15769944 0.37082532]
 [0.94979674 0.02800302 0.02220023]
 [0.24366656 0.06888617 0.68744725]
 [0.08652835 0.6197147  0.293757  ]]
probabilities: [[0.5757852  0.37225294 0.05196181]
 [0.7744247  0.07091916 0.15465617]
 [0.41499323 0.17573424 0.40927252]
 [0.7875207  0.01010612 0.20237316]
 [0.2549588  0.481864   0.26317716]]
probabilities: [[0.03588665 0.5519367  0.4121767 ]
 [0.02874035 0.69117165 0.28008798]
 [0.70005286 0.16720562 0.13274154]
 [0.14316733 0.30357626 0.5532564 ]
 [0.26127604 0.62936705 0.10935691]]
probabilities: [[0. 0. 1.]
 [0. 1. 0.]
 [0. 0. 1.]
 [0. 0. 1.]
 [0. 0. 1.]]
probabilities: [[0.5513169  0.36553705 0.08314602]
 [0.8165034  0.18143168 0.00206494]
 [0.19959518 0.45314538 0.34725946]
 [0.22467588 0.17756994 0.5977542 ]
 [0.6373908  0.1404439  0.22216532]]
probabilities: [[0.27722922 0.16689076 0.55588   ]
 [0.31956077 0.19814056 0.48229867]
 [0.40445855 0.1435697  0.45197177]
 [0.16721591 0.270187   0.5625971 ]
 [0.26859674 0.6844698  0.04693342]]
probabilities: [[0.01388985 0.6396848  0.34642538]
 [0.6500737  0.11799892 0.23192737]
 [0.7940548  0.02895371 0.17699148]
 [0.18025856 0.30848446 0.511257  ]
 [0.03723109 0.62433124 0.33843768]]
probabilities: [[0.0098959  0.61360407 0.37650004]
 [0.53547806 0.3368252  0.12769677]
 [0.9434783  0.05467898 0.00184275]
 [0.05876814 0.3946311  0.54660076]
 [0.71207154 0.09372987 0.19419861]]
probabilities: [[0.12562144 0.14907607 0.72530246]
 [0.50056386 0.25359035 0.24584581]
 [0.72693306 0.01055311 0.26251382]
 [0.50745183 0.44900194 0.04354623]
 [0.31205007 0.14359182 0.54435813]]
probabilities: [[0. 0. 1.]
 [0. 1. 0.]
 [0. 1. 0.]
 [0. 0. 1.]
 [0. 0. 1.]]
probabilities: [[0.4838731  0.39872146 0.11740547]
 [0.17718092 0.6728395  0.14997955]
 [0.37290892 0.45487806 0.172213  ]
 [0.16893679 0.1158924  0.7151708 ]
 [0.30463254 0.61697775 0.07838969]]
probabilities: [[0.05429547 0.15703931 0.78866524]
 [0.4419094  0.0212575  0.5368331 ]
 [0.04100381 0.05333522 0.905661  ]
 [0.3648082  0.42098197 0.21420982]
 [0.4995449  0.44771415 0.05274094]]
probabilities: [[0.17230701 0.34572047 0.48197252]
 [0.57503426 0.09914559 0.32582012]
 [0.06674974 0.4905721  0.44267818]
 [0.09105638 0.6627326  0.24621099]
 [0.4148087  0.5469047  0.03828664]]
probabilities: [[0.35546067 0.58838224 0.05615704]
 [0.2516172  0.35675505 0.39162776]
 [0.06349719 0.2782969  0.6582059 ]
 [0.08690594 0.42010906 0.492985  ]
 [0.10963103 0.12231917 0.7680498 ]]
probabilities: [[0.6056217  0.06394728 0.330431  ]
 [0.06654172 0.15297644 0.7804819 ]
 [0.27698705 0.46178943 0.26122352]
 [0.14797369 0.74890184 0.1031245 ]
 [0.62733823 0.15128797 0.22137377]]
probabilities: [[0. 1. 0.]
 [0. 1. 0.]
 [0. 1. 0.]
 [0. 1. 0.]
 [0. 1. 0.]]
probabilities: [[0.04842412 0.40472838 0.54684746]
 [0.27151015 0.22076884 0.507721  ]
 [0.3576191  0.24426201 0.39811888]
 [0.13004604 0.19245803 0.67749596]
 [0.6817792  0.28560328 0.03261752]]
probabilities: [[0.1177085  0.7557727  0.12651879]
 [0.48328212 0.48470536 0.03201251]
 [0.40443712 0.5180757  0.07748718]
 [0.3261684  0.53595364 0.13787794]
 [0.40001252 0.17810218 0.42188528]]
probabilities: [[0.07295085 0.6510595  0.27598965]
 [0.23076874 0.59609157 0.1731397 ]
 [0.20483905 0.34653047 0.4486305 ]
 [0.31578082 0.49151796 0.19270124]
 [0.14411667 0.7308133  0.12506998]]
probabilities: [[0.60264754 0.3379081  0.05944439]
 [0.32215184 0.4276544  0.25019377]
 [0.21534039 0.11423296 0.67042667]
 [0.01926028 0.8203855  0.16035423]
 [0.11403052 0.65395325 0.2320162 ]]
probabilities: [[6.2145889e-01 1.9454151e-01 1.8399958e-01]
 [5.2675104e-01 1.9407737e-01 2.7917156e-01]
 [5.9083190e-02 1.5269848e-02 9.2564696e-01]
 [2.3194794e-01 6.3643050e-01 1.3162155e-01]
 [9.8369926e-01 1.6025580e-02 2.7513035e-04]]
probabilities: [[1. 0. 0.]
 [1. 0. 0.]
 [1. 0. 0.]
 [1. 0. 0.]
 [1. 0. 0.]]
probabilities: [[0.5319228  0.23214318 0.23593402]
 [0.4737479  0.17971759 0.3465345 ]
 [0.61208695 0.15012246 0.23779055]
 [0.31954077 0.293119   0.38734022]
 [0.057673   0.49417797 0.44814903]]
probabilities: [[0.1926424  0.38691536 0.42044225]
 [0.85002774 0.01438921 0.13558304]
 [0.08055605 0.21720362 0.70224035]
 [0.3780091  0.3633566  0.2586343 ]
 [0.48640105 0.05441498 0.459184  ]]
probabilities: [[0.6381546  0.26428446 0.0975609 ]
 [0.00998032 0.85919636 0.13082333]
 [0.45760232 0.42539564 0.11700203]
 [0.01173798 0.8579287  0.13033335]
 [0.20016167 0.19843222 0.6014061 ]]
probabilities: [[0.16043511 0.75720394 0.08236097]
 [0.08678057 0.4007397  0.5124797 ]
 [0.5440768  0.40569267 0.05023054]
 [0.6657538  0.33066514 0.00358107]
 [0.48679692 0.34315145 0.17005165]]
probabilities: [[0.7698365  0.05480554 0.17535801]
 [0.89995575 0.0889173  0.01112693]
 [0.1120543  0.68700814 0.20093758]
 [0.7575853  0.23171405 0.01070068]
 [0.23438407 0.09799346 0.66762245]]
probabilities: [[0. 0. 1.]
 [0. 1. 0.]
 [0. 0. 1.]
 [0. 0. 1.]
 [0. 0. 1.]]
probabilities: [[0.79190147 0.11035672 0.09774183]
 [0.31873158 0.5226239  0.15864456]
 [0.56117517 0.32357883 0.11524601]
 [0.18413822 0.5440907  0.27177107]
 [0.8779623  0.07943705 0.04260068]]
probabilities: [[0.29211676 0.36734185 0.3405414 ]
 [0.51167387 0.3022199  0.18610628]
 [0.06981976 0.588573   0.34160724]
 [0.04411441 0.1692962  0.7865894 ]
 [0.27351102 0.13356853 0.5929204 ]]
probabilities: [[0.00843235 0.8156153  0.17595233]
 [0.08758441 0.06307724 0.84933835]
 [0.24234922 0.69383305 0.0638177 ]
 [0.12965977 0.42165324 0.448687  ]
 [0.07607214 0.32129958 0.6026283 ]]
probabilities: [[0.47585002 0.23727082 0.28687918]
 [0.26753828 0.64557433 0.08688743]
 [0.05348171 0.7772676  0.16925073]
 [0.3346676  0.600562   0.06477044]
 [0.10071253 0.08726081 0.8120267 ]]
probabilities: [[0.25833514 0.10992171 0.63174313]
 [0.09022239 0.19006708 0.7197105 ]
 [0.6679518  0.26076618 0.07128204]
 [0.24415088 0.45216227 0.30368686]
 [0.3066434  0.66597086 0.02738575]]
probabilities: [[0. 0. 1.]
 [0. 1. 0.]
 [0. 0. 1.]
 [0. 0. 1.]
 [0. 0. 1.]]
probabilities: [[0.48439214 0.49640742 0.01920044]
 [0.491544   0.4407136  0.06774238]
 [0.12879755 0.43327597 0.43792647]
 [0.27876922 0.27924037 0.4419904 ]
 [0.11989898 0.3029067  0.57719433]]
probabilities: [[0.12701751 0.7408289  0.1321536 ]
 [0.17119588 0.38112026 0.44768384]
 [0.37711364 0.3517565  0.27112985]
 [0.46752027 0.35687473 0.17560501]
 [0.9058498  0.09224238 0.00190784]]
probabilities: [[0.35620353 0.5690269  0.07476961]
 [0.13102502 0.04057747 0.8283975 ]
 [0.19450359 0.534902   0.27059442]
 [0.32842577 0.46803498 0.20353927]
 [0.5705455  0.29705495 0.13239954]]
probabilities: [[0.50946546 0.0840558  0.40647876]
 [0.28733742 0.5696824  0.14298014]
 [0.30978522 0.5602728  0.12994193]
 [0.05390535 0.17497872 0.7711159 ]
 [0.23848042 0.4213328  0.34018677]]
probabilities: [[0.23901924 0.00250573 0.758475  ]
 [0.32362783 0.09492653 0.58144563]
 [0.37211603 0.4111954  0.21668857]
 [0.04267922 0.5977445  0.35957626]
 [0.02848656 0.14598723 0.82552624]]
probabilities: [[0. 0. 1.]
 [0. 1. 0.]
 [0. 1. 0.]
 [0. 0. 1.]
 [0. 0. 1.]]
probabilities: [[0.41322008 0.34376913 0.24301079]
 [0.6801925  0.16876435 0.15104315]
 [0.33096066 0.29324573 0.3757936 ]
 [0.41072044 0.48498157 0.10429801]
 [0.45971587 0.22882688 0.31145722]]
probabilities: [[0.24099064 0.07027779 0.68873155]
 [0.33775377 0.2832366  0.37900966]
 [0.8611359  0.05592634 0.08293778]
 [0.1862405  0.3563375  0.45742202]
 [0.22054274 0.43710202 0.34235525]]
probabilities: [[0.10286766 0.6365102  0.26062214]
 [0.02915509 0.78907496 0.18176998]
 [0.02934488 0.02587398 0.9447811 ]
 [0.24897489 0.60361356 0.14741156]
 [0.1967397  0.19588184 0.6073785 ]]
probabilities: [[0.8275282  0.14146532 0.03100648]
 [0.1284332  0.6655757  0.20599112]
 [0.16045989 0.1576723  0.6818678 ]
 [0.2723669  0.6177387  0.10989437]
 [0.48436016 0.30666566 0.20897417]]
probabilities: [[0.11932249 0.13763496 0.7430425 ]
 [0.24924263 0.64050967 0.11024773]
 [0.25182557 0.19292639 0.555248  ]
 [0.06663392 0.6726613  0.26070476]
 [0.4636841  0.40941718 0.12689872]]
probabilities: [[0. 0. 1.]
 [0. 1. 0.]
 [0. 1. 0.]
 [0. 0. 1.]
 [0. 0. 1.]]
probabilities: [[0.03409136 0.8393283  0.12658033]
 [0.19697604 0.19474834 0.60827565]
 [0.05503634 0.54905814 0.39590552]
 [0.14909554 0.11045621 0.74044824]
 [0.23756187 0.55105263 0.21138552]]
probabilities: [[0.23820081 0.73987055 0.02192861]
 [0.5431167  0.02178398 0.43509936]
 [0.4101958  0.05671418 0.53309005]
 [0.00725447 0.20856592 0.7841796 ]
 [0.25796634 0.05388801 0.68814564]]
probabilities: [[0.00281048 0.11351365 0.8836759 ]
 [0.09318258 0.7331864  0.173631  ]
 [0.2470768  0.4990099  0.25391328]
 [0.4530258  0.05608825 0.49088597]
 [0.588874   0.20122638 0.20989963]]
probabilities: [[0.73445696 0.20797314 0.05756989]
 [0.39729208 0.11431988 0.48838806]
 [0.5424428  0.1371935  0.32036373]
 [0.46807283 0.06488561 0.46704155]
 [0.15031978 0.6019493  0.24773094]]
probabilities: [[6.3532889e-01 8.8622622e-02 2.7604845e-01]
 [9.1990441e-02 6.4047110e-01 2.6753846e-01]
 [8.3848429e-01 1.6141811e-01 9.7612516e-05]
 [8.7215096e-01 1.0719804e-01 2.0651007e-02]
 [9.1800225e-01 7.4377604e-02 7.6201484e-03]]
probabilities: [[0. 0. 1.]
 [0. 1. 0.]
 [0. 1. 0.]
 [0. 0. 1.]
 [0. 0. 1.]]
probabilities: [[0.3250579  0.183557   0.4913851 ]
 [0.81045496 0.16251308 0.02703197]
 [0.32283294 0.42656338 0.2506037 ]
 [0.25895298 0.5129784  0.22806862]
 [0.65421903 0.30006525 0.04571572]]
probabilities: [[0.28870097 0.11498495 0.5963141 ]
 [0.5859288  0.18336277 0.23070844]
 [0.32431158 0.49384153 0.18184689]
 [0.09617332 0.8170215  0.08680519]
 [0.30703053 0.596058   0.09691145]]
probabilities: [[0.57995313 0.04386853 0.37617832]
 [0.7500775  0.0816998  0.16822271]
 [0.08284009 0.3728252  0.5443347 ]
 [0.3920394  0.20133112 0.40662947]
 [0.48104432 0.08224599 0.43670967]]
probabilities: [[0.02205732 0.8421491  0.1357936 ]
 [0.06665229 0.92483795 0.00850979]
 [0.22572488 0.44117796 0.33309716]
 [0.3815408  0.30700812 0.31145108]
 [0.12141051 0.43591693 0.44267255]]
probabilities: [[0.46843213 0.0932162  0.43835166]
 [0.1150464  0.04606622 0.8388874 ]
 [0.80787224 0.05041907 0.14170869]
 [0.6862508  0.12988675 0.18386245]
 [0.22394925 0.6407865  0.13526419]]
probabilities: [[0. 1. 0.]
 [0. 1. 0.]
 [0. 1. 0.]
 [0. 1. 0.]
 [0. 1. 0.]]
probabilities: [[0.1097721  0.22704452 0.6631834 ]
 [0.16807477 0.79990125 0.03202396]
 [0.15828648 0.35324213 0.4884714 ]
 [0.5766899  0.2652438  0.15806629]
 [0.27138442 0.2585002  0.4701154 ]]
probabilities: [[0.21509469 0.7540997  0.0308056 ]
 [0.18317276 0.48269773 0.3341295 ]
 [0.03505871 0.6758923  0.289049  ]
 [0.65204614 0.04181166 0.3061422 ]
 [0.00458351 0.0636724  0.9317441 ]]
probabilities: [[0.01534137 0.82708263 0.157576  ]
 [0.1142301  0.86697453 0.01879539]
 [0.11772177 0.3258368  0.5564414 ]
 [0.4800378  0.19630994 0.32365227]
 [0.3350052  0.56714094 0.09785385]]
probabilities: [[0.82930464 0.03628922 0.13440613]
 [0.19305184 0.17268655 0.6342616 ]
 [0.52023566 0.41497543 0.06478891]
 [0.32925454 0.40420336 0.26654214]
 [0.316668   0.31840995 0.36492205]]
probabilities: [[0.33372825 0.32809708 0.33817467]
 [0.68660223 0.24686621 0.06653154]
 [0.25763872 0.31663874 0.42572254]
 [0.41014093 0.2955696  0.29428947]
 [0.13925219 0.3014803  0.5592675 ]]
probabilities: [[0. 0. 1.]
 [0. 1. 0.]
 [0. 0. 1.]
 [0. 0. 1.]
 [0. 0. 1.]]
probabilities: [[0.03252061 0.4958632  0.47161618]
 [0.0719633  0.2698849  0.6581518 ]
 [0.68357384 0.27937987 0.03704631]
 [0.57185465 0.22138482 0.20676056]
 [0.11808714 0.300597   0.5813159 ]]
probabilities: [[0.22250067 0.2336896  0.5438097 ]
 [0.535995   0.20104638 0.2629586 ]
 [0.21562473 0.20053096 0.5838443 ]
 [0.64006364 0.12003753 0.2398988 ]
 [0.31499824 0.40992996 0.2750718 ]]
probabilities: [[0.47056913 0.11468747 0.4147434 ]
 [0.37659156 0.07043234 0.55297613]
 [0.5113903  0.4030432  0.08556645]
 [0.26371172 0.07154764 0.6647406 ]
 [0.15964907 0.18857156 0.65177935]]
probabilities: [[0.21712907 0.02300096 0.75987   ]
 [0.31947485 0.2807667  0.3997585 ]
 [0.00838293 0.12938611 0.86223096]
 [0.79436004 0.13867079 0.06696921]
 [0.6889297  0.26525342 0.04581692]]
probabilities: [[0.29913023 0.04466578 0.656204  ]
 [0.85544586 0.05759867 0.08695545]
 [0.54059744 0.23781018 0.2215924 ]
 [0.1924417  0.570249   0.23730925]
 [0.14080329 0.5857973  0.27339938]]
probabilities: [[0. 0. 1.]
 [0. 1. 0.]
 [0. 0. 1.]
 [0. 0. 1.]
 [0. 0. 1.]]
probabilities: [[0.64258635 0.29471117 0.0627025 ]
 [0.19093475 0.6662135  0.14285173]
 [0.14745927 0.58969635 0.26284438]
 [0.3326397  0.31572333 0.35163698]
 [0.33026457 0.58566123 0.0840742 ]]
probabilities: [[0.07770756 0.59643036 0.3258621 ]
 [0.05302113 0.5597024  0.3872765 ]
 [0.0201773  0.36755943 0.61226326]
 [0.21794888 0.05872067 0.72333044]
 [0.24144842 0.07937335 0.67917824]]
probabilities: [[0.07236083 0.7168239  0.21081531]
 [0.15244757 0.0554078  0.79214466]
 [0.16161843 0.6779878  0.16039374]
 [0.7551754  0.10799642 0.1368282 ]
 [0.37263253 0.34637132 0.28099614]]
probabilities: [[0.46483997 0.43183586 0.10332417]
 [0.16654186 0.11569811 0.71776   ]
 [0.16827999 0.02975428 0.8019657 ]
 [0.02056429 0.67392147 0.30551425]
 [0.21063897 0.74562466 0.04373635]]
probabilities: [[0.12639269 0.34869364 0.52491367]
 [0.13442917 0.12465532 0.74091554]
 [0.18370467 0.2944872  0.52180815]
 [0.1319798  0.40572783 0.46229237]
 [0.8438134  0.14689048 0.00929609]]
probabilities: [[0. 0. 1.]
 [0. 1. 0.]
 [0. 0. 1.]
 [0. 0. 1.]
 [0. 0. 1.]]
probabilities: [[0.05023557 0.4446591  0.5051053 ]
 [0.17373663 0.6793051  0.14695832]
 [0.09683593 0.224123   0.6790411 ]
 [0.2824007  0.2590677  0.45853156]
 [0.00098032 0.683959   0.31506068]]
probabilities: [[0.27168858 0.512108   0.21620342]
 [0.42873695 0.33704644 0.2342166 ]
 [0.28447726 0.09273572 0.622787  ]
 [0.1487669  0.03853627 0.8126968 ]
 [0.22557697 0.6847344  0.08968861]]
probabilities: [[0.2996413  0.5629944  0.13736422]
 [0.09697597 0.01041035 0.89261365]
 [0.0209111  0.44763145 0.5314574 ]
 [0.31567192 0.43798473 0.24634334]
 [0.3286205  0.3790486  0.29233095]]
probabilities: [[0.27995563 0.20644847 0.5135959 ]
 [0.72087115 0.19100097 0.08812785]
 [0.433578   0.47314313 0.09327886]
 [0.16600591 0.23744519 0.5965489 ]
 [0.22216827 0.5443924  0.23343931]]
probabilities: [[0.01404473 0.8898254  0.09612989]
 [0.06630767 0.47171402 0.46197832]
 [0.20815712 0.49355313 0.29828978]
 [0.2367523  0.2961964  0.4670513 ]
 [0.8944748  0.03303885 0.07248633]]
probabilities: [[0. 1. 0.]
 [0. 1. 0.]
 [0. 1. 0.]
 [0. 1. 0.]
 [0. 1. 0.]]
probabilities: [[0.9216034  0.00291438 0.07548226]
 [0.3128028  0.00343408 0.68376315]
 [0.19218531 0.21053474 0.59727997]
 [0.53965265 0.21564204 0.2447053 ]
 [0.08623136 0.5646523  0.34911633]]
probabilities: [[0.32596448 0.10779195 0.5662436 ]
 [0.20656258 0.10109131 0.6923461 ]
 [0.1450323  0.769793   0.0851747 ]
 [0.23010233 0.58766896 0.18222871]
 [0.05079323 0.64063525 0.30857152]]
probabilities: [[0.00623958 0.5474727  0.44628772]
 [0.59001315 0.17539288 0.23459397]
 [0.62886614 0.3194434  0.05169047]
 [0.15330513 0.34110552 0.50558937]
 [0.4153551  0.28377602 0.3008689 ]]
probabilities: [[0.13658091 0.32147637 0.5419427 ]
 [0.09138167 0.7709784  0.13763991]
 [0.5414784  0.17547834 0.2830433 ]
 [0.4621999  0.3082343  0.2295658 ]
 [0.27928367 0.28811288 0.43260348]]
probabilities: [[0.17509954 0.44295156 0.38194892]
 [0.14299905 0.02978523 0.82721573]
 [0.63752717 0.14944935 0.21302347]
 [0.62739927 0.23038855 0.1422122 ]
 [0.47515434 0.15585276 0.3689929 ]]
probabilities: [[0. 0. 1.]
 [0. 1. 0.]
 [0. 1. 0.]
 [0. 0. 1.]
 [0. 0. 1.]]
probabilities: [[0.03980172 0.01614732 0.94405097]
 [0.78271663 0.1732488  0.04403457]
 [0.1688002  0.29921776 0.531982  ]
 [0.11045935 0.30239734 0.5871433 ]
 [0.73029107 0.17229669 0.09741222]]
probabilities: [[0.07671779 0.17432912 0.7489531 ]
 [0.04881187 0.3333504  0.6178377 ]
 [0.6034421  0.2885704  0.10798752]
 [0.5238088  0.05568964 0.4205016 ]
 [0.6297305  0.02912536 0.34114408]]
probabilities: [[0.345164   0.08262081 0.5722152 ]
 [0.27092963 0.34628558 0.38278478]
 [0.08608862 0.78019583 0.13371557]
 [0.71885324 0.08185144 0.19929534]
 [0.22557187 0.36476642 0.4096617 ]]
probabilities: [[0.17656572 0.5112687  0.31216562]
 [0.25486514 0.25563082 0.48950404]
 [0.11538631 0.17234696 0.71226674]
 [0.28963095 0.10163891 0.60873014]
 [0.05525514 0.8692462  0.0754987 ]]
probabilities: [[0.12317297 0.7492528  0.1275742 ]
 [0.5381627  0.20941684 0.25242043]
 [0.51059043 0.17938139 0.3100282 ]
 [0.29737356 0.46179703 0.2408294 ]
 [0.45154887 0.30603725 0.24241388]]
probabilities: [[0. 0. 1.]
 [0. 1. 0.]
 [0. 1. 0.]
 [0. 0. 1.]
 [0. 0. 1.]]
probabilities: [[0.05376946 0.6604449  0.28578562]
 [0.24792713 0.33006355 0.42200932]
 [0.5142912  0.03307658 0.45263222]
 [0.7986604  0.00105969 0.2002799 ]
 [0.21072513 0.00359895 0.78567594]]
probabilities: [[0.6336412  0.28274006 0.08361875]
 [0.75718814 0.18699542 0.05581645]
 [0.18397461 0.05764798 0.75837743]
 [0.18752283 0.10614393 0.7063332 ]
 [0.36570385 0.5856358  0.04866037]]
probabilities: [[0.05998704 0.10943554 0.83057743]
 [0.06815214 0.82998586 0.10186198]
 [0.8513125  0.09586542 0.05282205]
 [0.04087114 0.9077493  0.05137956]
 [0.04923661 0.66050464 0.29025874]]
probabilities: [[0.2912554  0.1899412  0.51880336]
 [0.22412068 0.19140057 0.58447874]
 [0.43153688 0.43139142 0.1370717 ]
 [0.5400971  0.11560153 0.34430134]
 [0.31403598 0.56906396 0.11690007]]
probabilities: [[0.14520103 0.13581382 0.71898514]
 [0.24390447 0.58330655 0.17278895]
 [0.10170491 0.8888292  0.00946593]
 [0.93427145 0.01760505 0.04812348]
 [0.03590102 0.8929222  0.07117677]]
probabilities: [[0. 0. 1.]
 [0. 1. 0.]
 [0. 0. 1.]
 [0. 0. 1.]
 [0. 0. 1.]]
probabilities: [[0.46165678 0.29734722 0.24099599]
 [0.06228365 0.8437666  0.09394972]
 [0.5943861  0.1492547  0.2563592 ]
 [0.10669664 0.6730933  0.22021005]
 [0.0110935  0.03577087 0.9531356 ]]
probabilities: [[0.02817601 0.4909341  0.4808899 ]
 [0.51331353 0.2707731  0.21591336]
 [0.36479202 0.41144058 0.2237674 ]
 [0.54477227 0.0783091  0.37691864]
 [0.1590424  0.5969253  0.24403228]]
probabilities: [[0.73730236 0.18457477 0.07812285]
 [0.5737747  0.4039572  0.02226808]
 [0.44672295 0.33509812 0.21817891]
 [0.5546081  0.08904116 0.35635072]
 [0.04384278 0.90001076 0.05614648]]
probabilities: [[0.3722522  0.3765968  0.251151  ]
 [0.76584893 0.00790573 0.22624536]
 [0.12699597 0.71380746 0.1591966 ]
