probabilities: [[0. 0. 1.]
 [0. 1. 0.]
 [0. 0. 1.]
 [0. 0. 1.]
 [0. 0. 1.]]
probabilities: [[0.5208442  0.20656022 0.27259555]
 [0.5825025  0.19740812 0.22008938]
 [0.02966063 0.7830215  0.18731788]
 [0.20814377 0.03180984 0.76004636]
 [0.01784784 0.93245304 0.04969913]]
probabilities: [[0.09706208 0.12228207 0.78065586]
 [0.22486255 0.24768849 0.52744895]
 [0.21046124 0.45538005 0.3341587 ]
 [0.19505887 0.68695796 0.11798319]
 [0.45344245 0.03241821 0.51413935]]
probabilities: [[0.5749907  0.36988142 0.05512786]
 [0.28745556 0.0067158  0.7058286 ]
 [0.37467334 0.1148534  0.51047325]
 [0.56047875 0.0407404  0.39878085]
 [0.0679841  0.38763347 0.54438245]]
probabilities: [[0. 0. 1.]
 [0. 1. 0.]
 [0. 0. 1.]
 [0. 0. 1.]
 [0. 0. 1.]]
probabilities: [[0.6608229  0.2441139  0.09506314]
 [0.5490256  0.2929525  0.1580219 ]
 [0.6541039  0.05847254 0.28742355]
 [0.08391091 0.26316276 0.6529263 ]
 [0.11395426 0.25577655 0.63026917]]
probabilities: [[0.63529634 0.3054183  0.05928535]
 [0.5323124  0.2579628  0.20972481]
 [0.11532984 0.40953362 0.47513655]
 [0.55467534 0.44263676 0.00268788]
 [0.12071439 0.15095292 0.7283327 ]]
probabilities: [[0.23963176 0.14690298 0.61346525]
 [0.42437428 0.19066784 0.38495788]
 [0.39106232 0.4228688  0.18606888]
 [0.4497889  0.5001765  0.0500346 ]
 [0.8341303  0.09865507 0.06721465]]
probabilities: [[0. 0. 1.]
 [0. 1. 0.]
 [0. 1. 0.]
 [0. 0. 1.]
 [0. 0. 1.]]
probabilities: [[3.3340570e-01 4.4449964e-01 2.2209466e-01]
 [7.7053666e-02 3.3778182e-04 9.2260855e-01]
 [1.8779705e-01 7.8561944e-01 2.6583478e-02]
 [1.1753013e-01 2.4421190e-01 6.3825798e-01]
 [7.9542261e-01 1.9977783e-01 4.7995723e-03]]
probabilities: [[2.5362548e-01 2.2152539e-01 5.2484912e-01]
 [7.2290826e-01 8.2426649e-03 2.6884907e-01]
 [5.8473396e-01 3.4215234e-02 3.8105080e-01]
 [8.5126615e-01 9.6993208e-05 1.4863688e-01]
 [1.3101828e-01 1.5041369e-01 7.1856803e-01]]
probabilities: [[0.23841377 0.5182709  0.2433153 ]
 [0.25885558 0.4215409  0.31960353]
 [0.06396923 0.65804744 0.27798337]
 [0.144614   0.32943335 0.52595264]
 [0.5669481  0.3173983  0.11565356]]
probabilities: [[0. 0. 1.]
 [0. 1. 0.]
 [0. 1. 0.]
 [0. 0. 1.]
 [0. 0. 1.]]
probabilities: [[0.5321253  0.16656524 0.30130947]
 [0.35662803 0.35737085 0.28600112]
 [0.4234852  0.35213807 0.22437675]
 [0.2544587  0.28484485 0.46069643]
 [0.3504779  0.43187124 0.21765083]]
probabilities: [[0.6573844  0.31421646 0.02839914]
 [0.1516002  0.1873747  0.6610251 ]
 [0.26138252 0.00162476 0.7369927 ]
 [0.0664674  0.90492374 0.02860886]
 [0.19722411 0.25649038 0.5462855 ]]
probabilities: [[0.5721403  0.06010035 0.36775935]
 [0.07712844 0.23042107 0.6924505 ]
 [0.2815774  0.53977305 0.17864956]
 [0.922775   0.01010761 0.06711745]
 [0.35967442 0.431565   0.2087606 ]]
probabilities: [[0. 1. 0.]
 [0. 1. 0.]
 [0. 1. 0.]
 [0. 1. 0.]
 [0. 1. 0.]]
probabilities: [[0.5445457  0.0495608  0.40589347]
 [0.8056655  0.03815213 0.1561824 ]
 [0.22793224 0.5323868  0.239681  ]
 [0.21718465 0.4892715  0.29354385]
 [0.18692096 0.02116936 0.7919097 ]]
probabilities: [[0.3509705  0.45113674 0.19789274]
 [0.76469785 0.14626972 0.08903241]
 [0.13056691 0.23150069 0.6379324 ]
 [0.88708174 0.02776566 0.08515257]
 [0.05332736 0.45333377 0.49333888]]
probabilities: [[6.2258059e-01 2.7245307e-02 3.5017410e-01]
 [5.6060761e-01 1.4272036e-01 2.9667202e-01]
 [2.9571363e-01 1.7143606e-01 5.3285033e-01]
 [7.6458424e-01 6.5955130e-04 2.3475620e-01]
 [2.4336313e-01 1.2833704e-01 6.2829983e-01]]
probabilities: [[0. 0. 1.]
 [0. 1. 0.]
 [0. 1. 0.]
 [0. 0. 1.]
 [0. 0. 1.]]
probabilities: [[0.25186944 0.0956087  0.65252185]
 [0.39720476 0.27815962 0.32463562]
 [0.24652363 0.25994214 0.4935342 ]
 [0.17991005 0.39102706 0.42906287]
 [0.16449045 0.02829771 0.8072118 ]]
probabilities: [[0.17358902 0.34464845 0.48176253]
 [0.07729211 0.05410068 0.8686072 ]
 [0.26594278 0.3621874  0.37186983]
 [0.64692396 0.28599587 0.06708013]
 [0.2963292  0.5867691  0.1169017 ]]
probabilities: [[0.04058557 0.20429946 0.755115  ]
 [0.51200795 0.1269682  0.36102387]
 [0.35838354 0.5976055  0.04401097]
 [0.17702062 0.59115744 0.23182194]
 [0.17785637 0.28639412 0.5357495 ]]
probabilities: [[0. 0. 1.]
 [0. 1. 0.]
 [0. 1. 0.]
 [0. 0. 1.]
 [0. 0. 1.]]
probabilities: [[0.9287113  0.04670047 0.02458821]
 [0.9382454  0.03626241 0.02549218]
 [0.64085096 0.19498758 0.16416147]
 [0.5095586  0.08023743 0.410204  ]
 [0.65345806 0.08546239 0.26107952]]
probabilities: [[0.8830935  0.09542747 0.02147907]
 [0.11916212 0.33391276 0.5469251 ]
 [0.0812153  0.616796   0.3019887 ]
 [0.2789302  0.6586014  0.06246841]
 [0.34832966 0.19518913 0.4564812 ]]
probabilities: [[0.11097664 0.09886169 0.79016167]
 [0.08942883 0.8626507  0.04792049]
 [0.32100776 0.1954552  0.48353705]
 [0.4499949  0.11196106 0.43804404]
 [0.6966982  0.1724775  0.13082428]]
probabilities: [[1. 0. 0.]
 [1. 0. 0.]
 [1. 0. 0.]
 [1. 0. 0.]
 [1. 0. 0.]]
probabilities: [[0.00314322 0.23852463 0.75833213]
 [0.75368977 0.09337672 0.15293351]
 [0.34659627 0.39018488 0.26321885]
 [0.72383416 0.2686464  0.00751943]
 [0.30663884 0.4647358  0.22862536]]
probabilities: [[0.4777538  0.2467452  0.275501  ]
 [0.5275046  0.08498248 0.3875129 ]
 [0.84799343 0.00362714 0.14837946]
 [0.19495088 0.5183316  0.28671753]
 [0.4638199  0.43036568 0.10581443]]
probabilities: [[0.2805151  0.29566658 0.42381835]
 [0.14280573 0.23118617 0.6260081 ]
 [0.12185687 0.39599216 0.48215097]
 [0.73227304 0.04786807 0.21985888]
 [0.5587586  0.21677531 0.22446609]]
probabilities: [[1. 0. 0.]
 [1. 0. 0.]
 [1. 0. 0.]
 [1. 0. 0.]
 [1. 0. 0.]]
probabilities: [[0.0935385  0.22465803 0.68180346]
 [0.8002792  0.10032555 0.09939528]
 [0.21133071 0.70100313 0.08766615]
 [0.0611799  0.04960194 0.88921815]
 [0.2334257  0.48825288 0.27832142]]
probabilities: [[0.27783963 0.3849253  0.33723503]
 [0.30096474 0.2465124  0.45252287]
 [0.40366212 0.08502147 0.5113164 ]
 [0.32621604 0.49676454 0.17701942]
 [0.16103262 0.04132373 0.79764366]]
probabilities: [[0.06297956 0.59713763 0.3398828 ]
 [0.10128937 0.6344472  0.26426342]
 [0.4740502  0.3932369  0.13271292]
 [0.34232962 0.5975551  0.06011524]
 [0.49377805 0.19904178 0.30718017]]
probabilities: [[1. 0. 0.]
 [1. 0. 0.]
 [1. 0. 0.]
 [1. 0. 0.]
 [1. 0. 0.]]
probabilities: [[0.5655565  0.23559026 0.19885322]
 [0.01631312 0.0612325  0.92245436]
 [0.05841407 0.4699589  0.47162703]
 [0.3776229  0.13611552 0.48626158]
 [0.359343   0.19293453 0.4477225 ]]
probabilities: [[0.45330435 0.25382853 0.29286712]
 [0.4850682  0.18945856 0.32547325]
 [0.06634439 0.49149367 0.44216195]
 [0.4614879  0.2026103  0.3359018 ]
 [0.2657047  0.40678644 0.32750887]]
probabilities: [[0.53647846 0.10614978 0.35737178]
 [0.53281575 0.42387283 0.04331145]
 [0.8547058  0.10467126 0.04062292]
 [0.5214102  0.10542083 0.37316898]
 [0.66717553 0.13995323 0.19287123]]
probabilities: [[1. 0. 0.]
 [1. 0. 0.]
 [1. 0. 0.]
 [1. 0. 0.]
 [1. 0. 0.]]
probabilities: [[0.06857354 0.90385747 0.02756898]
 [0.13710691 0.7220827  0.14081042]
 [0.04444715 0.8672734  0.08827943]
 [0.92043567 0.03711586 0.04244845]
 [0.06385465 0.03128448 0.90486085]]
probabilities: [[0.00835103 0.4197521  0.57189685]
 [0.6161499  0.33304673 0.05080337]
 [0.27715483 0.19841088 0.52443427]
 [0.601279   0.18962227 0.20909874]
 [0.03304746 0.87216806 0.09478449]]
probabilities: [[0.26663443 0.4063681  0.32699746]
 [0.183061   0.2838329  0.5331061 ]
 [0.37670144 0.2928882  0.3304104 ]
 [0.13411143 0.41796508 0.4479235 ]
 [0.66665894 0.04318373 0.29015732]]
probabilities: [[0. 0. 1.]
 [0. 1. 0.]
 [0. 0. 1.]
 [0. 0. 1.]
 [0. 0. 1.]]
probabilities: [[0.00958753 0.5744014  0.41601107]
 [0.5979018  0.35679632 0.04530187]
 [0.34216765 0.2701246  0.38770774]
 [0.6714893  0.17836367 0.150147  ]
 [0.5028994  0.3415403  0.1555603 ]]
probabilities: [[0.02316241 0.47251236 0.5043252 ]
 [0.3667522  0.49995536 0.13329245]
 [0.04077178 0.36914724 0.590081  ]
 [0.41281113 0.25841027 0.3287786 ]
 [0.6963921  0.0918083  0.21179959]]
probabilities: [[0.08526324 0.1675421  0.74719465]
 [0.0847686  0.82773423 0.08749714]
 [0.30617443 0.1000606  0.59376496]
 [0.5191979  0.08694643 0.39385572]
 [0.22988178 0.21086267 0.55925554]]
probabilities: [[0. 1. 0.]
 [0. 1. 0.]
 [0. 1. 0.]
 [0. 1. 0.]
 [0. 1. 0.]]
probabilities: [[0.34263942 0.03111483 0.62624574]
 [0.6381046  0.17443457 0.1874608 ]
 [0.11777259 0.70710814 0.17511924]
 [0.44067252 0.27579305 0.2835344 ]
 [0.12530461 0.6201768  0.2545186 ]]
probabilities: [[0.16718917 0.0324832  0.8003276 ]
 [0.26002538 0.13606794 0.6039067 ]
 [0.26335728 0.32818022 0.4084625 ]
 [0.2685119  0.12136824 0.6101199 ]
 [0.7834233  0.06916588 0.14741085]]
probabilities: [[0.26618475 0.6632276  0.0705876 ]
 [0.39703062 0.3952507  0.20771869]
 [0.31414348 0.21363522 0.4722213 ]
 [0.0398832  0.41807216 0.54204464]
 [0.5128196  0.31953675 0.16764364]]
probabilities: [[0. 0. 1.]
 [0. 1. 0.]
 [0. 0. 1.]
 [0. 0. 1.]
 [0. 0. 1.]]
probabilities: [[0.39604437 0.03373157 0.57022405]
 [0.26385498 0.42917964 0.30696535]
 [0.67630494 0.2588307  0.0648644 ]
 [0.23404239 0.12740286 0.63855475]
 [0.30904672 0.12071133 0.5702419 ]]
probabilities: [[0.18493769 0.01794118 0.7971211 ]
 [0.3617186  0.02168935 0.61659205]
 [0.00673958 0.45592058 0.5373398 ]
 [0.6997522  0.1451913  0.1550565 ]
 [0.31337997 0.18384565 0.50277436]]
probabilities: [[0.09904496 0.7698468  0.13110824]
 [0.3501471  0.34680232 0.30305055]
 [0.5502375  0.4443776  0.0053849 ]
 [0.7805866  0.08979756 0.12961587]
 [0.11022765 0.8308077  0.05896468]]
probabilities: [[1. 0. 0.]
 [1. 0. 0.]
 [1. 0. 0.]
 [1. 0. 0.]
 [1. 0. 0.]]
probabilities: [[0.38010162 0.09539708 0.5245013 ]
 [0.29838583 0.15232061 0.5492936 ]
 [0.2366012  0.3377387  0.4256601 ]
 [0.04607609 0.8511359  0.10278799]
 [0.30109954 0.56116444 0.13773601]]
probabilities: [[0.176192   0.06820492 0.7556031 ]
 [0.13168237 0.49868765 0.36962998]
 [0.5433636  0.18394966 0.27268675]
 [0.3124107  0.6035124  0.08407689]
 [0.71937233 0.13463877 0.14598891]]
probabilities: [[0.7341974  0.00174403 0.26405856]
 [0.7168163  0.06838755 0.21479616]
 [0.1451513  0.30779675 0.54705197]
 [0.05506567 0.22930773 0.7156266 ]
 [0.0309899  0.35114327 0.6178668 ]]
probabilities: [[0. 0. 1.]
 [0. 1. 0.]
 [0. 0. 1.]
 [0. 0. 1.]
 [0. 0. 1.]]
probabilities: [[0.40071055 0.19198646 0.40730298]
 [0.32908493 0.5564435  0.11447158]
 [0.03907951 0.7699467  0.19097382]
 [0.03756955 0.47234008 0.49009037]
 [0.14503825 0.20563681 0.64932495]]
probabilities: [[0.6456319  0.0740775  0.28029057]
 [0.03252926 0.4974727  0.46999803]
 [0.59555703 0.2649234  0.13951956]
 [0.26826566 0.07449912 0.6572352 ]
 [0.1608445  0.08354087 0.75561464]]
probabilities: [[0.40096712 0.15395577 0.4450771 ]
 [0.32586843 0.3488768  0.32525477]
 [0.52979785 0.34637937 0.12382277]
 [0.4634253  0.00768688 0.5288878 ]
 [0.85776436 0.08230578 0.05992987]]
probabilities: [[0. 0. 1.]
 [0. 1. 0.]
 [0. 1. 0.]
 [0. 0. 1.]
 [0. 0. 1.]]
probabilities: [[0.07830649 0.6931525  0.22854102]
 [0.24302228 0.19183041 0.5651473 ]
 [0.38697472 0.5726268  0.04039846]
 [0.17100064 0.6881565  0.14084285]
 [0.45386907 0.25833216 0.28779876]]
probabilities: [[0.2036728  0.7388386  0.05748862]
 [0.290309   0.497828   0.21186297]
 [0.28850394 0.546092   0.16540408]
 [0.438269   0.4685305  0.09320051]
 [0.07449961 0.17388341 0.751617  ]]
probabilities: [[0.00313844 0.55172294 0.4451386 ]
 [0.08160342 0.32790682 0.59048975]
 [0.01216464 0.18477856 0.8030568 ]
 [0.14515135 0.12528412 0.72956455]
 [0.21699537 0.33905527 0.44394937]]
probabilities: [[1. 0. 0.]
 [1. 0. 0.]
 [1. 0. 0.]
 [1. 0. 0.]
 [1. 0. 0.]]
probabilities: [[0.9233759  0.01063886 0.06598523]
 [0.6508054  0.33141127 0.01778332]
 [0.72948253 0.14672372 0.12379373]
 [0.31629688 0.57912153 0.10458156]
 [0.43898508 0.31793496 0.24307998]]
probabilities: [[0.66467464 0.2826867  0.05263866]
 [0.33787042 0.20057411 0.46155548]
 [0.03436964 0.14030835 0.82532203]
 [0.49947888 0.04072404 0.45979708]
 [0.03859044 0.10295757 0.858452  ]]
probabilities: [[0.67080545 0.2012097  0.12798484]
 [0.16930853 0.3536037  0.4770878 ]
 [0.1480322  0.8323929  0.01957495]
 [0.6544004  0.15151292 0.19408669]
 [0.0850734  0.07633063 0.838596  ]]
probabilities: [[0. 0. 1.]
 [0. 1. 0.]
 [0. 1. 0.]
 [0. 0. 1.]
 [0. 0. 1.]]
probabilities: [[0.05674699 0.0360665  0.9071865 ]
 [0.1172417  0.8351771  0.04758119]
 [0.56429946 0.29944018 0.13626038]
 [0.01248473 0.65075696 0.33675832]
 [0.3956051  0.41467267 0.18972225]]
probabilities: [[0.44774625 0.15409309 0.39816067]
 [0.17844906 0.7019411  0.11960987]
 [0.13564937 0.71525764 0.14909297]
 [0.01062926 0.23439367 0.75497705]
 [0.31256273 0.05172304 0.63571423]]
probabilities: [[0.22612208 0.42349362 0.3503843 ]
 [0.49911377 0.1050389  0.39584735]
 [0.5948656  0.32840207 0.0767323 ]
 [0.1653708  0.0902623  0.7443669 ]
 [0.34637696 0.06139873 0.5922243 ]]
probabilities: [[0. 0. 1.]
 [0. 1. 0.]
 [0. 0. 1.]
 [0. 0. 1.]
 [0. 0. 1.]]
probabilities: [[0.48105517 0.30640462 0.2125402 ]
 [0.05929032 0.4879435  0.45276618]
 [0.6011134  0.02832882 0.37055779]
 [0.10343342 0.37721366 0.5193529 ]
 [0.5754858  0.32297292 0.10154125]]
probabilities: [[0.47902367 0.43234706 0.0886293 ]
 [0.27596408 0.02699687 0.69703907]
 [0.39474604 0.24652582 0.35872814]
 [0.35455206 0.4547586  0.19068933]
 [0.16231531 0.38332945 0.45435524]]
probabilities: [[0.37164062 0.15060274 0.47775662]
 [0.02510152 0.9174022  0.05749628]
 [0.41540363 0.02500531 0.55959105]
 [0.7296306  0.1778114  0.09255803]
 [0.30435362 0.13340434 0.56224203]]
probabilities: [[1. 0. 0.]
 [1. 0. 0.]
 [1. 0. 0.]
 [1. 0. 0.]
 [1. 0. 0.]]
probabilities: [[0.23561175 0.29172727 0.472661  ]
 [0.42878795 0.07857357 0.49263847]
 [0.06552665 0.8181419  0.11633147]
 [0.29954943 0.5207061  0.17974447]
 [0.6294773  0.34251136 0.02801134]]
probabilities: [[0.35039842 0.36110073 0.28850085]
 [0.14252734 0.5600999  0.2973728 ]
 [0.11632279 0.8808782  0.00279902]
 [0.07732698 0.71909636 0.20357665]
 [0.2862411  0.01557944 0.6981794 ]]
probabilities: [[0.06505371 0.9148694  0.02007687]
 [0.13361679 0.84231645 0.02406674]
 [0.5318461  0.17283303 0.29532087]
 [0.40686703 0.18778148 0.4053515 ]
 [0.47997054 0.43040404 0.08962542]]
probabilities: [[0. 0. 1.]
 [0. 1. 0.]
 [0. 1. 0.]
 [0. 0. 1.]
 [0. 0. 1.]]
probabilities: [[0.09841326 0.01868252 0.88290423]
 [0.2785203  0.46107563 0.26040408]
 [0.27029738 0.03618926 0.6935134 ]
 [0.50315    0.34144688 0.15540315]
 [0.55377674 0.41049942 0.03572384]]
probabilities: [[0.07042531 0.15442054 0.7751542 ]
 [0.5172209  0.336431   0.1463481 ]
 [0.76381034 0.07131433 0.16487533]
 [0.2511419  0.18335287 0.5655052 ]
 [0.48541218 0.02542313 0.4891647 ]]
probabilities: [[0.17644915 0.33719563 0.48635522]
 [0.3353199  0.4894883  0.17519179]
 [0.07850022 0.70607394 0.21542585]
 [0.76008654 0.05325607 0.18665738]
 [0.68155694 0.01019761 0.30824548]]
probabilities: [[0. 1. 0.]
 [0. 1. 0.]
 [0. 1. 0.]
 [0. 1. 0.]
 [0. 1. 0.]]
probabilities: [[0.44873723 0.5134527  0.03781007]
 [0.08218553 0.8958887  0.02192577]
 [0.01247165 0.7873688  0.20015958]
 [0.7079891  0.20141727 0.09059367]
 [0.22587048 0.4314351  0.3426944 ]]
probabilities: [[0.05614684 0.01318298 0.9306702 ]
 [0.8998241  0.03490497 0.06527093]
 [0.33253053 0.21632457 0.4511449 ]
 [0.36245352 0.19689858 0.4406479 ]
 [0.47559002 0.470734   0.05367598]]
probabilities: [[0.34996235 0.2000286  0.45000905]
 [0.7052669  0.02142619 0.27330694]
 [0.4919747  0.37342557 0.1345997 ]
 [0.19745365 0.03319759 0.7693488 ]
 [0.26939136 0.664191   0.0664176 ]]
probabilities: [[0. 1. 0.]
 [0. 1. 0.]
 [0. 1. 0.]
 [0. 1. 0.]
 [0. 1. 0.]]
probabilities: [[0.7251575  0.23442477 0.04041775]
 [0.4127799  0.49415427 0.09306581]
 [0.6198556  0.27506402 0.10508035]
 [0.22897214 0.5455854  0.2254425 ]
 [0.0698079  0.7282578  0.20193431]]
probabilities: [[0.5953308  0.256886   0.14778323]
 [0.19219424 0.14762397 0.66018176]
 [0.39725855 0.1972214  0.40552002]
 [0.7032689  0.07554562 0.22118549]
 [0.4461749  0.2619087  0.2919164 ]]
probabilities: [[0.40649062 0.00757296 0.5859364 ]
 [0.38376504 0.3263517  0.28988326]
 [0.44437188 0.54189825 0.0137299 ]
 [0.10735072 0.18032345 0.7123258 ]
 [0.18654768 0.15623483 0.6572175 ]]
probabilities: [[1. 0. 0.]
 [1. 0. 0.]
 [1. 0. 0.]
 [1. 0. 0.]
 [1. 0. 0.]]
probabilities: [[0.70887107 0.01082741 0.28030154]
 [0.04460312 0.17439725 0.78099966]
 [0.02897321 0.53257525 0.43845153]
 [0.14329053 0.14417522 0.71253425]
 [0.56644994 0.24151817 0.19203188]]
probabilities: [[0.25492808 0.49215358 0.25291833]
 [0.4984153  0.05394189 0.4476428 ]
 [0.07504358 0.6413041  0.2836523 ]
 [0.5759526  0.12905227 0.29499516]
 [0.6317362  0.25844157 0.10982224]]
probabilities: [[0.0142115  0.30505472 0.68073374]
 [0.8656748  0.04279689 0.0915283 ]
 [0.1409709  0.7179936  0.1410355 ]
 [0.08778732 0.62044436 0.29176834]
 [0.00372862 0.11242446 0.88384694]]
probabilities: [[0. 0. 1.]
 [0. 1. 0.]
 [0. 1. 0.]
 [0. 0. 1.]
 [0. 0. 1.]]
probabilities: [[0.17282158 0.23071401 0.5964644 ]
 [0.52947336 0.3473275  0.12319913]
 [0.31504828 0.3555831  0.32936862]
 [0.32361636 0.5964179  0.07996573]
 [0.07071386 0.3404446  0.58884156]]
probabilities: [[0.27985844 0.05575984 0.66438174]
 [0.35643095 0.1315951  0.5119739 ]
 [0.31993622 0.17770705 0.5023567 ]
 [0.15674174 0.06464643 0.77861184]
 [0.1377856  0.6074016  0.2548128 ]]
probabilities: [[0.35997096 0.30688146 0.3331476 ]
 [0.07602727 0.8065985  0.11737423]
 [0.10935661 0.05025495 0.8403884 ]
 [0.3379217  0.5490818  0.11299648]
 [0.13798131 0.377682   0.48433667]]
probabilities: [[0. 0. 1.]
 [0. 1. 0.]
 [0. 0. 1.]
 [0. 0. 1.]
 [0. 0. 1.]]
probabilities: [[0.52985275 0.33870667 0.13144055]
 [0.34736475 0.07231463 0.58032066]
 [0.04744216 0.24903934 0.7035185 ]
 [0.41730127 0.04882006 0.5338787 ]
 [0.46078682 0.19611835 0.34309483]]
probabilities: [[0.6318232  0.29772487 0.07045196]
 [0.03366296 0.35580245 0.6105346 ]
 [0.6164996  0.27634996 0.10715044]
 [0.14498305 0.5130611  0.34195584]
 [0.03910587 0.18906103 0.7718331 ]]
probabilities: [[0.27014622 0.69823253 0.03162125]
 [0.12154421 0.66262335 0.21583243]
 [0.06509387 0.54699033 0.38791576]
 [0.5214953  0.32301167 0.15549305]
 [0.35016662 0.36503276 0.28480062]]
probabilities: [[0. 0. 1.]
 [0. 1. 0.]
 [0. 0. 1.]
 [0. 0. 1.]
 [0. 0. 1.]]
probabilities: [[0.18258393 0.601597   0.21581906]
 [0.08313984 0.5097331  0.40712708]
 [0.36765122 0.18890545 0.44344333]
 [0.16120702 0.6377366  0.20105638]
 [0.8493741  0.12293938 0.02768652]]
probabilities: [[0.7347241  0.14207253 0.12320337]
 [0.00830439 0.37498966 0.61670595]
 [0.13774583 0.73038036 0.13187385]
 [0.00159564 0.25995418 0.73845017]
 [0.47341698 0.4571967  0.0693863 ]]
probabilities: [[0.41257253 0.18939017 0.39803728]
 [0.22774611 0.46718234 0.30507153]
 [0.3305878  0.51640844 0.15300375]
 [0.4156083  0.4866419  0.09774982]
 [0.66453826 0.1040199  0.23144186]]
probabilities: [[1. 0. 0.]
 [1. 0. 0.]
 [1. 0. 0.]
 [1. 0. 0.]
 [1. 0. 0.]]
probabilities: [[0.2649801  0.5244873  0.21053259]
 [0.839387   0.02417477 0.13643825]
 [0.1639254  0.1980251  0.6380495 ]
 [0.21276645 0.4839457  0.30328783]
 [0.115889   0.32407773 0.56003326]]
probabilities: [[0.4345679  0.41424972 0.15118241]
 [0.8032147  0.1311528  0.06563246]
 [0.62919766 0.2762219  0.09458044]
 [0.52253217 0.13230197 0.34516588]
 [0.78726995 0.09187141 0.12085862]]
probabilities: [[0.32392758 0.42707476 0.24899767]
 [0.5334082  0.08778734 0.37880442]
 [0.1738959  0.14454524 0.68155885]
 [0.05560271 0.19920805 0.74518925]
 [0.4644008  0.16281743 0.37278178]]
probabilities: [[0. 0. 1.]
 [0. 1. 0.]
 [0. 1. 0.]
 [0. 0. 1.]
 [0. 0. 1.]]
probabilities: [[0.9042341  0.04493176 0.05083415]
 [0.29310584 0.15081881 0.55607533]
 [0.11848962 0.7120753  0.16943507]
 [0.16126354 0.15046898 0.68826747]
 [0.8344113  0.08194356 0.08364511]]
probabilities: [[0.75218177 0.16640472 0.08141349]
 [0.51509726 0.06906693 0.41583583]
 [0.27989513 0.15443061 0.56567425]
 [0.842357   0.03841544 0.1192276 ]
 [0.25893655 0.37242958 0.36863387]]
probabilities: [[0.3678478  0.41051042 0.22164178]
 [0.1077832  0.48590714 0.40630966]
 [0.12511948 0.43724644 0.43763408]
 [0.34875187 0.22224666 0.42900145]
 [0.06369688 0.3321828  0.6041203 ]]
probabilities: [[1. 0. 0.]
 [1. 0. 0.]
 [1. 0. 0.]
 [1. 0. 0.]
 [1. 0. 0.]]
probabilities: [[0.11876231 0.05242911 0.8288086 ]
 [0.6922809  0.10106638 0.20665275]
 [0.5560367  0.20354138 0.2404219 ]
 [0.10507134 0.25233638 0.64259225]
 [0.17978045 0.25743803 0.5627815 ]]
probabilities: [[0.33129117 0.35546812 0.3132407 ]
 [0.4053118  0.38577548 0.20891273]
 [0.3594685  0.11425325 0.52627826]
 [0.35742655 0.18929878 0.45327467]
 [0.2430743  0.57452613 0.18239954]]
probabilities: [[0.3166621  0.68148994 0.00184798]
 [0.3242609  0.21844405 0.45729503]
 [0.35895967 0.39705324 0.24398708]
 [0.56136763 0.38876712 0.04986523]
 [0.4674784  0.4649315  0.06759012]]
probabilities: [[0. 1. 0.]
 [0. 1. 0.]
 [0. 1. 0.]
 [0. 1. 0.]
 [0. 1. 0.]]
probabilities: [[0.49958944 0.06608646 0.43432412]
 [0.1670892  0.76695204 0.06595876]
 [0.15527077 0.7930023  0.05172691]
 [0.42703322 0.27085856 0.30210823]
 [0.11179956 0.43082687 0.4573736 ]]
probabilities: [[0.28585118 0.25487778 0.45927104]
 [0.5826342  0.06804177 0.34932402]
 [0.12560615 0.09215346 0.7822404 ]
 [0.0191152  0.9204074  0.06047739]
 [0.5072267  0.1563321  0.3364412 ]]
probabilities: [[0.82091933 0.10955016 0.06953053]
 [0.5259379  0.2619721  0.21208999]
 [0.07104253 0.8220384  0.10691907]
 [0.29615223 0.2528898  0.45095795]
 [0.00357    0.5071863  0.48924372]]
probabilities: [[0. 1. 0.]
 [0. 1. 0.]
 [0. 1. 0.]
 [0. 1. 0.]
 [0. 1. 0.]]
probabilities: [[0.39780366 0.4163838  0.18581252]
 [0.37506938 0.07425709 0.55067354]
 [0.4097871  0.04879683 0.54141605]
 [0.27920568 0.40493205 0.31586227]
 [0.35091063 0.5251672  0.12392212]]
probabilities: [[0.5406681  0.05002455 0.40930736]
 [0.44894984 0.27684614 0.27420402]
 [0.7305702  0.2655366  0.00389322]
 [0.09145098 0.10580063 0.8027484 ]
 [0.4054977  0.4795857  0.1149166 ]]
probabilities: [[0.96129686 0.02504541 0.01365776]
 [0.8304845  0.11492196 0.05459351]
 [0.11158885 0.22755042 0.6608607 ]
 [0.96975434 0.02081923 0.00942643]
 [0.09918948 0.72766703 0.1731435 ]]
probabilities: [[0. 0. 1.]
 [0. 1. 0.]
 [0. 1. 0.]
 [0. 0. 1.]
 [0. 0. 1.]]
probabilities: [[0.1354825  0.4343055  0.43021202]
 [0.60126084 0.05967918 0.33905995]
 [0.16689523 0.6562587  0.17684606]
 [0.50480205 0.16718604 0.32801193]
 [0.4689722  0.13832164 0.39270616]]
probabilities: [[0.18401876 0.351133   0.46484825]
 [0.20254685 0.61150813 0.18594503]
 [0.21507628 0.6179512  0.1669725 ]
 [0.41917706 0.56229895 0.018524  ]
 [0.34259772 0.6040115  0.05339077]]
probabilities: [[0.38513196 0.45838612 0.15648194]
 [0.11531409 0.36742872 0.5172572 ]
 [0.33825326 0.14012249 0.52162427]
 [0.5122643  0.32435232 0.1633834 ]
 [0.56034523 0.27425072 0.16540405]]
probabilities: [[0. 0. 1.]
 [0. 1. 0.]
 [0. 1. 0.]
 [0. 0. 1.]
 [0. 0. 1.]]
probabilities: [[0.22151041 0.39846233 0.38002723]
 [0.08556563 0.6933374  0.221097  ]
 [0.30514932 0.50629556 0.18855514]
 [0.3545068  0.5559312  0.08956202]
 [0.08139618 0.8736004  0.04500337]]
probabilities: [[0.04961311 0.43052036 0.5198665 ]
 [0.5334605  0.01756184 0.44897768]
 [0.02120472 0.5507006  0.42809466]
 [0.17198855 0.3261225  0.501889  ]
 [0.2105568  0.23895358 0.5504896 ]]
probabilities: [[0.43605247 0.30513436 0.25881314]
 [0.31564298 0.2600719  0.42428508]
 [0.5966396  0.08358549 0.31977496]
 [0.7296728  0.102754   0.16757321]
 [0.14369464 0.27571306 0.58059233]]
probabilities: [[1. 0. 0.]
 [1. 0. 0.]
 [1. 0. 0.]
 [1. 0. 0.]
 [1. 0. 0.]]
probabilities: [[0.04239847 0.7301834  0.22741808]
 [0.78773504 0.12910096 0.08316401]
 [0.124682   0.15220316 0.72311485]
 [0.15695433 0.7037727  0.13927297]
 [0.48425445 0.05212089 0.46362466]]
probabilities: [[0.65472627 0.15375143 0.19152232]
 [0.67440635 0.24578562 0.07980803]
 [0.3759941  0.18370086 0.44030505]
 [0.07645824 0.79236794 0.13117385]
 [0.3004796  0.30933222 0.3901882 ]]
probabilities: [[0.5611125  0.2877392  0.15114827]
 [0.81205004 0.03051145 0.15743852]
 [0.09888954 0.05306291 0.84804755]
 [0.28885612 0.31312516 0.39801872]
 [0.07437726 0.10159442 0.8240283 ]]
probabilities: [[0. 0. 1.]
 [0. 1. 0.]
 [0. 0. 1.]
 [0. 0. 1.]
 [0. 0. 1.]]
probabilities: [[0.4766112  0.22747493 0.29591388]
 [0.32434344 0.6245605  0.05109612]
 [0.82276744 0.07863742 0.09859513]
 [0.13095614 0.2011032  0.6679407 ]
 [0.21497236 0.62731916 0.15770848]]
probabilities: [[0.03291297 0.05910233 0.90798473]
 [0.36627695 0.62914693 0.00457609]
 [0.5892877  0.2276418  0.1830705 ]
 [0.19626996 0.15456787 0.6491622 ]
 [0.24644367 0.5216037  0.23195262]]
probabilities: [[5.67743897e-01 2.31171295e-01 2.01084793e-01]
 [4.95799705e-02 4.50733721e-01 4.99686331e-01]
 [9.93445367e-02 5.53060956e-02 8.45349371e-01]
 [1.08085945e-01 2.52997518e-01 6.38916552e-01]
 [9.84290764e-02 9.01258409e-01 3.12508462e-04]]
probabilities: [[0. 1. 0.]
 [0. 1. 0.]
 [0. 1. 0.]
 [0. 1. 0.]
 [0. 1. 0.]]
probabilities: [[0.2787542  0.24040169 0.48084414]
 [0.15012066 0.43184072 0.41803864]
 [0.5160604  0.3565284  0.12741119]
 [0.18827225 0.31526294 0.4964648 ]
 [0.11291929 0.71544546 0.17163527]]
probabilities: [[0.1746919  0.7740736  0.05123447]
 [0.49441156 0.33399418 0.17159428]
 [0.52179563 0.37197772 0.10622665]
 [0.19806263 0.2103224  0.59161496]
 [0.10929935 0.34389707 0.5468036 ]]
probabilities: [[0.5358339  0.3180927  0.1460734 ]
 [0.14123815 0.0673595  0.79140234]
 [0.11972312 0.38622317 0.49405372]
 [0.3666577  0.5883981  0.04494424]
 [0.43718857 0.1791219  0.38368952]]
probabilities: [[1. 0. 0.]
 [1. 0. 0.]
 [1. 0. 0.]
 [1. 0. 0.]
 [1. 0. 0.]]
probabilities: [[0.62476814 0.04736042 0.3278714 ]
 [0.12011316 0.05738283 0.822504  ]
 [0.14668693 0.7632511  0.09006193]
 [0.55300456 0.2856916  0.16130385]
 [0.17198302 0.80352134 0.02449564]]
probabilities: [[0.23892808 0.60922945 0.15184247]
 [0.21931753 0.54016244 0.24052005]
 [0.2317266  0.08054078 0.68773264]
 [0.8203952  0.01411615 0.16548869]
 [0.40172002 0.5548701  0.04340985]]
probabilities: [[0.19778375 0.11439782 0.6878184 ]
 [0.15764189 0.64561146 0.19674666]
 [0.43478447 0.29301217 0.27220336]
 [0.11869916 0.83449537 0.0468055 ]
 [0.01794797 0.60245    0.37960202]]
probabilities: [[0. 0. 1.]
 [0. 1. 0.]
 [0. 1. 0.]
 [0. 0. 1.]
 [0. 0. 1.]]
probabilities: [[0.15522745 0.22630937 0.61846316]
 [0.21015823 0.30598146 0.4838603 ]
 [0.2722601  0.17491822 0.5528217 ]
 [0.28593722 0.6583311  0.05573167]
 [0.19362035 0.62061626 0.18576337]]
probabilities: [[0.80269724 0.13894239 0.05836039]
 [0.27627385 0.46795088 0.25577527]
 [0.49662796 0.1803952  0.32297686]
 [0.63575983 0.3619577  0.00228244]
 [0.61528724 0.14738628 0.23732647]]
probabilities: [[0.05501701 0.28676382 0.65821916]
 [0.50821084 0.185357   0.30643216]
 [0.60117316 0.26649138 0.13233548]
 [0.33328778 0.4810878  0.18562442]
 [0.65083647 0.09597287 0.2531907 ]]
probabilities: [[1. 0. 0.]
 [1. 0. 0.]
 [1. 0. 0.]
 [1. 0. 0.]
 [1. 0. 0.]]
probabilities: [[0.17242138 0.67383283 0.15374577]
 [0.11284392 0.34843516 0.5387209 ]
 [0.20198202 0.6054023  0.1926157 ]
 [0.4820918  0.25781578 0.26009244]
 [0.750078   0.15317437 0.09674761]]
probabilities: [[0.77419597 0.20814444 0.0176596 ]
 [0.6691885  0.05494499 0.2758665 ]
 [0.08901434 0.01087872 0.90010697]
 [0.18841755 0.01310266 0.7984798 ]
 [0.7555526  0.09812469 0.14632273]]
probabilities: [[0.18178315 0.3481276  0.47008923]
 [0.01652317 0.89946157 0.08401529]
 [0.40243986 0.48955247 0.10800766]
 [0.7957715  0.1989439  0.00528461]
 [0.11991977 0.74677014 0.13331011]]
probabilities: [[1. 0. 0.]
 [1. 0. 0.]
 [1. 0. 0.]
 [1. 0. 0.]
 [1. 0. 0.]]
probabilities: [[0.84397644 0.13534863 0.02067492]
 [0.4799942  0.20219204 0.31781372]
 [0.23718415 0.6160921  0.14672379]
 [0.25907737 0.3746932  0.36622941]
 [0.27147716 0.40538728 0.32313555]]
probabilities: [[0.16920899 0.58210355 0.24868746]
 [0.30064029 0.50390744 0.19545226]
 [0.5076922  0.3463567  0.14595108]
 [0.26302233 0.6107177  0.12625997]
 [0.7351863  0.03519551 0.22961819]]
probabilities: [[0.4774291  0.49754658 0.02502431]
 [0.5294972  0.05981224 0.41069055]
 [0.7087898  0.1736818  0.11752836]
 [0.74764675 0.04031397 0.2120393 ]
 [0.26131144 0.52010465 0.21858391]]
probabilities: [[0. 0. 1.]
 [0. 1. 0.]
 [0. 0. 1.]
 [0. 0. 1.]
 [0. 0. 1.]]
probabilities: [[0.37760127 0.30706188 0.31533685]
 [0.28590274 0.10210332 0.61199397]
 [0.51945347 0.15975238 0.32079417]
 [0.17212497 0.6874338  0.14044122]
 [0.09138102 0.79626566 0.11235333]]
probabilities: [[0.13029474 0.25426129 0.61544394]
 [0.45771965 0.38483444 0.1574459 ]
 [0.214454   0.04956385 0.7359821 ]
 [0.41049057 0.0334549  0.55605453]
 [0.15400162 0.20694526 0.6390531 ]]
probabilities: [[0.8155828  0.06971782 0.11469939]
 [0.3600939  0.5975955  0.04231062]
 [0.51876    0.03064583 0.45059416]
 [0.28220505 0.66752064 0.05027429]
 [0.567354   0.29501498 0.13763101]]
probabilities: [[0. 1. 0.]
 [0. 1. 0.]
 [0. 1. 0.]
 [0. 1. 0.]
 [0. 1. 0.]]
probabilities: [[0.01785362 0.7463947  0.23575167]
 [0.03697173 0.33727998 0.6257483 ]
 [0.08214793 0.19098885 0.7268632 ]
 [0.15559493 0.00293102 0.84147406]
 [0.11326776 0.16729961 0.71943265]]
probabilities: [[0.39074638 0.42750922 0.18174441]
 [0.27748957 0.16739632 0.5551141 ]
 [0.33420485 0.55190194 0.11389323]
 [0.16668701 0.5212905  0.31202248]
 [0.0768444  0.56147563 0.36167997]]
probabilities: [[0.41209972 0.09923359 0.48866668]
 [0.00838857 0.06966414 0.9219473 ]
 [0.28292984 0.05697199 0.6600982 ]
 [0.2753871  0.6302324  0.09438051]
 [0.15715355 0.72857857 0.11426788]]
probabilities: [[0. 0. 1.]
 [0. 1. 0.]
 [0. 1. 0.]
 [0. 0. 1.]
 [0. 0. 1.]]
probabilities: [[0.2596787  0.5133419  0.2269794 ]
 [0.7228148  0.07786853 0.19931667]
 [0.05348217 0.3241599  0.62235796]
 [0.28384826 0.30772665 0.40842506]
 [0.74949074 0.11791843 0.13259083]]
probabilities: [[0.39134726 0.01904059 0.5896121 ]
 [0.40258235 0.11680562 0.48061204]
 [0.586862   0.12531866 0.28781933]
 [0.6005872  0.28854534 0.11086748]
 [0.09902576 0.76194936 0.13902491]]
probabilities: [[0.29360235 0.6836645  0.02273316]
 [0.22948293 0.6827943  0.08772278]
 [0.2068137  0.657151   0.13603532]
 [0.15321295 0.70418423 0.14260279]
 [0.33897316 0.19357689 0.46744993]]
probabilities: [[0. 0. 1.]
 [0. 1. 0.]
 [0. 1. 0.]
 [0. 0. 1.]
 [0. 0. 1.]]
probabilities: [[0.02766833 0.9174374  0.05489429]
 [0.02775068 0.36472973 0.60751957]
 [0.6463622  0.04681762 0.3068202 ]
 [0.07125476 0.3945093  0.53423595]
 [0.35499308 0.22802489 0.41698205]]
probabilities: [[0.15394197 0.28444007 0.561618  ]
 [0.57329535 0.03648135 0.39022332]
 [0.670078   0.23479593 0.09512607]
 [0.10011445 0.6617546  0.23813091]
 [0.50033164 0.22445858 0.27520975]]
probabilities: [[0.16633631 0.66828674 0.16537696]
 [0.18064661 0.14970727 0.66964614]
 [0.7017145  0.11839053 0.17989492]
 [0.8106833  0.0779179  0.11139876]
 [0.16191639 0.20624991 0.6318337 ]]
probabilities: [[1. 0. 0.]
 [1. 0. 0.]
 [1. 0. 0.]
 [1. 0. 0.]
 [1. 0. 0.]]
probabilities: [[0.43189272 0.13743013 0.43067715]
 [0.2465541  0.14801264 0.6054333 ]
 [0.3617992  0.39583734 0.24236345]
 [0.3456416  0.2524823  0.4018761 ]
 [0.32729858 0.48899162 0.1837098 ]]
probabilities: [[0.58114105 0.23099647 0.18786244]
 [0.02006598 0.3115427  0.66839135]
 [0.47884557 0.01543053 0.5057239 ]
 [0.23053648 0.5716183  0.19784519]
 [0.6179299  0.04983329 0.33223686]]
probabilities: [[0.3670548  0.4922976  0.14064759]
 [0.04528885 0.7034064  0.25130478]
 [0.8947177  0.04551826 0.05976406]
 [0.27301118 0.42117742 0.3058114 ]
 [0.05636269 0.40998453 0.5336528 ]]
probabilities: [[0. 0. 1.]
 [0. 1. 0.]
 [0. 0. 1.]
 [0. 0. 1.]
 [0. 0. 1.]]
probabilities: [[0.04724826 0.6597159  0.29303584]
 [0.6685674  0.01822346 0.31320912]
 [0.1193519  0.04918492 0.83146316]
 [0.37548232 0.4060798  0.2184379 ]
 [0.03088688 0.60716444 0.36194867]]
probabilities: [[0.2610816  0.63972366 0.09919471]
 [0.3011006  0.17049219 0.5284072 ]
 [0.43271905 0.48987022 0.07741073]
 [0.56471074 0.01292641 0.42236286]
 [0.09370629 0.6265446  0.2797491 ]]
probabilities: [[0.61905724 0.09388065 0.2870621 ]
 [0.2420286  0.30135566 0.45661575]
 [0.22662891 0.07202578 0.7013453 ]
 [0.00286713 0.59383506 0.4032978 ]
 [0.12747145 0.63912135 0.23340721]]
probabilities: [[1. 0. 0.]
 [1. 0. 0.]
 [1. 0. 0.]
 [1. 0. 0.]
 [1. 0. 0.]]
probabilities: [[0.17081612 0.49251467 0.3366692 ]
 [0.0795158  0.6606763  0.2598079 ]
 [0.2863386  0.6750015  0.03865992]
 [0.61827433 0.09235573 0.28936994]
 [0.27870935 0.42526135 0.2960293 ]]
probabilities: [[0.32327646 0.2172451  0.45947844]
 [0.48678753 0.47867936 0.03453311]
 [0.12934956 0.21520874 0.6554417 ]
 [0.64788276 0.21194078 0.14017646]
 [0.51194    0.06747288 0.42058712]]
probabilities: [[0.4765128  0.16573177 0.35775542]
 [0.5744726  0.07823823 0.3472892 ]
 [0.59310293 0.11868211 0.28821498]
 [0.10853357 0.20407115 0.6873953 ]
 [0.47442305 0.1927036  0.33287334]]
probabilities: [[1. 0. 0.]
 [1. 0. 0.]
 [1. 0. 0.]
 [1. 0. 0.]
 [1. 0. 0.]]
probabilities: [[0.54174995 0.3342229  0.12402713]
 [0.06400238 0.7394204  0.1965772 ]
 [0.5308554  0.00186238 0.46728218]
 [0.23039255 0.25157785 0.5180296 ]
 [0.44848377 0.02766931 0.5238469 ]]
probabilities: [[0.6400273  0.11919867 0.24077402]
 [0.3767306  0.3752328  0.24803661]
 [0.70797163 0.03736509 0.25466326]
 [0.49050248 0.4886962  0.02080133]
 [0.00899881 0.14008069 0.8509205 ]]
probabilities: [[0.00115075 0.2877875  0.7110618 ]
 [0.1623698  0.13649163 0.70113856]
 [0.47343484 0.23785055 0.28871462]
 [0.0976551  0.06947771 0.8328672 ]
 [0.39901397 0.4617754  0.13921063]]
probabilities: [[0. 1. 0.]
 [0. 1. 0.]
 [0. 1. 0.]
 [0. 1. 0.]
 [0. 1. 0.]]
probabilities: [[0.6139669  0.34911585 0.03691728]
 [0.08745378 0.2986101  0.6139361 ]
 [0.37216455 0.05128967 0.5765458 ]
 [0.42659968 0.3214287  0.25197163]
 [0.54713905 0.05147506 0.4013859 ]]
probabilities: [[0.33084044 0.5561408  0.11301878]
 [0.27124873 0.10588198 0.6228693 ]
 [0.10361235 0.00835624 0.8880314 ]
 [0.05679534 0.50891405 0.4342906 ]
 [0.3506729  0.591873   0.0574541 ]]
probabilities: [[0.16998683 0.71275    0.11726312]
 [0.88422495 0.11420956 0.00156547]
 [0.32593358 0.37732053 0.2967459 ]
 [0.09368166 0.02601571 0.8803026 ]
 [0.0225031  0.5522384  0.4252585 ]]
probabilities: [[0. 1. 0.]
 [0. 1. 0.]
 [0. 1. 0.]
 [0. 1. 0.]
 [0. 1. 0.]]
probabilities: [[0.17749186 0.5510386  0.27146953]
 [0.41298813 0.11979187 0.46722   ]
 [0.0460536  0.428941   0.5250054 ]
 [0.29582053 0.4747539  0.2294256 ]
 [0.4458433  0.11276389 0.44139278]]
probabilities: [[0.39062235 0.36564496 0.24373269]
 [0.2213574  0.777453   0.00118956]
 [0.15648076 0.09577749 0.74774176]
 [0.6550101  0.16821174 0.17677812]
 [0.86177295 0.04255611 0.09567092]]
probabilities: [[0.10481748 0.17940487 0.71577764]
 [0.1961833  0.19747616 0.6063405 ]
 [0.42206576 0.38349986 0.19443439]
 [0.4268692  0.45563358 0.11749721]
 [0.11292287 0.7976198  0.08945729]]
probabilities: [[0. 0. 1.]
 [0. 1. 0.]
 [0. 0. 1.]
 [0. 0. 1.]
 [0. 0. 1.]]
probabilities: [[0.22221816 0.18041149 0.5973704 ]
 [0.05208781 0.48374847 0.46416372]
 [0.12604776 0.7714322  0.10252001]
 [0.40213862 0.23421003 0.36365134]
 [0.38403076 0.20741142 0.4085578 ]]
probabilities: [[0.30067274 0.40546814 0.29385912]
 [0.5093007  0.4267059  0.06399337]
 [0.11881012 0.3929427  0.48824716]
 [0.24705465 0.5299246  0.22302079]
 [0.16114916 0.6196647  0.21918613]]
probabilities: [[0.446982   0.12081555 0.43220246]
 [0.40687144 0.55820405 0.03492448]
 [0.64997995 0.33562076 0.01439928]
 [0.3641962  0.12988828 0.5059155 ]
 [0.82493234 0.03880617 0.13626151]]
probabilities: [[0. 0. 1.]
 [0. 1. 0.]
 [0. 1. 0.]
 [0. 0. 1.]
 [0. 0. 1.]]
probabilities: [[0.19188817 0.7427565  0.06535535]
 [0.38586506 0.32793477 0.28620017]
 [0.500191   0.24729644 0.2525126 ]
 [0.5963624  0.21578583 0.18785177]
 [0.31146416 0.6207342  0.06780161]]
probabilities: [[0.00418755 0.29949427 0.6963182 ]
 [0.54708093 0.37753558 0.07538345]
 [0.15914732 0.21533433 0.6255183 ]
 [0.05535406 0.5761968  0.36844915]
 [0.08134532 0.10501312 0.81364155]]
probabilities: [[0.13801454 0.21707447 0.644911  ]
 [0.10580364 0.1074906  0.7867058 ]
 [0.79599655 0.03047087 0.17353258]
 [0.29218358 0.28085342 0.426963  ]
 [0.01742815 0.8677014  0.11487044]]
probabilities: [[1. 0. 0.]
 [1. 0. 0.]
 [1. 0. 0.]
 [1. 0. 0.]
 [1. 0. 0.]]
probabilities: [[0.612025   0.13862278 0.24935222]
 [0.19128843 0.7393924  0.06931917]
 [0.15825742 0.6909502  0.15079238]
 [0.53764373 0.43490097 0.0274553 ]
 [0.20647396 0.6544112  0.13911481]]
probabilities: [[0.30942813 0.4170092  0.27356267]
 [0.32069555 0.6103591  0.0689454 ]
 [0.4036096  0.51710665 0.07928374]
 [0.6563227  0.06831386 0.27536342]
 [0.04519093 0.4774478  0.47736126]]
probabilities: [[0.2679742  0.54418814 0.18783765]
 [0.7997701  0.08233072 0.11789913]
 [0.3107857  0.17659508 0.5126192 ]
 [0.7516544  0.23610488 0.01224072]
 [0.16645612 0.5926287  0.24091518]]
probabilities: [[0. 1. 0.]
 [0. 1. 0.]
 [0. 1. 0.]
 [0. 1. 0.]
 [0. 1. 0.]]
probabilities: [[0.13578081 0.08157807 0.7826411 ]
 [0.4652006  0.0992095  0.4355899 ]
 [0.82207185 0.14700317 0.03092498]
 [0.09844884 0.54578346 0.35576773]
 [0.17244816 0.12270629 0.70484555]]
probabilities: [[0.2666641  0.40587536 0.32746056]
 [0.90760857 0.01965786 0.0727336 ]
 [0.02715856 0.21338546 0.759456  ]
 [0.07813204 0.91438204 0.00748592]
 [0.3852447  0.4165118  0.1982435 ]]
probabilities: [[0.28808805 0.44760248 0.26430947]
 [0.03283053 0.23700047 0.730169  ]
 [0.14759664 0.21984667 0.6325567 ]
 [0.17031032 0.5252215  0.30446813]
 [0.32732925 0.22431278 0.44835797]]
probabilities: [[0. 0. 1.]
 [0. 1. 0.]
 [0. 0. 1.]
 [0. 0. 1.]
 [0. 0. 1.]]
probabilities: [[0.07438383 0.7326919  0.19292428]
 [0.24407928 0.30530214 0.45061857]
 [0.07231887 0.5116585  0.41602266]
 [0.35336345 0.23019516 0.41644138]
 [0.23554765 0.659728   0.10472438]]
probabilities: [[0.6873683  0.05240351 0.26022822]
 [0.49151546 0.49803507 0.01044948]
 [0.2733147  0.69851136 0.02817396]
 [0.21515034 0.28207272 0.5027769 ]
 [0.5884995  0.30978397 0.10171653]]
probabilities: [[0.31783348 0.08004338 0.60212314]
 [0.42147875 0.409372   0.16914926]
 [0.14909783 0.4361992  0.41470298]
 [0.3232871  0.3297959  0.346917  ]
 [0.08135967 0.7655591  0.15308125]]
probabilities: [[0. 0. 1.]
 [0. 1. 0.]
 [0. 0. 1.]
 [0. 0. 1.]
 [0. 0. 1.]]
probabilities: [[0.27309668 0.36235014 0.36455318]
 [0.30874395 0.58163667 0.10961939]
 [0.02384378 0.17836487 0.79779136]
 [0.59805584 0.33610356 0.06584062]
 [0.30295435 0.5188445  0.17820118]]
probabilities: [[0.3342048  0.21500313 0.45079204]
 [0.5798118  0.3550199  0.06516828]
 [0.3159912  0.40510955 0.27889925]
 [0.31020752 0.30643237 0.3833601 ]
 [0.0107887  0.9389161  0.05029522]]
probabilities: [[0.26066428 0.66785073 0.07148497]
 [0.29179966 0.33583596 0.37236437]
 [0.01620789 0.15114874 0.8326434 ]
 [0.24985203 0.34850186 0.4016461 ]
 [0.13206504 0.48979977 0.3781352 ]]
probabilities: [[0. 1. 0.]
 [0. 1. 0.]
 [0. 1. 0.]
 [0. 1. 0.]
 [0. 1. 0.]]
probabilities: [[0.25798777 0.05534877 0.68666345]
 [0.12244351 0.48507598 0.3924805 ]
 [0.27059296 0.22499864 0.5044084 ]
 [0.4463974  0.3905037  0.1630989 ]
 [0.2877208  0.24434957 0.46792963]]
probabilities: [[0.3879482  0.07955015 0.5325017 ]
 [0.6571869  0.12139721 0.22141588]
 [0.283508   0.22345148 0.4930405 ]
 [0.7311948  0.14345676 0.12534843]
 [0.20624831 0.21969248 0.5740592 ]]
probabilities: [[0.52279466 0.18614715 0.2910582 ]
 [0.37750712 0.10108383 0.52140903]
 [0.43112382 0.25129098 0.31758523]
 [0.29949033 0.04058468 0.659925  ]
 [0.46711707 0.42818063 0.10470229]]
probabilities: [[0. 1. 0.]
 [0. 1. 0.]
 [0. 1. 0.]
 [0. 1. 0.]
 [0. 1. 0.]]
probabilities: [[0.02115026 0.21880919 0.7600405 ]
 [0.12229662 0.4199721  0.4577313 ]
 [0.71238995 0.113518   0.17409202]
 [0.06453474 0.58907896 0.3463863 ]
 [0.337439   0.43426272 0.22829828]]
probabilities: [[0.22488269 0.37789097 0.39722633]
 [0.12498747 0.4850559  0.38995665]
 [0.2394253  0.12908122 0.6314935 ]
 [0.2869518  0.05432845 0.6587197 ]
 [0.3118173  0.5947837  0.093399  ]]
probabilities: [[0.17389247 0.04356887 0.78253865]
 [0.2015826  0.09043791 0.7079795 ]
 [0.3829519  0.40700588 0.21004222]
 [0.13800804 0.18228137 0.67971057]
