probabilities: [[0. 0. 1.]
 [0. 1. 0.]
 [0. 0. 1.]
 [0. 0. 1.]
 [0. 0. 1.]]
probabilities: [[0.5622844  0.27974468 0.1579709 ]
 [0.79263383 0.18028791 0.02707828]
 [0.24707058 0.49884424 0.25408515]
 [0.38309124 0.50574046 0.11116832]
 [0.1530194  0.46938357 0.37759703]]
probabilities: [[0.6589459  0.10551184 0.23554227]
 [0.5933049  0.32093614 0.08575901]
 [0.01316944 0.30581334 0.6810172 ]
 [0.49056685 0.49378365 0.0156495 ]
 [0.35713646 0.5474534  0.09541011]]
probabilities: [[0.17448278 0.81956065 0.00595655]
 [0.37083396 0.13195811 0.4972079 ]
 [0.26702067 0.05992333 0.673056  ]
 [0.31408337 0.22031514 0.4656015 ]
 [0.60943097 0.1870127  0.20355634]]
probabilities: [[0.5643902  0.35488358 0.08072621]
 [0.45245522 0.21939535 0.32814944]
 [0.06674835 0.3893141  0.54393756]
 [0.00858288 0.33327472 0.6581424 ]
 [0.1537474  0.26777855 0.57847404]]
probabilities: [[0.7233978  0.03213529 0.24446692]
 [0.82839775 0.03859704 0.1330052 ]
 [0.11049996 0.67002577 0.2194743 ]
 [0.72635096 0.05302631 0.22062273]
 [0.18897286 0.54409635 0.2669308 ]]
probabilities: [[0. 1. 0.]
 [0. 1. 0.]
 [0. 1. 0.]
 [0. 1. 0.]
 [0. 1. 0.]]
probabilities: [[0.7886187  0.12245055 0.08893078]
 [0.18852508 0.3620624  0.44941255]
 [0.6698159  0.01009831 0.3200858 ]
 [0.82617766 0.05415599 0.11966637]
 [0.60496235 0.03118844 0.36384922]]
probabilities: [[0.03650936 0.38514948 0.5783411 ]
 [0.40872225 0.18994777 0.40132996]
 [0.17258714 0.59345746 0.23395538]
 [0.9143156  0.06334439 0.02234003]
 [0.2279551  0.49399322 0.27805167]]
probabilities: [[0.00296859 0.63712114 0.35991025]
 [0.02394153 0.5643859  0.41167256]
 [0.4982306  0.15170461 0.35006478]
 [0.40251628 0.37471622 0.22276749]
 [0.5823706  0.08303694 0.3345925 ]]
probabilities: [[0.6049788  0.08930907 0.30571216]
 [0.01036998 0.5354426  0.45418742]
 [0.4618523  0.3894684  0.14867929]
 [0.46776703 0.16684194 0.36539105]
 [0.32849088 0.27704242 0.3944667 ]]
probabilities: [[0.31105137 0.37530273 0.3136459 ]
 [0.2918355  0.29069012 0.4174744 ]
 [0.57089174 0.00402586 0.4250824 ]
 [0.63892263 0.10586361 0.25521377]
 [0.07871235 0.06458945 0.8566982 ]]
probabilities: [[0. 0. 1.]
 [0. 1. 0.]
 [0. 0. 1.]
 [0. 0. 1.]
 [0. 0. 1.]]
probabilities: [[0.29517055 0.5688691  0.13596037]
 [0.54833525 0.04592277 0.405742  ]
 [0.46507698 0.3183017  0.2166213 ]
 [0.15711695 0.81872594 0.0241571 ]
 [0.27693996 0.3887992  0.33426082]]
probabilities: [[0.44052127 0.00754143 0.5519373 ]
 [0.19881642 0.37037483 0.43080875]
 [0.26550698 0.4428976  0.29159543]
 [0.5985689  0.01154663 0.38988444]
 [0.02832648 0.71774894 0.25392455]]
probabilities: [[0.23886678 0.40286985 0.35826337]
 [0.09358577 0.11163451 0.7947797 ]
 [0.23086023 0.74230283 0.02683694]
 [0.14946514 0.432395   0.41813985]
 [0.21444514 0.01590522 0.7696496 ]]
probabilities: [[0.23520999 0.72787124 0.03691877]
 [0.7409041  0.10903006 0.15006582]
 [0.6612997  0.01017513 0.32852516]
 [0.71980697 0.01860451 0.26158854]
 [0.04550243 0.87759334 0.07690426]]
probabilities: [[0.15953487 0.313801   0.52666414]
 [0.03822268 0.7097576  0.25201967]
 [0.4529713  0.19573781 0.35129088]
 [0.62261933 0.02961805 0.3477626 ]
 [0.49307236 0.06459069 0.44233695]]
probabilities: [[0. 1. 0.]
 [0. 1. 0.]
 [0. 1. 0.]
 [0. 1. 0.]
 [0. 1. 0.]]
probabilities: [[0.01129063 0.25145108 0.7372583 ]
 [0.23094414 0.65607125 0.11298461]
 [0.5616265  0.07420703 0.36416647]
 [0.3160916  0.00828733 0.6756211 ]
 [0.18764885 0.25269455 0.5596566 ]]
probabilities: [[0.35785434 0.05708707 0.58505857]
 [0.3158116  0.4154341  0.2687543 ]
 [0.3434783  0.1771103  0.47941142]
 [0.6522009  0.17336312 0.17443602]
 [0.09401981 0.6731397  0.23284051]]
probabilities: [[0.69369096 0.10849229 0.19781674]
 [0.28065547 0.1712441  0.5481004 ]
 [0.07196373 0.17036809 0.7576682 ]
 [0.24626996 0.36787346 0.38585657]
 [0.02117019 0.9479968  0.03083303]]
probabilities: [[0.01738313 0.30180934 0.68080753]
 [0.24826106 0.4238493  0.32788962]
 [0.33354512 0.36447415 0.30198073]
 [0.08165715 0.54603744 0.37230542]
 [0.04427492 0.54402596 0.4116991 ]]
probabilities: [[0.16934983 0.79706335 0.03358679]
 [0.24899603 0.6914008  0.05960312]
 [0.3594859  0.3577536  0.2827605 ]
 [0.1260982  0.59620404 0.27769777]
 [0.2865711  0.69674855 0.01668038]]
probabilities: [[1. 0. 0.]
 [1. 0. 0.]
 [1. 0. 0.]
 [1. 0. 0.]
 [1. 0. 0.]]
probabilities: [[0.0901759  0.81144094 0.09838313]
 [0.13483019 0.67105925 0.19411056]
 [0.63557047 0.2496344  0.11479516]
 [0.53533924 0.2789644  0.18569638]
 [0.09035827 0.12979598 0.7798457 ]]
probabilities: [[0.22837754 0.3989907  0.3726318 ]
 [0.14222617 0.44244963 0.4153242 ]
 [0.27345064 0.05937324 0.6671761 ]
 [0.11229214 0.1672448  0.72046304]
 [0.0247089  0.492444   0.4828471 ]]
probabilities: [[0.20357165 0.16445057 0.6319778 ]
 [0.5287994  0.40519288 0.06600773]
 [0.79067594 0.19073889 0.01858515]
 [0.26666346 0.23942529 0.49391127]
 [0.1673244  0.05735995 0.77531564]]
probabilities: [[0.32244945 0.60657877 0.07097182]
 [0.2506997  0.6585982  0.09070209]
 [0.7478305  0.14485873 0.10731075]
 [0.5669147  0.2943673  0.13871804]
 [0.09275158 0.22566313 0.6815853 ]]
probabilities: [[0.026204   0.1919408  0.7818552 ]
 [0.2986518  0.3731     0.32824817]
 [0.05484836 0.62525356 0.31989807]
 [0.66746676 0.33160755 0.00092569]
 [0.13688914 0.75552374 0.1075871 ]]
probabilities: [[1. 0. 0.]
 [1. 0. 0.]
 [1. 0. 0.]
 [1. 0. 0.]
 [1. 0. 0.]]
probabilities: [[0.9173686  0.06665205 0.01597939]
 [0.43600535 0.17766741 0.38632724]
 [0.00177719 0.09131797 0.9069048 ]
 [0.13784023 0.24838349 0.61377627]
 [0.22593792 0.25037244 0.5236896 ]]
probabilities: [[0.4316241  0.01702584 0.55135006]
 [0.15725009 0.6371022  0.20564774]
 [0.5915474  0.2862545  0.12219805]
 [0.5738324  0.10018433 0.3259833 ]
 [0.09931651 0.40489107 0.49579245]]
probabilities: [[0.49183047 0.11611193 0.39205763]
 [0.03179345 0.19823898 0.76996756]
 [0.42596233 0.42036045 0.15367721]
 [0.2820125  0.2902068  0.42778072]
 [0.28836775 0.0954222  0.61621004]]
probabilities: [[0.0479521  0.20561588 0.746432  ]
 [0.84889996 0.14029239 0.01080764]
 [0.2613902  0.08190799 0.6567018 ]
 [0.89010054 0.02277134 0.0871281 ]
 [0.1980568  0.72357434 0.07836884]]
probabilities: [[0.51562464 0.11348072 0.37089464]
 [0.12814692 0.5173367  0.35451636]
 [0.00103416 0.9307758  0.06819   ]
 [0.4357045  0.30097178 0.26332372]
 [0.24817696 0.34032485 0.4114982 ]]
probabilities: [[0. 1. 0.]
 [0. 1. 0.]
 [0. 1. 0.]
 [0. 1. 0.]
 [0. 1. 0.]]
probabilities: [[0.38078386 0.56026614 0.05895   ]
 [0.27705163 0.61780655 0.1051418 ]
 [0.28189227 0.07890084 0.6392069 ]
 [0.5522984  0.3698907  0.07781088]
 [0.11826738 0.08733691 0.7943957 ]]
probabilities: [[0.06810811 0.5012391  0.43065274]
 [0.06307889 0.19516885 0.74175227]
 [0.29138038 0.57633567 0.13228393]
 [0.80414414 0.07366728 0.12218858]
 [0.7209145  0.21273327 0.06635223]]
probabilities: [[0.39846495 0.32028243 0.28125262]
 [0.40728924 0.15629509 0.43641567]
 [0.48692873 0.33369648 0.17937475]
 [0.381157   0.10902081 0.5098222 ]
 [0.4660924  0.20137142 0.3325362 ]]
probabilities: [[0.68838644 0.2737384  0.03787515]
 [0.06819895 0.88626003 0.04554103]
 [0.05629199 0.9019179  0.04179013]
 [0.13357322 0.61906964 0.24735714]
 [0.21096362 0.11506208 0.6739743 ]]
probabilities: [[0.55777067 0.18563618 0.25659317]
 [0.44815874 0.5501585  0.00168276]
 [0.04821997 0.35212904 0.599651  ]
 [0.6896269  0.30028567 0.01008744]
 [0.41293123 0.29935783 0.28771093]]
probabilities: [[0. 0. 1.]
 [0. 1. 0.]
 [0. 1. 0.]
 [0. 0. 1.]
 [0. 0. 1.]]
probabilities: [[0.20865457 0.7726839  0.0186615 ]
 [0.15439378 0.8381799  0.00742635]
 [0.6727732  0.1451466  0.18208022]
 [0.6663162  0.14346123 0.19022258]
 [0.2405131  0.4484679  0.31101897]]
probabilities: [[0.06379504 0.8743172  0.06188774]
 [0.65775585 0.1558825  0.18636167]
 [0.14906889 0.5347286  0.31620255]
 [0.10818518 0.5621548  0.32966   ]
 [0.5296472  0.05534141 0.41501144]]
probabilities: [[0.26834276 0.48800847 0.24364878]
 [0.60689324 0.14540857 0.24769819]
 [0.8246803  0.12065815 0.05466154]
 [0.7973683  0.07961696 0.12301476]
 [0.07177363 0.79563594 0.13259041]]
probabilities: [[6.6611177e-01 4.7681760e-04 3.3341143e-01]
 [7.5733967e-02 1.5372588e-01 7.7054018e-01]
 [7.6252210e-01 2.8564790e-02 2.0891310e-01]
 [3.0501291e-01 3.0850443e-01 3.8648266e-01]
 [8.9476451e-02 3.8913274e-01 5.2139080e-01]]
probabilities: [[0.30504444 0.5727991  0.12215649]
 [0.7665293  0.08612848 0.1473422 ]
 [0.11586039 0.73231626 0.15182336]
 [0.56316626 0.18494195 0.2518918 ]
 [0.3763566  0.36331525 0.26032814]]
probabilities: [[0. 0. 1.]
 [0. 1. 0.]
 [0. 0. 1.]
 [0. 0. 1.]
 [0. 0. 1.]]
probabilities: [[0.11074891 0.12200504 0.76724607]
 [0.13598461 0.1234569  0.74055845]
 [0.6871171  0.07273196 0.24015094]
 [0.73867244 0.16718854 0.09413904]
 [0.0455496  0.3913667  0.5630837 ]]
probabilities: [[0.30426985 0.21094161 0.48478854]
 [0.18726014 0.4606429  0.35209697]
 [0.57860243 0.33662474 0.0847728 ]
 [0.10030392 0.6960096  0.20368654]
 [0.20892605 0.3653684  0.42570555]]
probabilities: [[0.12211461 0.56172264 0.31616274]
 [0.6934285  0.04804524 0.25852624]
 [0.15522017 0.6277356  0.2170442 ]
 [0.37718642 0.00517171 0.61764187]
 [0.205194   0.3719231  0.4228829 ]]
probabilities: [[2.7959013e-01 2.1629518e-01 5.0411469e-01]
 [1.1247559e-01 8.8706052e-01 4.6388386e-04]
 [4.6695763e-01 1.7907950e-01 3.5396287e-01]
 [6.4466310e-01 1.9354457e-02 3.3598247e-01]
 [5.9970140e-02 6.3705397e-01 3.0297592e-01]]
probabilities: [[0.18216445 0.35591093 0.46192464]
 [0.740707   0.08639697 0.17289606]
 [0.73854256 0.08069704 0.18076038]
 [0.3657419  0.60536534 0.02889277]
 [0.04287518 0.12867233 0.82845247]]
probabilities: [[1. 0. 0.]
 [1. 0. 0.]
 [1. 0. 0.]
 [1. 0. 0.]
 [1. 0. 0.]]
probabilities: [[0.27391225 0.24732874 0.478759  ]
 [0.11116111 0.61969054 0.26914835]
 [0.14126493 0.60288495 0.25585014]
 [0.72673845 0.13856982 0.13469176]
 [0.8048701  0.04367526 0.15145464]]
probabilities: [[0.43253437 0.10032196 0.46714365]
 [0.19967398 0.7242183  0.0761077 ]
 [0.17245719 0.78263694 0.04490588]
 [0.1820412  0.60424685 0.21371196]
 [0.46009207 0.22059152 0.31931642]]
probabilities: [[0.37125552 0.26741865 0.36132583]
 [0.72128    0.08337311 0.19534689]
 [0.04758619 0.26949972 0.6829141 ]
 [0.17639586 0.17166464 0.6519395 ]
 [0.74011695 0.19579454 0.06408852]]
probabilities: [[0.27148727 0.581998   0.14651473]
 [0.2396006  0.71492016 0.04547924]
 [0.06847285 0.7475776  0.18394956]
 [0.48334366 0.09050723 0.4261491 ]
 [0.10098266 0.34682167 0.55219567]]
probabilities: [[0.03881619 0.16202484 0.799159  ]
 [0.10134199 0.5069576  0.39170042]
 [0.69009954 0.1900592  0.11984126]
 [0.23831125 0.32132283 0.4403659 ]
 [0.31858915 0.22243734 0.45897353]]
probabilities: [[0. 0. 1.]
 [0. 1. 0.]
 [0. 0. 1.]
 [0. 0. 1.]
 [0. 0. 1.]]
probabilities: [[0.68226457 0.24250786 0.07522759]
 [0.03939771 0.8688152  0.09178713]
 [0.23579049 0.4397686  0.32444087]
 [0.1317512  0.19304703 0.6752018 ]
 [0.6351112  0.18342401 0.18146479]]
probabilities: [[0.37910196 0.16477934 0.4561187 ]
 [0.18233322 0.19901933 0.61864746]
 [0.27891076 0.27686957 0.4442197 ]
 [0.39452076 0.29427272 0.31120652]
 [0.3887253  0.43443328 0.17684142]]
probabilities: [[0.23777702 0.5185474  0.24367556]
 [0.60893524 0.12803832 0.26302648]
 [0.43349722 0.00626939 0.5602334 ]
 [0.05752286 0.31911618 0.623361  ]
 [0.28866714 0.1936172  0.51771563]]
probabilities: [[0.29318523 0.14133511 0.56547964]
 [0.53695685 0.11430027 0.34874287]
 [0.15796508 0.3110258  0.53100914]
 [0.01181845 0.3871467  0.6010348 ]
 [0.1269347  0.8664484  0.00661692]]
probabilities: [[0.35147583 0.02103581 0.6274883 ]
 [0.61240387 0.17957589 0.20802023]
 [0.5169521  0.14170818 0.34133974]
 [0.20065482 0.40654477 0.39280042]
 [0.31643233 0.20289263 0.48067504]]
probabilities: [[0. 0. 1.]
 [0. 1. 0.]
 [0. 1. 0.]
 [0. 0. 1.]
 [0. 0. 1.]]
probabilities: [[0.10770742 0.19398455 0.69830805]
 [0.82993734 0.05232275 0.11773993]
 [0.16556522 0.41577986 0.41865492]
 [0.4758026  0.43700725 0.08719016]
 [0.19753267 0.17959957 0.62286776]]
probabilities: [[0.2335508  0.23332816 0.53312105]
 [0.34652176 0.54494286 0.10853538]
 [0.07230528 0.8104953  0.11719939]
 [0.1334038  0.28597188 0.58062434]
 [0.57909197 0.15862328 0.2622848 ]]
probabilities: [[0.0985953  0.6172084  0.2841963 ]
 [0.02407435 0.19600217 0.7799235 ]
 [0.88470066 0.02331021 0.09198915]
 [0.23746747 0.1733133  0.5892192 ]
 [0.25052106 0.452788   0.29669094]]
probabilities: [[0.08720474 0.10316481 0.80963045]
 [0.0449376  0.40892768 0.5461347 ]
 [0.17823221 0.38146135 0.44030643]
 [0.53953534 0.10642791 0.35403675]
 [0.41921914 0.27270973 0.30807114]]
probabilities: [[0.16683029 0.6632065  0.16996321]
 [0.13207106 0.11684597 0.75108296]
 [0.13224414 0.2179312  0.6498247 ]
 [0.129151   0.0784566  0.7923924 ]
 [0.62802595 0.20282601 0.16914807]]
probabilities: [[1. 0. 0.]
 [1. 0. 0.]
 [1. 0. 0.]
 [1. 0. 0.]
 [1. 0. 0.]]
probabilities: [[0.02854805 0.4455951  0.52585685]
 [0.177072   0.14939255 0.67353547]
 [0.28966072 0.15340908 0.5569302 ]
 [0.08255256 0.5573474  0.36010003]
 [0.7132544  0.27090913 0.01583648]]
probabilities: [[0.38354352 0.60567296 0.01078351]
 [0.02305702 0.22828569 0.7486573 ]
 [0.09663226 0.7673161  0.13605164]
 [0.42194378 0.10931    0.46874622]
 [0.01371132 0.8875061  0.09878258]]
probabilities: [[0.11777669 0.2897128  0.5925105 ]
 [0.14475171 0.12771189 0.7275364 ]
 [0.4085099  0.09200064 0.49948946]
 [0.00415406 0.8088112  0.18703477]
 [0.6530129  0.0962677  0.25071943]]
probabilities: [[0.7646577  0.19936451 0.03597783]
 [0.02524518 0.24362214 0.7311327 ]
 [0.08600436 0.08788832 0.8261073 ]
 [0.29954576 0.60224736 0.09820686]
 [0.23468976 0.54922605 0.21608418]]
probabilities: [[0.50001514 0.48402667 0.01595817]
 [0.18380214 0.34648788 0.46971   ]
 [0.5562506  0.23588654 0.20786287]
 [0.3812358  0.4623976  0.1563666 ]
 [0.7917013  0.1529084  0.05539025]]
probabilities: [[1. 0. 0.]
 [1. 0. 0.]
 [1. 0. 0.]
 [1. 0. 0.]
 [1. 0. 0.]]
probabilities: [[4.3532041e-01 8.5481726e-02 4.7919786e-01]
 [9.2911415e-02 7.6236433e-01 1.4472428e-01]
 [5.6052858e-01 2.2518797e-01 2.1428344e-01]
 [1.6503997e-01 1.5790375e-01 6.7705631e-01]
 [5.7849812e-04 5.1619995e-01 4.8322156e-01]]
probabilities: [[0.20602144 0.3992105  0.39476803]
 [0.35153767 0.56422853 0.08423378]
 [0.08085559 0.10329328 0.81585115]
 [0.12121011 0.8358421  0.04294783]
 [0.55800694 0.03372856 0.4082645 ]]
probabilities: [[0.14345701 0.23532899 0.621214  ]
 [0.1672141  0.39980438 0.43298152]
 [0.2766981  0.5726235  0.15067837]
 [0.43834677 0.29694715 0.2647061 ]
 [0.04341991 0.26812813 0.68845195]]
probabilities: [[0.11194903 0.4288433  0.45920768]
 [0.49431282 0.5014139  0.00427331]
 [0.29666576 0.31889212 0.38444212]
 [0.0083105  0.42649454 0.56519496]
 [0.14288011 0.3660077  0.4911122 ]]
probabilities: [[0.3395247  0.2470212  0.41345412]
 [0.03533399 0.6873273  0.2773387 ]
 [0.56132823 0.22217712 0.21649462]
 [0.02469208 0.6315721  0.34373578]
 [0.16610129 0.77011675 0.06378198]]
probabilities: [[0. 0. 1.]
 [0. 1. 0.]
 [0. 1. 0.]
 [0. 0. 1.]
 [0. 0. 1.]]
probabilities: [[0.14894128 0.65563613 0.19542259]
 [0.84476024 0.01598578 0.13925399]
 [0.0062593  0.6626754  0.3310653 ]
 [0.6595813  0.11400169 0.22641702]
 [0.17051353 0.19582799 0.63365847]]
probabilities: [[0.26863408 0.3913216  0.34004432]
 [0.47382197 0.30725008 0.21892793]
 [0.84896564 0.08271247 0.06832191]
 [0.13948773 0.4804838  0.3800285 ]
 [0.22233965 0.12495628 0.65270406]]
probabilities: [[0.42945504 0.19615346 0.3743915 ]
 [0.7554126  0.15412512 0.09046227]
 [0.08441338 0.13703103 0.7785556 ]
 [0.3595755  0.14626606 0.49415842]
 [0.13049662 0.4251194  0.44438398]]
probabilities: [[0.38007194 0.5184815  0.10144658]
 [0.147761   0.842964   0.00927497]
 [0.19095641 0.3446232  0.46442035]
 [0.23088525 0.21589759 0.5532172 ]
 [0.7535047  0.00804533 0.23844999]]
probabilities: [[0.50064385 0.13511771 0.36423847]
 [0.40638494 0.13370854 0.4599065 ]
 [0.30050257 0.06465822 0.63483924]
 [0.09321304 0.12851277 0.7782742 ]
 [0.30068287 0.5083644  0.19095272]]
probabilities: [[0. 1. 0.]
 [0. 1. 0.]
 [0. 1. 0.]
 [0. 1. 0.]
 [0. 1. 0.]]
probabilities: [[0.25334272 0.6969963  0.04966102]
 [0.65989125 0.06815055 0.2719582 ]
 [0.04783801 0.5018513  0.45031068]
 [0.48643863 0.20745333 0.30610803]
 [0.21458633 0.37866387 0.40674978]]
probabilities: [[0.07853908 0.791403   0.13005792]
 [0.06237625 0.67119455 0.26642922]
 [0.05333546 0.41932055 0.527344  ]
 [0.7189146  0.13070907 0.15037632]
 [0.20154922 0.08509918 0.7133516 ]]
probabilities: [[0.31267807 0.20069636 0.48662555]
 [0.38226858 0.13077873 0.4869527 ]
 [0.04804016 0.48812053 0.46383932]
 [0.24128892 0.26072812 0.49798295]
 [0.2975325  0.42296687 0.27950063]]
probabilities: [[0.63157016 0.17900354 0.18942633]
 [0.8199659  0.15995668 0.02007741]
 [0.3997073  0.17163938 0.42865333]
 [0.18665947 0.7702828  0.04305776]
 [0.12806462 0.76849544 0.10343991]]
probabilities: [[0.5328948  0.11112299 0.3559822 ]
 [0.7303577  0.02686111 0.24278115]
 [0.48969072 0.1593634  0.3509459 ]
 [0.3065037  0.43506962 0.25842667]
 [0.15192252 0.03007831 0.8179992 ]]
probabilities: [[0. 0. 1.]
 [0. 1. 0.]
 [0. 1. 0.]
 [0. 0. 1.]
 [0. 0. 1.]]
probabilities: [[0.41359308 0.0029783  0.5834286 ]
 [0.28419405 0.09083123 0.6249747 ]
 [0.17597169 0.10031071 0.72371763]
 [0.55365914 0.18738931 0.25895151]
 [0.39655536 0.55570143 0.04774319]]
probabilities: [[0.05344432 0.15162666 0.794929  ]
 [0.06649089 0.4921113  0.44139782]
 [0.20775408 0.28949404 0.5027519 ]
 [0.18348132 0.3174497  0.49906898]
 [0.07042839 0.06905794 0.8605137 ]]
probabilities: [[0.04204792 0.53439975 0.42355233]
 [0.06393741 0.70277405 0.23328853]
 [0.00671457 0.09334733 0.8999381 ]
 [0.50865024 0.02836876 0.46298102]
 [0.5554601  0.04002073 0.4045192 ]]
probabilities: [[0.41004822 0.08681411 0.50313765]
 [0.44642583 0.0940635  0.45951068]
 [0.2502023  0.12555064 0.6242471 ]
 [0.1486867  0.26538652 0.5859268 ]
 [0.20535345 0.10164734 0.6929992 ]]
probabilities: [[0.0872589  0.07536781 0.8373733 ]
 [0.13331582 0.32185438 0.5448298 ]
 [0.53174603 0.33849064 0.12976333]
 [0.01532889 0.28117782 0.7034933 ]
 [0.6460229  0.3118262  0.04215087]]
probabilities: [[1. 0. 0.]
 [1. 0. 0.]
 [1. 0. 0.]
 [1. 0. 0.]
 [1. 0. 0.]]
probabilities: [[5.0262851e-01 4.9471903e-01 2.6524360e-03]
 [4.4391105e-01 1.6793662e-01 3.8815233e-01]
 [5.6708956e-01 2.9998475e-01 1.3292569e-01]
 [1.6709453e-01 4.4870172e-02 7.8803527e-01]
 [4.9424466e-01 4.9731601e-04 5.0525802e-01]]
probabilities: [[0.08656222 0.28697625 0.6264615 ]
 [0.67735916 0.264493   0.05814786]
 [0.02487305 0.05067711 0.92444986]
 [0.5227535  0.22111484 0.25613168]
 [0.5553875  0.06539733 0.3792152 ]]
probabilities: [[0.37144038 0.11558592 0.51297367]
 [0.03462116 0.1812509  0.78412795]
 [0.14511167 0.47020954 0.3846788 ]
 [0.41592783 0.14800371 0.43606848]
 [0.62816906 0.06748866 0.3043423 ]]
probabilities: [[0.6897138  0.05516312 0.25512308]
 [0.9694453  0.00704851 0.02350619]
 [0.32602885 0.16792136 0.50604975]
 [0.20095938 0.33393607 0.46510458]
 [0.3228779  0.29900977 0.37811232]]
probabilities: [[0.4211093  0.08005303 0.49883765]
 [0.5334497  0.42178434 0.04476596]
 [0.24308145 0.42640924 0.3305093 ]
 [0.46003267 0.38091633 0.15905102]
 [0.0612485  0.0496202  0.8891313 ]]
probabilities: [[0. 0. 1.]
 [0. 1. 0.]
 [0. 0. 1.]
 [0. 0. 1.]
 [0. 0. 1.]]
probabilities: [[5.2486852e-02 7.1813637e-01 2.2937681e-01]
 [5.1313013e-01 2.0617554e-01 2.8069434e-01]
 [1.6556924e-02 2.7371472e-01 7.0972836e-01]
 [1.6169210e-01 7.7762604e-01 6.0681876e-02]
 [5.8902217e-05 6.0580205e-02 9.3936092e-01]]
probabilities: [[0.4651675  0.46307525 0.07175727]
 [0.6881712  0.10031953 0.21150926]
 [0.62773055 0.08160614 0.29066333]
 [0.46433213 0.36174884 0.17391902]
 [0.19872174 0.12121212 0.68006617]]
probabilities: [[0.5083475  0.276396   0.21525647]
 [0.4426034  0.2726638  0.2847328 ]
 [0.46385226 0.400387   0.13576075]
 [0.35928968 0.25722468 0.38348565]
 [0.08525593 0.7714391  0.14330497]]
probabilities: [[0.34748235 0.31496897 0.33754867]
 [0.05404569 0.92302984 0.02292445]
 [0.26416847 0.02728043 0.7085511 ]
 [0.01802127 0.7182159  0.26376283]
 [0.00755654 0.55087197 0.4415715 ]]
probabilities: [[0.09984243 0.6617177  0.23843986]
 [0.18788716 0.76908183 0.04303098]
 [0.06118934 0.14937821 0.78943247]
 [0.7506333  0.0693993  0.17996742]
 [0.0341705  0.11762008 0.84820944]]
probabilities: [[0. 0. 1.]
 [0. 1. 0.]
 [0. 0. 1.]
 [0. 0. 1.]
 [0. 0. 1.]]
probabilities: [[0.08743365 0.6027995  0.30976686]
 [0.14925021 0.7598811  0.09086872]
 [0.4028773  0.01024648 0.5868762 ]
 [0.03478179 0.22045203 0.7447662 ]
 [0.3095544  0.04796188 0.6424837 ]]
probabilities: [[0.30555654 0.5340401  0.16040339]
 [0.12305683 0.8249326  0.05201059]
 [0.24484247 0.54451066 0.21064688]
 [0.04689034 0.01876395 0.9343457 ]
 [0.5633416  0.27787074 0.15878762]]
probabilities: [[0.5419224  0.03651808 0.4215595 ]
 [0.13289945 0.36211777 0.50498277]
 [0.27356637 0.6482425  0.07819118]
 [0.19302526 0.24838823 0.5585865 ]
 [0.64377433 0.09589171 0.26033399]]
probabilities: [[0.11878081 0.41132474 0.46989444]
 [0.31139246 0.6568203  0.03178724]
 [0.3927016  0.08032899 0.5269694 ]
 [0.34366697 0.6339508  0.02238222]
 [0.3941637  0.36567056 0.24016573]]
probabilities: [[0.3457713  0.11068032 0.54354835]
 [0.0577398  0.4035791  0.53868115]
 [0.13054171 0.45676386 0.41269442]
 [0.7550254  0.20401296 0.04096166]
 [0.06988592 0.15384986 0.7762642 ]]
probabilities: [[0. 0. 1.]
 [0. 1. 0.]
 [0. 1. 0.]
 [0. 0. 1.]
 [0. 0. 1.]]
probabilities: [[0.06261206 0.6347012  0.30268678]
 [0.16774467 0.25480792 0.5774474 ]
 [0.6043489  0.21772487 0.17792624]
 [0.26034188 0.54810506 0.19155306]
 [0.00593382 0.33378685 0.66027933]]
probabilities: [[0.2773482  0.326615   0.3960368 ]
 [0.931416   0.01421183 0.05437221]
 [0.04995465 0.71981484 0.23023051]
 [0.39964548 0.17867462 0.42167988]
 [0.09060017 0.5253193  0.38408056]]
probabilities: [[0.01510264 0.8495036  0.1353938 ]
 [0.7744272  0.20986788 0.01570493]
 [0.2982179  0.08404192 0.6177402 ]
 [0.5684522  0.42789596 0.00365183]
 [0.25046664 0.19704601 0.5524873 ]]
probabilities: [[0.5285732  0.21965559 0.25177118]
 [0.15878281 0.09523536 0.7459818 ]
 [0.5049216  0.04096958 0.4541088 ]
 [0.98177505 0.00145221 0.01677275]
 [0.40782738 0.29170164 0.30047098]]
probabilities: [[0.32137096 0.11324146 0.5653876 ]
 [0.04699738 0.50857    0.44443262]
 [0.24223328 0.59056103 0.16720572]
 [0.17422888 0.304986   0.52078515]
 [0.46921602 0.03526755 0.49551642]]
probabilities: [[0. 0. 1.]
 [0. 1. 0.]
 [0. 0. 1.]
 [0. 0. 1.]
 [0. 0. 1.]]
probabilities: [[0.15503526 0.17249875 0.672466  ]
 [0.53360796 0.01286923 0.4535228 ]
 [0.14133553 0.8045769  0.0540876 ]
 [0.5921086  0.10230494 0.30558646]
 [0.0436381  0.63345397 0.32290792]]
probabilities: [[0.15816401 0.59802145 0.24381451]
 [0.6204574  0.2729159  0.10662668]
 [0.24146718 0.14129199 0.61724085]
 [0.08628669 0.4040164  0.5096969 ]
 [0.5832482  0.11352589 0.3032259 ]]
probabilities: [[0.30618787 0.63457406 0.05923805]
 [0.12724161 0.52411747 0.34864092]
 [0.05179408 0.35622627 0.5919797 ]
 [0.16680701 0.6064728  0.22672017]
 [0.68968046 0.11725964 0.19305994]]
probabilities: [[0.3188549  0.514459   0.1666861 ]
 [0.03761852 0.5205483  0.44183317]
 [0.0016784  0.15242402 0.84589756]
 [0.1956703  0.6458303  0.15849939]
 [0.71983564 0.22097756 0.05918678]]
probabilities: [[0.34820327 0.48602203 0.16577469]
 [0.75200456 0.13399611 0.11399935]
 [0.50224197 0.0255369  0.47222117]
 [0.3720358  0.19723918 0.43072504]
 [0.16067491 0.34824464 0.49108046]]
probabilities: [[0. 0. 1.]
 [0. 1. 0.]
 [0. 0. 1.]
 [0. 0. 1.]
 [0. 0. 1.]]
probabilities: [[0.83053684 0.03692475 0.1325384 ]
 [0.09858551 0.36277744 0.53863704]
 [0.22085422 0.77151275 0.00763302]
 [0.7314458  0.21368627 0.05486793]
 [0.20068365 0.69215447 0.10716186]]
probabilities: [[0.4695252  0.01154384 0.518931  ]
 [0.14898032 0.03475292 0.8162668 ]
 [0.13222563 0.5650211  0.30275327]
 [0.60169834 0.06800281 0.33029884]
 [0.38543305 0.4247695  0.18979746]]
probabilities: [[0.0358458  0.1231158  0.8410384 ]
 [0.4581809  0.5373884  0.00443071]
 [0.56470114 0.1987287  0.23657013]
 [0.40784803 0.05668917 0.5354628 ]
 [0.5166997  0.21645142 0.26684892]]
probabilities: [[0.31257612 0.47933143 0.20809245]
 [0.40671787 0.29862955 0.2946526 ]
 [0.13966075 0.4043755  0.45596376]
 [0.32593247 0.09927229 0.57479525]
 [0.33081266 0.18204603 0.4871413 ]]
probabilities: [[0.52836806 0.23976305 0.23186891]
 [0.24129565 0.36189765 0.39680672]
 [0.6184966  0.03108371 0.35041973]
 [0.20668486 0.61872697 0.17458819]
 [0.24951325 0.41870278 0.33178398]]
probabilities: [[1. 0. 0.]
 [1. 0. 0.]
 [1. 0. 0.]
 [1. 0. 0.]
 [1. 0. 0.]]
probabilities: [[0.1871747  0.7696384  0.04318691]
 [0.6177276  0.33039927 0.05187314]
 [0.48119804 0.4347442  0.08405776]
 [0.51769006 0.01861245 0.46369746]
 [0.17915764 0.26564845 0.5551939 ]]
probabilities: [[0.5633346  0.39798713 0.0386783 ]
 [0.25120762 0.48462757 0.26416478]
 [0.03263036 0.8716458  0.09572385]
 [0.22609141 0.39889908 0.3750095 ]
 [0.02095898 0.04248767 0.93655336]]
probabilities: [[0.11836917 0.37496895 0.5066619 ]
 [0.2758288  0.12012172 0.6040495 ]
 [0.16029076 0.8070858  0.03262344]
 [0.09209386 0.47185224 0.4360539 ]
 [0.11512122 0.6808803  0.20399849]]
probabilities: [[0.23474328 0.32448894 0.4407678 ]
 [0.41563892 0.06373207 0.520629  ]
 [0.79411894 0.16592678 0.03995427]
 [0.2883112  0.57699674 0.13469206]
 [0.14986965 0.55048585 0.29964453]]
probabilities: [[0.32118094 0.17760742 0.50121164]
 [0.1417782  0.14267893 0.71554285]
 [0.07295149 0.65703315 0.27001536]
 [0.20144899 0.4881397  0.31041133]
 [0.36653662 0.470076   0.1633874 ]]
probabilities: [[1. 0. 0.]
 [1. 0. 0.]
 [1. 0. 0.]
 [1. 0. 0.]
 [1. 0. 0.]]
probabilities: [[0.00772933 0.2091878  0.78308284]
 [0.02078445 0.6378667  0.34134886]
 [0.2666742  0.51175475 0.22157106]
 [0.5263185  0.28571805 0.18796347]
 [0.78154093 0.2061063  0.01235277]]
probabilities: [[0.52965873 0.05499396 0.4153473 ]
 [0.20025912 0.40515104 0.39458984]
 [0.13943487 0.28335932 0.57720584]
 [0.00649803 0.6758457  0.3176563 ]
 [0.11810996 0.6117093  0.27018073]]
probabilities: [[0.39668348 0.45794967 0.14536685]
 [0.2658756  0.4414003  0.2927241 ]
 [0.6503695  0.02410197 0.3255285 ]
 [0.31642038 0.26737317 0.41620645]
 [0.14270487 0.32054335 0.53675175]]
probabilities: [[0.40713674 0.5806483  0.01221495]
 [0.08499687 0.7920575  0.12294564]
 [0.17721911 0.7377377  0.08504315]
 [0.11976688 0.365286   0.5149471 ]
 [0.695192   0.0833593  0.22144873]]
probabilities: [[0.06844728 0.5706426  0.36091012]
 [0.10343383 0.22810899 0.6684572 ]
 [0.14029425 0.26892576 0.59077996]
 [0.27239326 0.49659833 0.23100843]
 [0.04473078 0.7186119  0.2366573 ]]
probabilities: [[0. 1. 0.]
 [0. 1. 0.]
 [0. 1. 0.]
 [0. 1. 0.]
 [0. 1. 0.]]
probabilities: [[0.3129613  0.10843287 0.57860583]
 [0.811316   0.01949872 0.1691853 ]
 [0.11733582 0.672877   0.20978718]
 [0.75032365 0.22578244 0.02389389]
 [0.55479777 0.33294374 0.11225851]]
probabilities: [[0.4152284  0.36446676 0.22030483]
 [0.10946429 0.3831418  0.50739396]
 [0.08011657 0.6940239  0.2258595 ]
 [0.01960715 0.26381284 0.71658003]
 [0.3551188  0.2859722  0.35890898]]
probabilities: [[0.09398303 0.81395274 0.09206425]
 [0.347001   0.08782432 0.5651747 ]
 [0.15408298 0.5078608  0.33805624]
 [0.36242995 0.09744172 0.54012835]
 [0.65854174 0.20594129 0.13551694]]
probabilities: [[0.04257103 0.7404727  0.21695632]
 [0.30848545 0.6196855  0.07182908]
 [0.7271082  0.06997932 0.2029125 ]
 [0.55458575 0.4169094  0.02850483]
 [0.5014824  0.21851406 0.28000352]]
probabilities: [[0.00520582 0.09720415 0.89759004]
 [0.58892256 0.23400661 0.17707083]
 [0.06269669 0.19475017 0.7425531 ]
 [0.08422501 0.78925496 0.12652005]
 [0.4205208  0.36641353 0.21306564]]
probabilities: [[0. 0. 1.]
 [0. 1. 0.]
 [0. 0. 1.]
 [0. 0. 1.]
 [0. 0. 1.]]
probabilities: [[0.9030952  0.08353398 0.01337085]
 [0.22595759 0.5548412  0.21920118]
 [0.77225083 0.06995831 0.15779088]
 [0.44601083 0.19532667 0.35866252]
 [0.05141029 0.14306909 0.80552065]]
probabilities: [[0.45429668 0.33434746 0.21135587]
 [0.68936694 0.10496715 0.20566592]
 [0.2627039  0.61476845 0.12252765]
 [0.6437707  0.14460039 0.21162891]
 [0.5472987  0.28761673 0.16508457]]
probabilities: [[0.25825542 0.24019156 0.50155306]
 [0.58880186 0.00367074 0.40752742]
 [0.24592464 0.69209886 0.0619765 ]
 [0.22752452 0.63786364 0.13461183]
 [0.13630013 0.5161185  0.34758136]]
probabilities: [[0.72864455 0.2694613  0.00189415]
 [0.42761895 0.02678926 0.5455918 ]
 [0.09593064 0.8392921  0.06477726]
 [0.18287854 0.537257   0.2798644 ]
 [0.2804769  0.2718481  0.44767496]]
probabilities: [[0.399495   0.12100868 0.4794963 ]
 [0.19743706 0.40142092 0.40114203]
 [0.9266098  0.04775015 0.02564002]
 [0.19092181 0.80746496 0.00161321]
 [0.3238253  0.6683154  0.00785929]]
probabilities: [[0. 0. 1.]
 [0. 1. 0.]
 [0. 1. 0.]
 [0. 0. 1.]
 [0. 0. 1.]]
probabilities: [[0.40906137 0.05410847 0.5368302 ]
 [0.03914221 0.89401764 0.06684016]
 [0.2832397  0.5744476  0.14231272]
 [0.71830064 0.25713515 0.0245642 ]
 [0.22227618 0.532044   0.2456798 ]]
probabilities: [[0.01987513 0.25940704 0.72071785]
 [0.48180696 0.3787071  0.13948593]
 [0.60367495 0.1390347  0.25729036]
 [0.05637603 0.14440635 0.79921764]
 [0.8957572  0.07556566 0.02867716]]
probabilities: [[0.04043695 0.42969257 0.5298705 ]
 [0.70372087 0.10645731 0.18982182]
 [0.01155737 0.5399478  0.44849485]
 [0.05495594 0.7917169  0.15332717]
 [0.6199429  0.28759634 0.09246074]]
probabilities: [[0.26281294 0.5956738  0.14151326]
 [0.03535691 0.6863472  0.2782959 ]
 [0.6090582  0.27868176 0.11226004]
 [0.5767835  0.11502399 0.30819252]
 [0.21371427 0.4946186  0.29166713]]
probabilities: [[0.9286566  0.03384915 0.03749429]
 [0.53863746 0.22941057 0.23195194]
 [0.28170595 0.45510137 0.26319268]
 [0.34496692 0.22186828 0.4331648 ]
 [0.49711746 0.3956163  0.10726624]]
probabilities: [[1. 0. 0.]
 [1. 0. 0.]
 [1. 0. 0.]
 [1. 0. 0.]
 [1. 0. 0.]]
probabilities: [[0.17215492 0.7665453  0.06129978]
 [0.4090168  0.23984857 0.35113466]
 [0.22764157 0.12752466 0.64483374]
 [0.46001425 0.49100363 0.04898211]
 [0.62655383 0.12630315 0.24714303]]
probabilities: [[0.63059634 0.14671916 0.2226845 ]
 [0.16506101 0.01227047 0.8226685 ]
 [0.40147394 0.12685584 0.47167024]
 [0.11756336 0.3348265  0.54761016]
 [0.05010938 0.14247504 0.8074156 ]]
probabilities: [[0.4957508  0.26421756 0.24003163]
 [0.04010534 0.04262115 0.9172735 ]
 [0.4183253  0.49057502 0.09109967]
 [0.21619804 0.55738854 0.22641343]
 [0.1496576  0.201948   0.6483944 ]]
probabilities: [[0.08352526 0.19827363 0.7182011 ]
 [0.16008285 0.48802727 0.35188988]
 [0.01489877 0.56946665 0.41563454]
 [0.04199421 0.20285974 0.755146  ]
 [0.62285763 0.26811096 0.10903141]]
probabilities: [[0.5386564  0.02930089 0.43204272]
 [0.03551584 0.9474483  0.01703585]
 [0.38905513 0.55210483 0.05884004]
 [0.29563636 0.28895468 0.41540897]
 [0.47320217 0.0068786  0.5199192 ]]
probabilities: [[0. 0. 1.]
 [0. 1. 0.]
 [0. 0. 1.]
 [0. 0. 1.]
 [0. 0. 1.]]
probabilities: [[0.71773916 0.27251676 0.00974412]
 [0.7176421  0.01928748 0.2630704 ]
 [0.20267753 0.6981012  0.09922124]
 [0.3004337  0.08814812 0.6114182 ]
 [0.27692768 0.1895311  0.5335412 ]]
probabilities: [[0.47306636 0.4018999  0.12503374]
 [0.14501871 0.11459629 0.740385  ]
 [0.15799277 0.0725814  0.7694258 ]
 [0.12504756 0.4924604  0.38249204]
 [0.5610576  0.3870203  0.05192208]]
probabilities: [[0.00834334 0.9351531  0.05650354]
 [0.03871132 0.13444348 0.8268452 ]
 [0.2322063  0.04728143 0.7205123 ]
 [0.19161928 0.15498726 0.65339345]
 [0.22157419 0.57671344 0.20171238]]
probabilities: [[0.09153299 0.42269775 0.48576927]
 [0.28531876 0.6758425  0.03883871]
 [0.0502445  0.78099644 0.16875906]
 [0.4797648  0.22596347 0.29427174]
 [0.25161576 0.41202715 0.3363571 ]]
probabilities: [[0.07550896 0.12455974 0.7999313 ]
 [0.1759854  0.69365484 0.13035974]
 [0.39834216 0.16228667 0.43937114]
 [0.33603904 0.2647933  0.39916766]
 [0.31325844 0.06828776 0.6184538 ]]
probabilities: [[1. 0. 0.]
 [1. 0. 0.]
 [1. 0. 0.]
 [1. 0. 0.]
 [1. 0. 0.]]
probabilities: [[0.7221965  0.16767225 0.11013124]
 [0.42114985 0.36882883 0.21002132]
 [0.11387124 0.8485126  0.03761618]
 [0.49639985 0.00220836 0.5013918 ]
 [0.6432371  0.2533128  0.1034501 ]]
probabilities: [[0.29653642 0.10039785 0.6030657 ]
 [0.21416672 0.40323427 0.38259903]
 [0.5251137  0.13156246 0.34332383]
 [0.74608696 0.13109867 0.12281434]
 [0.86004597 0.03089088 0.10906313]]
probabilities: [[0.15204307 0.8404798  0.00747715]
 [0.7482332  0.18278627 0.06898052]
 [0.00385754 0.5957733  0.40036917]
 [0.04192529 0.38635027 0.5717245 ]
 [0.35492057 0.59874064 0.04633878]]
probabilities: [[0.31059596 0.1184714  0.5709326 ]
 [0.6868728  0.08266047 0.23046678]
 [0.62653464 0.27373582 0.09972956]
 [0.45053437 0.33545423 0.2140114 ]
 [0.29025534 0.40473646 0.3050082 ]]
probabilities: [[0.03573835 0.6112791  0.35298258]
 [0.28501242 0.05413355 0.66085404]
 [0.11926906 0.1692716  0.71145934]
 [0.5574866  0.24588011 0.1966333 ]
 [0.4240023  0.24393636 0.33206135]]
probabilities: [[0. 0. 1.]
 [0. 1. 0.]
 [0. 1. 0.]
 [0. 0. 1.]
 [0. 0. 1.]]
probabilities: [[0.21624552 0.24422115 0.5395333 ]
 [0.14563547 0.7814151  0.0729494 ]
 [0.8593935  0.02494987 0.11565662]
 [0.35971087 0.4263279  0.21396124]
 [0.3284151  0.05562868 0.6159562 ]]
probabilities: [[0.6287982  0.12664373 0.24455807]
 [0.0830311  0.55224824 0.36472067]
 [0.3132272  0.67825335 0.00851942]
 [0.11314336 0.15544477 0.7314119 ]
 [0.15512744 0.64120317 0.20366938]]
probabilities: [[0.5904194  0.02206527 0.3875153 ]
 [0.11390027 0.84044176 0.04565794]
 [0.07918917 0.59502137 0.32578948]
 [0.46422204 0.1990103  0.33676767]
 [0.21732724 0.6622798  0.12039297]]
probabilities: [[0.13903405 0.6473628  0.21360314]
 [0.06247957 0.02405086 0.91346955]
 [0.20299771 0.39238328 0.404619  ]
 [0.16785705 0.32358673 0.5085562 ]
 [0.07709889 0.0835167  0.8393844 ]]
probabilities: [[0.60542583 0.06003049 0.3345437 ]
 [0.28687647 0.5542921  0.15883145]
 [0.39636353 0.5151257  0.08851081]
 [0.18497793 0.24668092 0.56834114]
 [0.04312987 0.4712651  0.48560503]]
probabilities: [[0. 0. 1.]
 [0. 1. 0.]
 [0. 1. 0.]
 [0. 0. 1.]
 [0. 0. 1.]]
probabilities: [[0.71809185 0.07424073 0.20766744]
 [0.02001975 0.01316561 0.96681464]
 [0.26753956 0.19648099 0.53597945]
 [0.43736428 0.4446797  0.11795601]
 [0.4444413  0.42271814 0.13284057]]
probabilities: [[0.13113573 0.44853064 0.42033362]
 [0.20184623 0.42070663 0.37744716]
 [0.36551636 0.36780965 0.26667398]
 [0.08098552 0.29642007 0.6225944 ]
 [0.5115059  0.01759728 0.47089684]]
probabilities: [[0.51275384 0.4188867  0.06835947]
 [0.60768926 0.19893233 0.19337837]
 [0.02916419 0.8643636  0.10647221]
 [0.11453008 0.54083234 0.34463757]
 [0.22190312 0.33278212 0.4453148 ]]
probabilities: [[0.40230972 0.5174675  0.08022279]
 [0.417621   0.27887678 0.30350223]
 [0.44288975 0.26782253 0.28928772]
 [0.753236   0.14586872 0.10089528]
 [0.12554595 0.14125319 0.73320085]]
probabilities: [[0.8480844  0.13287517 0.01904043]
 [0.54970545 0.3388088  0.11148576]
 [0.04512796 0.0803411  0.8745309 ]
 [0.27183253 0.50154465 0.2266228 ]
 [0.83268505 0.12355224 0.04376272]]
probabilities: [[1. 0. 0.]
 [1. 0. 0.]
 [1. 0. 0.]
 [1. 0. 0.]
 [1. 0. 0.]]
probabilities: [[0.27239278 0.27305856 0.45454866]
 [0.03014193 0.31507838 0.6547797 ]
 [0.38827485 0.42589623 0.18582894]
 [0.39147136 0.58348817 0.02504049]
 [0.3169833  0.19644296 0.48657373]]
probabilities: [[0.07401896 0.12722291 0.79875815]
 [0.27688888 0.06111554 0.6619956 ]
 [0.03207174 0.4302385  0.5376898 ]
 [0.43514243 0.3588131  0.20604447]
 [0.09417734 0.727521   0.17830166]]
probabilities: [[0.451995   0.01167788 0.5363271 ]
 [0.02831398 0.5005672  0.4711188 ]
 [0.6576148  0.31226423 0.03012094]
 [0.17933036 0.5348638  0.2858058 ]
 [0.5319607  0.45818093 0.00985836]]
probabilities: [[0.4166156  0.51392156 0.06946284]
 [0.25070867 0.12608695 0.62320435]
 [0.34485197 0.43567753 0.21947052]
 [0.25589368 0.24789853 0.49620777]
 [0.31547678 0.312654   0.37186924]]
probabilities: [[1.4807940e-01 3.3810925e-01 5.1381135e-01]
 [3.5476494e-01 2.4112484e-01 4.0411022e-01]
 [3.2761025e-01 2.5825432e-01 4.1413540e-01]
 [1.2019568e-01 3.0041260e-01 5.7939172e-01]
 [8.9479595e-01 1.0513806e-01 6.5989829e-05]]
probabilities: [[0. 1. 0.]
 [0. 1. 0.]
 [0. 1. 0.]
 [0. 1. 0.]
 [0. 1. 0.]]
probabilities: [[0.00962282 0.64970076 0.34067643]
 [0.151731   0.03137705 0.81689197]
 [0.2174302  0.4722415  0.3103283 ]
 [0.7566816  0.02256366 0.22075471]
 [0.724619   0.06312684 0.21225418]]
probabilities: [[0.4458694  0.23657708 0.31755352]
 [0.4488779  0.21925384 0.33186826]
 [0.2146992  0.36869282 0.416608  ]
 [0.23479249 0.2884612  0.4767463 ]
 [0.5657965  0.01337254 0.42083097]]
probabilities: [[0.79800487 0.02775079 0.17424431]
 [0.52828234 0.44797224 0.02374544]
 [0.16300222 0.1846463  0.6523515 ]
 [0.05997455 0.90565723 0.03436824]
 [0.09326411 0.41879317 0.48794273]]
probabilities: [[0.16933128 0.6528252  0.17784354]
 [0.39251488 0.57604146 0.03144366]
 [0.15505642 0.2809346  0.564009  ]
 [0.14104529 0.04114284 0.81781185]
 [0.17055848 0.20967112 0.6197704 ]]
probabilities: [[0.36895627 0.23351054 0.3975332 ]
 [0.15778202 0.2889962  0.5532218 ]
 [0.07844177 0.2321156  0.68944263]
 [0.59288967 0.16618386 0.24092647]
 [0.00615725 0.8544006  0.13944215]]
probabilities: [[0. 1. 0.]
 [0. 1. 0.]
 [0. 1. 0.]
 [0. 1. 0.]
 [0. 1. 0.]]
probabilities: [[0.8105995  0.08583908 0.10356141]
 [0.47979027 0.07505897 0.44515076]
 [0.2723847  0.6485384  0.07907692]
 [0.4505313  0.35835198 0.19111672]
 [0.90493333 0.08151384 0.01355283]]
probabilities: [[0.25212398 0.19721517 0.55066085]
 [0.52930945 0.04311796 0.42757258]
 [0.3368794  0.36405483 0.29906577]
 [0.90924215 0.0049492  0.08580862]
 [0.60325855 0.02945558 0.36728588]]
probabilities: [[0.86580485 0.04887902 0.08531615]
 [0.4379708  0.39871094 0.16331826]
 [0.64900845 0.32753548 0.02345606]
 [0.30687344 0.02420111 0.66892546]
 [0.10532682 0.5875021  0.30717105]]
probabilities: [[1.4068173e-04 8.3478194e-01 1.6507739e-01]
 [4.1297388e-01 3.2004562e-01 2.6698050e-01]
 [1.5405996e-01 3.2904971e-01 5.1689035e-01]
 [2.4756819e-01 3.6718807e-01 3.8524374e-01]
 [5.7577651e-02 8.0966353e-01 1.3275881e-01]]
probabilities: [[0.35082597 0.34952846 0.29964557]
 [0.39840502 0.31357306 0.28802192]
 [0.02344297 0.5565441  0.4200129 ]
 [0.13872272 0.29963502 0.5616423 ]
 [0.04120911 0.00328738 0.9555035 ]]
probabilities: [[0. 0. 1.]
 [0. 1. 0.]
 [0. 0. 1.]
 [0. 0. 1.]
 [0. 0. 1.]]
probabilities: [[0.20966221 0.44415826 0.34617952]
 [0.31666657 0.19538754 0.48794588]
 [0.17401214 0.78228676 0.04370112]
 [0.27739507 0.10226444 0.62034047]
 [0.4416082  0.45336226 0.10502958]]
probabilities: [[0.36887813 0.44813493 0.18298694]
 [0.0861412  0.90520364 0.00865516]
 [0.21924    0.0215525  0.7592075 ]
 [0.10622779 0.4174758  0.47629642]
 [0.10577646 0.6776937  0.21652985]]
probabilities: [[0.0650571  0.46518144 0.46976146]
 [0.39879066 0.39444578 0.20676357]
 [0.14133954 0.5104431  0.3482174 ]
 [0.2886324  0.45482132 0.25654626]
 [0.31944752 0.13084182 0.5497107 ]]
probabilities: [[0.2458218  0.61940706 0.13477114]
 [0.12180299 0.4019415  0.4762555 ]
 [0.16135141 0.3968255  0.4418231 ]
 [0.030675   0.25941962 0.7099054 ]
 [0.79094213 0.0536494  0.15540846]]
probabilities: [[0.5066037  0.46429643 0.02909985]
 [0.38891864 0.32124597 0.28983542]
 [0.21268669 0.72718215 0.06013118]
 [0.09858019 0.26837197 0.6330478 ]
 [0.08367058 0.75336283 0.16296655]]
probabilities: [[0. 0. 1.]
 [0. 1. 0.]
 [0. 0. 1.]
 [0. 0. 1.]
 [0. 0. 1.]]
probabilities: [[0.00612079 0.9201555  0.07372365]
 [0.5914145  0.06725975 0.34132576]
 [0.5608762  0.33838287 0.1007409 ]
 [0.23084885 0.34936547 0.41978568]
 [0.02804814 0.12915166 0.8428002 ]]
probabilities: [[0.19435039 0.53023034 0.27541927]
 [0.19723822 0.39059898 0.4121628 ]
 [0.09173318 0.4294634  0.47880346]
 [0.4636332  0.45273268 0.08363411]
 [0.4306882  0.48000875 0.08930303]]
probabilities: [[0.3385982  0.4778642  0.18353759]
 [0.5964975  0.3061287  0.0973738 ]
 [0.4259472  0.45237845 0.12167434]
