probabilities: [[0. 0. 1.]
 [0. 1. 0.]
 [0. 1. 0.]
 [0. 0. 1.]
 [0. 0. 1.]]
probabilities: [[0.20893008 0.13846949 0.65260047]
 [0.19710796 0.06280685 0.7400852 ]
 [0.7211177  0.0654811  0.21340123]
 [0.51416725 0.30837014 0.17746261]
 [0.5564274  0.2776637  0.16590889]]
probabilities: [[0.33515924 0.44683042 0.21801034]
 [0.2812436  0.30842397 0.41033244]
 [0.8688897  0.09391923 0.03719106]
 [0.30220902 0.4045368  0.29325417]
 [0.07443018 0.64989245 0.2756774 ]]
probabilities: [[0.154117   0.48538044 0.36050254]
 [0.30972108 0.15066268 0.5396162 ]
 [0.5749891  0.05022107 0.37478986]
 [0.06492405 0.38681862 0.54825735]
 [0.8423884  0.0426251  0.11498654]]
probabilities: [[0.01611487 0.25073183 0.7331533 ]
 [0.3359456  0.2170105  0.4470439 ]
 [0.32256004 0.3770311  0.30040884]
 [0.6243615  0.35023686 0.02540165]
 [0.4321545  0.04196649 0.525879  ]]
probabilities: [[0.16577427 0.55860215 0.2756236 ]
 [0.06324032 0.51921946 0.41754022]
 [0.41485775 0.08920684 0.4959354 ]
 [0.2140137  0.37172574 0.41426057]
 [0.6395817  0.18359832 0.17681997]]
probabilities: [[0. 0. 1.]
 [0. 1. 0.]
 [0. 1. 0.]
 [0. 0. 1.]
 [0. 0. 1.]]
probabilities: [[0.14819366 0.82366234 0.02814397]
 [0.35030568 0.52480775 0.12488656]
 [0.5023735  0.31629935 0.1813271 ]
 [0.46864685 0.19654132 0.3348118 ]
 [0.46112338 0.49452248 0.04435414]]
probabilities: [[0.04954616 0.25385055 0.6966033 ]
 [0.7447235  0.17137176 0.08390474]
 [0.16607872 0.12432095 0.7096003 ]
 [0.07922837 0.07149772 0.8492739 ]
 [0.42855763 0.41016635 0.16127601]]
probabilities: [[0.31659886 0.6545637  0.02883738]
 [0.14133619 0.39201403 0.4666498 ]
 [0.2391307  0.15363197 0.60723734]
 [0.3167751  0.17275386 0.51047105]
 [0.05198693 0.40332523 0.54468787]]
probabilities: [[0.72936714 0.19389273 0.07674011]
 [0.7620618  0.09439863 0.14353958]
 [0.5586933  0.01261554 0.42869118]
 [0.4953984  0.451711   0.05289059]
 [0.0552314  0.25691497 0.68785363]]
probabilities: [[0.21064247 0.7818609  0.00749661]
 [0.34891066 0.48872083 0.1623685 ]
 [0.54362774 0.28352988 0.17284237]
 [0.27078146 0.04111634 0.6881022 ]
 [0.3465064  0.08602913 0.5674645 ]]
probabilities: [[0. 1. 0.]
 [0. 1. 0.]
 [0. 1. 0.]
 [0. 1. 0.]
 [0. 1. 0.]]
probabilities: [[0.16964462 0.25047353 0.57988185]
 [0.03752417 0.90673655 0.05573929]
 [0.5070135  0.06260744 0.43037906]
 [0.28547952 0.7077079  0.0068126 ]
 [0.13768528 0.33318982 0.5291249 ]]
probabilities: [[0.2780259  0.52306706 0.19890705]
 [0.07295794 0.48792332 0.43911874]
 [0.4592233  0.16092122 0.37985548]
 [0.3000116  0.49877107 0.20121734]
 [0.44360837 0.28504086 0.27135077]]
probabilities: [[0.25700343 0.03221823 0.71077836]
 [0.1620409  0.6452603  0.19269882]
 [0.37405214 0.09013252 0.53581536]
 [0.0361717  0.8838801  0.07994823]
 [0.10533743 0.333764   0.5608986 ]]
probabilities: [[0.14358754 0.5607658  0.29564667]
 [0.21160236 0.65299517 0.13540246]
 [0.3041837  0.5592807  0.1365356 ]
 [0.15368804 0.38125584 0.46505612]
 [0.11989982 0.41579643 0.46430373]]
probabilities: [[0.53475946 0.10702768 0.35821283]
 [0.0453546  0.6148334  0.339812  ]
 [0.28892028 0.670505   0.04057471]
 [0.02029217 0.97779936 0.00190846]
 [0.09223245 0.39865553 0.509112  ]]
probabilities: [[0. 0. 1.]
 [0. 1. 0.]
 [0. 0. 1.]
 [0. 0. 1.]
 [0. 0. 1.]]
probabilities: [[0.03215745 0.1323722  0.8354704 ]
 [0.7819106  0.1663788  0.05171063]
 [0.49377686 0.06953275 0.4366904 ]
 [0.47532663 0.27899453 0.24567886]
 [0.31943777 0.0523503  0.6282119 ]]
probabilities: [[0.4529931  0.37407887 0.17292802]
 [0.36877313 0.12565833 0.50556856]
 [0.14833002 0.7261025  0.12556748]
 [0.13445126 0.6114187  0.25413   ]
 [0.5705906  0.2104775  0.21893191]]
probabilities: [[0.18801174 0.2017862  0.6102021 ]
 [0.6251364  0.30362087 0.07124274]
 [0.8409595  0.15551883 0.00352171]
 [0.6029623  0.04110811 0.35592955]
 [0.23511682 0.11570005 0.64918315]]
probabilities: [[0.17838894 0.34495533 0.47665575]
 [0.44430903 0.08818291 0.46750805]
 [0.6578076  0.06341326 0.27877915]
 [0.05204407 0.7216029  0.226353  ]
 [0.7556462  0.10831022 0.13604358]]
probabilities: [[0.04510779 0.9503432  0.00454901]
 [0.09513333 0.4694006  0.43546605]
 [0.4710794  0.2179731  0.31094748]
 [0.48461986 0.01614409 0.49923608]
 [0.08725704 0.6665967  0.24614625]]
probabilities: [[0. 0. 1.]
 [0. 1. 0.]
 [0. 1. 0.]
 [0. 0. 1.]
 [0. 0. 1.]]
probabilities: [[0.80575085 0.01718414 0.17706503]
 [0.15711708 0.5429609  0.29992202]
 [0.17136165 0.05177785 0.7768605 ]
 [0.2655808  0.12012263 0.61429656]
 [0.05917955 0.39136612 0.54945433]]
probabilities: [[0.02344822 0.42219672 0.554355  ]
 [0.07838275 0.56912184 0.3524954 ]
 [0.04236941 0.3861394  0.5714912 ]
 [0.07850138 0.34033933 0.5811593 ]
 [0.11646292 0.35297638 0.53056073]]
probabilities: [[0.66912425 0.05749424 0.27338153]
 [0.12496128 0.46508557 0.40995315]
 [0.05504381 0.6282373  0.31671888]
 [0.15335326 0.1432436  0.7034032 ]
 [0.2602448  0.35725972 0.38249552]]
probabilities: [[0.4494583  0.18190403 0.36863768]
 [0.9261668  0.03890343 0.03492977]
 [0.2912418  0.6994765  0.00928171]
 [0.5578382  0.3741493  0.0680125 ]
 [0.09913395 0.7206388  0.18022722]]
probabilities: [[0.03467701 0.12384563 0.84147733]
 [0.8289949  0.04435199 0.12665306]
 [0.35760415 0.5279064  0.11448946]
 [0.4015778  0.21034472 0.38807747]
 [0.10926576 0.74972105 0.14101318]]
probabilities: [[0. 1. 0.]
 [0. 1. 0.]
 [0. 1. 0.]
 [0. 1. 0.]
 [0. 1. 0.]]
probabilities: [[0.57269925 0.17954916 0.24775156]
 [0.17374483 0.1644128  0.6618424 ]
 [0.05287597 0.22741053 0.7197135 ]
 [0.08958221 0.69223976 0.21817802]
 [0.2538955  0.09001599 0.65608853]]
probabilities: [[0.6562081  0.2124208  0.13137111]
 [0.25720653 0.5382063  0.20458718]
 [0.39956033 0.25818175 0.34225792]
 [0.10451198 0.83431464 0.06117339]
 [0.2982984  0.25764364 0.44405797]]
probabilities: [[0.0802393  0.22438027 0.69538045]
 [0.5510703  0.17158392 0.27734578]
 [0.16900988 0.40687913 0.424111  ]
 [0.00567283 0.03499136 0.9593358 ]
 [0.5834929  0.2181764  0.19833073]]
probabilities: [[0.19926673 0.2625872  0.5381461 ]
 [0.45502532 0.3259866  0.21898808]
 [0.5946356  0.37178662 0.03357773]
 [0.8787959  0.00903283 0.11217124]
 [0.01676015 0.27712867 0.7061112 ]]
probabilities: [[0.05145761 0.40879142 0.53975093]
 [0.3269769  0.31936145 0.35366163]
 [0.32617667 0.53829825 0.13552509]
 [0.81576306 0.09821124 0.08602569]
 [0.32169312 0.64227885 0.03602803]]
probabilities: [[0. 0. 1.]
 [0. 1. 0.]
 [0. 0. 1.]
 [0. 0. 1.]
 [0. 0. 1.]]
probabilities: [[7.1030855e-01 1.0397791e-01 1.8571354e-01]
 [3.8752130e-01 2.2973332e-01 3.8274539e-01]
 [8.7965414e-02 9.1195667e-01 7.7912315e-05]
 [5.2290048e-02 2.0602815e-01 7.4168181e-01]
 [5.5156994e-01 2.9020399e-01 1.5822609e-01]]
probabilities: [[0.1678982  0.41801932 0.4140825 ]
 [0.65595603 0.07669862 0.26734534]
 [0.20266075 0.55182815 0.24551111]
 [0.5071615  0.01351282 0.47932568]
 [0.2267428  0.44294325 0.33031395]]
probabilities: [[0.13755976 0.52592576 0.3365145 ]
 [0.32120407 0.14285614 0.5359398 ]
 [0.10057417 0.42134398 0.47808185]
 [0.37769192 0.26230487 0.3600032 ]
 [0.03495103 0.8327768  0.1322722 ]]
probabilities: [[0.03299887 0.28812462 0.6788765 ]
 [0.44386846 0.24238487 0.3137467 ]
 [0.14847462 0.5879747  0.26355067]
 [0.12841399 0.0958343  0.7757517 ]
 [0.7700942  0.1849711  0.0449347 ]]
probabilities: [[0.24650621 0.4073699  0.34612384]
 [0.29731128 0.47614065 0.22654806]
 [0.2786757  0.16492546 0.55639887]
 [0.0311901  0.42887503 0.5399349 ]
 [0.58382785 0.3905481  0.02562404]]
probabilities: [[0. 0. 1.]
 [0. 1. 0.]
 [0. 1. 0.]
 [0. 0. 1.]
 [0. 0. 1.]]
probabilities: [[0.27294463 0.4375902  0.28946516]
 [0.22105044 0.42357874 0.35537082]
 [0.3046079  0.5065555  0.1888366 ]
 [0.5226513  0.37572536 0.10162332]
 [0.25258747 0.3753371  0.37207544]]
probabilities: [[0.37987676 0.2491212  0.37100202]
 [0.01647199 0.7496882  0.23383981]
 [0.034795   0.4359323  0.5292727 ]
 [0.43826076 0.54445404 0.01728522]
 [0.9154457  0.07473304 0.00982126]]
probabilities: [[0.41260153 0.20840997 0.3789885 ]
 [0.20226015 0.6178572  0.17988265]
 [0.25022075 0.19501632 0.5547629 ]
 [0.10392808 0.7951528  0.10091916]
 [0.5081414  0.12879631 0.36306232]]
probabilities: [[0.40641147 0.33938605 0.25420249]
 [0.5847253  0.14696863 0.26830605]
 [0.2881029  0.21425113 0.49764597]
 [0.36673513 0.39286873 0.24039616]
 [0.28113455 0.40577954 0.3130859 ]]
probabilities: [[0.33848208 0.64577305 0.01574485]
 [0.37072283 0.0164246  0.6128526 ]
 [0.00189413 0.33414507 0.66396075]
 [0.20620732 0.48031062 0.31348205]
 [0.32950324 0.5218532  0.14864355]]
probabilities: [[1. 0. 0.]
 [1. 0. 0.]
 [1. 0. 0.]
 [1. 0. 0.]
 [1. 0. 0.]]
probabilities: [[0.35924938 0.47072235 0.17002827]
 [0.6261929  0.03808977 0.33571732]
 [0.5474122  0.3149725  0.13761528]
 [0.4890131  0.07181636 0.43917054]
 [0.05155597 0.50588495 0.44255906]]
probabilities: [[0.68176645 0.19897164 0.11926191]
 [0.26095232 0.14435731 0.5946904 ]
 [0.02501909 0.0845057  0.8904752 ]
 [0.19589381 0.547661   0.25644517]
 [0.35339808 0.22609645 0.42050546]]
probabilities: [[0.51068    0.29385963 0.19546035]
 [0.33230138 0.537518   0.13018063]
 [0.7294343  0.03271408 0.23785163]
 [0.5258265  0.02687431 0.44729918]
 [0.83743894 0.01490799 0.14765306]]
probabilities: [[0.32246706 0.3168417  0.36069125]
 [0.08039064 0.61783797 0.3017714 ]
 [0.3421372  0.0490099  0.6088529 ]
 [0.43613902 0.07299769 0.4908633 ]
 [0.96888286 0.00242887 0.02868829]]
probabilities: [[0.10911176 0.21790181 0.67298645]
 [0.26319677 0.0937561  0.64304715]
 [0.13844956 0.06623212 0.7953183 ]
 [0.06467522 0.6150004  0.32032436]
 [0.6933738  0.2625813  0.04404489]]
probabilities: [[0. 1. 0.]
 [0. 1. 0.]
 [0. 1. 0.]
 [0. 1. 0.]
 [0. 1. 0.]]
probabilities: [[0.5825296  0.32698938 0.09048102]
 [0.20191684 0.28044903 0.51763415]
 [0.06556282 0.48981827 0.4446189 ]
 [0.38289726 0.37962863 0.23747411]
 [0.14765896 0.7588489  0.09349215]]
probabilities: [[0.8101147  0.09780634 0.092079  ]
 [0.11326339 0.6389286  0.247808  ]
 [0.12209874 0.00695098 0.8709503 ]
 [0.18538061 0.02280555 0.79181385]
 [0.4952039  0.02952843 0.47526765]]
probabilities: [[0.27532983 0.26939818 0.455272  ]
 [0.6893714  0.13880803 0.17182058]
 [0.84498334 0.01121862 0.14379805]
 [0.05919465 0.75403136 0.186774  ]
 [0.6022603  0.25315556 0.14458413]]
probabilities: [[0.16153225 0.7699209  0.06854688]
 [0.04064321 0.4010447  0.5583121 ]
 [0.72422844 0.25287497 0.02289662]
 [0.0052884  0.18502377 0.80968785]
 [0.65187186 0.32521236 0.0229158 ]]
probabilities: [[0.11701453 0.54507565 0.33790982]
 [0.26474032 0.52590925 0.20935047]
 [0.019626   0.17840976 0.8019643 ]
 [0.8022862  0.14687474 0.05083908]
 [0.27125305 0.3900942  0.33865276]]
probabilities: [[0. 0. 1.]
 [0. 1. 0.]
 [0. 0. 1.]
 [0. 0. 1.]
 [0. 0. 1.]]
probabilities: [[0.27998373 0.55044425 0.169572  ]
 [0.33688405 0.45691243 0.20620354]
 [0.90807766 0.05350296 0.0384194 ]
 [0.5553233  0.39730692 0.04736975]
 [0.1182455  0.12060277 0.76115173]]
probabilities: [[0.07845715 0.08341414 0.8381287 ]
 [0.14276183 0.09965039 0.7575878 ]
 [0.15778287 0.21879736 0.62341976]
 [0.260941   0.2152371  0.5238219 ]
 [0.01885858 0.40022406 0.58091736]]
probabilities: [[0.14504161 0.31493175 0.54002666]
 [0.95170736 0.01807745 0.03021521]
 [0.2983272  0.04820013 0.65347266]
 [0.4018448  0.09965645 0.49849877]
 [0.53544635 0.36061335 0.10394032]]
probabilities: [[0.19970593 0.1074241  0.69286996]
 [0.21085876 0.0471589  0.74198234]
 [0.33584908 0.06862373 0.5955272 ]
 [0.13333592 0.660904   0.20576008]
 [0.26132613 0.5897615  0.1489124 ]]
probabilities: [[0.1233522  0.7789906  0.09765717]
 [0.3716819  0.3700383  0.25827977]
 [0.19842818 0.30113992 0.5004319 ]
 [0.22569233 0.67242205 0.10188559]
 [0.0536418  0.62665355 0.31970468]]
probabilities: [[1. 0. 0.]
 [1. 0. 0.]
 [1. 0. 0.]
 [1. 0. 0.]
 [1. 0. 0.]]
probabilities: [[0.4737601  0.2837698  0.24247012]
 [0.48399043 0.41066056 0.10534901]
 [0.09179774 0.47773227 0.43047   ]
 [0.11639578 0.5243747  0.35922948]
 [0.32665935 0.05704049 0.61630017]]
probabilities: [[0.53140837 0.19482236 0.27376926]
 [0.15398368 0.64235365 0.20366266]
 [0.81713974 0.05795968 0.12490059]
 [0.17405553 0.30851498 0.5174295 ]
 [0.0112145  0.35350886 0.6352766 ]]
probabilities: [[0.31577486 0.45569682 0.22852834]
 [0.31921592 0.34408545 0.33669865]
 [0.6938726  0.20717144 0.09895597]
 [0.17067571 0.7158243  0.11349997]
 [0.72560817 0.03337476 0.24101709]]
probabilities: [[0.23154545 0.10271961 0.66573495]
 [0.00357238 0.8653112  0.13111643]
 [0.5441635  0.29550233 0.16033414]
 [0.22761501 0.47629634 0.29608867]
 [0.12523314 0.36016223 0.5146046 ]]
probabilities: [[0.8683039  0.01051968 0.12117643]
 [0.00610128 0.6250509  0.3688478 ]
 [0.06613557 0.483191   0.4506734 ]
 [0.05528859 0.12865096 0.8160605 ]
 [0.05148241 0.7523716  0.196146  ]]
probabilities: [[0. 0. 1.]
 [0. 1. 0.]
 [0. 0. 1.]
 [0. 0. 1.]
 [0. 0. 1.]]
probabilities: [[0.32166734 0.34479827 0.3335344 ]
 [0.2863737  0.07725932 0.63636696]
 [0.31565452 0.23705478 0.4472907 ]
 [0.23133428 0.5545985  0.21406724]
 [0.18956983 0.36222428 0.4482059 ]]
probabilities: [[0.05434403 0.1863192  0.75933677]
 [0.38303173 0.3524732  0.26449507]
 [0.3963662  0.30751175 0.29612204]
 [0.52329355 0.46609887 0.01060758]
 [0.09742893 0.722138   0.18043306]]
probabilities: [[0.67961717 0.24329187 0.07709099]
 [0.8144117  0.02105959 0.16452874]
 [0.7271869  0.25588334 0.01692976]
 [0.05817757 0.26458165 0.6772408 ]
 [0.14017211 0.19273528 0.6670926 ]]
probabilities: [[0.07660159 0.04985784 0.8735406 ]
 [0.41516772 0.08108849 0.50374377]
 [0.593821   0.14932534 0.25685367]
 [0.4704838  0.43821412 0.09130206]
 [0.1359329  0.0826144  0.7814527 ]]
probabilities: [[0.3189039  0.1456657  0.5354304 ]
 [0.6825512  0.29792953 0.01951925]
 [0.4576098  0.08706705 0.45532316]
 [0.6625406  0.05156413 0.28589526]
 [0.14146604 0.15076715 0.70776683]]
probabilities: [[0. 0. 1.]
 [0. 1. 0.]
 [0. 0. 1.]
 [0. 0. 1.]
 [0. 0. 1.]]
probabilities: [[0.62785757 0.1249972  0.24714524]
 [0.60853326 0.17172287 0.21974386]
 [0.22905234 0.235527   0.53542066]
 [0.37631992 0.37211004 0.25157008]
 [0.00446714 0.35066596 0.6448669 ]]
probabilities: [[0.86006105 0.12873691 0.01120204]
 [0.05265576 0.04128735 0.9060569 ]
 [0.26695985 0.12006044 0.6129797 ]
 [0.45878863 0.5073932  0.03381816]
 [0.7598761  0.20572193 0.03440198]]
probabilities: [[0.4409705  0.08817824 0.47085124]
 [0.17359316 0.6867746  0.13963221]
 [0.02021667 0.12687594 0.8529074 ]
 [0.14091186 0.5019757  0.3571124 ]
 [0.02822368 0.32655513 0.6452212 ]]
probabilities: [[0.16694029 0.4736635  0.35939622]
 [0.6249076  0.1494078  0.22568458]
 [0.15980753 0.33940467 0.5007878 ]
 [0.03059959 0.8806576  0.08874282]
 [0.8667447  0.02799454 0.10526077]]
probabilities: [[0.10213492 0.1713318  0.7265333 ]
 [0.18630089 0.318815   0.49488413]
 [0.13714644 0.7311306  0.13172294]
 [0.19844693 0.71630234 0.08525077]
 [0.0352105  0.02366862 0.94112086]]
probabilities: [[0. 0. 1.]
 [0. 1. 0.]
 [0. 1. 0.]
 [0. 0. 1.]
 [0. 0. 1.]]
probabilities: [[0.08838714 0.25818408 0.6534288 ]
 [0.19191937 0.487173   0.32090762]
 [0.21149692 0.3613076  0.4271955 ]
 [0.22885543 0.7431724  0.02797215]
 [0.49915838 0.01525047 0.48559114]]
probabilities: [[0.15692666 0.1906209  0.65245247]
 [0.16438323 0.13379301 0.7018238 ]
 [0.243313   0.5111554  0.24553157]
 [0.11388545 0.01760446 0.86851007]
 [0.16117719 0.7427071  0.09611576]]
probabilities: [[0.12000307 0.38732493 0.49267203]
 [0.38764593 0.53987086 0.0724832 ]
 [0.2834692  0.47449854 0.24203224]
 [0.33765042 0.3680902  0.29425937]
 [0.6889787  0.03315308 0.27786824]]
probabilities: [[0.03364357 0.8480445  0.11831188]
 [0.12057567 0.41849568 0.46092865]
 [0.02070245 0.00902262 0.9702749 ]
 [0.3902956  0.38579154 0.22391288]
 [0.3008246  0.24797581 0.45119956]]
probabilities: [[0.44930294 0.38690823 0.16378883]
 [0.54226136 0.11244514 0.3452935 ]
 [0.18599442 0.54277766 0.27122793]
 [0.3524813  0.02095682 0.6265619 ]
 [0.08400548 0.44043124 0.4755633 ]]
probabilities: [[0. 0. 1.]
 [0. 1. 0.]
 [0. 0. 1.]
 [0. 0. 1.]
 [0. 0. 1.]]
probabilities: [[0.4112257  0.1770749  0.41169938]
 [0.5940609  0.35875443 0.04718469]
 [0.7574868  0.0317656  0.21074755]
 [0.12800714 0.6830801  0.18891275]
 [0.20316967 0.46965623 0.3271741 ]]
probabilities: [[0.2959924  0.04115101 0.6628566 ]
 [0.41805696 0.23905633 0.3428867 ]
 [0.24855676 0.69691694 0.05452629]
 [0.15510584 0.34129885 0.5035953 ]
 [0.6115233  0.34001368 0.04846301]]
probabilities: [[0.65509546 0.15147789 0.19342667]
 [0.2607034  0.43475467 0.30454192]
 [0.67083865 0.05031549 0.27884585]
 [0.07544558 0.25788552 0.6666689 ]
 [0.26208574 0.4721479  0.26576635]]
probabilities: [[0.2847506  0.65914404 0.05610536]
 [0.15218224 0.45030653 0.3975112 ]
 [0.12714165 0.38385636 0.489002  ]
 [0.01590998 0.6326993  0.35139072]
 [0.24114992 0.6447897  0.11406037]]
probabilities: [[0.13465846 0.47180855 0.393533  ]
 [0.10629652 0.3601809  0.53352255]
 [0.4037946  0.47172147 0.12448395]
 [0.55496854 0.05140307 0.3936284 ]
 [0.57453066 0.08403926 0.34143007]]
probabilities: [[1. 0. 0.]
 [1. 0. 0.]
 [1. 0. 0.]
 [1. 0. 0.]
 [1. 0. 0.]]
probabilities: [[0.16515495 0.6446964  0.19014867]
 [0.02706107 0.71985227 0.25308663]
 [0.14964664 0.11892441 0.731429  ]
 [0.46669716 0.09661599 0.43668687]
 [0.20626834 0.77954626 0.01418542]]
probabilities: [[0.04343862 0.5040836  0.4524778 ]
 [0.44904828 0.06156176 0.48938996]
 [0.00968865 0.00226255 0.9880488 ]
 [0.07293468 0.762964   0.16410132]
 [0.42969412 0.24979334 0.32051256]]
probabilities: [[0.8624618  0.11605518 0.02148299]
 [0.09328495 0.5459482  0.36076683]
 [0.61993134 0.0746991  0.30536953]
 [0.06205445 0.78375643 0.1541891 ]
 [0.05632252 0.3077473  0.6359302 ]]
probabilities: [[0.04931791 0.77915823 0.17152384]
 [0.40737796 0.35565686 0.23696518]
 [0.23618938 0.44029117 0.32351944]
 [0.6883273  0.06878036 0.24289234]
 [0.1829119  0.5755865  0.24150158]]
probabilities: [[0.26730356 0.5112872  0.22140925]
 [0.69415426 0.29702646 0.00881927]
 [0.46658003 0.37943125 0.15398872]
 [0.4274963  0.13193026 0.44057342]
 [0.30173007 0.05555905 0.6427109 ]]
probabilities: [[0. 0. 1.]
 [0. 1. 0.]
 [0. 0. 1.]
 [0. 0. 1.]
 [0. 0. 1.]]
probabilities: [[0.34338796 0.16593194 0.4906801 ]
 [0.36828798 0.07106187 0.56065017]
 [0.4696179  0.3629261  0.16745599]
 [0.36022416 0.28146836 0.35830748]
 [0.1230845  0.3454093  0.5315062 ]]
probabilities: [[0.38323358 0.33706197 0.27970445]
 [0.41917795 0.45068267 0.13013938]
 [0.057105   0.93820065 0.00469433]
 [0.4176344  0.40687832 0.1754873 ]
 [0.16350657 0.03445593 0.8020375 ]]
probabilities: [[0.02124658 0.3977929  0.5809605 ]
 [0.25927883 0.59283406 0.14788713]
 [0.0547672  0.5760142  0.3692186 ]
 [0.9777038  0.015376   0.00692021]
 [0.5519841  0.10284881 0.34516713]]
probabilities: [[0.15335873 0.04247615 0.8041651 ]
 [0.21702883 0.02854075 0.7544304 ]
 [0.08862033 0.46051884 0.45086083]
 [0.64062685 0.05936108 0.30001208]
 [0.94023436 0.05349031 0.00627535]]
probabilities: [[0.6816287  0.14681019 0.17156112]
 [0.08877106 0.60809183 0.30313712]
 [0.03707684 0.10890882 0.85401434]
 [0.4819266  0.23686567 0.28120774]
 [0.554239   0.36170447 0.08405657]]
probabilities: [[0. 0. 1.]
 [0. 1. 0.]
 [0. 0. 1.]
 [0. 0. 1.]
 [0. 0. 1.]]
probabilities: [[0.36149737 0.45491853 0.18358408]
 [0.9242531  0.02923487 0.04651203]
 [0.02379581 0.81052274 0.16568142]
 [0.18450977 0.8033642  0.01212598]
 [0.26671463 0.17687163 0.55641377]]
probabilities: [[0.04514473 0.7310673  0.22378796]
 [0.06237258 0.5247833  0.4128441 ]
 [0.53504574 0.10641023 0.35854402]
 [0.23302713 0.5964375  0.17053534]
 [0.13271952 0.09993057 0.7673499 ]]
probabilities: [[0.11455667 0.6200325  0.2654108 ]
 [0.16984499 0.33164346 0.49851155]
 [0.36539456 0.60075945 0.03384602]
 [0.28880847 0.03072221 0.68046933]
 [0.5025695  0.14568491 0.3517456 ]]
probabilities: [[8.6536157e-01 1.0363321e-01 3.1005245e-02]
 [8.5996902e-01 1.3950574e-01 5.2524521e-04]
 [5.8158940e-01 2.8764343e-01 1.3076714e-01]
 [4.3367493e-04 1.6228658e-01 8.3727974e-01]
 [4.1116738e-01 4.7024068e-01 1.1859196e-01]]
probabilities: [[0.37188143 0.04728399 0.58083457]
 [0.23597278 0.39995757 0.36406967]
 [0.42960784 0.48327044 0.0871217 ]
 [0.17868707 0.35446885 0.46684408]
 [0.84891045 0.00305655 0.148033  ]]
probabilities: [[0. 1. 0.]
 [0. 1. 0.]
 [0. 1. 0.]
 [0. 1. 0.]
 [0. 1. 0.]]
probabilities: [[0.9361007  0.06004366 0.00385563]
 [0.39447603 0.26223707 0.3432869 ]
 [0.6000655  0.3526579  0.04727653]
 [0.23107009 0.41782603 0.35110387]
 [0.22148654 0.53408414 0.2444293 ]]
probabilities: [[0.6699625  0.0237734  0.30626404]
 [0.11713829 0.528701   0.35416073]
 [0.13786523 0.42479265 0.4373421 ]
 [0.19369821 0.63832664 0.16797513]
 [0.09754706 0.4903485  0.41210443]]
probabilities: [[0.07464492 0.0770848  0.8482703 ]
 [0.09079643 0.47105753 0.43814605]
 [0.6882576  0.20262875 0.10911369]
 [0.29106987 0.36799407 0.34093606]
 [0.09956951 0.06507397 0.83535653]]
probabilities: [[0.6956171  0.2989836  0.00539932]
 [0.26479235 0.63088334 0.10432431]
 [0.64749694 0.00515289 0.34735015]
 [0.37594473 0.17980151 0.44425377]
 [0.8581399  0.12540479 0.01645536]]
probabilities: [[0.5278862  0.2083591  0.2637547 ]
 [0.10718163 0.74214685 0.1506715 ]
 [0.258994   0.0828872  0.6581188 ]
 [0.10960073 0.5324557  0.35794362]
 [0.6288325  0.28430668 0.08686082]]
probabilities: [[0. 0. 1.]
 [0. 1. 0.]
 [0. 0. 1.]
 [0. 0. 1.]
 [0. 0. 1.]]
probabilities: [[0.2569285  0.70307267 0.03999881]
 [0.2553161  0.2768758  0.4678081 ]
 [0.2408579  0.57312477 0.18601735]
 [0.11624918 0.37255454 0.5111963 ]
 [0.1154552  0.01706276 0.86748207]]
probabilities: [[0.8763218  0.05155003 0.07212817]
 [0.6178339  0.10425285 0.2779132 ]
 [0.14967266 0.7307173  0.11961001]
 [0.06939817 0.25619727 0.67440456]
 [0.2892467  0.48500508 0.22574823]]
probabilities: [[0.0695495  0.24372566 0.68672484]
 [0.27080762 0.4358763  0.29331607]
 [0.51836413 0.23616062 0.24547525]
 [0.0589956  0.505525   0.43547937]
 [0.13226272 0.59143245 0.2763048 ]]
probabilities: [[0.17478603 0.37828305 0.44693092]
 [0.38427886 0.16781251 0.4479086 ]
 [0.10173709 0.47600758 0.42225534]
 [0.65009266 0.18687242 0.1630349 ]
 [0.01720945 0.8074312  0.17535934]]
probabilities: [[0.30052087 0.25556752 0.4439116 ]
 [0.43077767 0.077012   0.49221033]
 [0.5433931  0.32689705 0.12970985]
 [0.32448655 0.42550468 0.25000876]
 [0.20066735 0.20841254 0.5909201 ]]
probabilities: [[0. 0. 1.]
 [0. 1. 0.]
 [0. 1. 0.]
 [0. 0. 1.]
 [0. 0. 1.]]
probabilities: [[0.7400837  0.14332819 0.11658812]
 [0.15182982 0.48973617 0.35843402]
 [0.09534241 0.15971893 0.7449387 ]
 [0.7097966  0.17765647 0.11254694]
 [0.16698757 0.11181285 0.7211996 ]]
probabilities: [[0.2887883  0.35718682 0.35402486]
 [0.3128743  0.57638466 0.11074103]
 [0.23642792 0.6577498  0.10582228]
 [0.57464224 0.324184   0.10117375]
 [0.16056521 0.07510562 0.76432914]]
probabilities: [[0.1996657  0.5561728  0.24416149]
 [0.60210973 0.17570247 0.22218783]
 [0.21007945 0.02941729 0.76050323]
 [0.1961928  0.302381   0.5014262 ]
 [0.11914339 0.76493555 0.11592107]]
probabilities: [[0.10755511 0.04768254 0.8447624 ]
 [0.02356725 0.00717041 0.96926236]
 [0.64597803 0.04612525 0.3078967 ]
 [0.2605429  0.1822686  0.5571885 ]
 [0.22798385 0.37965238 0.39236376]]
probabilities: [[0.13309902 0.4220249  0.44487607]
 [0.55599594 0.27367976 0.17032428]
 [0.31483757 0.48824826 0.19691417]
 [0.38202095 0.41988465 0.1980944 ]
 [0.59743935 0.05968624 0.3428744 ]]
probabilities: [[0. 1. 0.]
 [0. 1. 0.]
 [0. 1. 0.]
 [0. 1. 0.]
 [0. 1. 0.]]
probabilities: [[0.09395279 0.6415399  0.26450735]
 [0.38587067 0.25443482 0.3596945 ]
 [0.09411696 0.6177551  0.28812793]
 [0.21897066 0.02728637 0.753743  ]
 [0.31287286 0.24156624 0.44556087]]
probabilities: [[0.06192312 0.7181345  0.21994235]
 [0.07485379 0.69955087 0.22559536]
 [0.5715292  0.20984574 0.21862502]
 [0.14727844 0.06265417 0.7900674 ]
 [0.02571807 0.92630804 0.04797391]]
probabilities: [[0.17973983 0.7082362  0.11202396]
 [0.06974684 0.4893892  0.44086394]
 [0.7546045  0.09189305 0.15350243]
 [0.7716844  0.14186746 0.08644811]
 [0.5618822  0.25928167 0.17883618]]
probabilities: [[0.24239199 0.51623017 0.24137783]
 [0.3723655  0.25045756 0.37717694]
 [0.40897664 0.33853808 0.25248528]
 [0.28551343 0.61214304 0.10234357]
 [0.15027061 0.04578222 0.80394715]]
probabilities: [[0.05642193 0.7606406  0.18293744]
 [0.22701295 0.5726911  0.20029594]
 [0.28712294 0.1502768  0.5626003 ]
 [0.80365884 0.0432259  0.15311524]
 [0.31018853 0.2688987  0.42091277]]
probabilities: [[1. 0. 0.]
 [1. 0. 0.]
 [1. 0. 0.]
 [1. 0. 0.]
 [1. 0. 0.]]
probabilities: [[0.28754932 0.17390047 0.5385502 ]
 [0.48253578 0.24058461 0.2768796 ]
 [0.13792185 0.14809854 0.7139796 ]
 [0.89284474 0.03430257 0.07285269]
 [0.24825747 0.5967552  0.15498732]]
probabilities: [[0.3903415  0.43858215 0.17107634]
 [0.06207076 0.11348451 0.8244447 ]
 [0.4875897  0.27613768 0.23627263]
 [0.18224779 0.430311   0.38744122]
 [0.01653302 0.7475651  0.23590188]]
probabilities: [[0.10774302 0.6038785  0.28837848]
 [0.11656553 0.8025078  0.08092666]
 [0.14564942 0.30661023 0.54774034]
 [0.45895573 0.4643007  0.07674357]
 [0.56782234 0.09691484 0.33526286]]
probabilities: [[0.00311645 0.2118665  0.7850171 ]
 [0.04660873 0.11016928 0.84322196]
 [0.35099643 0.21776477 0.4312388 ]
 [0.02218722 0.7513952  0.22641753]
 [0.6109847  0.34019947 0.04881584]]
probabilities: [[0.03169983 0.21278822 0.75551194]
 [0.5859079  0.0772166  0.33687553]
 [0.90030754 0.03102791 0.06866454]
 [0.57164115 0.10264439 0.32571447]
 [0.21050923 0.1015547  0.68793607]]
probabilities: [[0. 0. 1.]
 [0. 1. 0.]
 [0. 0. 1.]
 [0. 0. 1.]
 [0. 0. 1.]]
probabilities: [[0.18554433 0.08036885 0.7340868 ]
 [0.5902093  0.22220299 0.18758772]
 [0.7045411  0.14583631 0.14962262]
 [0.87201935 0.06613413 0.06184655]
 [0.65265137 0.2265306  0.12081803]]
probabilities: [[0.79056746 0.06347576 0.14595677]
 [0.15841836 0.06441483 0.7771668 ]
 [0.8051297  0.16131903 0.03355129]
 [0.42362595 0.55783314 0.01854094]
 [0.28777093 0.39916477 0.31306434]]
probabilities: [[0.0751494  0.6877864  0.23706421]
 [0.0929369  0.75130457 0.15575856]
 [0.28920534 0.38665295 0.3241417 ]
 [0.19795206 0.57108015 0.23096777]
 [0.32140633 0.3196252  0.35896847]]
probabilities: [[0.25034216 0.00903439 0.7406235 ]
 [0.10515678 0.5904183  0.30442494]
 [0.21339308 0.35926294 0.42734396]
 [0.8036606  0.14312513 0.0532143 ]
 [0.15843819 0.5006984  0.34086344]]
probabilities: [[0.603869   0.0022898  0.39384118]
 [0.06359094 0.8478457  0.08856336]
 [0.14955576 0.39757094 0.4528733 ]
 [0.04245407 0.39032915 0.56721675]
 [0.49996302 0.19371432 0.30632266]]
probabilities: [[1. 0. 0.]
 [1. 0. 0.]
 [1. 0. 0.]
 [1. 0. 0.]
 [1. 0. 0.]]
probabilities: [[0.12854323 0.59073347 0.2807233 ]
 [0.05619011 0.50970876 0.43410113]
 [0.3404143  0.24648029 0.41310543]
 [0.20639467 0.2337124  0.5598929 ]
 [0.43010068 0.30095223 0.2689471 ]]
probabilities: [[4.9661082e-01 4.0286320e-01 1.0052595e-01]
 [1.6935423e-01 7.2134912e-02 7.5851089e-01]
 [8.2324289e-02 5.5925560e-01 3.5842010e-01]
 [5.7701801e-04 4.1991693e-01 5.7950604e-01]
 [3.3562276e-01 3.4918016e-01 3.1519708e-01]]
probabilities: [[0.10446796 0.5337924  0.36173967]
 [0.1432383  0.3124679  0.54429376]
 [0.02192319 0.34786612 0.6302107 ]
 [0.7615466  0.12473824 0.11371517]
 [0.16661885 0.82573813 0.00764301]]
probabilities: [[0.91628164 0.01043387 0.0732845 ]
 [0.31986073 0.6297701  0.05036916]
 [0.07272644 0.9140735  0.01320002]
 [0.60887843 0.33342847 0.0576931 ]
 [0.04499385 0.9375167  0.01748945]]
probabilities: [[0.30238912 0.29858166 0.39902923]
 [0.4753299  0.09845099 0.4262191 ]
 [0.88952506 0.01772387 0.09275109]
 [0.46889257 0.20058201 0.3305254 ]
 [0.44541085 0.26462427 0.28996488]]
probabilities: [[0. 0. 1.]
 [0. 1. 0.]
 [0. 1. 0.]
 [0. 0. 1.]
 [0. 0. 1.]]
probabilities: [[0.4453121  0.10355234 0.45113555]
 [0.7345757  0.19378987 0.07163446]
 [0.35280386 0.32710472 0.32009143]
 [0.07410263 0.05663278 0.8692646 ]
 [0.517501   0.46836868 0.01413033]]
probabilities: [[0.44333768 0.10603718 0.45062515]
 [0.06686878 0.41547793 0.5176533 ]
 [0.8443956  0.12315018 0.03245426]
 [0.49994946 0.47063518 0.02941537]
 [0.695779   0.26143754 0.04278342]]
probabilities: [[0.499604   0.23107979 0.26931623]
 [0.34727877 0.07219028 0.58053094]
 [0.7689887  0.21419016 0.01682115]
 [0.06520241 0.41683176 0.5179658 ]
 [0.44168755 0.51627004 0.04204243]]
probabilities: [[0.33458075 0.17590848 0.48951077]
 [0.51013696 0.2195198  0.27034324]
 [0.16196026 0.16025695 0.6777828 ]
 [0.04355032 0.18050125 0.7759484 ]
 [0.02941115 0.07353062 0.89705825]]
probabilities: [[0.02239585 0.87452537 0.10307879]
 [0.40800092 0.03367662 0.5583224 ]
 [0.25230768 0.17565873 0.5720336 ]
 [0.11204714 0.6909436  0.19700925]
 [0.51239324 0.19066335 0.2969434 ]]
probabilities: [[0. 0. 1.]
 [0. 1. 0.]
 [0. 1. 0.]
 [0. 0. 1.]
 [0. 0. 1.]]
probabilities: [[0.09574607 0.03997768 0.86427623]
 [0.00401037 0.5069653  0.4890243 ]
 [0.8769175  0.10517083 0.01791172]
 [0.12279622 0.14691132 0.73029244]
 [0.88522285 0.0793353  0.03544185]]
probabilities: [[0.5356891  0.36775544 0.09655543]
 [0.11922238 0.821137   0.05964062]
 [0.06029991 0.88801485 0.05168525]
 [0.51778215 0.4346598  0.04755802]
 [0.2812458  0.13471161 0.5840426 ]]
probabilities: [[0.26627615 0.22331798 0.51040584]
 [0.2724368  0.67807007 0.04949317]
 [0.10146975 0.28091392 0.6176163 ]
 [0.80737835 0.03152183 0.1610998 ]
 [0.43581235 0.02752109 0.5366666 ]]
probabilities: [[0.40161788 0.5088732  0.08950888]
 [0.375072   0.01795091 0.60697705]
 [0.49569374 0.14311637 0.3611899 ]
 [0.39035693 0.3418361  0.26780698]
 [0.76584095 0.13922538 0.0949337 ]]
probabilities: [[0.29432008 0.04269312 0.6629868 ]
 [0.08518754 0.4716896  0.44312286]
 [0.01642799 0.77150476 0.21206723]
 [0.02334153 0.78605247 0.190606  ]
 [0.03847623 0.03101006 0.93051374]]
probabilities: [[1. 0. 0.]
 [1. 0. 0.]
 [1. 0. 0.]
 [1. 0. 0.]
 [1. 0. 0.]]
probabilities: [[0.16963822 0.28147596 0.5488858 ]
 [0.03457605 0.5457936  0.41963035]
 [0.6869325  0.03945702 0.27361044]
 [0.02321634 0.2650539  0.71172976]
 [0.3581403  0.18602543 0.45583427]]
probabilities: [[0.35865846 0.3236173  0.31772423]
 [0.40648875 0.21785493 0.3756563 ]
 [0.5575946  0.24587128 0.19653411]
 [0.0448202  0.8426002  0.1125796 ]
 [0.4335991  0.27786943 0.28853145]]
probabilities: [[0.21295483 0.673389   0.11365617]
 [0.10451864 0.59914577 0.2963356 ]
 [0.1372224  0.60460746 0.25817013]
 [0.629289   0.11983839 0.25087264]
 [0.2136726  0.2394438  0.54688364]]
probabilities: [[0.27025574 0.52340627 0.20633802]
 [0.39788806 0.19468786 0.40742406]
 [0.00724775 0.07771096 0.91504127]
 [0.33707142 0.08737203 0.5755566 ]
 [0.5571258  0.43814883 0.00472535]]
probabilities: [[0.8450545  0.04752156 0.10742392]
 [0.04285556 0.7442196  0.21292484]
 [0.04268336 0.42535993 0.53195673]
 [0.34429407 0.63817006 0.01753583]
 [0.01015261 0.17360379 0.8162436 ]]
probabilities: [[1. 0. 0.]
 [1. 0. 0.]
 [1. 0. 0.]
 [1. 0. 0.]
 [1. 0. 0.]]
probabilities: [[0.03243858 0.03007419 0.93748724]
 [0.9598908  0.03592551 0.00418369]
 [0.4373998  0.3549397  0.2076605 ]
 [0.5654404  0.12490793 0.30965167]
 [0.57275397 0.1583251  0.26892093]]
probabilities: [[0.15170673 0.6029632  0.24533005]
 [0.6993622  0.17785302 0.12278476]
 [0.16997063 0.13074242 0.69928694]
 [0.28712445 0.5158195  0.19705607]
 [0.5022867  0.2738764  0.22383694]]
probabilities: [[0.5415403  0.03207548 0.42638415]
 [0.41540122 0.35562193 0.22897683]
 [0.65990573 0.27324232 0.06685192]
 [0.43379688 0.00767902 0.5585241 ]
 [0.0388873  0.27479884 0.68631387]]
probabilities: [[0.40424266 0.3109889  0.28476843]
 [0.43441707 0.54662865 0.01895425]
 [0.0816238  0.84402066 0.07435551]
 [0.66472214 0.059366   0.27591187]
 [0.09047836 0.41292554 0.4965961 ]]
probabilities: [[0.4325752  0.44893783 0.11848697]
 [0.21621987 0.2107028  0.5730773 ]
 [0.78904414 0.06444496 0.14651088]
 [0.35242558 0.3061429  0.34143153]
 [0.7759165  0.20451477 0.01956869]]
probabilities: [[0. 0. 1.]
 [0. 1. 0.]
 [0. 1. 0.]
 [0. 0. 1.]
 [0. 0. 1.]]
probabilities: [[0.16981761 0.36675844 0.46342397]
 [0.59414494 0.04747784 0.35837722]
 [0.7242908  0.20244645 0.07326279]
 [0.3578041  0.27301025 0.36918566]
 [0.6922827  0.1659505  0.14176682]]
probabilities: [[0.5122399  0.24250062 0.24525952]
 [0.2781198  0.67403966 0.04784051]
 [0.79008514 0.16370621 0.04620868]
 [0.7300462  0.05930045 0.21065332]
 [0.3496953  0.28776312 0.3625416 ]]
probabilities: [[0.6039153  0.18368581 0.21239895]
 [0.6642943  0.2868729  0.0488328 ]
 [0.16768254 0.13837554 0.69394195]
 [0.17454842 0.13231511 0.69313645]
 [0.37955034 0.561822   0.05862767]]
probabilities: [[0.34552017 0.5194048  0.13507499]
 [0.4763351  0.31938565 0.20427924]
 [0.74267495 0.09433798 0.1629871 ]
 [0.29189762 0.35690555 0.35119683]
 [0.24165715 0.36868107 0.3896618 ]]
probabilities: [[0.36086896 0.4570994  0.18203162]
 [0.08315874 0.6322943  0.28454694]
 [0.6453921  0.21889175 0.13571613]
 [0.6634718  0.2076142  0.12891397]
 [0.2090826  0.04965135 0.7412661 ]]
probabilities: [[0. 0. 1.]
 [0. 1. 0.]
 [0. 1. 0.]
 [0. 0. 1.]
 [0. 0. 1.]]
probabilities: [[0.27002454 0.719444   0.01053149]
 [0.22297351 0.74269074 0.03433574]
 [0.17131796 0.2700727  0.5586093 ]
 [0.5844751  0.12379254 0.29173237]
 [0.6247582  0.31624758 0.05899426]]
probabilities: [[0.06695341 0.25700593 0.67604065]
 [0.37470177 0.05662452 0.56867373]
 [0.7355805  0.10141314 0.16300637]
 [0.12572728 0.41464514 0.45962757]
 [0.51058614 0.313524   0.17588983]]
probabilities: [[0.35184667 0.3567475  0.29140583]
 [0.27482933 0.42675704 0.29841366]
 [0.67421216 0.15192342 0.17386441]
 [0.13257322 0.05004888 0.8173779 ]
 [0.40412146 0.26044858 0.33542997]]
probabilities: [[0.07886723 0.7765393  0.14459343]
 [0.01798108 0.44074157 0.54127735]
 [0.13534196 0.7575565  0.10710154]
 [0.26208737 0.22250655 0.5154061 ]
 [0.4669466  0.03081145 0.5022419 ]]
probabilities: [[0.12460131 0.80316114 0.07223752]
 [0.4274842  0.3865527  0.18596308]
 [0.28273997 0.12582834 0.5914317 ]
 [0.17368689 0.47848114 0.34783196]
 [0.18222204 0.11210208 0.7056759 ]]
probabilities: [[0. 0. 1.]
 [0. 1. 0.]
 [0. 1. 0.]
 [0. 0. 1.]
 [0. 0. 1.]]
probabilities: [[3.4608909e-01 4.5959198e-01 1.9431894e-01]
 [5.5056030e-01 3.3738580e-01 1.1205390e-01]
 [5.8823889e-01 4.1121885e-01 5.4224516e-04]
 [3.9958119e-01 5.7154691e-01 2.8871879e-02]
 [5.0750947e-01 4.5360571e-01 3.8884841e-02]]
probabilities: [[0.6072654  0.20347764 0.18925698]
 [0.19220382 0.45821851 0.34957767]
 [0.08817701 0.8595411  0.05228189]
 [0.05201628 0.92504114 0.02294258]
 [0.00824921 0.855439   0.13631178]]
probabilities: [[0.90640783 0.06413661 0.02945554]
 [0.22987388 0.41498736 0.35513878]
 [0.3979231  0.01007323 0.59200364]
 [0.37571037 0.47968754 0.14460209]
 [0.02239506 0.28018373 0.6974212 ]]
probabilities: [[0.71131796 0.1073748  0.18130721]
 [0.1744704  0.482734   0.3427956 ]
 [0.7391115  0.06333019 0.19755831]
 [0.22635365 0.66061586 0.11303048]
 [0.06388885 0.8636306  0.07248059]]
probabilities: [[0.16269183 0.19854282 0.63876534]
 [0.1159821  0.06377725 0.8202407 ]
 [0.5399882  0.10271926 0.3572925 ]
 [0.8155149  0.04897145 0.13551365]
 [0.01722352 0.20585603 0.77692044]]
probabilities: [[0. 1. 0.]
 [0. 1. 0.]
 [0. 1. 0.]
 [0. 1. 0.]
 [0. 1. 0.]]
probabilities: [[0.11502404 0.49773133 0.3872446 ]
 [0.12419785 0.8024592  0.07334299]
 [0.31279653 0.18523182 0.50197166]
 [0.76200485 0.034371   0.20362417]
 [0.45521036 0.37063968 0.17414998]]
probabilities: [[1.7108196e-01 7.3899484e-01 8.9923218e-02]
 [9.1625977e-01 1.7430136e-04 8.3565965e-02]
 [2.4942499e-02 6.1935866e-01 3.5569885e-01]
 [6.6512996e-01 9.4824530e-02 2.4004552e-01]
 [4.6868259e-01 4.0690276e-01 1.2441465e-01]]
probabilities: [[0.58237827 0.18382323 0.23379853]
 [0.19373368 0.52299744 0.28326887]
 [0.7313224  0.19782504 0.07085254]
 [0.00756613 0.67001945 0.32241443]
 [0.0224631  0.36598232 0.61155456]]
probabilities: [[0.09961295 0.64377654 0.25661048]
 [0.64819187 0.25158247 0.10022564]
 [0.18181665 0.08785954 0.7303238 ]
 [0.48498094 0.03661972 0.47839934]
 [0.25605154 0.23578973 0.50815874]]
probabilities: [[0.4056396  0.37536293 0.2189975 ]
 [0.14117056 0.70992357 0.14890586]
 [0.38437617 0.12283339 0.49279043]
 [0.11115098 0.14078255 0.7480665 ]
 [0.30579996 0.33973542 0.35446462]]
probabilities: [[0. 0. 1.]
 [0. 1. 0.]
 [0. 0. 1.]
 [0. 0. 1.]
 [0. 0. 1.]]
probabilities: [[0.05692395 0.04572982 0.8973462 ]
 [0.05736041 0.435496   0.5071436 ]
 [0.4317835  0.07811173 0.49010476]
 [0.56670004 0.21986239 0.21343759]
 [0.36066642 0.19381508 0.4455185 ]]
probabilities: [[0.25273687 0.18062438 0.56663877]
 [0.33410335 0.57460916 0.09128751]
 [0.64449704 0.26536942 0.09013352]
 [0.475748   0.01202159 0.5122304 ]
 [0.9406764  0.02495386 0.03436972]]
probabilities: [[0.38434535 0.13408732 0.48156732]
 [0.29198253 0.12015457 0.5878629 ]
 [0.7189347  0.19304626 0.08801901]
 [0.17697039 0.09538359 0.727646  ]
 [0.12065999 0.5300072  0.34933284]]
probabilities: [[0.34093413 0.12092544 0.5381404 ]
 [0.64565384 0.2604052  0.09394097]
 [0.5287339  0.12677246 0.34449366]
 [0.48212308 0.09930091 0.41857603]
 [0.32685503 0.41861156 0.2545334 ]]
probabilities: [[0.17090258 0.6320742  0.19702327]
 [0.81144047 0.10205832 0.08650123]
 [0.03615446 0.84236723 0.12147834]
 [0.5780121  0.3621056  0.05988229]
 [0.17059311 0.69591045 0.13349642]]
probabilities: [[0. 0. 1.]
 [0. 1. 0.]
 [0. 1. 0.]
 [0. 0. 1.]
 [0. 0. 1.]]
probabilities: [[0.70109123 0.02221698 0.2766918 ]
 [0.3634933  0.17886856 0.45763814]
 [0.00921594 0.31168434 0.67909974]
 [0.07783453 0.29524782 0.62691766]
 [0.5533921  0.21297842 0.23362947]]
probabilities: [[0.10953296 0.42151886 0.46894816]
 [0.3124357  0.09930445 0.5882599 ]
 [0.94362676 0.04962566 0.00674756]
 [0.14038265 0.28236425 0.5772531 ]
 [0.5734893  0.34877577 0.07773495]]
probabilities: [[0.86115706 0.00980515 0.1290378 ]
 [0.11629196 0.11726068 0.76644737]
 [0.22248039 0.73889446 0.03862512]
 [0.09212306 0.52765584 0.3802211 ]
 [0.08058137 0.5663706  0.353048  ]]
probabilities: [[0.55845815 0.24533309 0.19620878]
 [0.35394502 0.33328566 0.31276932]
 [0.52803504 0.02765147 0.4443135 ]
 [0.02980958 0.5526752  0.41751522]
 [0.09546421 0.61890876 0.285627  ]]
probabilities: [[0.23607968 0.701186   0.06273431]
 [0.3030436  0.26920077 0.42775562]
 [0.16589363 0.1720772  0.66202915]
 [0.7119591  0.13808385 0.14995703]
 [0.6847833  0.17532974 0.13988696]]
probabilities: [[0. 0. 1.]
 [0. 1. 0.]
 [0. 1. 0.]
 [0. 0. 1.]
 [0. 0. 1.]]
probabilities: [[0.6717909  0.1385045  0.18970461]
 [0.0579536  0.29523125 0.6468152 ]
 [0.16999996 0.32409278 0.50590724]
 [0.17622022 0.25058258 0.5731972 ]
 [0.03532005 0.54275    0.42192993]]
probabilities: [[0.09043753 0.6569022  0.25266027]
 [0.6779911  0.25831392 0.06369495]
 [0.08550823 0.868916   0.04557579]
 [0.17783639 0.20390803 0.61825556]
 [0.33785734 0.22567435 0.43646833]]
probabilities: [[0.16718541 0.68310183 0.14971274]
 [0.46048287 0.29519224 0.24432491]
 [0.0857692  0.4994936  0.4147372 ]
 [0.4706178  0.22312419 0.306258  ]
 [0.48919398 0.31127542 0.19953062]]
probabilities: [[0.6700161  0.32315537 0.00682851]
 [0.61195666 0.36606836 0.02197499]
 [0.1915515  0.51444423 0.29400423]
 [0.71657103 0.05970487 0.22372413]
 [0.16722076 0.6995982  0.13318107]]
probabilities: [[0.8400505  0.02075681 0.13919266]
 [0.05818606 0.7775238  0.16429013]
 [0.66697305 0.03835413 0.29467282]
 [0.14107701 0.3758905  0.4830325 ]
 [0.37543496 0.60953975 0.01502529]]
probabilities: [[0. 1. 0.]
 [0. 1. 0.]
 [0. 1. 0.]
 [0. 1. 0.]
 [0. 1. 0.]]
probabilities: [[0.7481401  0.12169103 0.13016887]
 [0.13515124 0.34025764 0.52459115]
 [0.24474272 0.3031188  0.4521385 ]
 [0.44303802 0.5265647  0.03039725]
 [0.2643121  0.66722673 0.06846116]]
probabilities: [[0.51699156 0.01634185 0.46666658]
 [0.6019745  0.03464725 0.3633783 ]
 [0.2031614  0.15045583 0.64638275]
 [0.26750562 0.4453138  0.28718057]
 [0.01090038 0.5159743  0.4731253 ]]
probabilities: [[0.6572127  0.13750723 0.20528011]
 [0.24751386 0.62850004 0.12398609]
 [0.51280767 0.37384737 0.113345  ]
 [0.37945387 0.55436915 0.06617698]
 [0.77359235 0.0780971  0.14831056]]
