probabilities: [[0. 0. 1.]
 [0. 1. 0.]
 [0. 1. 0.]
 [0. 0. 1.]
 [0. 0. 1.]]
probabilities: [[0.6490017  0.24454536 0.10645295]
 [0.52663267 0.10340155 0.3699658 ]
 [0.50407344 0.01785061 0.47807592]
 [0.5984998  0.09306184 0.3084384 ]
 [0.08988614 0.5273678  0.38274613]]
probabilities: [[0.21580991 0.4979833  0.28620678]
 [0.6546811  0.24997576 0.09534318]
 [0.04366334 0.02984396 0.9264927 ]
 [0.07153344 0.16639167 0.7620749 ]
 [0.7112326  0.01120784 0.27755952]]
probabilities: [[0.1019934  0.28052258 0.61748403]
 [0.38069853 0.32443014 0.29487133]
 [0.01863148 0.3971511  0.5842174 ]
 [0.31479734 0.46629348 0.21890919]
 [0.60711926 0.20737554 0.18550521]]
probabilities: [[0.07859474 0.20457324 0.71683204]
 [0.4911629  0.2902045  0.2186326 ]
 [0.17435324 0.12204088 0.7036059 ]
 [0.17296104 0.43560913 0.3914298 ]
 [0.21260577 0.41813764 0.3692566 ]]
probabilities: [[0.79870814 0.19009988 0.01119197]
 [0.8813777  0.03609179 0.08253048]
 [0.18633568 0.25082108 0.5628432 ]
 [0.46015343 0.483988   0.05585861]
 [0.6512825  0.01228945 0.33642805]]
probabilities: [[0. 1. 0.]
 [0. 1. 0.]
 [0. 1. 0.]
 [0. 1. 0.]
 [0. 1. 0.]]
probabilities: [[0.00876351 0.55557746 0.43565902]
 [0.22046594 0.54326224 0.23627184]
 [0.74696815 0.19659023 0.0564416 ]
 [0.42906392 0.04625419 0.5246819 ]
 [0.08609026 0.6582951  0.25561467]]
probabilities: [[0.33225188 0.22306892 0.4446792 ]
 [0.09485044 0.21503702 0.69011253]
 [0.39218438 0.60588884 0.0019268 ]
 [0.3058902  0.5269913  0.16711852]
 [0.12155328 0.39941812 0.47902858]]
probabilities: [[0.57045436 0.00795823 0.42158744]
 [0.18321915 0.25241286 0.564368  ]
 [0.47784576 0.28773686 0.23441736]
 [0.1028261  0.39822012 0.49895376]
 [0.3629191  0.05109526 0.58598566]]
probabilities: [[0.86614704 0.07538609 0.05846686]
 [0.1646753  0.66819626 0.16712843]
 [0.19419068 0.26243523 0.54337406]
 [0.2482046  0.5041552  0.24764018]
 [0.35115328 0.32002982 0.3288169 ]]
probabilities: [[0.1682689  0.67623097 0.15550013]
 [0.5314639  0.3569616  0.11157447]
 [0.20972386 0.0814782  0.70879793]
 [0.27694383 0.12805104 0.5950051 ]
 [0.11946274 0.5086899  0.3718474 ]]
probabilities: [[1. 0. 0.]
 [1. 0. 0.]
 [1. 0. 0.]
 [1. 0. 0.]
 [1. 0. 0.]]
probabilities: [[0.00312082 0.90167516 0.095204  ]
 [0.39486638 0.34199646 0.26313716]
 [0.41274256 0.20792472 0.37933272]
 [0.24299538 0.23552184 0.52148277]
 [0.0138719  0.9593839  0.02674417]]
probabilities: [[0.03414512 0.01299881 0.95285606]
 [0.15187533 0.7859886  0.06213607]
 [0.7684463  0.1031516  0.1284021 ]
 [0.80971897 0.14976513 0.0405159 ]
 [0.00454143 0.9303818  0.06507681]]
probabilities: [[0.5924709  0.36970115 0.03782795]
 [0.06279773 0.76244503 0.17475724]
 [0.17983544 0.17940228 0.64076227]
 [0.03045975 0.15777694 0.8117633 ]
 [0.98662907 0.01179754 0.0015734 ]]
probabilities: [[0.0104223  0.8298712  0.15970655]
 [0.28478062 0.2622318  0.45298758]
 [0.53250843 0.05448934 0.41300225]
 [0.54269135 0.304938   0.15237065]
 [0.0354097  0.42605698 0.53853333]]
probabilities: [[0.0043108  0.16357644 0.8321127 ]
 [0.34876043 0.3415367  0.3097029 ]
 [0.08324072 0.25928384 0.6574755 ]
 [0.21213065 0.06680461 0.72106475]
 [0.4508997  0.0922346  0.45686573]]
probabilities: [[0. 0. 1.]
 [0. 1. 0.]
 [0. 1. 0.]
 [0. 0. 1.]
 [0. 0. 1.]]
probabilities: [[0.6543738  0.02520962 0.3204166 ]
 [0.11354039 0.67994285 0.20651679]
 [0.5359982  0.2892899  0.1747119 ]
 [0.2018563  0.31790867 0.48023504]
 [0.3730705  0.3666455  0.260284  ]]
probabilities: [[0.25968733 0.198283   0.5420297 ]
 [0.49971852 0.11487851 0.38540295]
 [0.51629287 0.01405618 0.46965095]
 [0.08586965 0.4751326  0.43899775]
 [0.5950067  0.31093183 0.0940615 ]]
probabilities: [[0.29064316 0.07165586 0.637701  ]
 [0.08577982 0.32029507 0.5939251 ]
 [0.3260875  0.3147595  0.359153  ]
 [0.6266231  0.07255426 0.30082268]
 [0.10694318 0.20951673 0.6835401 ]]
probabilities: [[0.28660884 0.07874213 0.63464904]
 [0.5757841  0.22122414 0.20299175]
 [0.19149362 0.53412133 0.27438504]
 [0.45854554 0.20009308 0.3413614 ]
 [0.78947544 0.18620296 0.02432157]]
probabilities: [[0.27036607 0.5561952  0.17343876]
 [0.05143376 0.35299036 0.59557587]
 [0.73126006 0.10650718 0.16223274]
 [0.08248036 0.45837182 0.45914784]
 [0.20443349 0.10063244 0.69493407]]
probabilities: [[1. 0. 0.]
 [1. 0. 0.]
 [1. 0. 0.]
 [1. 0. 0.]
 [1. 0. 0.]]
probabilities: [[0.2706132  0.6663121  0.06307469]
 [0.21920733 0.75229293 0.02849974]
 [0.32476655 0.51269233 0.16254114]
 [0.4676216  0.14282314 0.38955528]
 [0.45894304 0.12218159 0.41887537]]
probabilities: [[0.41594365 0.27000433 0.31405202]
 [0.22178964 0.43508267 0.34312767]
 [0.07963481 0.76614994 0.15421526]
 [0.62292826 0.02276986 0.3543019 ]
 [0.77508825 0.13825546 0.08665628]]
probabilities: [[0.00356588 0.04966647 0.9467676 ]
 [0.28922293 0.25971693 0.45106015]
 [0.03493529 0.5481538  0.41691092]
 [0.16848353 0.56385183 0.26766467]
 [0.09619609 0.16561523 0.7381887 ]]
probabilities: [[0.53216326 0.20591971 0.26191705]
 [0.12300763 0.09277611 0.7842163 ]
 [0.9613215  0.02768708 0.01099142]
 [0.6816901  0.22127877 0.09703111]
 [0.11641409 0.7964197  0.08716621]]
probabilities: [[0.39803705 0.28423265 0.31773034]
 [0.59973776 0.3400998  0.06016246]
 [0.06388541 0.7938997  0.14221488]
 [0.16509305 0.2633279  0.57157904]
 [0.14973617 0.5776712  0.27259266]]
probabilities: [[0. 0. 1.]
 [0. 1. 0.]
 [0. 0. 1.]
 [0. 0. 1.]
 [0. 0. 1.]]
probabilities: [[0.06540036 0.16580872 0.7687909 ]
 [0.07743574 0.32361087 0.5989534 ]
 [0.09373816 0.52485394 0.3814079 ]
 [0.16065885 0.04035367 0.79898745]
 [0.6192854  0.12777388 0.2529407 ]]
probabilities: [[0.79154074 0.02107192 0.18738733]
 [0.48874238 0.3022428  0.20901483]
 [0.23833661 0.6938073  0.06785607]
 [0.04279711 0.50638705 0.45081586]
 [0.17047076 0.50993234 0.31959692]]
probabilities: [[0.7655008  0.03884405 0.19565515]
 [0.22540052 0.19819416 0.57640535]
 [0.00522212 0.1866747  0.8081032 ]
 [0.6278361  0.12938312 0.24278079]
 [0.41144645 0.03492329 0.55363023]]
probabilities: [[0.5709646  0.24971658 0.17931886]
 [0.9373524  0.01635104 0.04629655]
 [0.57263    0.29008812 0.13728191]
 [0.09913013 0.80710495 0.09376491]
 [0.0433484  0.45318407 0.50346756]]
probabilities: [[0.06061845 0.72928554 0.21009599]
 [0.7071512  0.04782054 0.24502827]
 [0.41763145 0.22640271 0.35596582]
 [0.00624156 0.20859991 0.7851585 ]
 [0.1187117  0.27838758 0.6029007 ]]
probabilities: [[0. 0. 1.]
 [0. 1. 0.]
 [0. 1. 0.]
 [0. 0. 1.]
 [0. 0. 1.]]
probabilities: [[0.10953446 0.23382601 0.6566395 ]
 [0.5256941  0.34004658 0.13425936]
 [0.3823014  0.56038177 0.05731684]
 [0.04317793 0.87012076 0.0867013 ]
 [0.19484854 0.23812151 0.56702995]]
probabilities: [[0.48507622 0.16883583 0.34608793]
 [0.14408812 0.38075686 0.47515503]
 [0.30104512 0.21585925 0.48309562]
 [0.05642807 0.6468198  0.29675215]
 [0.5381607  0.39442474 0.06741459]]
probabilities: [[0.33362043 0.4683768  0.19800277]
 [0.3985849  0.17286128 0.42855382]
 [0.10308104 0.8028156  0.09410336]
 [0.1903427  0.12986137 0.6797959 ]
 [0.83388114 0.13851431 0.02760458]]
probabilities: [[0.7971457  0.16314967 0.03970462]
 [0.27556655 0.23243506 0.49199837]
 [0.23230024 0.22903183 0.5386679 ]
 [0.08454717 0.4077048  0.507748  ]
 [0.01621421 0.54890865 0.43487713]]
probabilities: [[0.05274517 0.6420823  0.30517256]
 [0.03529881 0.42270464 0.54199654]
 [0.08358943 0.49158335 0.42482722]
 [0.34987244 0.32265174 0.32747582]
 [0.27577972 0.56751114 0.15670912]]
probabilities: [[0. 0. 1.]
 [0. 1. 0.]
 [0. 0. 1.]
 [0. 0. 1.]
 [0. 0. 1.]]
probabilities: [[0.42014703 0.18003896 0.39981398]
 [0.21799415 0.38124487 0.40076098]
 [0.47501525 0.520499   0.00448575]
 [0.10859005 0.6372494  0.25416055]
 [0.04971753 0.93199235 0.01829014]]
probabilities: [[0.3424497  0.10397416 0.5535761 ]
 [0.18713897 0.44795856 0.36490247]
 [0.22645266 0.597332   0.17621535]
 [0.52738845 0.13702387 0.3355877 ]
 [0.26528448 0.09174018 0.64297533]]
probabilities: [[0.09845282 0.26819068 0.6333565 ]
 [0.30445653 0.15963183 0.5359116 ]
 [0.14694986 0.84773123 0.00531892]
 [0.05056699 0.36096385 0.58846915]
 [0.18235345 0.55001104 0.26763552]]
probabilities: [[0.02529059 0.18000977 0.79469967]
 [0.4744487  0.22910702 0.29644427]
 [0.14141987 0.41269034 0.4458898 ]
 [0.83494896 0.06044352 0.10460754]
 [0.23868407 0.67678535 0.08453057]]
probabilities: [[0.10240082 0.66742545 0.23017374]
 [0.2619187  0.13523248 0.6028488 ]
 [0.18427882 0.78383356 0.03188761]
 [0.3488308  0.12769257 0.52347666]
 [0.00841646 0.8065224  0.18506111]]
probabilities: [[1. 0. 0.]
 [1. 0. 0.]
 [1. 0. 0.]
 [1. 0. 0.]
 [1. 0. 0.]]
probabilities: [[0.41141725 0.5361196  0.05246318]
 [0.5552907  0.23532015 0.20938917]
 [0.05751833 0.75096196 0.19151972]
 [0.74635834 0.22786304 0.02577863]
 [0.28773597 0.59064865 0.12161541]]
probabilities: [[0.21713208 0.7690095  0.01385843]
 [0.69080305 0.30445662 0.00474033]
 [0.22737616 0.43047103 0.3421528 ]
 [0.20554931 0.5185054  0.27594528]
 [0.13522674 0.7496175  0.11515574]]
probabilities: [[0.01645316 0.5785688  0.40497804]
 [0.09902188 0.2574672  0.64351094]
 [0.5211945  0.12620339 0.3526021 ]
 [0.37432083 0.42953274 0.19614641]
 [0.17076077 0.754957   0.07428221]]
probabilities: [[0.535081   0.27318615 0.19173284]
 [0.40510485 0.072599   0.5222962 ]
 [0.32050082 0.51721054 0.16228862]
 [0.6535965  0.21081649 0.13558698]
 [0.27011028 0.00648136 0.72340834]]
probabilities: [[0.06391977 0.4992626  0.43681765]
 [0.24352925 0.09963542 0.6568353 ]
 [0.31275797 0.6669553  0.02028673]
 [0.40380266 0.40928233 0.18691501]
 [0.2519621  0.38686627 0.36117163]]
probabilities: [[0. 0. 1.]
 [0. 1. 0.]
 [0. 1. 0.]
 [0. 0. 1.]
 [0. 0. 1.]]
probabilities: [[0.06810582 0.60894716 0.32294703]
 [0.8512061  0.05291668 0.0958772 ]
 [0.44273788 0.00171203 0.5555501 ]
 [0.7959183  0.00383797 0.20024374]
 [0.36539263 0.16710427 0.4675031 ]]
probabilities: [[0.09547657 0.18545814 0.7190653 ]
 [0.00578788 0.16458125 0.82963085]
 [0.77256536 0.04210699 0.18532763]
 [0.5384257  0.07710958 0.38446477]
 [0.29991806 0.4490307  0.25105125]]
probabilities: [[0.6068131  0.39048272 0.00270421]
 [0.19248886 0.40128833 0.40622282]
 [0.81561726 0.10295946 0.08142326]
 [0.7434759  0.19791992 0.05860415]
 [0.02801562 0.2683049  0.7036795 ]]
probabilities: [[0.08666314 0.72082764 0.1925092 ]
 [0.3942868  0.08450436 0.5212088 ]
 [0.33990768 0.4937982  0.16629411]
 [0.36229423 0.4453326  0.1923732 ]
 [0.03805468 0.77268356 0.18926178]]
probabilities: [[0.92243636 0.0666677  0.01089593]
 [0.8019446  0.01331703 0.18473838]
 [0.6944524  0.15348648 0.15206109]
 [0.51796657 0.4257396  0.05629387]
 [0.17306703 0.8216629  0.00527009]]
probabilities: [[0. 1. 0.]
 [0. 1. 0.]
 [0. 1. 0.]
 [0. 1. 0.]
 [0. 1. 0.]]
probabilities: [[0.6039564  0.24783689 0.14820668]
 [0.60156214 0.18923306 0.20920478]
 [0.15697905 0.05548497 0.78753597]
 [0.48561916 0.25159606 0.26278478]
 [0.1125992  0.62351906 0.26388174]]
probabilities: [[0.390301   0.42438373 0.18531527]
 [0.7237486  0.17134537 0.10490602]
 [0.0075387  0.09304799 0.8994133 ]
 [0.2358396  0.220047   0.5441134 ]
 [0.3538434  0.5979922  0.04816443]]
probabilities: [[0.6425473  0.09400076 0.26345196]
 [0.33593532 0.29232448 0.3717402 ]
 [0.36965328 0.35057065 0.27977607]
 [0.0116406  0.21243623 0.7759232 ]
 [0.1666477  0.3945001  0.4388522 ]]
probabilities: [[0.18818395 0.13521944 0.6765966 ]
 [0.316364   0.5549479  0.12868811]
 [0.18733059 0.81169385 0.00097556]
 [0.37028795 0.293619   0.33609304]
 [0.8587924  0.07383285 0.06737472]]
probabilities: [[0.20303243 0.7540242  0.04294337]
 [0.45443493 0.46351746 0.08204762]
 [0.17566465 0.4142274  0.41010794]
 [0.19883336 0.4637235  0.3374431 ]
 [0.17661098 0.29542452 0.52796453]]
probabilities: [[0. 0. 1.]
 [0. 1. 0.]
 [0. 1. 0.]
 [0. 0. 1.]
 [0. 0. 1.]]
probabilities: [[0.53703046 0.23729803 0.22567153]
 [0.01491134 0.7993991  0.1856896 ]
 [0.055358   0.81773067 0.12691133]
 [0.81851965 0.10794652 0.07353386]
 [0.00796234 0.2097765  0.78226113]]
probabilities: [[0.1858276  0.79635936 0.01781303]
 [0.18808493 0.5777752  0.23413986]
 [0.3018783  0.5026061  0.19551559]
 [0.40491694 0.3859162  0.20916684]
 [0.3779815  0.5627313  0.05928718]]
probabilities: [[0.05277167 0.23284757 0.71438074]
 [0.1733302  0.25678346 0.5698863 ]
 [0.22883159 0.5009305  0.27023795]
 [0.21079624 0.04452638 0.74467736]
 [0.21676964 0.1234879  0.6597425 ]]
probabilities: [[0.46148714 0.02818199 0.51033086]
 [0.26390833 0.06078167 0.67531   ]
 [0.6054986  0.35070434 0.04379706]
 [0.49028033 0.32173577 0.1879839 ]
 [0.11053864 0.23893787 0.6505235 ]]
probabilities: [[0.25625855 0.7013588  0.04238265]
 [0.15039185 0.275883   0.57372516]
 [0.6680443  0.21490937 0.1170463 ]
 [0.3563972  0.62884045 0.01476232]
 [0.01859429 0.64758    0.33382568]]
probabilities: [[0. 0. 1.]
 [0. 1. 0.]
 [0. 1. 0.]
 [0. 0. 1.]
 [0. 0. 1.]]
probabilities: [[0.23404366 0.01247665 0.75347966]
 [0.33268622 0.62337065 0.04394313]
 [0.63325095 0.10539255 0.26135647]
 [0.4875213  0.20987612 0.3026026 ]
 [0.79335374 0.18207677 0.0245695 ]]
probabilities: [[0.3143755  0.34836474 0.33725977]
 [0.60829896 0.29815003 0.09355101]
 [0.25889504 0.12197423 0.61913073]
 [0.19196394 0.33259872 0.47543737]
 [0.67431694 0.23305148 0.09263156]]
probabilities: [[0.25330207 0.5949776  0.15172032]
 [0.7184968  0.1166214  0.16488178]
 [0.00386607 0.05605989 0.940074  ]
 [0.1193924  0.5008903  0.3797173 ]
 [0.08834237 0.40939975 0.5022579 ]]
probabilities: [[0.3913336  0.3517659  0.25690046]
 [0.15695037 0.5077449  0.33530474]
 [0.12456255 0.2081515  0.6672859 ]
 [0.8334989  0.00376012 0.16274096]
 [0.4845478  0.27862298 0.23682924]]
probabilities: [[0.13519752 0.512661   0.3521415 ]
 [0.37172776 0.36523706 0.26303518]
 [0.0306384  0.8257595  0.14360213]
 [0.18543096 0.6306201  0.1839489 ]
 [0.16466653 0.28424808 0.5510854 ]]
probabilities: [[0. 1. 0.]
 [0. 1. 0.]
 [0. 1. 0.]
 [0. 1. 0.]
 [0. 1. 0.]]
probabilities: [[0.14967835 0.62856245 0.22175919]
 [0.13693523 0.4083689  0.45469588]
 [0.01821416 0.7514124  0.23037346]
 [0.6014783  0.3495433  0.04897842]
 [0.4938965  0.2724142  0.23368926]]
probabilities: [[0.14439458 0.41580117 0.43980426]
 [0.15551487 0.6136797  0.23080544]
 [0.69964486 0.21490109 0.08545407]
 [0.00189895 0.11441732 0.88368374]
 [0.46847644 0.00613725 0.52538633]]
probabilities: [[0.51650274 0.3769752  0.10652203]
 [0.36014542 0.27082297 0.3690316 ]
 [0.06118411 0.69781774 0.24099815]
 [0.03121777 0.8623773  0.10640494]
 [0.42659634 0.17081663 0.40258703]]
probabilities: [[0.03983651 0.14217296 0.81799054]
 [0.12087734 0.5736045  0.30551815]
 [0.14911374 0.24703635 0.6038499 ]
 [0.10387464 0.06844754 0.82767785]
 [0.7237086  0.11502855 0.1612628 ]]
probabilities: [[0.9528314  0.0009772  0.04619139]
 [0.01714992 0.46408188 0.5187682 ]
 [0.749818   0.23322971 0.01695229]
 [0.24034728 0.5488794  0.21077332]
 [0.34438762 0.20637877 0.44923362]]
probabilities: [[1. 0. 0.]
 [1. 0. 0.]
 [1. 0. 0.]
 [1. 0. 0.]
 [1. 0. 0.]]
probabilities: [[2.6101056e-02 3.2470050e-01 6.4919847e-01]
 [5.5486619e-01 2.2381937e-02 4.2275187e-01]
 [2.2518708e-01 2.7580336e-01 4.9900958e-01]
 [7.4784636e-02 1.1243867e-01 8.1277668e-01]
 [3.2963139e-01 6.6993076e-01 4.3783462e-04]]
probabilities: [[0.233215   0.66601187 0.10077315]
 [0.43241456 0.24250916 0.32507628]
 [0.6569623  0.2592167  0.08382102]
 [0.02468337 0.5685174  0.40679926]
 [0.2933273  0.1465591  0.5601136 ]]
probabilities: [[0.43569815 0.5426425  0.02165935]
 [0.41774702 0.24917512 0.33307785]
 [0.12405567 0.5662058  0.30973855]
 [0.04071084 0.29959604 0.6596931 ]
 [0.5596265  0.19728641 0.24308704]]
probabilities: [[0.36312073 0.63004714 0.00683213]
 [0.27108076 0.10466035 0.6242589 ]
 [0.38236055 0.21439074 0.40324873]
 [0.32637915 0.3996201  0.27400076]
 [0.445983   0.32013416 0.23388284]]
probabilities: [[0.44367418 0.02059188 0.53573394]
 [0.0709679  0.7199991  0.209033  ]
 [0.56938946 0.12052882 0.31008172]
 [0.00686666 0.40825307 0.5848803 ]
 [0.11411754 0.65493256 0.2309499 ]]
probabilities: [[0. 0. 1.]
 [0. 1. 0.]
 [0. 0. 1.]
 [0. 0. 1.]
 [0. 0. 1.]]
probabilities: [[0.00341113 0.7444529  0.252136  ]
 [0.29078192 0.6190671  0.09015103]
 [0.19744633 0.5873277  0.21522596]
 [0.1346181  0.43105474 0.43432716]
 [0.19979534 0.46679738 0.33340728]]
probabilities: [[0.20154619 0.42567456 0.37277925]
 [0.02988259 0.21284468 0.7572727 ]
 [0.5788646  0.02196489 0.39917055]
 [0.76103336 0.10146512 0.1375015 ]
 [0.6956981  0.29819578 0.00610613]]
probabilities: [[0.621961   0.13016774 0.24787124]
 [0.36149386 0.09777731 0.5407288 ]
 [0.7748935  0.17092024 0.05418623]
 [0.0840188  0.35673466 0.55924654]
 [0.29685038 0.62806684 0.07508277]]
probabilities: [[0.40190202 0.3933581  0.20473987]
 [0.03159916 0.07521308 0.89318776]
 [0.2757358  0.08252226 0.64174193]
 [0.94143397 0.00180272 0.05676331]
 [0.5249214  0.3755192  0.0995594 ]]
probabilities: [[0.3440925  0.20808743 0.44782007]
 [0.36825988 0.6019725  0.0297676 ]
 [0.5936214  0.18028809 0.22609052]
 [0.62350506 0.27994177 0.09655316]
 [0.47683203 0.38217136 0.14099659]]
probabilities: [[0. 0. 1.]
 [0. 1. 0.]
 [0. 1. 0.]
 [0. 0. 1.]
 [0. 0. 1.]]
probabilities: [[0.14966303 0.32091776 0.52941924]
 [0.03293376 0.12806706 0.83899915]
 [0.0442313  0.66338855 0.29238015]
 [0.6420151  0.2986172  0.05936769]
 [0.14538656 0.77625895 0.07835449]]
probabilities: [[4.8064387e-01 4.2306207e-02 4.7704992e-01]
 [3.4554353e-01 1.4811851e-01 5.0633794e-01]
 [3.9429856e-03 4.8478857e-01 5.1126844e-01]
 [9.6250933e-01 2.1479712e-04 3.7275892e-02]
 [2.1682747e-01 5.8126414e-01 2.0190839e-01]]
probabilities: [[0.5161289  0.16923626 0.31463486]
 [0.03565365 0.7471086  0.21723777]
 [0.01843791 0.6478208  0.33374134]
 [0.3812182  0.2440469  0.3747349 ]
 [0.05922082 0.84815854 0.09262066]]
probabilities: [[0.04327276 0.91266716 0.04406009]
 [0.4428578  0.1979282  0.359214  ]
 [0.70192826 0.21159653 0.08647522]
 [0.22144675 0.29027686 0.4882764 ]
 [0.19596386 0.60008675 0.20394939]]
probabilities: [[0.60131055 0.316492   0.08219747]
 [0.08503892 0.5279746  0.3869865 ]
 [0.48723164 0.2854449  0.22732346]
 [0.05919189 0.37307918 0.56772894]
 [0.54924077 0.19464579 0.25611344]]
probabilities: [[1. 0. 0.]
 [1. 0. 0.]
 [1. 0. 0.]
 [1. 0. 0.]
 [1. 0. 0.]]
probabilities: [[0.6579102  0.12987524 0.21221456]
 [0.33424056 0.28207716 0.38368228]
 [0.5066925  0.32864085 0.16466661]
 [0.5155536  0.30122194 0.18322447]
 [0.494597   0.02899716 0.47640586]]
probabilities: [[0.01376408 0.7355615  0.25067446]
 [0.04477502 0.632794   0.32243094]
 [0.05509802 0.84984046 0.09506153]
 [0.11226193 0.47455204 0.41318604]
 [0.773941   0.11341555 0.11264347]]
probabilities: [[0.12254275 0.5217241  0.35573313]
 [0.77606696 0.0335659  0.19036715]
 [0.03890278 0.6560197  0.30507755]
 [0.4797883  0.18892413 0.33128756]
 [0.47676402 0.2812361  0.24199985]]
probabilities: [[0.06629002 0.5211575  0.41255248]
 [0.15224212 0.7374323  0.11032557]
 [0.3959138  0.51219636 0.09188984]
 [0.0104894  0.8738575  0.11565313]
 [0.8242221  0.10127997 0.07449795]]
probabilities: [[0.02392053 0.48213786 0.49394163]
 [0.14206617 0.3765963  0.48133752]
 [0.43867967 0.52136546 0.03995486]
 [0.83539057 0.11347105 0.05113838]
 [0.899141   0.06595813 0.03490088]]
probabilities: [[0. 0. 1.]
 [0. 1. 0.]
 [0. 0. 1.]
 [0. 0. 1.]
 [0. 0. 1.]]
probabilities: [[0.0904762  0.26587236 0.6436514 ]
 [0.23563008 0.6487072  0.11566272]
 [0.05746099 0.6501649  0.2923741 ]
 [0.25850284 0.04278993 0.6987072 ]
 [0.43121043 0.14781412 0.42097545]]
probabilities: [[0.1797506  0.6495151  0.17073429]
 [0.59159255 0.07990586 0.32850158]
 [0.908206   0.08016831 0.01162569]
 [0.04102307 0.91256857 0.04640838]
 [0.42993098 0.03352052 0.5365485 ]]
probabilities: [[0.5679269  0.3987538  0.03331931]
 [0.72597444 0.01257016 0.26145542]
 [0.29799473 0.01038292 0.6916224 ]
 [0.5234722  0.4580098  0.01851802]
 [0.5157701  0.16645032 0.31777963]]
probabilities: [[0.01365032 0.4648014  0.5215483 ]
 [0.27697644 0.6396797  0.08334387]
 [0.59779996 0.2860286  0.11617146]
 [0.31759205 0.3976187  0.28478923]
 [0.671528   0.07360578 0.2548662 ]]
probabilities: [[0.58082294 0.29219416 0.12698293]
 [0.49863577 0.02342926 0.47793496]
 [0.47153667 0.12476836 0.40369496]
 [0.6140654  0.02386111 0.3620735 ]
 [0.00536895 0.08422916 0.9104019 ]]
probabilities: [[1. 0. 0.]
 [1. 0. 0.]
 [1. 0. 0.]
 [1. 0. 0.]
 [1. 0. 0.]]
probabilities: [[0.02727765 0.5565317  0.41619065]
 [0.6131514  0.09904511 0.2878035 ]
 [0.19355357 0.0486493  0.7577971 ]
 [0.22793348 0.74165416 0.03041237]
 [0.00693159 0.6176815  0.37538692]]
probabilities: [[0.32581714 0.2452513  0.42893156]
 [0.0459354  0.68678105 0.26728356]
 [0.5975007  0.30899578 0.09350356]
 [0.6883606  0.00611316 0.30552626]
 [0.44948977 0.23537627 0.31513396]]
probabilities: [[0.19686823 0.11191802 0.6912137 ]
 [0.17715827 0.31608778 0.5067539 ]
 [0.15574282 0.615739   0.2285182 ]
 [0.3755222  0.14022164 0.48425618]
 [0.20102888 0.67154354 0.12742758]]
probabilities: [[0.2528499  0.7056421  0.04150801]
 [0.05493347 0.77818775 0.16687877]
 [0.03951102 0.16472164 0.79576737]
 [0.23408279 0.0511693  0.7147479 ]
 [0.6080064  0.2741352  0.11785835]]
probabilities: [[0.48528612 0.128979   0.3857349 ]
 [0.64004195 0.08606979 0.27388823]
 [0.31377992 0.4389483  0.24727178]
 [0.33850867 0.4271796  0.2343117 ]
 [0.5926979  0.3877655  0.01953656]]
probabilities: [[1. 0. 0.]
 [1. 0. 0.]
 [1. 0. 0.]
 [1. 0. 0.]
 [1. 0. 0.]]
probabilities: [[0.20727064 0.04190149 0.75082785]
 [0.06666724 0.4379392  0.49539354]
 [0.04093712 0.43955666 0.5195062 ]
 [0.10802215 0.00667518 0.88530266]
 [0.19070698 0.6707399  0.13855314]]
probabilities: [[0.18202521 0.26422477 0.55375004]
 [0.5317905  0.4442571  0.02395243]
 [0.08011494 0.33165652 0.5882285 ]
 [0.1493598  0.33204573 0.51859444]
 [0.3524041  0.09717446 0.5504215 ]]
probabilities: [[0.22248468 0.15109815 0.62641716]
 [0.09534412 0.1991727  0.7054832 ]
 [0.4746601  0.48466656 0.04067336]
 [0.34967855 0.40987915 0.2404423 ]
 [0.3502198  0.30846286 0.34131736]]
probabilities: [[0.14505722 0.5487534  0.30618942]
 [0.6140452  0.3489788  0.03697601]
 [0.16805218 0.22739619 0.6045516 ]
 [0.30271137 0.24703321 0.45025542]
 [0.85318315 0.04959131 0.09722553]]
probabilities: [[0.31777075 0.23574653 0.44648272]
 [0.40094674 0.21298224 0.38607103]
 [0.19986598 0.2447054  0.5554286 ]
 [0.8237118  0.09631496 0.07997325]
 [0.01123807 0.22171625 0.7670457 ]]
probabilities: [[0. 0. 1.]
 [0. 1. 0.]
 [0. 1. 0.]
 [0. 0. 1.]
 [0. 0. 1.]]
probabilities: [[0.30195683 0.1674042  0.530639  ]
 [0.05504922 0.1161098  0.828841  ]
 [0.5200995  0.24034265 0.2395578 ]
 [0.50159514 0.13167392 0.36673096]
 [0.12795503 0.09376621 0.77827877]]
probabilities: [[0.17145838 0.59580237 0.23273924]
 [0.3328107  0.3820863  0.285103  ]
 [0.08028666 0.488874   0.43083933]
 [0.5121005  0.23968281 0.24821669]
 [0.10128132 0.8389465  0.05977218]]
probabilities: [[0.38831747 0.493927   0.11775554]
 [0.18888769 0.1475705  0.6635418 ]
 [0.05756624 0.4159514  0.52648234]
 [0.17161918 0.33586913 0.4925117 ]
 [0.4238641  0.07868782 0.49744806]]
probabilities: [[0.19744802 0.77774996 0.02480204]
 [0.24458154 0.25202772 0.5033907 ]
 [0.2183577  0.05313441 0.7285079 ]
 [0.49348864 0.4302701  0.07624125]
 [0.3907239  0.05718224 0.55209386]]
probabilities: [[0.10421725 0.49864691 0.39713585]
 [0.09147608 0.1593061  0.7492178 ]
 [0.22773862 0.28597534 0.48628604]
 [0.35091949 0.11884269 0.5302378 ]
 [0.1989401  0.5983424  0.2027175 ]]
probabilities: [[1. 0. 0.]
 [1. 0. 0.]
 [1. 0. 0.]
 [1. 0. 0.]
 [1. 0. 0.]]
probabilities: [[0.1327466  0.58913726 0.27811614]
 [0.5648182  0.06509776 0.37008405]
 [0.89027613 0.06846099 0.04126288]
 [0.02585353 0.15420243 0.819944  ]
 [0.5910901  0.28407344 0.12483644]]
probabilities: [[0.00462254 0.2639554  0.73142207]
 [0.38952965 0.47113442 0.13933593]
 [0.24726151 0.28063735 0.47210112]
 [0.27467075 0.22420341 0.5011258 ]
 [0.49121326 0.2860719  0.22271486]]
probabilities: [[0.13821428 0.85507745 0.00670828]
 [0.49435455 0.21441424 0.29123122]
 [0.8311592  0.10549678 0.06334407]
 [0.7708883  0.07753861 0.15157305]
 [0.58479327 0.08810625 0.32710052]]
probabilities: [[3.4803382e-01 3.8744450e-01 2.6452172e-01]
 [3.0871645e-01 2.2180371e-01 4.6947986e-01]
 [2.3528961e-02 4.2984575e-01 5.4662532e-01]
 [1.1821811e-01 5.6817710e-01 3.1360474e-01]
 [7.0786166e-01 5.7416369e-04 2.9156417e-01]]
probabilities: [[0.2427988  0.31695896 0.44024223]
 [0.58460253 0.3857922  0.02960526]
 [0.5488405  0.13044365 0.3207158 ]
 [0.23623343 0.592167   0.17159955]
 [0.61512005 0.09715766 0.28772232]]
probabilities: [[1. 0. 0.]
 [1. 0. 0.]
 [1. 0. 0.]
 [1. 0. 0.]
 [1. 0. 0.]]
probabilities: [[0.14092916 0.02830847 0.8307624 ]
 [0.03273318 0.66003424 0.30723262]
 [0.06298513 0.8380656  0.09894922]
 [0.6746822  0.2202501  0.10506774]
 [0.38788345 0.22299664 0.38911992]]
probabilities: [[0.8882668  0.0353936  0.07633963]
 [0.05805238 0.08827942 0.8536682 ]
 [0.66538966 0.20668642 0.1279239 ]
 [0.10309727 0.4467675  0.45013523]
 [0.12906249 0.4408554  0.4300821 ]]
probabilities: [[0.00663163 0.6185685  0.3747999 ]
 [0.64488995 0.27528837 0.07982164]
 [0.22418384 0.1844504  0.59136575]
 [0.24248773 0.30937845 0.44813383]
 [0.01782046 0.1839356  0.79824394]]
probabilities: [[0.318553   0.45854205 0.22290497]
 [0.5429304  0.24506085 0.21200873]
 [0.5867451  0.371939   0.04131593]
 [0.2289459  0.52721137 0.24384275]
 [0.47569555 0.04095162 0.48335284]]
probabilities: [[0.5670858  0.16573715 0.26717705]
 [0.35472265 0.06283157 0.5824458 ]
 [0.9005378  0.06390029 0.0355619 ]
 [0.6815912  0.27154326 0.04686549]
 [0.64108086 0.21047391 0.14844522]]
probabilities: [[1. 0. 0.]
 [1. 0. 0.]
 [1. 0. 0.]
 [1. 0. 0.]
 [1. 0. 0.]]
probabilities: [[0.02664602 0.8102583  0.16309565]
 [0.9098787  0.02603384 0.06408747]
 [0.13075086 0.7636047  0.10564443]
 [0.09125187 0.8050734  0.10367476]
 [0.01440086 0.47874838 0.5068507 ]]
probabilities: [[0.2846804  0.57792026 0.13739936]
 [0.03099376 0.8325887  0.13641754]
 [0.32712045 0.36885867 0.30402088]
 [0.20435253 0.09532499 0.7003225 ]
 [0.2819051  0.6891596  0.02893529]]
probabilities: [[0.76698405 0.15041935 0.08259662]
 [0.43003103 0.3799576  0.19001138]
 [0.08583861 0.08964446 0.82451695]
 [0.36482185 0.00694794 0.6282302 ]
 [0.6346386  0.12705931 0.2383021 ]]
probabilities: [[0.12992246 0.6270275  0.24305001]
 [0.03063032 0.8994459  0.06992377]
 [0.41550165 0.30265456 0.28184378]
 [0.26215538 0.71817476 0.01966988]
 [0.13250473 0.44648653 0.42100874]]
probabilities: [[0.33994007 0.1261657  0.53389424]
 [0.0321869  0.48486087 0.48295224]
 [0.51460326 0.1465867  0.33881006]
 [0.29378542 0.17434087 0.5318737 ]
 [0.75450957 0.22147214 0.02401828]]
probabilities: [[0. 0. 1.]
 [0. 1. 0.]
 [0. 0. 1.]
 [0. 0. 1.]
 [0. 0. 1.]]
probabilities: [[0.03489403 0.23158288 0.7335231 ]
 [0.2540088  0.33393583 0.41205537]
 [0.52002126 0.4762815  0.00369726]
 [0.19478396 0.7490183  0.05619771]
 [0.204142   0.51838684 0.27747115]]
probabilities: [[0.02601169 0.2816346  0.6923537 ]
 [0.79529405 0.07051115 0.13419479]
 [0.2874798  0.23036687 0.48215333]
 [0.49092773 0.02514241 0.48392987]
 [0.0008699  0.673373   0.32575712]]
probabilities: [[0.20307146 0.6549805  0.14194809]
 [0.0367799  0.319592   0.6436281 ]
 [0.2145387  0.78350747 0.00195382]
 [0.11277428 0.5453163  0.3419094 ]
 [0.03966299 0.37325114 0.58708584]]
probabilities: [[0.3971927  0.36267456 0.24013275]
 [0.51625776 0.03719745 0.4465448 ]
 [0.58426934 0.2430725  0.17265819]
 [0.07355428 0.70320773 0.223238  ]
 [0.18894269 0.39748633 0.41357097]]
probabilities: [[0.05391058 0.09450002 0.8515894 ]
 [0.41167536 0.2017184  0.38660625]
 [0.25611538 0.56681156 0.17707305]
 [0.62145996 0.04869975 0.32984027]
 [0.5236404  0.16836794 0.30799168]]
probabilities: [[1. 0. 0.]
 [1. 0. 0.]
 [1. 0. 0.]
 [1. 0. 0.]
 [1. 0. 0.]]
probabilities: [[0.54840904 0.19771537 0.25387558]
 [0.49933368 0.22760135 0.27306497]
 [0.16923992 0.25898677 0.5717733 ]
 [0.21224275 0.4921456  0.29561168]
 [0.38075337 0.12384424 0.4954024 ]]
probabilities: [[0.7424077  0.1085221  0.1490702 ]
 [0.19742763 0.4418976  0.36067477]
 [0.21043463 0.37498748 0.41457787]
 [0.53074634 0.00853227 0.46072137]
 [0.1315233  0.79033774 0.07813895]]
probabilities: [[0.35036185 0.63139033 0.01824785]
 [0.46856284 0.46074635 0.07069079]
 [0.25557715 0.447762   0.29666084]
 [0.43299693 0.3728142  0.19418888]
 [0.14163122 0.05143309 0.80693567]]
probabilities: [[0.3563248  0.4335508  0.21012442]
 [0.19982865 0.7630307  0.03714065]
 [0.01443418 0.4735759  0.51198995]
 [0.36570436 0.33065668 0.30363896]
 [0.37568578 0.20887698 0.41543725]]
probabilities: [[0.5729385  0.15050279 0.2765587 ]
 [0.6176532  0.18577877 0.19656801]
 [0.08151642 0.8580416  0.06044196]
 [0.10542926 0.18517704 0.7093937 ]
 [0.05226744 0.8923147  0.05541789]]
probabilities: [[0. 0. 1.]
 [0. 1. 0.]
 [0. 0. 1.]
 [0. 0. 1.]
 [0. 0. 1.]]
probabilities: [[0.7939724  0.19429885 0.01172881]
 [0.73830426 0.00606776 0.255628  ]
 [0.09994623 0.80419624 0.09585753]
 [0.11232533 0.47294557 0.4147291 ]
 [0.56387985 0.3009889  0.13513122]]
probabilities: [[0.5488394  0.33423084 0.11692975]
 [0.3070922  0.18101566 0.51189214]
 [0.02775897 0.35306758 0.61917347]
 [0.3948175  0.5919139  0.01326864]
 [0.63143665 0.05860873 0.30995464]]
probabilities: [[0.05176384 0.6604926  0.28774357]
 [0.29247385 0.40255314 0.304973  ]
 [0.12121249 0.44608095 0.43270653]
 [0.27635923 0.23349524 0.49014553]
 [0.11801115 0.19412833 0.6878605 ]]
probabilities: [[0.6763624  0.04729292 0.2763447 ]
 [0.20100194 0.6514152  0.14758286]
 [0.75434345 0.07393033 0.17172621]
 [0.5001051  0.35046038 0.14943457]
 [0.04476459 0.21916586 0.73606956]]
probabilities: [[0.17551067 0.6176937  0.20679563]
 [0.63025934 0.08157688 0.2881638 ]
 [0.29194608 0.2758457  0.4322082 ]
 [0.03226795 0.691996   0.27573606]
 [0.18264353 0.18606903 0.63128746]]
probabilities: [[0. 0. 1.]
 [0. 1. 0.]
 [0. 1. 0.]
 [0. 0. 1.]
 [0. 0. 1.]]
probabilities: [[1.49079144e-01 8.11439216e-01 3.94816697e-02]
 [2.01203406e-01 6.09567447e-04 7.98187017e-01]
 [2.42969856e-01 1.07983723e-01 6.49046421e-01]
 [8.52168277e-02 1.22579690e-02 9.02525187e-01]
 [7.13899195e-01 1.85809687e-01 1.00291096e-01]]
probabilities: [[8.77226740e-02 5.60466766e-01 3.51810575e-01]
 [4.98727769e-01 2.95858562e-01 2.05413654e-01]
 [7.95172036e-01 1.15415856e-01 8.94120857e-02]
 [1.16152951e-04 8.16539049e-01 1.83344826e-01]
 [3.86533707e-01 5.48529904e-03 6.07980967e-01]]
probabilities: [[0.07250663 0.42868474 0.49880865]
 [0.8064054  0.11767337 0.07592118]
 [0.39851543 0.1053554  0.49612916]
 [0.26433918 0.32065365 0.41500717]
 [0.05759411 0.13779865 0.8046072 ]]
probabilities: [[0.20735466 0.47662586 0.31601948]
 [0.6684589  0.11239698 0.21914412]
 [0.01154688 0.58748823 0.4009649 ]
 [0.3793741  0.2680775  0.35254842]
 [0.60811645 0.24401696 0.1478666 ]]
probabilities: [[0.02798301 0.45979342 0.51222354]
 [0.084953   0.7536989  0.16134809]
 [0.16773574 0.0104486  0.82181567]
 [0.24722712 0.7244695  0.02830341]
 [0.312482   0.22811455 0.45940346]]
probabilities: [[1. 0. 0.]
 [1. 0. 0.]
 [1. 0. 0.]
 [1. 0. 0.]
 [1. 0. 0.]]
probabilities: [[0.06422088 0.37904167 0.5567374 ]
 [0.17892258 0.7492877  0.07178972]
 [0.365832   0.14728385 0.48688415]
 [0.36481917 0.49048057 0.14470026]
 [0.06926594 0.05685156 0.87388253]]
probabilities: [[0.3480734  0.4298533  0.22207335]
 [0.02676267 0.2962055  0.6770318 ]
 [0.4377189  0.02373869 0.5385424 ]
 [0.30372286 0.36183837 0.33443877]
 [0.4162527  0.35210803 0.23163927]]
probabilities: [[0.24886928 0.25442514 0.49670556]
 [0.15538697 0.0319892  0.81262386]
 [0.12470251 0.67980623 0.19549124]
 [0.3597995  0.49755254 0.14264795]
 [0.11391944 0.5536893  0.33239126]]
probabilities: [[0.4336758  0.51513094 0.05119329]
 [0.6689482  0.32552874 0.00552309]
 [0.5788767  0.02578468 0.39533865]
 [0.01041053 0.17655334 0.81303614]
 [0.4788126  0.28150192 0.23968549]]
probabilities: [[0.3614585  0.09836971 0.5401718 ]
 [0.19239654 0.17648956 0.6311139 ]
 [0.35906604 0.0181166  0.62281734]
 [0.26472938 0.3481306  0.38714004]
 [0.11776065 0.44132903 0.4409103 ]]
probabilities: [[0. 0. 1.]
 [0. 1. 0.]
 [0. 0. 1.]
 [0. 0. 1.]
 [0. 0. 1.]]
probabilities: [[0.38277084 0.30641648 0.31081268]
 [0.29936132 0.5216017  0.17903699]
 [0.07079104 0.29386824 0.6353407 ]
 [0.24251033 0.15458168 0.60290796]
 [0.13416311 0.5687931  0.29704374]]
probabilities: [[0.34130496 0.36069235 0.2980027 ]
 [0.19493343 0.33896133 0.46610525]
 [0.45251083 0.19406046 0.35342872]
 [0.05138968 0.41539377 0.53321654]
 [0.24779826 0.60488445 0.14731726]]
probabilities: [[0.06688685 0.29629672 0.63681644]
 [0.4948227  0.10023217 0.4049451 ]
 [0.10922448 0.4099467  0.48082882]
 [0.55420536 0.13823582 0.30755886]
 [0.0660453  0.8204746  0.1134801 ]]
probabilities: [[0.01418703 0.36001524 0.62579775]
 [0.3819588  0.16112335 0.45691785]
 [0.28414297 0.21315587 0.50270116]
 [0.30628923 0.5451944  0.14851636]
 [0.5774193  0.27134988 0.15123083]]
probabilities: [[0.24877898 0.07485692 0.6763641 ]
 [0.35536835 0.19443317 0.45019847]
 [0.5677505  0.2979613  0.13428818]
 [0.6065167  0.08663245 0.30685085]
 [0.20567895 0.7783933  0.01592774]]
probabilities: [[1. 0. 0.]
 [1. 0. 0.]
 [1. 0. 0.]
 [1. 0. 0.]
 [1. 0. 0.]]
probabilities: [[0.631736   0.06265671 0.30560732]
 [0.25543094 0.3911502  0.35341886]
 [0.3910608  0.17528969 0.4336495 ]
 [0.81326085 0.11013469 0.07660443]
 [0.30212384 0.6826019  0.01527421]]
probabilities: [[0.3799742  0.5404868  0.07953898]
 [0.60227245 0.39452827 0.00319932]
 [0.45678905 0.36073807 0.18247287]
 [0.67750007 0.10020716 0.22229277]
 [0.3486521  0.29956016 0.35178775]]
probabilities: [[0.1516172  0.33762226 0.51076055]
 [0.6396861  0.00701373 0.35330018]
 [0.06526858 0.12460604 0.81012535]
 [0.4333296  0.45473185 0.11193854]
 [0.59027654 0.3999006  0.00982287]]
probabilities: [[0.38857576 0.31693208 0.29449216]
 [0.4455675  0.27764145 0.27679107]
 [0.16272958 0.49874666 0.33852378]
 [0.11417447 0.8010647  0.08476083]
 [0.5147266  0.39800623 0.08726723]]
probabilities: [[0.11328146 0.7706221  0.11609646]
 [0.36401635 0.12259465 0.513389  ]
 [0.0379259  0.43253976 0.52953434]
 [0.01046524 0.8487765  0.14075823]
 [0.444445   0.17526408 0.3802909 ]]
probabilities: [[0. 0. 1.]
 [0. 1. 0.]
 [0. 0. 1.]
 [0. 0. 1.]
 [0. 0. 1.]]
probabilities: [[0.02415993 0.84783036 0.12800974]
 [0.9331434  0.02729237 0.03956428]
 [0.2780552  0.5528639  0.16908091]
 [0.33850068 0.01980196 0.64169735]
 [0.4590183  0.04737269 0.493609  ]]
probabilities: [[0.14963931 0.43673918 0.41362152]
 [0.40456486 0.55490595 0.04052921]
 [0.5951126  0.20379114 0.2010962 ]
 [0.00401374 0.9915021  0.00448415]
 [0.659255   0.18296501 0.15777996]]
probabilities: [[0.4041113  0.51798695 0.07790171]
 [0.42794576 0.01406609 0.55798817]
 [0.6508528  0.04410107 0.3050461 ]
 [0.14500053 0.10928773 0.74571174]
 [0.89619136 0.05697888 0.04682976]]
probabilities: [[0.06022459 0.5619464  0.37782905]
 [0.36936197 0.11920211 0.5114359 ]
 [0.7136189  0.02702381 0.2593573 ]
 [0.692708   0.18235837 0.12493364]
 [0.13312617 0.1585434  0.70833045]]
probabilities: [[0.7525877  0.15671603 0.09069628]
 [0.14070962 0.01401891 0.84527147]
 [0.27281234 0.19472839 0.53245926]
 [0.8321945  0.163611   0.0041945 ]
 [0.11614006 0.09875174 0.7851082 ]]
probabilities: [[0. 0. 1.]
 [0. 1. 0.]
 [0. 0. 1.]
 [0. 0. 1.]
 [0. 0. 1.]]
probabilities: [[0.5636298  0.27977717 0.15659302]
 [0.64473116 0.17973824 0.17553061]
 [0.68780154 0.10753136 0.20466709]
 [0.16545302 0.28852713 0.54601985]
 [0.5161244  0.10836607 0.37550953]]
probabilities: [[0.6140127  0.24658084 0.13940644]
 [0.1300095  0.7971628  0.07282774]
 [0.83703005 0.03402892 0.12894103]
 [0.6027758  0.13173583 0.26548836]
 [0.31172264 0.08082425 0.6074531 ]]
probabilities: [[0.16092542 0.76185095 0.07722362]
 [0.47275737 0.31926528 0.20797737]
 [0.47185966 0.19412738 0.33401296]
 [0.1738169  0.16202334 0.6641598 ]
 [0.92617154 0.07151537 0.00231312]]
probabilities: [[3.55588466e-01 5.25930524e-01 1.18481018e-01]
 [4.04443681e-01 1.00765005e-01 4.94791299e-01]
 [1.82191730e-01 3.41195583e-01 4.76612687e-01]
 [4.57264870e-01 4.59281325e-01 8.34538043e-02]
 [5.65603316e-01 4.33944970e-01 4.51725587e-04]]
probabilities: [[0.7084883  0.18075286 0.11075888]
 [0.47261295 0.30675828 0.22062877]
 [0.17981847 0.57110566 0.24907587]
 [0.14191338 0.31646755 0.54161906]
 [0.35208586 0.0093826  0.63853157]]
probabilities: [[0. 1. 0.]
 [0. 1. 0.]
 [0. 1. 0.]
 [0. 1. 0.]
 [0. 1. 0.]]
probabilities: [[0.43160075 0.24994737 0.31845188]
 [0.3668505  0.26938918 0.36376032]
 [0.16082484 0.61378586 0.22538933]
 [0.69056934 0.15605746 0.15337323]
 [0.38830617 0.47568873 0.1360051 ]]
probabilities: [[0.01926689 0.80778164 0.17295147]
 [0.33352762 0.21885556 0.44761682]
 [0.7253782  0.17498808 0.09963374]
 [0.10315179 0.47025082 0.4265974 ]
 [0.2727002  0.09128657 0.6360132 ]]
probabilities: [[0.197775   0.54011697 0.26210806]
 [0.34386003 0.15433502 0.50180495]
 [0.58497864 0.20879067 0.20623066]
 [0.06690554 0.32952845 0.603566  ]
 [0.32360756 0.03691531 0.63947713]]
probabilities: [[0.61278147 0.21702608 0.17019247]
 [0.6414763  0.15084018 0.20768353]
 [0.1786942  0.5724411  0.24886471]
 [0.5916759  0.27758875 0.13073538]
 [0.03926225 0.04210624 0.9186315 ]]
probabilities: [[0.52185214 0.4678129  0.01033494]
 [0.31846797 0.16723202 0.5143    ]
 [0.19417013 0.41103646 0.3947934 ]
 [0.6320299  0.2686226  0.09934748]
 [0.52312434 0.25801083 0.21886486]]
probabilities: [[0. 1. 0.]
 [0. 1. 0.]
 [0. 1. 0.]
 [0. 1. 0.]
 [0. 1. 0.]]
probabilities: [[0.6780041  0.2103791  0.11161684]
 [0.23585352 0.21299554 0.5511509 ]
 [0.35613415 0.14597844 0.49788743]
 [0.18928821 0.5073841  0.30332768]
 [0.5863201  0.28506863 0.12861128]]
probabilities: [[0.04259577 0.21526192 0.7421423 ]
 [0.6784628  0.19213729 0.1293999 ]
 [0.28048125 0.5865055  0.13301326]
 [0.14592029 0.52343565 0.33064407]
 [0.3936601  0.40477824 0.20156164]]
probabilities: [[0.06126325 0.5136178  0.42511895]
 [0.023536   0.16210929 0.8143547 ]
 [0.5738113  0.35395116 0.07223754]
 [0.16021569 0.35679066 0.48299363]
 [0.25660825 0.08941995 0.65397185]]
probabilities: [[0.21766166 0.179498   0.60284036]
 [0.91143    0.08224786 0.00632212]
 [0.05545381 0.16190119 0.782645  ]
 [0.5648541  0.08279314 0.35235274]
 [0.18507352 0.3179828  0.49694368]]
probabilities: [[0.13536693 0.52423656 0.3403965 ]
 [0.12414105 0.24268337 0.63317555]
 [0.8516046  0.04907066 0.09932479]
 [0.16835222 0.22031221 0.6113356 ]
 [0.2739724  0.71668464 0.00934295]]
probabilities: [[0. 0. 1.]
 [0. 1. 0.]
 [0. 1. 0.]
 [0. 0. 1.]
 [0. 0. 1.]]
probabilities: [[0.21793687 0.09315014 0.688913  ]
 [0.35167277 0.5297132  0.11861401]
 [0.11667144 0.11277322 0.7705553 ]
 [0.08795777 0.13723522 0.774807  ]
 [0.02567879 0.20561709 0.7687041 ]]
probabilities: [[0.220403   0.29572308 0.4838739 ]
 [0.394629   0.26996303 0.335408  ]
 [0.70322675 0.15189125 0.144882  ]
 [0.07195396 0.14562063 0.7824254 ]
 [0.24641758 0.1977523  0.5558301 ]]
probabilities: [[0.46902952 0.12640347 0.404567  ]
 [0.13420784 0.2182881  0.6475041 ]
 [0.26116472 0.47435358 0.2644817 ]
 [0.8072872  0.07110742 0.12160537]
 [0.09337491 0.14131981 0.7653053 ]]
probabilities: [[3.7780061e-01 4.7375500e-01 1.4844440e-01]
 [4.1203645e-01 4.4519168e-01 1.4277185e-01]
 [4.9370504e-04 7.8080654e-01 2.1869977e-01]
 [1.1734187e-01 4.6774977e-01 4.1490835e-01]
 [1.9948189e-01 1.1589922e-01 6.8461889e-01]]
probabilities: [[0.16028972 0.11643197 0.72327834]
 [0.119682   0.35800418 0.52231383]
 [0.13016793 0.2985333  0.5712988 ]
 [0.20640662 0.70158046 0.09201293]
 [0.17295404 0.32950836 0.4975376 ]]
probabilities: [[0. 0. 1.]
 [0. 1. 0.]
 [0. 0. 1.]
 [0. 0. 1.]
 [0. 0. 1.]]
probabilities: [[0.344216   0.02178507 0.63399893]
 [0.6379669  0.0441527  0.31788042]
 [0.01478273 0.9701459  0.01507139]
 [0.3177874  0.5959311  0.08628149]
 [0.414268   0.46176305 0.12396895]]
probabilities: [[0.13492379 0.42857358 0.43650264]
 [0.32515144 0.36936972 0.30547884]
 [0.26918226 0.42175284 0.30906492]
 [0.04092298 0.30759916 0.6514779 ]
 [0.4841769  0.04068665 0.47513646]]
probabilities: [[0.13238008 0.6311201  0.23649982]
 [0.0623902  0.71910805 0.21850175]
