probabilities: [[0. 1. 0.]
 [0. 1. 0.]
 [0. 1. 0.]
 [0. 1. 0.]
 [0. 1. 0.]]
probabilities: [[0.60097456 0.02838034 0.3706451 ]
 [0.8082349  0.12241928 0.06934584]
 [0.6324516  0.16553274 0.20201567]
 [0.18106039 0.2933923  0.52554727]
 [0.09345444 0.7929319  0.11361364]]
probabilities: [[0.34241858 0.06745272 0.5901287 ]
 [0.29366446 0.03832727 0.66800827]
 [0.96534795 0.00712892 0.02752311]
 [0.5017566  0.34983468 0.14840873]
 [0.35465294 0.31935382 0.32599327]]
probabilities: [[0.64701545 0.06143751 0.29154706]
 [0.27095705 0.00745766 0.7215853 ]
 [0.25638804 0.59288365 0.15072832]
 [0.26404572 0.69316757 0.04278671]
 [0.47856644 0.12523162 0.39620194]]
probabilities: [[0.51431555 0.29887727 0.18680719]
 [0.23652019 0.04053716 0.72294265]
 [0.27864024 0.11377613 0.60758364]
 [0.29188335 0.5857899  0.12232673]
 [0.546145   0.11831675 0.3355382 ]]
probabilities: [[0.22797993 0.5304218  0.2415983 ]
 [0.57411385 0.1950249  0.23086128]
 [0.6979453  0.18465346 0.11740125]
 [0.25934494 0.5738537  0.16680136]
 [0.82307494 0.01371123 0.16321385]]
probabilities: [[0. 0. 1.]
 [0. 1. 0.]
 [0. 1. 0.]
 [0. 0. 1.]
 [0. 0. 1.]]
probabilities: [[0.6973483  0.27332038 0.02933129]
 [0.57956547 0.24481402 0.1756205 ]
 [0.24853133 0.02772014 0.7237485 ]
 [0.11869598 0.05831261 0.82299143]
 [0.30423638 0.6327474  0.06301621]]
probabilities: [[0.72868365 0.04407173 0.2272446 ]
 [0.04506003 0.8961689  0.05877107]
 [0.08732156 0.10052701 0.81215143]
 [0.17324792 0.78833383 0.03841825]
 [0.38426822 0.24539715 0.37033466]]
probabilities: [[0.31474665 0.37648565 0.3087677 ]
 [0.13371876 0.4867978  0.37948343]
 [0.1561905  0.33738458 0.5064249 ]
 [0.4156172  0.3650411  0.21934168]
 [0.03911578 0.1884367  0.7724475 ]]
probabilities: [[0.23981264 0.1353593  0.62482804]
 [0.22964823 0.5449231  0.22542863]
 [0.09973913 0.78837395 0.11188691]
 [0.22325489 0.583553   0.19319208]
 [0.27771816 0.1109312  0.61135066]]
probabilities: [[0.16735066 0.7632381  0.06941129]
 [0.05554718 0.07352042 0.8709324 ]
 [0.1938853  0.46514794 0.34096676]
 [0.05917009 0.6961974  0.24463251]
 [0.11727092 0.5918781  0.29085097]]
probabilities: [[0. 1. 0.]
 [0. 1. 0.]
 [0. 1. 0.]
 [0. 1. 0.]
 [0. 1. 0.]]
probabilities: [[0.23208214 0.5864002  0.18151763]
 [0.91396505 0.02283049 0.06320447]
 [0.284016   0.3032923  0.41269165]
 [0.43727285 0.40459955 0.15812762]
 [0.3947711  0.336661   0.26856792]]
probabilities: [[0.0199843  0.20918633 0.7708294 ]
 [0.20123293 0.43230417 0.36646292]
 [0.23458076 0.47596473 0.28945452]
 [0.13037147 0.81507665 0.0545519 ]
 [0.02360423 0.7227143  0.25368145]]
probabilities: [[0.0819798  0.18946525 0.72855496]
 [0.49718726 0.04185501 0.46095774]
 [0.6195394  0.27940494 0.10105568]
 [0.17591389 0.62010014 0.20398597]
 [0.2581724  0.6974588  0.04436881]]
probabilities: [[0.6421852  0.01289287 0.3449219 ]
 [0.9023559  0.0363784  0.0612657 ]
 [0.33861825 0.4540439  0.20733787]
 [0.01770513 0.01603038 0.9662645 ]
 [0.34776035 0.19745925 0.4547804 ]]
probabilities: [[0.26079693 0.70056075 0.03864231]
 [0.7015552  0.13676402 0.16168079]
 [0.7729573  0.20810492 0.01893777]
 [0.5201066  0.33900738 0.140886  ]
 [0.00112158 0.28786236 0.71101606]]
probabilities: [[1. 0. 0.]
 [1. 0. 0.]
 [1. 0. 0.]
 [1. 0. 0.]
 [1. 0. 0.]]
probabilities: [[0.28554612 0.5576708  0.1567831 ]
 [0.07806252 0.24520631 0.67673117]
 [0.31101793 0.2501425  0.43883952]
 [0.39075628 0.3941963  0.2150474 ]
 [0.21903823 0.57333153 0.20763023]]
probabilities: [[0.43529513 0.35758218 0.20712268]
 [0.24103594 0.5327797  0.22618434]
 [0.7223758  0.12814635 0.14947782]
 [0.25196666 0.48651624 0.2615171 ]
 [0.6112558  0.37098366 0.01776049]]
probabilities: [[0.22114018 0.04574114 0.7331187 ]
 [0.7310545  0.03410322 0.23484227]
 [0.03262546 0.33254412 0.6348304 ]
 [0.40231004 0.27408472 0.32360527]
 [0.39448136 0.39917296 0.20634568]]
probabilities: [[0.02603809 0.47972998 0.49423194]
 [0.34760016 0.21373871 0.43866113]
 [0.45887244 0.51491654 0.02621104]
 [0.46554214 0.14769335 0.38676453]
 [0.03115252 0.29021746 0.67863   ]]
probabilities: [[0.18055888 0.70314896 0.11629214]
 [0.23429781 0.01328026 0.7524219 ]
 [0.50650847 0.38400364 0.10948791]
 [0.27495974 0.21441995 0.5106203 ]
 [0.5081473  0.24554394 0.24630874]]
probabilities: [[0. 1. 0.]
 [0. 1. 0.]
 [0. 1. 0.]
 [0. 1. 0.]
 [0. 1. 0.]]
probabilities: [[0.29994744 0.1998715  0.5001811 ]
 [0.42875457 0.00406399 0.5671814 ]
 [0.10842443 0.67613405 0.21544151]
 [0.11043812 0.03441859 0.8551433 ]
 [0.28915724 0.42443016 0.28641263]]
probabilities: [[0.06447089 0.20845571 0.7270734 ]
 [0.14066601 0.51348877 0.34584522]
 [0.28059795 0.10225576 0.61714625]
 [0.15997723 0.7494272  0.09059557]
 [0.6745401  0.05435102 0.27110887]]
probabilities: [[0.40338436 0.49053392 0.1060817 ]
 [0.12295477 0.6285448  0.2485004 ]
 [0.66196704 0.10244908 0.23558386]
 [0.26755175 0.54014784 0.19230038]
 [0.03775917 0.14897642 0.8132644 ]]
probabilities: [[0.26873392 0.27928638 0.4519797 ]
 [0.17098168 0.37085077 0.45816755]
 [0.10541896 0.78722894 0.10735208]
 [0.01000656 0.35387218 0.6361213 ]
 [0.17024809 0.10868479 0.72106713]]
probabilities: [[0.7858983  0.13744314 0.07665852]
 [0.5804426  0.06311553 0.35644186]
 [0.42984918 0.04778732 0.5223635 ]
 [0.08816505 0.67898154 0.2328534 ]
 [0.43848926 0.20700312 0.35450763]]
probabilities: [[1. 0. 0.]
 [1. 0. 0.]
 [1. 0. 0.]
 [1. 0. 0.]
 [1. 0. 0.]]
probabilities: [[0.07297835 0.89483905 0.03218263]
 [0.264336   0.22711478 0.5085492 ]
 [0.5726276  0.15673582 0.27063656]
 [0.38392824 0.53819644 0.07787531]
 [0.2576285  0.35606313 0.38630837]]
probabilities: [[0.22744308 0.65370566 0.11885124]
 [0.28010628 0.20216566 0.5177281 ]
 [0.1970146  0.52981    0.27317536]
 [0.34539142 0.13458025 0.52002835]
 [0.29875964 0.5836924  0.11754797]]
probabilities: [[0.18631932 0.60222197 0.21145874]
 [0.8799627  0.03004744 0.08998986]
 [0.08952036 0.69770414 0.21277553]
 [0.12083861 0.53655696 0.34260443]
 [0.5642283  0.34247574 0.09329594]]
probabilities: [[0.02008184 0.93907124 0.04084691]
 [0.32144263 0.60072386 0.07783347]
 [0.48167938 0.37633657 0.14198403]
 [0.3133974  0.33471298 0.3518896 ]
 [0.36796793 0.01087919 0.6211529 ]]
probabilities: [[0.1370595  0.6342091  0.22873144]
 [0.36434886 0.6039901  0.03166109]
 [0.396951   0.54908794 0.05396105]
 [0.06110987 0.7748001  0.16408998]
 [0.03112961 0.25900558 0.7098648 ]]
probabilities: [[0. 0. 1.]
 [0. 1. 0.]
 [0. 1. 0.]
 [0. 0. 1.]
 [0. 0. 1.]]
probabilities: [[8.0265290e-01 1.9671749e-01 6.2960910e-04]
 [8.0929637e-01 5.9060607e-02 1.3164303e-01]
 [7.2607970e-01 1.4152259e-01 1.3239773e-01]
 [9.0060003e-02 7.9895806e-01 1.1098194e-01]
 [5.1851326e-01 3.7031251e-01 1.1117424e-01]]
probabilities: [[0.5517178  0.19743699 0.25084522]
 [0.67512643 0.03712974 0.2877438 ]
 [0.34418887 0.40487948 0.25093165]
 [0.42384833 0.05520417 0.5209475 ]
 [0.7911235  0.15641806 0.05245844]]
probabilities: [[0.09604061 0.6215796  0.28237984]
 [0.06296319 0.89287925 0.04415755]
 [0.04531279 0.6368336  0.31785363]
 [0.15359873 0.6063335  0.24006777]
 [0.05357041 0.65737504 0.28905457]]
probabilities: [[0.53470606 0.30223867 0.16305527]
 [0.15554662 0.2507375  0.5937159 ]
 [0.56737113 0.42499283 0.00763605]
 [0.32806653 0.34311318 0.3288203 ]
 [0.27984938 0.61280555 0.10734507]]
probabilities: [[0.01518008 0.09923575 0.8855842 ]
 [0.05380509 0.5475655  0.39862937]
 [0.59865135 0.07370088 0.32764778]
 [0.3253678  0.46664992 0.20798229]
 [0.58549476 0.21318623 0.201319  ]]
probabilities: [[0. 0. 1.]
 [0. 1. 0.]
 [0. 0. 1.]
 [0. 0. 1.]
 [0. 0. 1.]]
probabilities: [[0.6300149  0.05438293 0.31560218]
 [0.05816377 0.31120315 0.6306331 ]
 [0.30388296 0.36615175 0.3299653 ]
 [0.45533198 0.22544315 0.31922486]
 [0.2079557  0.29789165 0.49415267]]
probabilities: [[0.68434554 0.29027063 0.02538383]
 [0.2850556  0.6656857  0.04925869]
 [0.73190063 0.07809487 0.19000451]
 [0.5959121  0.05256479 0.35152313]
 [0.1473117  0.06811354 0.78457475]]
probabilities: [[0.7858356  0.1807319  0.03343248]
 [0.01464748 0.8661493  0.11920324]
 [0.126302   0.26066592 0.61303204]
 [0.18025026 0.5454168  0.27433297]
 [0.27806342 0.23471856 0.48721802]]
probabilities: [[0.09190704 0.46986845 0.4382245 ]
 [0.2983791  0.3141423  0.38747862]
 [0.43437985 0.08091864 0.4847015 ]
 [0.23190665 0.41078144 0.3573119 ]
 [0.74703974 0.09183528 0.16112499]]
probabilities: [[0.38934386 0.28964165 0.3210145 ]
 [0.02091094 0.5728894  0.40619966]
 [0.37071267 0.37485233 0.254435  ]
 [0.28548115 0.50226057 0.21225828]
 [0.3922694  0.49124733 0.11648326]]
probabilities: [[0. 0. 1.]
 [0. 1. 0.]
 [0. 0. 1.]
 [0. 0. 1.]
 [0. 0. 1.]]
probabilities: [[0.24493901 0.17601952 0.5790415 ]
 [0.6363753  0.32019976 0.04342493]
 [0.16482417 0.60157716 0.23359865]
 [0.14907522 0.292235   0.5586898 ]
 [0.11549847 0.8507787  0.03372284]]
probabilities: [[0.64452356 0.07041282 0.2850636 ]
 [0.12131111 0.44329023 0.43539864]
 [0.48884386 0.27652118 0.23463498]
 [0.23059717 0.12276442 0.6466384 ]
 [0.26569408 0.54960054 0.18470539]]
probabilities: [[0.6487903  0.01853447 0.33267525]
 [0.37089127 0.47065556 0.15845317]
 [0.31021857 0.3632932  0.32648823]
 [0.35430923 0.4666071  0.17908368]
 [0.19046794 0.33900198 0.4705301 ]]
probabilities: [[0.29174462 0.5270981  0.18115726]
 [0.47497028 0.38891235 0.13611737]
 [0.7553236  0.1364078  0.10826863]
 [0.5726575  0.28440723 0.14293525]
 [0.22185992 0.05332221 0.7248179 ]]
probabilities: [[0.5247351  0.14926511 0.3259998 ]
 [0.33134684 0.18681754 0.48183563]
 [0.7576676  0.10506499 0.13726744]
 [0.03127918 0.5626858  0.406035  ]
 [0.40444958 0.0622418  0.5333086 ]]
probabilities: [[0. 0. 1.]
 [0. 1. 0.]
 [0. 1. 0.]
 [0. 0. 1.]
 [0. 0. 1.]]
probabilities: [[0.6454904  0.09752779 0.25698182]
 [0.46169922 0.3440872  0.19421358]
 [0.89317226 0.04744646 0.05938128]
 [0.09829804 0.10817979 0.7935222 ]
 [0.5013785  0.02547217 0.47314936]]
probabilities: [[0.16563214 0.3305113  0.50385654]
 [0.5964953  0.23201367 0.17149103]
 [0.06523248 0.48736155 0.44740596]
 [0.54323775 0.32733154 0.12943071]
 [0.02433104 0.3368774  0.63879156]]
probabilities: [[0.48802197 0.20666537 0.30531266]
 [0.80134207 0.11054388 0.08811404]
 [0.01669457 0.2842302  0.6990752 ]
 [0.2319144  0.49286416 0.27522144]
 [0.29976726 0.5345782  0.16565455]]
probabilities: [[0.24652167 0.5983952  0.15508312]
 [0.11633864 0.43734145 0.4463199 ]
 [0.32308987 0.58213615 0.09477397]
 [0.02833956 0.00149325 0.97016716]
 [0.10932529 0.76967925 0.12099545]]
probabilities: [[0.4396177  0.40531927 0.15506303]
 [0.12576766 0.3489397  0.52529263]
 [0.09195805 0.42651528 0.48152664]
 [0.35768065 0.07891721 0.5634022 ]
 [0.8195633  0.1109765  0.06946019]]
probabilities: [[0. 1. 0.]
 [0. 1. 0.]
 [0. 1. 0.]
 [0. 1. 0.]
 [0. 1. 0.]]
probabilities: [[0.16141538 0.5977725  0.24081212]
 [0.0824916  0.364326   0.5531824 ]
 [0.33901355 0.18369623 0.4772902 ]
 [0.05215481 0.8476936  0.10015155]
 [0.23462278 0.45327    0.31210724]]
probabilities: [[0.10295639 0.26315552 0.6338881 ]
 [0.31940913 0.5856577  0.09493315]
 [0.30269617 0.27844888 0.41885495]
 [0.68104064 0.27239478 0.04656458]
 [0.47256568 0.3414566  0.1859777 ]]
probabilities: [[0.19382425 0.47235855 0.33381718]
 [0.65313125 0.32542124 0.02144753]
 [0.6341327  0.28346124 0.0824061 ]
 [0.10260037 0.47426656 0.42313308]
 [0.2535191  0.03640646 0.7100745 ]]
probabilities: [[0.07994471 0.5084872  0.41156805]
 [0.911485   0.02712994 0.06138507]
 [0.11003809 0.2665586  0.6234033 ]
 [0.4498625  0.32171842 0.22841905]
 [0.12191444 0.6297698  0.24831574]]
probabilities: [[0.39330202 0.05009947 0.5565985 ]
 [0.28017646 0.01348601 0.7063376 ]
 [0.30709094 0.5345736  0.15833546]
 [0.62971675 0.05147368 0.31880954]
 [0.45063958 0.05036535 0.4989951 ]]
probabilities: [[1. 0. 0.]
 [1. 0. 0.]
 [1. 0. 0.]
 [1. 0. 0.]
 [1. 0. 0.]]
probabilities: [[0.20138218 0.30312103 0.49549678]
 [0.36733237 0.5955601  0.03710758]
 [0.4561478  0.16457641 0.3792758 ]
 [0.2506821  0.25140446 0.49791345]
 [0.9450793  0.02731319 0.0276075 ]]
probabilities: [[0.50422484 0.25021037 0.24556477]
 [0.6561017  0.10495467 0.23894365]
 [0.6153784  0.00368395 0.38093764]
 [0.18711872 0.1839936  0.6288877 ]
 [0.25440726 0.591973   0.1536197 ]]
probabilities: [[0.5374208  0.34091702 0.12166215]
 [0.15661892 0.45020074 0.39318034]
 [0.6355071  0.14763437 0.21685852]
 [0.13749382 0.72290117 0.13960502]
 [0.0183947  0.55568415 0.42592117]]
probabilities: [[0.27164719 0.01585391 0.7124989 ]
 [0.9656212  0.00995043 0.02442839]
 [0.7908772  0.19313736 0.01598539]
 [0.263976   0.37399298 0.362031  ]
 [0.40887016 0.30691335 0.2842165 ]]
probabilities: [[0.6315813  0.34359217 0.02482654]
 [0.04234597 0.16531165 0.79234236]
 [0.17417403 0.58016944 0.24565655]
 [0.4427443  0.382843   0.1744127 ]
 [0.07210215 0.5104635  0.41743436]]
probabilities: [[1. 0. 0.]
 [1. 0. 0.]
 [1. 0. 0.]
 [1. 0. 0.]
 [1. 0. 0.]]
probabilities: [[0.9529127  0.03788527 0.00920203]
 [0.65009785 0.2787472  0.07115495]
 [0.5552021  0.08980472 0.35499316]
 [0.37813237 0.21921793 0.4026497 ]
 [0.42128482 0.50366193 0.07505327]]
probabilities: [[0.41560522 0.30266166 0.28173313]
 [0.27078903 0.7132008  0.0160102 ]
 [0.51385814 0.03704105 0.4491008 ]
 [0.64423174 0.15977314 0.19599515]
 [0.30954403 0.58777773 0.10267826]]
probabilities: [[0.38509044 0.17433915 0.4405704 ]
 [0.37077767 0.48949677 0.13972557]
 [0.80327135 0.01305453 0.18367413]
 [0.32941023 0.5148002  0.1557896 ]
 [0.28072003 0.41424388 0.3050361 ]]
probabilities: [[0.16922751 0.6207024  0.21007012]
 [0.24964829 0.74531925 0.00503246]
 [0.48052332 0.00344692 0.5160298 ]
 [0.29893088 0.4197134  0.28135568]
 [0.40886647 0.4936935  0.09744003]]
probabilities: [[0.06307586 0.6407409  0.2961833 ]
 [0.41754058 0.09184463 0.49061477]
 [0.40699694 0.43276307 0.16024001]
 [0.79985374 0.17913723 0.02100903]
 [0.3276996  0.4007909  0.2715095 ]]
probabilities: [[0. 0. 1.]
 [0. 1. 0.]
 [0. 1. 0.]
 [0. 0. 1.]
 [0. 0. 1.]]
probabilities: [[0.26549688 0.20333889 0.5311642 ]
 [0.6132069  0.2449868  0.14180626]
 [0.13782983 0.5497196  0.31245062]
 [0.5085351  0.27560115 0.21586376]
 [0.24397656 0.3135423  0.44248113]]
probabilities: [[0.5038022  0.2730377  0.22316013]
 [0.3180057  0.17325164 0.50874263]
 [0.20019664 0.09260204 0.7072013 ]
 [0.23202139 0.5706429  0.19733573]
 [0.6082998  0.03985588 0.35184434]]
probabilities: [[0.06983283 0.2597766  0.67039055]
 [0.21385635 0.38347    0.40267366]
 [0.4995709  0.21654773 0.28388137]
 [0.24646626 0.16415098 0.58938277]
 [0.27196503 0.17397594 0.554059  ]]
probabilities: [[0.10930055 0.08835736 0.8023421 ]
 [0.6496351  0.13242121 0.21794371]
 [0.7368145  0.06269539 0.20049012]
 [0.5472392  0.14339517 0.30936563]
 [0.31784225 0.21101812 0.47113964]]
probabilities: [[0.8939197  0.06558763 0.04049266]
 [0.6412171  0.23339641 0.12538646]
 [0.59777886 0.37671298 0.02550816]
 [0.06375436 0.20054792 0.7356977 ]
 [0.62635595 0.15209237 0.2215517 ]]
probabilities: [[0. 1. 0.]
 [0. 1. 0.]
 [0. 1. 0.]
 [0. 1. 0.]
 [0. 1. 0.]]
probabilities: [[0.08014447 0.9076047  0.01225081]
 [0.2638043  0.35078883 0.38540688]
 [0.1695902  0.3366653  0.4937445 ]
 [0.15483303 0.09093813 0.75422883]
 [0.18188784 0.59866136 0.21945082]]
probabilities: [[0.10125996 0.43510187 0.4636382 ]
 [0.16463463 0.42837995 0.4069854 ]
 [0.7104608  0.27208027 0.01745895]
 [0.4055504  0.009332   0.58511764]
 [0.45072907 0.5030697  0.04620124]]
probabilities: [[0.26070833 0.28275776 0.4565339 ]
 [0.03628657 0.5259828  0.4377306 ]
 [0.7258919  0.2576294  0.01647869]
 [0.83348876 0.1166348  0.04987643]
 [0.15185227 0.48794246 0.3602053 ]]
probabilities: [[0.11746921 0.22407739 0.6584534 ]
 [0.09907233 0.7809133  0.12001439]
 [0.22267623 0.47518688 0.3021369 ]
 [0.14128    0.62188846 0.23683153]
 [0.16863619 0.29538053 0.53598326]]
probabilities: [[0.3261578  0.30567247 0.36816972]
 [0.05629495 0.32903978 0.61466527]
 [0.11735313 0.37453556 0.5081113 ]
 [0.6208689  0.10689619 0.2722349 ]
 [0.4797859  0.22973973 0.29047439]]
probabilities: [[0. 0. 1.]
 [0. 1. 0.]
 [0. 1. 0.]
 [0. 0. 1.]
 [0. 0. 1.]]
probabilities: [[0.7626031  0.22983365 0.00756325]
 [0.6089968  0.1630827  0.22792052]
 [0.00443455 0.83597976 0.15958568]
 [0.3030293  0.49536845 0.20160225]
 [0.5427399  0.22520906 0.232051  ]]
probabilities: [[0.96046    0.03591864 0.00362134]
 [0.3341439  0.501619   0.1642371 ]
 [0.7891022  0.08497442 0.12592337]
 [0.13403243 0.15338796 0.7125796 ]
 [0.4781735  0.28039077 0.24143574]]
probabilities: [[0.04010845 0.09437225 0.8655193 ]
 [0.05034342 0.06317292 0.88648367]
 [0.24388056 0.62992764 0.12619178]
 [0.85381114 0.057561   0.08862784]
 [0.72523946 0.01928095 0.2554796 ]]
probabilities: [[0.55418843 0.38570738 0.06010418]
 [0.07678944 0.65136284 0.27184772]
 [0.10230289 0.39558643 0.50211066]
 [0.04702764 0.61058855 0.34238383]
 [0.04628019 0.42537805 0.52834177]]
probabilities: [[0.01514115 0.77677923 0.20807964]
 [0.23247443 0.3917223  0.3758033 ]
 [0.15215927 0.57782245 0.27001825]
 [0.45812738 0.14800553 0.3938671 ]
 [0.38307568 0.24095768 0.37596664]]
probabilities: [[0. 1. 0.]
 [0. 1. 0.]
 [0. 1. 0.]
 [0. 1. 0.]
 [0. 1. 0.]]
probabilities: [[0.5525405  0.2624477  0.18501182]
 [0.31873733 0.32621512 0.35504752]
 [0.01658522 0.49376264 0.48965216]
 [0.41978252 0.44882515 0.13139233]
 [0.69147205 0.25827152 0.05025643]]
probabilities: [[0.14287423 0.3517467  0.5053791 ]
 [0.38990074 0.10317462 0.5069246 ]
 [0.5733123  0.08154717 0.34514052]
 [0.44219664 0.04185032 0.515953  ]
 [0.05505676 0.4147736  0.5301696 ]]
probabilities: [[0.14928089 0.11995111 0.73076797]
 [0.05333255 0.28807086 0.6585966 ]
 [0.04490316 0.5699989  0.38509792]
 [0.01098186 0.5613354  0.42768273]
 [0.5529659  0.3924588  0.05457536]]
probabilities: [[0.06711796 0.8283771  0.10450493]
 [0.55235714 0.10617906 0.34146383]
 [0.2734036  0.01681899 0.7097774 ]
 [0.07353501 0.44748938 0.47897562]
 [0.25406086 0.5833949  0.16254427]]
probabilities: [[0.33739007 0.5922819  0.07032805]
 [0.06376705 0.7681954  0.16803758]
 [0.44170514 0.3878188  0.17047605]
 [0.6647639  0.03520416 0.30003193]
 [0.20029229 0.62081516 0.17889254]]
probabilities: [[0. 0. 1.]
 [0. 1. 0.]
 [0. 1. 0.]
 [0. 0. 1.]
 [0. 0. 1.]]
probabilities: [[0.4887136  0.08186119 0.42942524]
 [0.31266895 0.6213034  0.06602769]
 [0.58976835 0.15299869 0.25723296]
 [0.21078691 0.01245028 0.7767628 ]
 [0.27171755 0.6079079  0.12037458]]
probabilities: [[0.15241553 0.00660028 0.84098417]
 [0.0445944  0.4300299  0.52537566]
 [0.7577954  0.02097438 0.22123022]
 [0.1688607  0.74081665 0.09032262]
 [0.72515815 0.16838567 0.10645618]]
probabilities: [[0.2070439  0.31353673 0.47941938]
 [0.11748697 0.7099278  0.17258526]
 [0.5730896  0.12204445 0.30486593]
 [0.7387738  0.15027517 0.11095101]
 [0.2122242  0.2588779  0.5288979 ]]
probabilities: [[0.10927437 0.19075166 0.69997394]
 [0.05997339 0.39113057 0.548896  ]
 [0.25121018 0.4963312  0.25245863]
 [0.4715357  0.10312668 0.4253376 ]
 [0.00651117 0.638211   0.3552778 ]]
probabilities: [[0.19863765 0.64461476 0.1567476 ]
 [0.6027993  0.2401699  0.1570308 ]
 [0.55070317 0.25992122 0.18937561]
 [0.3974248  0.5591651  0.04341011]
 [0.26548597 0.7328592  0.00165483]]
probabilities: [[1. 0. 0.]
 [1. 0. 0.]
 [1. 0. 0.]
 [1. 0. 0.]
 [1. 0. 0.]]
probabilities: [[0.41408384 0.00207034 0.5838458 ]
 [0.9250811  0.01765614 0.0572628 ]
 [0.34636316 0.40334094 0.2502959 ]
 [0.5440531  0.14440987 0.31153706]
 [0.05568736 0.30432633 0.6399863 ]]
probabilities: [[0.0275257  0.5436753  0.428799  ]
 [0.2943324  0.6878591  0.01780847]
 [0.02729023 0.03558553 0.93712425]
 [0.10240664 0.18701383 0.7105795 ]
 [0.27780586 0.02693719 0.69525695]]
probabilities: [[0.03344009 0.5054089  0.46115103]
 [0.10443284 0.53980947 0.35575768]
 [0.45254582 0.39808476 0.14936942]
 [0.23495416 0.66565144 0.09939441]
 [0.12445769 0.76561904 0.1099233 ]]
probabilities: [[0.4886965  0.49603733 0.01526616]
 [0.07190179 0.6284465  0.29965168]
 [0.31062856 0.13583528 0.5535362 ]
 [0.04470131 0.12058426 0.8347144 ]
 [0.01526263 0.4238745  0.5608629 ]]
probabilities: [[0.53683096 0.37691706 0.08625194]
 [0.31931448 0.02889932 0.6517862 ]
 [0.55167544 0.06499542 0.38332915]
 [0.80082625 0.06839894 0.13077481]
 [0.17649966 0.27075815 0.5527422 ]]
probabilities: [[0. 1. 0.]
 [0. 1. 0.]
 [0. 1. 0.]
 [0. 1. 0.]
 [0. 1. 0.]]
probabilities: [[0.8539621  0.13051178 0.01552612]
 [0.10271187 0.8554636  0.04182448]
 [0.8929798  0.05927251 0.04774771]
 [0.5829813  0.05565058 0.36136812]
 [0.14617154 0.19198003 0.6618484 ]]
probabilities: [[0.09606218 0.69092053 0.21301727]
 [0.2725945  0.44906816 0.27833733]
 [0.22340684 0.25739187 0.5192013 ]
 [0.21862584 0.12824614 0.653128  ]
 [0.28156438 0.30807915 0.41035646]]
probabilities: [[0.6920896  0.28296673 0.02494366]
 [0.08125328 0.4958175  0.42292923]
 [0.3146917  0.351224   0.33408433]
 [0.6444949  0.26218912 0.09331597]
 [0.27012873 0.31092885 0.41894245]]
probabilities: [[0.03926748 0.74314725 0.21758524]
 [0.7608965  0.23079044 0.00831304]
 [0.04311541 0.72138083 0.23550375]
 [0.6305985  0.21684939 0.15255216]
 [0.25569317 0.46050504 0.28380182]]
probabilities: [[0.35743248 0.50031906 0.14224844]
 [0.25154623 0.34548742 0.40296635]
 [0.25757977 0.43799102 0.3044292 ]
 [0.1620802  0.31486377 0.52305603]
 [0.03382251 0.4189017  0.5472758 ]]
probabilities: [[1. 0. 0.]
 [1. 0. 0.]
 [1. 0. 0.]
 [1. 0. 0.]
 [1. 0. 0.]]
probabilities: [[0.67669517 0.2420594  0.08124544]
 [0.4200471  0.20037991 0.379573  ]
 [0.00734992 0.25240722 0.74024284]
 [0.49803057 0.27282318 0.22914626]
 [0.01942771 0.5265291  0.4540432 ]]
probabilities: [[0.76236415 0.12064266 0.11699317]
 [0.22005646 0.48638257 0.29356098]
 [0.14991352 0.3109316  0.5391549 ]
 [0.33872968 0.04113355 0.6201368 ]
 [0.3179274  0.57369405 0.10837858]]
probabilities: [[0.75201124 0.09458245 0.15340628]
 [0.5964826  0.27456117 0.12895624]
 [0.7193665  0.01483021 0.26580328]
 [0.10937934 0.3348903  0.55573034]
 [0.68060464 0.19370711 0.12568823]]
probabilities: [[0.6384596  0.21177202 0.14976837]
 [0.12949362 0.4327574  0.43774897]
 [0.10458718 0.362717   0.53269583]
 [0.5499468  0.4051206  0.04493259]
 [0.58770955 0.05107235 0.3612181 ]]
probabilities: [[0.08088254 0.55737966 0.3617378 ]
 [0.37188753 0.14599082 0.48212165]
 [0.91123164 0.03494269 0.05382567]
 [0.19758543 0.3829762  0.41943836]
 [0.09834933 0.8321488  0.06950191]]
probabilities: [[1. 0. 0.]
 [1. 0. 0.]
 [1. 0. 0.]
 [1. 0. 0.]
 [1. 0. 0.]]
probabilities: [[0.59827644 0.19577019 0.20595337]
 [0.4735569  0.49279752 0.03364556]
 [0.38221934 0.17360969 0.44417095]
 [0.5477288  0.07274251 0.37952873]
 [0.14021966 0.34368497 0.51609534]]
probabilities: [[7.0613188e-01 2.9350176e-01 3.6635078e-04]
 [5.6410953e-02 6.8334025e-01 2.6024881e-01]
 [5.9387279e-01 1.6651002e-01 2.3961720e-01]
 [1.6188617e-01 3.8876790e-01 4.4934592e-01]
 [4.7007659e-01 1.3065371e-01 3.9926970e-01]]
probabilities: [[0.21188524 0.12114142 0.66697335]
 [0.59300005 0.26168388 0.14531606]
 [0.5283264  0.20228231 0.26939133]
 [0.26801503 0.4406216  0.29136336]
 [0.33941844 0.5993397  0.06124186]]
probabilities: [[0.836064   0.08777806 0.07615793]
 [0.57289916 0.28329447 0.14380634]
 [0.02790897 0.3247165  0.6473745 ]
 [0.03013518 0.00489661 0.9649682 ]
 [0.60568845 0.10779667 0.28651488]]
probabilities: [[0.24026798 0.48313552 0.27659652]
 [0.05159385 0.2611179  0.6872882 ]
 [0.3156658  0.29402187 0.39031234]
 [0.24094746 0.07949983 0.67955273]
 [0.4959369  0.10869416 0.39536893]]
probabilities: [[1. 0. 0.]
 [1. 0. 0.]
 [1. 0. 0.]
 [1. 0. 0.]
 [1. 0. 0.]]
probabilities: [[0.35428923 0.34889528 0.29681548]
 [0.15617712 0.82547396 0.01834892]
 [0.0683896  0.87300676 0.05860362]
 [0.05486853 0.22892146 0.71621   ]
 [0.12438955 0.62266153 0.2529489 ]]
probabilities: [[0.7758216  0.09560201 0.12857637]
 [0.18978904 0.52142364 0.2887873 ]
 [0.24868606 0.7473707  0.00394321]
 [0.29695094 0.27735123 0.42569783]
 [0.10734727 0.48070043 0.41195232]]
probabilities: [[0.5748381  0.33259165 0.09257025]
 [0.18035023 0.3524093  0.46724045]
 [0.44352236 0.39503923 0.1614384 ]
 [0.19458385 0.11690221 0.68851393]
 [0.06433474 0.27357623 0.66208905]]
probabilities: [[0.96657324 0.02363385 0.00979291]
 [0.07242649 0.10181403 0.8257595 ]
 [0.8009466  0.0988586  0.10019482]
 [0.27609345 0.5015777  0.22232889]
 [0.21379027 0.7788856  0.00732415]]
probabilities: [[0.02482087 0.6452582  0.32992095]
 [0.32162344 0.5989894  0.07938711]
 [0.16559158 0.5104805  0.32392788]
 [0.411541   0.17858224 0.4098768 ]
 [0.38626942 0.5315157  0.08221484]]
probabilities: [[0. 0. 1.]
 [0. 1. 0.]
 [0. 1. 0.]
 [0. 0. 1.]
 [0. 0. 1.]]
probabilities: [[0.15686366 0.15757154 0.6855648 ]
 [0.2043661  0.12099149 0.6746424 ]
 [0.2577848  0.07641065 0.6658045 ]
 [0.03251983 0.61983013 0.34765002]
 [0.899549   0.06800536 0.03244564]]
probabilities: [[0.2397187  0.4512843  0.308997  ]
 [0.40258113 0.09332586 0.50409305]
 [0.2309674  0.00654305 0.76248956]
 [0.06087786 0.49539313 0.443729  ]
 [0.01237117 0.16798979 0.819639  ]]
probabilities: [[0.04811921 0.1950726  0.75680816]
 [0.1624954  0.31054044 0.5269642 ]
 [0.33412647 0.41566566 0.2502079 ]
 [0.56555253 0.06869916 0.36574835]
 [0.32099733 0.33820277 0.3407999 ]]
probabilities: [[0.20546967 0.17994693 0.6145834 ]
 [0.4316067  0.42753568 0.14085762]
 [0.3484928  0.09308945 0.55841774]
 [0.41194156 0.11896369 0.46909475]
 [0.05002985 0.39236686 0.5576033 ]]
probabilities: [[0.76963425 0.0068209  0.22354484]
 [0.30623978 0.02037281 0.6733874 ]
 [0.06947683 0.67771995 0.2528032 ]
 [0.05526234 0.44678277 0.49795488]
 [0.16897745 0.01510372 0.8159188 ]]
probabilities: [[0. 0. 1.]
 [0. 1. 0.]
 [0. 1. 0.]
 [0. 0. 1.]
 [0. 0. 1.]]
probabilities: [[0.2908856  0.48542073 0.22369368]
 [0.16071457 0.0367093  0.8025761 ]
 [0.79176575 0.1581241  0.05011017]
 [0.20669577 0.757166   0.03613818]
 [0.33070806 0.49190137 0.17739056]]
probabilities: [[0.21831201 0.76872593 0.01296207]
 [0.2847762  0.5923475  0.12287626]
 [0.6332852  0.26879796 0.0979168 ]
 [0.76404667 0.05475941 0.18119392]
 [0.30668586 0.3752746  0.31803954]]
probabilities: [[0.34833187 0.46212932 0.1895388 ]
 [0.4488897  0.29762343 0.25348687]
 [0.04033312 0.68959093 0.27007595]
 [0.14402153 0.18201181 0.67396665]
 [0.08739804 0.14096633 0.77163565]]
probabilities: [[0.22342348 0.02942088 0.74715567]
 [0.2643113  0.57116383 0.16452485]
 [0.17713794 0.6680437  0.1548184 ]
 [0.09478997 0.16779825 0.7374118 ]
 [0.8790742  0.07540224 0.04552354]]
probabilities: [[0.19229394 0.4748608  0.33284527]
 [0.41951048 0.380829   0.19966051]
 [0.50770074 0.25552917 0.23677006]
 [0.18244047 0.40284815 0.4147114 ]
 [0.10213438 0.00349818 0.89436746]]
probabilities: [[0. 1. 0.]
 [0. 1. 0.]
 [0. 1. 0.]
 [0. 1. 0.]
 [0. 1. 0.]]
probabilities: [[0.74869686 0.13052844 0.12077471]
 [0.31623513 0.00969551 0.67406934]
 [0.04670553 0.27207458 0.6812199 ]
 [0.7491873  0.15571447 0.09509826]
 [0.18271653 0.10806684 0.70921665]]
probabilities: [[0.3511396  0.53937566 0.10948472]
 [0.04846549 0.46164268 0.48989183]
 [0.31464317 0.6707354  0.01462139]
 [0.5947101  0.3189815  0.08630838]
 [0.61850715 0.15663853 0.22485432]]
probabilities: [[0.5834786  0.07299403 0.34352732]
 [0.16775605 0.65365493 0.17858903]
 [0.278006   0.2604488  0.4615452 ]
 [0.35865772 0.189053   0.45228928]
 [0.48164767 0.13311282 0.3852395 ]]
probabilities: [[0.09273109 0.4158942  0.4913747 ]
 [0.78707445 0.19748734 0.0154382 ]
 [0.24112654 0.07811434 0.68075913]
 [0.08942628 0.6725596  0.23801413]
 [0.7255773  0.19647317 0.07794952]]
probabilities: [[9.3058083e-04 6.0915105e-02 9.3815434e-01]
 [1.4795156e-01 3.9594772e-01 4.5610070e-01]
 [1.4346294e-01 1.1041524e-01 7.4612182e-01]
 [2.5532067e-01 5.5882591e-01 1.8585345e-01]
 [5.2009356e-01 2.5187102e-01 2.2803541e-01]]
probabilities: [[0. 1. 0.]
 [0. 1. 0.]
 [0. 1. 0.]
 [0. 1. 0.]
 [0. 1. 0.]]
probabilities: [[0.2547594  0.14384419 0.60139644]
 [0.28912085 0.09087738 0.6200018 ]
 [0.2679046  0.42036787 0.31172752]
 [0.38340226 0.44633573 0.170262  ]
 [0.09590001 0.4761819  0.4279181 ]]
probabilities: [[0.0218711  0.45969412 0.51843476]
 [0.2049977  0.76370585 0.03129642]
 [0.20257297 0.21107668 0.5863503 ]
 [0.93077433 0.06439113 0.00483451]
 [0.33084542 0.36617726 0.30297732]]
probabilities: [[0.00286249 0.85581553 0.14132199]
 [0.45743468 0.33659014 0.20597516]
 [0.25161985 0.3185094  0.42987075]
 [0.31720582 0.28823084 0.39456335]
 [0.89408445 0.05811338 0.04780219]]
probabilities: [[5.0877267e-01 6.0890477e-02 4.3033686e-01]
 [9.5406905e-02 1.2170514e-01 7.8288794e-01]
 [9.9225298e-02 6.5173227e-01 2.4904242e-01]
 [7.6152855e-01 1.1966460e-01 1.1880685e-01]
 [9.3831211e-01 8.7209628e-04 6.0815770e-02]]
probabilities: [[0.02663096 0.5110346  0.46233445]
 [0.24070826 0.16579442 0.59349734]
 [0.6505901  0.05756008 0.29184982]
 [0.1774544  0.60415024 0.21839538]
 [0.01762765 0.8156424  0.16672991]]
probabilities: [[1. 0. 0.]
 [1. 0. 0.]
 [1. 0. 0.]
 [1. 0. 0.]
 [1. 0. 0.]]
probabilities: [[0.16014175 0.28185198 0.5580063 ]
 [0.42793518 0.18967107 0.38239378]
 [0.38819876 0.23560111 0.3762001 ]
 [0.04106057 0.01229979 0.94663966]
 [0.7445799  0.04645533 0.20896477]]
probabilities: [[0.22057518 0.0970435  0.68238133]
 [0.30539063 0.45856518 0.2360442 ]
 [0.3678799  0.21760432 0.4145158 ]
 [0.7443692  0.03562837 0.22000241]
 [0.13404019 0.5665403  0.29941952]]
probabilities: [[0.32912537 0.3990428  0.27183184]
 [0.46499178 0.10501147 0.42999673]
 [0.33626005 0.6424277  0.02131227]
 [0.24881265 0.6368019  0.11438547]
 [0.06741285 0.9138707  0.01871648]]
probabilities: [[0.67906046 0.1772993  0.14364022]
 [0.5150977  0.31269246 0.17220983]
 [0.6830006  0.19060455 0.12639481]
 [0.08034632 0.4124291  0.5072246 ]
 [0.7347658  0.07448503 0.19074912]]
probabilities: [[0.19840072 0.6530863  0.14851294]
 [0.6545276  0.31179813 0.03367426]
 [0.7333887  0.11618592 0.15042537]
 [0.05402214 0.02840379 0.91757405]
 [0.07710949 0.14259227 0.78029823]]
probabilities: [[1. 0. 0.]
 [1. 0. 0.]
 [1. 0. 0.]
 [1. 0. 0.]
 [1. 0. 0.]]
probabilities: [[0.582263   0.39531517 0.02242187]
 [0.45137987 0.02257806 0.5260421 ]
 [0.27008513 0.3519839  0.37793097]
 [0.04928251 0.20189288 0.7488246 ]
 [0.643106   0.07052457 0.28636944]]
probabilities: [[0.21043642 0.6658734  0.12369017]
 [0.84484106 0.08775745 0.06740147]
 [0.03165523 0.94506824 0.0232765 ]
 [0.06281042 0.23147957 0.70571   ]
 [0.27992272 0.13082302 0.58925426]]
probabilities: [[0.7883582  0.16240245 0.04923935]
 [0.33343056 0.45663476 0.20993468]
 [0.12162481 0.4358197  0.44255552]
 [0.22350542 0.3504043  0.42609027]
 [0.29277763 0.43602836 0.271194  ]]
probabilities: [[0.2311396  0.6264072  0.14245318]
 [0.43963462 0.33662304 0.22374234]
 [0.07485507 0.10509821 0.8200467 ]
 [0.9517149  0.00414449 0.04414065]
 [0.31065625 0.04773146 0.6416123 ]]
probabilities: [[0.08665127 0.7794025  0.13394621]
 [0.3295445  0.45465198 0.2158035 ]
 [0.04560947 0.7829871  0.17140344]
 [0.60550904 0.20910242 0.1853885 ]
 [0.08538529 0.14505003 0.7695647 ]]
probabilities: [[1. 0. 0.]
 [1. 0. 0.]
 [1. 0. 0.]
 [1. 0. 0.]
 [1. 0. 0.]]
probabilities: [[0.44678873 0.32697198 0.22623928]
 [0.6198826  0.24316554 0.13695188]
 [0.74289924 0.04231463 0.21478613]
 [0.26687822 0.43013912 0.30298266]
 [0.0519899  0.6998972  0.24811289]]
probabilities: [[0.31234792 0.44585365 0.24179843]
 [0.36109787 0.61332285 0.02557929]
 [0.27398542 0.25067797 0.4753366 ]
 [0.6980814  0.16508432 0.13683431]
 [0.6567926  0.23625974 0.1069477 ]]
probabilities: [[0.8394675  0.00252526 0.15800719]
 [0.0775642  0.35319176 0.569244  ]
 [0.29369664 0.00476219 0.7015412 ]
 [0.47106275 0.1866467  0.34229055]
 [0.1869546  0.6291992  0.18384616]]
probabilities: [[0.4970585  0.4554382  0.0475033 ]
 [0.46894562 0.15465815 0.3763962 ]
 [0.15832974 0.55706096 0.28460932]
 [0.12038587 0.38230598 0.49730816]
 [0.39264584 0.5539394  0.05341473]]
probabilities: [[0.0938535  0.22327292 0.6828736 ]
 [0.65346634 0.27172738 0.07480628]
 [0.50177664 0.31311297 0.1851104 ]
 [0.02163953 0.12930073 0.84905976]
 [0.36355057 0.17515014 0.4612993 ]]
probabilities: [[0. 0. 1.]
 [0. 1. 0.]
 [0. 1. 0.]
 [0. 0. 1.]
 [0. 0. 1.]]
probabilities: [[0.00373056 0.5380497  0.45821977]
 [0.19635515 0.2662247  0.53742015]
 [0.10729255 0.76288867 0.12981877]
 [0.41059184 0.22444706 0.36496112]
 [0.42721677 0.18929069 0.38349253]]
probabilities: [[0.43580988 0.16832395 0.3958662 ]
 [0.14978419 0.59741235 0.25280344]
 [0.30311733 0.38318837 0.3136943 ]
 [0.6073018  0.2294357  0.16326255]
 [0.2507918  0.23850468 0.51070356]]
probabilities: [[0.09182341 0.15252282 0.7556538 ]
 [0.4636866  0.01247257 0.52384084]
 [0.15004922 0.7405851  0.10936566]
 [0.5696447  0.3813653  0.04898999]
 [0.46099764 0.49166307 0.04733928]]
probabilities: [[0.94720465 0.0324064  0.02038896]
 [0.2031844  0.14373593 0.6530797 ]
 [0.30875587 0.55205417 0.13918999]
 [0.08802345 0.56383264 0.3481439 ]
 [0.2847442  0.5996331  0.11562267]]
probabilities: [[3.4245408e-01 4.8790252e-01 1.6964340e-01]
 [7.1660697e-01 1.4821354e-01 1.3517949e-01]
 [6.1733741e-04 2.9126894e-01 7.0811373e-01]
 [6.8314916e-01 3.0477315e-01 1.2077697e-02]
 [7.8241885e-01 1.8256098e-01 3.5020173e-02]]
probabilities: [[0. 1. 0.]
 [0. 1. 0.]
 [0. 1. 0.]
 [0. 1. 0.]
 [0. 1. 0.]]
probabilities: [[0.7564419  0.09588418 0.14767392]
 [0.28283617 0.26407856 0.45308527]
 [0.20921879 0.38953587 0.40124536]
 [0.00974988 0.47930703 0.51094306]
 [0.44951564 0.13456827 0.41591612]]
probabilities: [[0.01094663 0.8481296  0.14092378]
 [0.14636199 0.83673537 0.01690263]
 [0.8323018  0.09877439 0.06892383]
 [0.03628472 0.70841926 0.255296  ]
 [0.23394077 0.6855385  0.08052078]]
probabilities: [[0.43660966 0.26065555 0.30273482]
 [0.14060667 0.21532702 0.64406633]
 [0.5373897  0.2718873  0.19072297]
 [0.3811264  0.22302394 0.39584965]
 [0.37149647 0.20490475 0.42359877]]
probabilities: [[0.21247974 0.34176263 0.44575763]
 [0.00283868 0.9591751  0.03798624]
 [0.1697103  0.39753434 0.43275538]
 [0.15404497 0.4440469  0.40190813]
 [0.40439862 0.40833202 0.18726936]]
probabilities: [[0.64468765 0.20390671 0.15140562]
 [0.7211462  0.22134456 0.05750921]
 [0.32334262 0.4207999  0.25585747]
 [0.5846542  0.19533049 0.2200153 ]
 [0.32589635 0.5635033  0.1106003 ]]
probabilities: [[0. 0. 1.]
 [0. 1. 0.]
 [0. 1. 0.]
 [0. 0. 1.]
 [0. 0. 1.]]
probabilities: [[0.48979187 0.21277666 0.29743147]
 [0.03109451 0.5045395  0.464366  ]
 [0.0562131  0.5760741  0.3677128 ]
 [0.04299604 0.6260383  0.33096567]
 [0.19703539 0.4390425  0.36392212]]
probabilities: [[0.62195766 0.20164372 0.1763986 ]
 [0.0767832  0.2508851  0.6723317 ]
 [0.07931188 0.08593879 0.83474934]
 [0.0292078  0.5166367  0.45415547]
 [0.11359197 0.6533435  0.23306452]]
probabilities: [[0.3401284  0.3305588  0.3293128 ]
 [0.6219317  0.17666432 0.20140399]
 [0.1524176  0.13176036 0.71582204]
 [0.70525426 0.2833779  0.01136786]
 [0.44910476 0.48716563 0.06372964]]
probabilities: [[0.11366873 0.3072531  0.5790782 ]
 [0.3697776  0.6283805  0.00184194]
 [0.2213359  0.3160796  0.46258453]
 [0.21357319 0.7850943  0.00133252]
 [0.03539532 0.16470577 0.7998989 ]]
probabilities: [[0.03512936 0.45598567 0.50888497]
 [0.4762219  0.40118828 0.12258985]
 [0.54437745 0.14795148 0.30767107]
 [0.36512676 0.5166568  0.11821646]
 [0.7301703  0.04870211 0.22112758]]
probabilities: [[0. 0. 1.]
 [0. 1. 0.]
 [0. 1. 0.]
 [0. 0. 1.]
 [0. 0. 1.]]
probabilities: [[0.02873833 0.00430895 0.96695274]
 [0.39298478 0.56159973 0.04541552]
 [0.24789037 0.12784277 0.62426686]
 [0.41464457 0.4364992  0.14885622]
 [0.27049413 0.21842463 0.5110812 ]]
probabilities: [[0.76341075 0.12332762 0.11326161]
 [0.6108737  0.2821335  0.1069928 ]
 [0.00866576 0.9645983  0.02673595]
 [0.23276581 0.5413794  0.22585483]
 [0.19662464 0.7000301  0.1033453 ]]
probabilities: [[0.06142203 0.03917626 0.8994017 ]
 [0.05448641 0.24608462 0.699429  ]
 [0.14670339 0.53243864 0.32085794]
 [0.7336583  0.26196203 0.00437965]
 [0.47876868 0.00121032 0.520021  ]]
probabilities: [[0.12123483 0.67941934 0.1993458 ]
 [0.02035544 0.45094535 0.5286992 ]
 [0.14311956 0.16381378 0.69306666]
 [0.34066403 0.29955295 0.35978302]
 [0.47399572 0.2090155  0.3169888 ]]
probabilities: [[0.10691611 0.47167426 0.42140964]
 [0.37973443 0.3294291  0.29083648]
 [0.08549501 0.8029401  0.11156491]
 [0.27308163 0.6859824  0.04093598]
 [0.6956505  0.05236995 0.25197953]]
probabilities: [[0. 0. 1.]
 [0. 1. 0.]
 [0. 0. 1.]
 [0. 0. 1.]
 [0. 0. 1.]]
probabilities: [[0.05879154 0.17386352 0.76734495]
 [0.13609809 0.49378794 0.37011397]
 [0.44732732 0.1084418  0.44423088]
 [0.16201615 0.7417489  0.0962349 ]
 [0.09070098 0.8950504  0.01424862]]
probabilities: [[0.25047532 0.5494193  0.20010541]
 [0.70490474 0.17357314 0.12152214]
 [0.012234   0.08586768 0.9018983 ]
 [0.75634164 0.14333178 0.10032657]
 [0.3313587  0.54908687 0.11955441]]
probabilities: [[0.15609021 0.6973403  0.14656948]
 [0.45427084 0.43417132 0.11155784]
 [0.56821835 0.4032028  0.02857886]
 [0.16008358 0.28311008 0.5568063 ]
 [0.6147115  0.06589149 0.31939694]]
probabilities: [[0.2980826  0.03650248 0.6654149 ]
 [0.23355246 0.14303927 0.62340826]
 [0.29002264 0.38592035 0.324057  ]
 [0.00863838 0.49881718 0.49254444]
 [0.4654558  0.09961288 0.43493134]]
probabilities: [[0.07232758 0.76805335 0.15961906]
 [0.34436798 0.4149843  0.24064772]
 [0.6379566  0.13232328 0.22972013]
 [0.29104933 0.50179344 0.20715724]
 [0.08499064 0.39180154 0.52320784]]
probabilities: [[0. 1. 0.]
 [0. 1. 0.]
 [0. 1. 0.]
 [0. 1. 0.]
 [0. 1. 0.]]
probabilities: [[0.1196108  0.8248315  0.05555769]
 [0.3205983  0.5376957  0.141706  ]
 [0.14965051 0.0150387  0.83531076]
 [0.2008594  0.02078813 0.77835244]
 [0.13833177 0.14860435 0.7130639 ]]
probabilities: [[0.14623405 0.21399975 0.6397662 ]
 [0.34848467 0.54600036 0.10551495]
 [0.17917886 0.6514032  0.16941793]
 [0.18414341 0.3943253  0.42153132]
 [0.3709684  0.33140168 0.29762992]]
probabilities: [[0.21537343 0.6653986  0.11922797]
 [0.04256533 0.82826144 0.12917325]
 [0.27966198 0.66422313 0.05611491]
 [0.43465304 0.2679093  0.2974377 ]
 [0.38121656 0.0206774  0.598106  ]]
probabilities: [[0.19303256 0.5055633  0.3014041 ]
 [0.37035504 0.40410286 0.22554211]
 [0.0832444  0.43529496 0.48146063]
 [0.94435894 0.02637907 0.02926199]
 [0.6431474  0.05432782 0.30252475]]
probabilities: [[0.5713351  0.12704067 0.30162424]
 [0.26092765 0.1267435  0.6123288 ]
 [0.68587786 0.06554066 0.24858147]
 [0.23919436 0.43294248 0.32786316]
 [0.6548486  0.144876   0.20027545]]
probabilities: [[0. 0. 1.]
 [0. 1. 0.]
 [0. 1. 0.]
 [0. 0. 1.]
 [0. 0. 1.]]
probabilities: [[0.5428459  0.2413448  0.21580932]
 [0.02649096 0.44084355 0.5326655 ]
 [0.1140416  0.42543116 0.46052724]
 [0.29978055 0.3407281  0.35949135]
 [0.7838264  0.18920109 0.02697249]]
probabilities: [[0.4242207  0.44382998 0.1319493 ]
 [0.30096173 0.22471306 0.4743252 ]
 [0.09279565 0.5376806  0.36952373]
 [0.04694458 0.20277067 0.75028473]
 [0.34634537 0.0908388  0.56281585]]
probabilities: [[0.19714697 0.38540456 0.41744846]
 [0.19880186 0.07666722 0.72453094]
 [0.32101935 0.47964093 0.19933972]
 [0.08193884 0.3315592  0.58650196]
 [0.21407607 0.6855652  0.10035877]]
probabilities: [[0.43863383 0.18840748 0.3729587 ]
 [0.23592582 0.3273016  0.43677258]
 [0.8059151  0.06355444 0.13053043]
 [0.11542984 0.7227441  0.16182606]
 [0.20497143 0.35728174 0.43774685]]
probabilities: [[0.17012468 0.20278007 0.6270953 ]
 [0.96724254 0.0245636  0.00819389]
 [0.02506793 0.4635234  0.5114087 ]
 [0.48517063 0.13655142 0.37827796]
 [0.5413247  0.28023624 0.17843907]]
probabilities: [[0. 0. 1.]
 [0. 1. 0.]
 [0. 0. 1.]
 [0. 0. 1.]
 [0. 0. 1.]]
probabilities: [[0.05716267 0.22566704 0.7171703 ]
 [0.04990725 0.8053104  0.14478233]
 [0.3845707  0.43969038 0.17573893]
 [0.79745626 0.04286456 0.15967916]
 [0.20092256 0.13378857 0.66528887]]
probabilities: [[1.6984195e-01 5.1074845e-01 3.1940958e-01]
 [4.1686645e-01 1.8195635e-01 4.0117720e-01]
 [1.5713796e-01 2.9629935e-04 8.4256572e-01]
 [2.9833338e-01 2.2634986e-01 4.7531676e-01]
 [5.6321111e-02 7.9682940e-01 1.4684951e-01]]
probabilities: [[0.33626622 0.5899124  0.07382136]
 [0.02916607 0.03077381 0.94006014]
 [0.14205852 0.656612   0.2013295 ]
 [0.2239754  0.36961377 0.4064108 ]
