probabilities: [[0. 0. 1.]
 [0. 1. 0.]
 [0. 0. 1.]
 [0. 0. 1.]
 [0. 0. 1.]]
probabilities: [[0.44456866 0.06025123 0.4951801 ]
 [0.35961628 0.13888022 0.50150347]
 [0.74426126 0.09226203 0.16347669]
 [0.17991273 0.46620193 0.35388535]
 [0.73456556 0.06049382 0.20494062]]
probabilities: [[0.37204385 0.3509884  0.27696776]
 [0.45402434 0.08938244 0.45659322]
 [0.6309855  0.00981627 0.35919824]
 [0.6313712  0.20402972 0.16459908]
 [0.5109815  0.09981152 0.38920695]]
probabilities: [[0.8781274  0.0954377  0.02643492]
 [0.01628683 0.5272815  0.45643166]
 [0.12690686 0.750512   0.12258115]
 [0.4037658  0.29061407 0.30562013]
 [0.7333267  0.03501192 0.2316614 ]]
probabilities: [[0.03741106 0.74574286 0.21684611]
 [0.4830089  0.03216624 0.48482487]
 [0.6232796  0.10137664 0.27534378]
 [0.05530137 0.488245   0.45645362]
 [0.57315767 0.2233414  0.20350094]]
probabilities: [[0.4996431  0.1855857  0.3147712 ]
 [0.14378303 0.756421   0.09979595]
 [0.95299804 0.02964877 0.01735318]
 [0.15191573 0.75077236 0.09731189]
 [0.8208879  0.10523269 0.0738794 ]]
probabilities: [[1. 0. 0.]
 [1. 0. 0.]
 [1. 0. 0.]
 [1. 0. 0.]
 [1. 0. 0.]]
probabilities: [[0.08692411 0.8968006  0.01627529]
 [0.31321496 0.4416552  0.24512987]
 [0.01384394 0.8357733  0.15038277]
 [0.3316161  0.0398364  0.6285475 ]
 [0.28288937 0.4314502  0.28566045]]
probabilities: [[0.4824365  0.19147435 0.32608914]
 [0.05814931 0.9048993  0.03695142]
 [0.30295792 0.03861971 0.65842235]
 [0.06423241 0.24323183 0.69253576]
 [0.01617597 0.34358776 0.64023626]]
probabilities: [[0.29989317 0.0114241  0.68868273]
 [0.75125104 0.13990362 0.10884531]
 [0.75284797 0.09214857 0.15500347]
 [0.40718472 0.5008537  0.0919616 ]
 [0.3918946  0.20502421 0.40308118]]
probabilities: [[0.50446    0.3842338  0.11130621]
 [0.03116721 0.28053716 0.68829566]
 [0.6195093  0.187232   0.19325873]
 [0.39832082 0.30686653 0.29481265]
 [0.60093004 0.18430428 0.2147657 ]]
probabilities: [[0.33960935 0.59862316 0.0617675 ]
 [0.0906451  0.77962047 0.12973444]
 [0.23809543 0.6956115  0.06629307]
 [0.45132124 0.44670162 0.10197715]
 [0.42274025 0.30309436 0.2741654 ]]
probabilities: [[0. 0. 1.]
 [0. 1. 0.]
 [0. 0. 1.]
 [0. 0. 1.]
 [0. 0. 1.]]
probabilities: [[0.39231983 0.4789643  0.12871586]
 [0.599933   0.0755217  0.32454523]
 [0.3180192  0.5549466  0.12703416]
 [0.2832319  0.36532724 0.35144085]
 [0.5675219  0.3036086  0.12886947]]
probabilities: [[0.04390197 0.1506637  0.80543435]
 [0.1308427  0.10304314 0.7661142 ]
 [0.50600934 0.1848777  0.30911294]
 [0.07200187 0.08031676 0.8476814 ]
 [0.15403822 0.716327   0.1296348 ]]
probabilities: [[0.4830302  0.45678443 0.06018537]
 [0.40536535 0.01389244 0.58074224]
 [0.26725692 0.26527217 0.46747094]
 [0.17153269 0.41128817 0.41717914]
 [0.17378245 0.7055109  0.12070666]]
probabilities: [[0.57895356 0.34812814 0.0729183 ]
 [0.7712697  0.14430219 0.08442812]
 [0.55663824 0.13176371 0.31159806]
 [0.2883143  0.70798063 0.00370502]
 [0.6247331  0.2208467  0.1544202 ]]
probabilities: [[0.7835532  0.051737   0.1647098 ]
 [0.18241066 0.6028902  0.21469918]
 [0.25295725 0.33151713 0.41552565]
 [0.07792563 0.5656764  0.356398  ]
 [0.14285035 0.6686709  0.18847874]]
probabilities: [[1. 0. 0.]
 [1. 0. 0.]
 [1. 0. 0.]
 [1. 0. 0.]
 [1. 0. 0.]]
probabilities: [[0.0109996  0.14378452 0.84521586]
 [0.33660877 0.494688   0.16870323]
 [0.555816   0.08479344 0.35939056]
 [0.08380699 0.8996861  0.01650691]
 [0.44073218 0.44564965 0.11361817]]
probabilities: [[0.35216287 0.32833576 0.31950137]
 [0.16429445 0.60086083 0.23484471]
 [0.2156     0.07837538 0.70602465]
 [0.3679126  0.2552087  0.3768787 ]
 [0.47487995 0.2967488  0.22837125]]
probabilities: [[0.23384555 0.52449864 0.2416558 ]
 [0.16706963 0.04248506 0.7904453 ]
 [0.45911947 0.46842128 0.07245926]
 [0.24312057 0.72675955 0.03011987]
 [0.45780355 0.06315657 0.47903988]]
probabilities: [[0.05223826 0.7843421  0.16341963]
 [0.7240956  0.27405402 0.0018504 ]
 [0.1673305  0.00342204 0.8292475 ]
 [0.26495293 0.58166677 0.15338029]
 [0.2808252  0.5545857  0.16458912]]
probabilities: [[0.577126   0.3441819  0.07869206]
 [0.4660017  0.01180229 0.522196  ]
 [0.579721   0.17042693 0.24985209]
 [0.05465289 0.4931484  0.4521987 ]
 [0.4826147  0.22078376 0.29660153]]
probabilities: [[0. 0. 1.]
 [0. 1. 0.]
 [0. 0. 1.]
 [0. 0. 1.]
 [0. 0. 1.]]
probabilities: [[0.13573775 0.5535838  0.31067845]
 [0.39820498 0.17767048 0.42412454]
 [0.47232324 0.29553813 0.23213863]
 [0.48473823 0.4263516  0.08891013]
 [0.14574777 0.07860147 0.77565074]]
probabilities: [[0.22739106 0.60488427 0.16772468]
 [0.30257833 0.62443846 0.07298318]
 [0.07594426 0.13723117 0.7868246 ]
 [0.29755715 0.01615983 0.68628305]
 [0.06732887 0.21218123 0.7204899 ]]
probabilities: [[0.30597472 0.64021134 0.05381396]
 [0.78774554 0.09281559 0.11943887]
 [0.6035513  0.12347552 0.27297318]
 [0.02395906 0.55010164 0.42593926]
 [0.01776263 0.6993141  0.28292325]]
probabilities: [[0.81646997 0.11294702 0.07058302]
 [0.05659547 0.02203716 0.92136735]
 [0.65150976 0.12015895 0.22833127]
 [0.30421123 0.19048941 0.5052993 ]
 [0.05371406 0.7781703  0.16811563]]
probabilities: [[0.6258997  0.3056094  0.06849093]
 [0.6077675  0.18075116 0.21148129]
 [0.39685625 0.48619458 0.11694917]
 [0.0507367  0.75751364 0.19174963]
 [0.02210579 0.82114154 0.15675268]]
probabilities: [[1. 0. 0.]
 [1. 0. 0.]
 [1. 0. 0.]
 [1. 0. 0.]
 [1. 0. 0.]]
probabilities: [[0.10979836 0.7780624  0.11213923]
 [0.08990111 0.09895793 0.81114095]
 [0.9241518  0.05386383 0.02198441]
 [0.31636336 0.5755114  0.10812525]
 [0.32001403 0.22519192 0.45479405]]
probabilities: [[0.10999517 0.6368892  0.2531156 ]
 [0.6945507  0.17788664 0.12756266]
 [0.1847216  0.62817174 0.18710662]
 [0.8549438  0.01526935 0.1297868 ]
 [0.1333728  0.06253837 0.80408883]]
probabilities: [[0.83661807 0.11915825 0.04422372]
 [0.17646538 0.54323983 0.28029478]
 [0.6375923  0.2677725  0.09463519]
 [0.09710602 0.01212912 0.89076483]
 [0.35533455 0.16016173 0.48450372]]
probabilities: [[0.28502768 0.2536244  0.46134788]
 [0.13947691 0.42920908 0.431314  ]
 [0.04417559 0.76346743 0.19235699]
 [0.30668053 0.4449876  0.24833186]
 [0.32091215 0.5645606  0.11452726]]
probabilities: [[0.6432415  0.05630033 0.30045813]
 [0.78770417 0.18508585 0.02720998]
 [0.43863618 0.496913   0.06445083]
 [0.5621468  0.11099169 0.32686153]
 [0.51926386 0.4603125  0.02042362]]
probabilities: [[0. 1. 0.]
 [0. 1. 0.]
 [0. 1. 0.]
 [0. 1. 0.]
 [0. 1. 0.]]
probabilities: [[0.8125241  0.10063881 0.08683708]
 [0.02422642 0.05172015 0.92405343]
 [0.66953176 0.04727014 0.28319806]
 [0.7904555  0.06016154 0.14938292]
 [0.28380463 0.4909465  0.22524887]]
probabilities: [[0.32874885 0.6156109  0.05564022]
 [0.44240704 0.4627652  0.09482776]
 [0.2542954  0.31660455 0.4291    ]
 [0.4582086  0.20792973 0.33386168]
 [0.24964742 0.73398685 0.01636569]]
probabilities: [[0.10124218 0.14963605 0.7491218 ]
 [0.96753633 0.00488725 0.02757644]
 [0.5797606  0.03495966 0.38527977]
 [0.68712956 0.27317682 0.03969366]
 [0.36376378 0.5571578  0.07907842]]
probabilities: [[2.10019410e-01 5.43705881e-01 2.46274710e-01]
 [6.05242670e-01 9.88797098e-02 2.95877606e-01]
 [9.08740098e-04 9.11471769e-02 9.07944083e-01]
 [1.98248327e-02 1.40992245e-02 9.66075957e-01]
 [5.23827374e-01 1.30531147e-01 3.45641464e-01]]
probabilities: [[0.5269735  0.39587083 0.07715567]
 [0.1024734  0.14423817 0.75328845]
 [0.15474203 0.02074704 0.82451093]
 [0.5703107  0.3676892  0.06200008]
 [0.17598772 0.5016523  0.32235998]]
probabilities: [[0. 0. 1.]
 [0. 1. 0.]
 [0. 1. 0.]
 [0. 0. 1.]
 [0. 0. 1.]]
probabilities: [[0.30383068 0.01750059 0.67866874]
 [0.39894012 0.28747883 0.31358105]
 [0.61421466 0.17887199 0.20691335]
 [0.27608114 0.54828423 0.17563461]
 [0.96188194 0.00895354 0.0291645 ]]
probabilities: [[0.06658357 0.05532814 0.8780883 ]
 [0.53451127 0.06706505 0.3984237 ]
 [0.6992526  0.1810846  0.11966281]
 [0.4346292  0.4178497  0.1475211 ]
 [0.36804911 0.41288137 0.21906951]]
probabilities: [[0.03973704 0.45388195 0.50638103]
 [0.6543267  0.19439816 0.15127513]
 [0.5753599  0.29782742 0.1268127 ]
 [0.02857296 0.03287743 0.93854964]
 [0.07668255 0.49642268 0.42689478]]
probabilities: [[0.26165035 0.22118336 0.5171663 ]
 [0.34873143 0.11408637 0.5371822 ]
 [0.69447666 0.27684453 0.0286788 ]
 [0.37785617 0.03654933 0.58559453]
 [0.33814308 0.07316289 0.58869404]]
probabilities: [[0.77378714 0.13972305 0.0864898 ]
 [0.2658065  0.64287424 0.09131924]
 [0.4084162  0.00612501 0.58545876]
 [0.18100312 0.23984443 0.57915246]
 [0.4624602  0.4932792  0.04426062]]
probabilities: [[0. 0. 1.]
 [0. 1. 0.]
 [0. 1. 0.]
 [0. 0. 1.]
 [0. 0. 1.]]
probabilities: [[0.31683066 0.21477248 0.46839684]
 [0.68535894 0.10857969 0.20606136]
 [0.38226414 0.36115554 0.25658032]
 [0.16549613 0.65004563 0.18445821]
 [0.5157112  0.36257192 0.12171689]]
probabilities: [[0.40487143 0.34542868 0.24969988]
 [0.21278591 0.21506897 0.5721451 ]
 [0.57760245 0.04955899 0.37283856]
 [0.00882316 0.7111873  0.27998954]
 [0.04583887 0.9188624  0.03529874]]
probabilities: [[2.8659441e-02 3.7231892e-01 5.9902161e-01]
 [2.5125778e-01 4.1339610e-02 7.0740259e-01]
 [2.9322311e-01 7.0675528e-01 2.1643897e-05]
 [1.5553632e-01 4.6730357e-01 3.7716010e-01]
 [3.2191887e-01 4.3600511e-02 6.3448060e-01]]
probabilities: [[0.136843   0.05608948 0.8070675 ]
 [0.00472219 0.54369485 0.45158294]
 [0.09869329 0.81787086 0.08343586]
 [0.6990847  0.16482325 0.13609204]
 [0.7994987  0.09641664 0.10408468]]
probabilities: [[0.8523155  0.00661361 0.14107089]
 [0.0745773  0.1925525  0.7328702 ]
 [0.8906369  0.05699982 0.05236323]
 [0.47926238 0.20299938 0.31773823]
 [0.04194472 0.8590346  0.09902071]]
probabilities: [[1. 0. 0.]
 [1. 0. 0.]
 [1. 0. 0.]
 [1. 0. 0.]
 [1. 0. 0.]]
probabilities: [[0.01559804 0.54737765 0.4370243 ]
 [0.47043422 0.4475778  0.08198798]
 [0.17171913 0.07716752 0.75111336]
 [0.35091907 0.23955029 0.40953064]
 [0.5310367  0.28504857 0.18391475]]
probabilities: [[0.49479514 0.26890856 0.2362963 ]
 [0.8507169  0.10383706 0.04544606]
 [0.67014205 0.1931276  0.13673034]
 [0.02859216 0.8003914  0.17101644]
 [0.572259   0.2717809  0.15596004]]
probabilities: [[0.62549627 0.04330845 0.3311953 ]
 [0.415217   0.21533611 0.36944687]
 [0.28072324 0.698831   0.02044575]
 [0.75196916 0.0782411  0.16978976]
 [0.65758765 0.12312753 0.21928482]]
probabilities: [[0.10195382 0.65345275 0.24459343]
 [0.04219849 0.65954024 0.29826128]
 [0.718423   0.20667513 0.07490189]
 [0.02110914 0.5872627  0.39162818]
 [0.0459522  0.8243365  0.12971127]]
probabilities: [[0.4325726  0.48685905 0.08056834]
 [0.1906     0.3135305  0.49586952]
 [0.59831715 0.26056352 0.14111935]
 [0.6194297  0.00486827 0.37570202]
 [0.07035209 0.4221879  0.50746   ]]
probabilities: [[1. 0. 0.]
 [1. 0. 0.]
 [1. 0. 0.]
 [1. 0. 0.]
 [1. 0. 0.]]
probabilities: [[0.06370895 0.4469746  0.48931643]
 [0.59597254 0.23827004 0.16575745]
 [0.5807516  0.11201412 0.30723426]
 [0.3434411  0.41532865 0.24123026]
 [0.19228971 0.02894326 0.77876705]]
probabilities: [[0.39015055 0.5424181  0.06743133]
 [0.16553192 0.43884704 0.39562106]
 [0.02343834 0.03717954 0.93938214]
 [0.67354167 0.12783729 0.19862102]
 [0.4670357  0.1981135  0.33485082]]
probabilities: [[0.57426643 0.30586642 0.11986715]
 [0.04600767 0.00655697 0.9474354 ]
 [0.20370273 0.52919275 0.2671045 ]
 [0.145202   0.17933317 0.67546487]
 [0.381849   0.29096714 0.32718387]]
probabilities: [[0.4610037  0.35804966 0.18094663]
 [0.0425036  0.23366934 0.72382706]
 [0.5559171  0.3240133  0.12006963]
 [0.80543244 0.00724081 0.18732677]
 [0.23228277 0.58134395 0.18637326]]
probabilities: [[0.22494139 0.20928529 0.5657733 ]
 [0.02806679 0.02349833 0.9484349 ]
 [0.004416   0.5885004  0.40708363]
 [0.5847776  0.1418848  0.27333763]
 [0.5860333  0.1828971  0.23106961]]
probabilities: [[0. 0. 1.]
 [0. 1. 0.]
 [0. 1. 0.]
 [0. 0. 1.]
 [0. 0. 1.]]
probabilities: [[0.2182936  0.53261846 0.24908793]
 [0.08134731 0.06493296 0.8537197 ]
 [0.3330669  0.52826506 0.13866805]
 [0.5516797  0.07385123 0.37446913]
 [0.84252954 0.1325162  0.02495427]]
probabilities: [[0.1270166  0.28623068 0.5867527 ]
 [0.17514998 0.82186526 0.00298475]
 [0.15173157 0.07874233 0.7695261 ]
 [0.7862862  0.12344759 0.09026626]
 [0.10060547 0.02890082 0.8704937 ]]
probabilities: [[0.14476205 0.8376637  0.01757421]
 [0.43172404 0.20386152 0.36441445]
 [0.52758366 0.13338797 0.3390284 ]
 [0.42234626 0.57105255 0.00660117]
 [0.04594574 0.85574573 0.09830853]]
probabilities: [[0.36391085 0.18401067 0.45207846]
 [0.17649324 0.5268502  0.29665655]
 [0.9335776  0.03359388 0.03282851]
 [0.5064724  0.1577344  0.3357932 ]
 [0.5946734  0.24880193 0.15652466]]
