probabilities: [[0. 0. 1.]
 [0. 1. 0.]
 [0. 1. 0.]
 [0. 0. 1.]
 [0. 0. 1.]]
probabilities: [[0.2835884  0.28984767 0.42656392]
 [0.40471488 0.48807615 0.10720895]
 [0.25633222 0.6428076  0.10086016]
 [0.5054843  0.3149307  0.179585  ]
 [0.77149945 0.04340077 0.18509977]]
probabilities: [[0.9431578  0.04006479 0.0167774 ]
 [0.3714068  0.5996792  0.02891404]
 [0.26690578 0.2325275  0.5005667 ]
 [0.05382124 0.42072144 0.5254573 ]
 [0.46443716 0.3574846  0.17807823]]
probabilities: [[0.5266438  0.06863017 0.404726  ]
 [0.19592868 0.5178051  0.2862662 ]
 [0.86290824 0.06964334 0.0674484 ]
 [0.5845334  0.1906645  0.2248021 ]
 [0.6538199  0.01027152 0.3359086 ]]
probabilities: [[0.10233724 0.68146515 0.2161976 ]
 [0.45759934 0.07194453 0.47045612]
 [0.08772085 0.02030067 0.8919785 ]
 [0.15498549 0.32775187 0.51726264]
 [0.71470636 0.07053674 0.21475689]]
probabilities: [[0.01352462 0.80525935 0.18121603]
 [0.4436539  0.01092746 0.5454186 ]
 [0.74760985 0.18247765 0.06991251]
 [0.66947997 0.26112375 0.06939627]
 [0.48903194 0.13287301 0.37809506]]
probabilities: [[0. 0. 1.]
 [0. 1. 0.]
 [0. 1. 0.]
 [0. 0. 1.]
 [0. 0. 1.]]
probabilities: [[0.07412272 0.83190346 0.09397382]
 [0.2879618  0.41578096 0.29625723]
 [0.12123921 0.7964065  0.0823543 ]
 [0.328236   0.24753946 0.42422453]
 [0.21586165 0.65772384 0.12641451]]
probabilities: [[0.03718882 0.03796184 0.92484933]
 [0.5460473  0.1270006  0.3269521 ]
 [0.03839267 0.43513292 0.5264744 ]
 [0.0336544  0.53706706 0.42927852]
 [0.0841059  0.2448878  0.6710063 ]]
probabilities: [[0.9557618  0.03850938 0.00572884]
 [0.5216924  0.30133057 0.17697704]
 [0.3283215  0.04027023 0.6314083 ]
 [0.7436048  0.06686455 0.18953067]
 [0.26169538 0.2629725  0.4753321 ]]
probabilities: [[0.59677446 0.1228687  0.28035682]
 [0.15725024 0.5362097  0.30654004]
 [0.10430133 0.40234995 0.49334872]
 [0.7106696  0.16112247 0.12820794]
 [0.02222945 0.42419675 0.5535738 ]]
probabilities: [[0.643985   0.10469405 0.251321  ]
 [0.25624886 0.07996368 0.6637874 ]
 [0.25407398 0.28829318 0.45763284]
 [0.18854262 0.79631335 0.01514404]
 [0.2334795  0.5684126  0.1981079 ]]
probabilities: [[0. 1. 0.]
 [0. 1. 0.]
 [0. 1. 0.]
 [0. 1. 0.]
 [0. 1. 0.]]
probabilities: [[0.7152573  0.14271212 0.14203061]
 [0.45203868 0.2789848  0.2689765 ]
 [0.01751281 0.15510269 0.82738453]
 [0.3529623  0.6352036  0.01183414]
 [0.23212747 0.06562901 0.7022435 ]]
probabilities: [[0.4642736  0.51754546 0.01818091]
 [0.8695429  0.00254763 0.1279095 ]
 [0.3268083  0.08990312 0.58328855]
 [0.46180257 0.4737322  0.06446521]
 [0.0361949  0.51845455 0.44535053]]
probabilities: [[0.9010531  0.00308661 0.09586032]
 [0.55877304 0.15458798 0.28663898]
 [0.31745446 0.10482471 0.5777208 ]
 [0.37490925 0.12053213 0.5045586 ]
 [0.40372694 0.09751187 0.4987612 ]]
probabilities: [[0.3034774  0.62814885 0.06837373]
 [0.9179738  0.0224227  0.05960347]
 [0.23520188 0.1513176  0.6134805 ]
 [0.67062336 0.00264645 0.32673016]
 [0.27370974 0.5018794  0.22441085]]
probabilities: [[0.13975652 0.4754535  0.38479   ]
 [0.5130385  0.38772085 0.09924063]
 [0.47287774 0.01034613 0.51677614]
 [0.27586687 0.48935002 0.23478311]
 [0.34062725 0.5857471  0.07362565]]
probabilities: [[0. 0. 1.]
 [0. 1. 0.]
 [0. 0. 1.]
 [0. 0. 1.]
 [0. 0. 1.]]
probabilities: [[0.11586677 0.636918   0.24721524]
 [0.14830023 0.24279195 0.6089078 ]
 [0.35238108 0.17293458 0.47468436]
 [0.10309649 0.35098293 0.54592055]
 [0.02097229 0.86430544 0.11472227]]
probabilities: [[0.50805736 0.26386353 0.2280791 ]
 [0.00653475 0.5332839  0.4601814 ]
 [0.24376005 0.5461343  0.21010566]
 [0.20503159 0.07538399 0.7195844 ]
 [0.2589294  0.1693216  0.571749  ]]
probabilities: [[0.07239034 0.72283274 0.20477693]
 [0.21197683 0.779809   0.00821416]
 [0.16413242 0.0695679  0.76629966]
 [0.12354605 0.06652897 0.80992496]
 [0.03806246 0.23312071 0.7288168 ]]
probabilities: [[0.1127339  0.8509246  0.0363415 ]
 [0.38574818 0.4266661  0.18758571]
 [0.6776044  0.2433188  0.0790768 ]
 [0.09148154 0.44606984 0.46244863]
 [0.25151503 0.05137041 0.6971146 ]]
probabilities: [[0.32455003 0.2516453  0.42380464]
 [0.03345779 0.6394104  0.32713184]
 [0.11696639 0.5964015  0.2866321 ]
 [0.5661162  0.11182263 0.32206112]
 [0.7394234  0.10478557 0.15579101]]
probabilities: [[0. 1. 0.]
 [0. 1. 0.]
 [0. 1. 0.]
 [0. 1. 0.]
 [0. 1. 0.]]
probabilities: [[0.5330434  0.29298723 0.17396937]
 [0.8996392  0.08897351 0.01138732]
 [0.57623863 0.1998628  0.22389854]
 [0.78758466 0.06308436 0.14933099]
 [0.17415154 0.3163907  0.50945777]]
probabilities: [[0.3534324  0.22087659 0.425691  ]
 [0.31460947 0.33870023 0.3466903 ]
 [0.01608142 0.61884105 0.36507753]
 [0.2192429  0.18302931 0.5977278 ]
 [0.61248523 0.26143166 0.12608309]]
probabilities: [[0.24373603 0.5322238  0.22404014]
 [0.10539749 0.77535486 0.11924764]
 [0.283544   0.27878743 0.43766856]
 [0.4250806  0.49204728 0.0828721 ]
 [0.15232158 0.2577721  0.58990633]]
probabilities: [[0.35171685 0.44857478 0.19970837]
 [0.16829228 0.13599607 0.6957117 ]
 [0.5338285  0.12908939 0.33708212]
 [0.02542541 0.784391   0.19018361]
 [0.19640008 0.25688228 0.54671764]]
probabilities: [[0.11669596 0.74960834 0.1336957 ]
 [0.09133408 0.5850224  0.32364354]
 [0.01201603 0.79710925 0.19087473]
 [0.20162755 0.43344364 0.3649288 ]
 [0.6576563  0.18721868 0.15512502]]
probabilities: [[0. 0. 1.]
 [0. 1. 0.]
 [0. 1. 0.]
 [0. 0. 1.]
 [0. 0. 1.]]
probabilities: [[0.6883746  0.17456736 0.13705805]
 [0.83817345 0.02227217 0.13955441]
 [0.21011998 0.60931444 0.18056557]
 [0.6438868  0.03123908 0.3248741 ]
 [0.24750473 0.7496156  0.00287966]]
probabilities: [[0.6464217  0.2144197  0.13915864]
 [0.2755677  0.6274868  0.09694547]
 [0.28540888 0.17927319 0.5353179 ]
 [0.05456979 0.63533497 0.31009525]
 [0.45074576 0.16882557 0.38042867]]
probabilities: [[0.45434797 0.13398127 0.41167077]
 [0.6419858  0.31604108 0.04197315]
 [0.3386046  0.3557964  0.305599  ]
 [0.47057858 0.40707582 0.1223456 ]
 [0.4960536  0.21066752 0.29327887]]
probabilities: [[0.18955746 0.38573846 0.42470407]
 [0.15863675 0.42831194 0.4130513 ]
 [0.21688986 0.3777441  0.40536603]
 [0.00810843 0.72368956 0.268202  ]
 [0.33707118 0.52129704 0.14163177]]
probabilities: [[0.01580498 0.45925882 0.5249362 ]
 [0.1941703  0.20014325 0.6056865 ]
 [0.2228312  0.15800826 0.61916053]
 [0.5189833  0.33115122 0.1498655 ]
 [0.6782025  0.27986357 0.04193395]]
probabilities: [[0. 0. 1.]
 [0. 1. 0.]
 [0. 1. 0.]
 [0. 0. 1.]
 [0. 0. 1.]]
probabilities: [[0.833579   0.12649779 0.03992322]
 [0.31036842 0.1977689  0.49186268]
 [0.09250603 0.3553825  0.55211145]
 [0.2562297  0.1665758  0.5771945 ]
 [0.6533931  0.25191185 0.0946951 ]]
probabilities: [[0.626644   0.3420453  0.03131067]
 [0.07778926 0.82648253 0.09572823]
 [0.01507615 0.2087539  0.77616996]
 [0.03309746 0.60102963 0.3658729 ]
 [0.24308783 0.15328889 0.6036233 ]]
probabilities: [[0.31617    0.31461257 0.36921743]
 [0.23048127 0.40388936 0.36562937]
 [0.1726125  0.6109605  0.21642701]
 [0.52113307 0.3934081  0.08545886]
 [0.18182774 0.07243007 0.7457422 ]]
probabilities: [[0.07223681 0.03168792 0.89607525]
 [0.10418343 0.45877972 0.43703687]
 [0.4638867  0.27452055 0.26159275]
 [0.2788115  0.17213218 0.5490563 ]
 [0.24712947 0.7084497  0.04442083]]
probabilities: [[0.01570339 0.34730834 0.6369883 ]
 [0.21017604 0.47422713 0.31559685]
 [0.14034747 0.5731598  0.28649274]
 [0.5570796  0.2710591  0.1718613 ]
 [0.07418466 0.709272   0.2165433 ]]
probabilities: [[0. 0. 1.]
 [0. 1. 0.]
 [0. 1. 0.]
 [0. 0. 1.]
 [0. 0. 1.]]
probabilities: [[0.15618837 0.23671496 0.6070967 ]
 [0.29272306 0.5610404  0.14623655]
 [0.16250695 0.59711385 0.24037918]
 [0.3768797  0.43734053 0.18577978]
 [0.7893124  0.09380165 0.11688593]]
probabilities: [[0.09207107 0.22391856 0.6840104 ]
 [0.44783178 0.0357996  0.5163686 ]
 [0.01531349 0.17368233 0.81100416]
 [0.18227732 0.05587422 0.76184845]
 [0.2665165  0.70924646 0.02423702]]
probabilities: [[0.06524942 0.8315688  0.1031818 ]
 [0.31542718 0.5964133  0.08815951]
 [0.13865064 0.4468131  0.41453624]
 [0.22610082 0.12007022 0.653829  ]
 [0.6520866  0.19699268 0.15092072]]
probabilities: [[0.3943304  0.08424038 0.5214292 ]
 [0.5638598  0.15209989 0.28404027]
 [0.22881849 0.6210583  0.15012324]
 [0.00373207 0.3851696  0.61109835]
 [0.528078   0.2480914  0.2238306 ]]
probabilities: [[0.08615659 0.7996725  0.11417093]
 [0.74801666 0.16363712 0.0883462 ]
 [0.15551072 0.27573377 0.5687555 ]
 [0.05567553 0.4422814  0.50204307]
 [0.06352931 0.7947044  0.1417663 ]]
probabilities: [[0. 0. 1.]
 [0. 1. 0.]
 [0. 0. 1.]
 [0. 0. 1.]
 [0. 0. 1.]]
probabilities: [[0.45103708 0.11278635 0.43617657]
 [0.54538053 0.39164138 0.06297809]
 [0.7772846  0.10993561 0.1127798 ]
 [0.22295651 0.00094167 0.7761018 ]
 [0.18767597 0.7669837  0.04534037]]
probabilities: [[0.43027294 0.26942107 0.300306  ]
 [0.30709046 0.2868491  0.4060604 ]
 [0.5429779  0.17476505 0.28225705]
 [0.01459236 0.5683     0.41710764]
 [0.20295261 0.25634947 0.54069793]]
probabilities: [[0.2955984  0.35798308 0.34641853]
 [0.6810634  0.14660838 0.17232819]
 [0.17077838 0.18766482 0.6415568 ]
 [0.8977791  0.06404991 0.03817096]
 [0.7667605  0.04176673 0.19147275]]
probabilities: [[0.18764845 0.25056112 0.56179047]
 [0.214294   0.01589506 0.7698109 ]
 [0.32295996 0.3150854  0.36195466]
 [0.10460602 0.362147   0.533247  ]
 [0.1335638  0.65887827 0.20755795]]
probabilities: [[0.31292957 0.43925706 0.24781337]
 [0.20968653 0.738458   0.05185549]
 [0.3967659  0.14382884 0.45940527]
 [0.26647648 0.33268845 0.40083507]
 [0.25517052 0.29471993 0.45010954]]
probabilities: [[0. 1. 0.]
 [0. 1. 0.]
 [0. 1. 0.]
 [0. 1. 0.]
 [0. 1. 0.]]
probabilities: [[0.17443468 0.04038626 0.7851791 ]
 [0.7800229  0.02303951 0.19693759]
 [0.2549456  0.40964347 0.33541095]
 [0.28760135 0.66686577 0.04553291]
 [0.17684501 0.1142843  0.7088707 ]]
probabilities: [[0.35096014 0.13287745 0.5161624 ]
 [0.15801428 0.7670691  0.07491664]
 [0.5243142  0.28413814 0.1915476 ]
 [0.61114544 0.3605025  0.02835207]
 [0.38863263 0.4114268  0.19994056]]
probabilities: [[0.35446894 0.45282197 0.19270912]
 [0.7033285  0.27901554 0.01765594]
 [0.06596184 0.86807305 0.0659651 ]
 [0.20220877 0.68312716 0.11466404]
 [0.5607946  0.20366159 0.23554383]]
probabilities: [[0.287201   0.22331862 0.4894804 ]
 [0.4812775  0.32750967 0.19121283]
 [0.1897893  0.7583117  0.05189899]
 [0.40799055 0.02391314 0.56809634]
 [0.04773099 0.41916975 0.53309923]]
probabilities: [[0.62201715 0.05445658 0.32352626]
 [0.612017   0.3243444  0.06363861]
 [0.3533803  0.544017   0.10260268]
 [0.12583058 0.72632    0.14784938]
 [0.5352673  0.03879548 0.4259372 ]]
probabilities: [[1. 0. 0.]
 [1. 0. 0.]
 [1. 0. 0.]
 [1. 0. 0.]
 [1. 0. 0.]]
probabilities: [[0.42138165 0.38683245 0.1917859 ]
 [0.1838995  0.3532309  0.4628696 ]
 [0.16029549 0.7134583  0.1262462 ]
 [0.42260137 0.37615314 0.20124546]
 [0.07186381 0.877062   0.05107419]]
probabilities: [[0.27958125 0.69739324 0.02302552]
 [0.23829794 0.40678442 0.35491765]
 [0.23801108 0.559618   0.20237094]
 [0.08855037 0.69200134 0.21944828]
 [0.3460325  0.6061839  0.04778364]]
probabilities: [[0.22676182 0.33788642 0.43535176]
 [0.14913215 0.31687444 0.5339934 ]
 [0.1359598  0.18107134 0.68296885]
 [0.50973254 0.29140398 0.19886346]
 [0.27717462 0.1278772  0.5949482 ]]
probabilities: [[0.71840066 0.19529344 0.08630592]
 [0.31459606 0.01919315 0.6662108 ]
 [0.12695716 0.02071266 0.8523302 ]
 [0.11247364 0.3130444  0.57448196]
 [0.52812964 0.44062278 0.03124763]]
probabilities: [[0.1690174  0.42684412 0.40413848]
 [0.18134026 0.3924039  0.42625582]
 [0.5321462  0.05197127 0.4158825 ]
 [0.43200555 0.54766995 0.02032449]
 [0.7544982  0.09650951 0.14899233]]
probabilities: [[0. 1. 0.]
 [0. 1. 0.]
 [0. 1. 0.]
 [0. 1. 0.]
 [0. 1. 0.]]
probabilities: [[0.43753952 0.51734215 0.04511834]
 [0.11892978 0.07574378 0.80532646]
 [0.791933   0.01781334 0.19025365]
 [0.03440698 0.6294964  0.33609664]
 [0.82751703 0.15786368 0.01461929]]
probabilities: [[0.54937863 0.31189793 0.13872343]
 [0.26832122 0.26797065 0.46370813]
 [0.66631675 0.19635475 0.13732852]
 [0.16718909 0.6802808  0.15253012]
 [0.02244034 0.11280012 0.86475956]]
probabilities: [[0.03415423 0.26846328 0.6973825 ]
 [0.6306655  0.21765865 0.15167587]
 [0.5274568  0.16032413 0.31221908]
 [0.24945481 0.18338197 0.5671632 ]
 [0.31127807 0.43234143 0.25638053]]
probabilities: [[0.5537507  0.30655688 0.13969246]
 [0.42406043 0.22453845 0.35140112]
 [0.80415606 0.03586899 0.15997498]
 [0.07822386 0.41740158 0.50437456]
 [0.43953952 0.08894069 0.4715198 ]]
probabilities: [[0.2897612  0.26768187 0.44255695]
 [0.37014824 0.4260324  0.20381936]
 [0.00666885 0.8093849  0.18394627]
 [0.05611053 0.77158964 0.17229985]
 [0.04371118 0.07717364 0.87911516]]
probabilities: [[0. 0. 1.]
 [0. 1. 0.]
 [0. 1. 0.]
 [0. 0. 1.]
 [0. 0. 1.]]
probabilities: [[0.7005499  0.08753514 0.21191493]
 [0.949641   0.00775722 0.0426018 ]
 [0.2373342  0.2956329  0.46703288]
 [0.03287159 0.10584246 0.8612859 ]
 [0.6448545  0.2333981  0.12174739]]
probabilities: [[0.07331455 0.6456479  0.28103757]
 [0.5829177  0.16787833 0.24920398]
 [0.4055247  0.43014005 0.16433522]
 [0.47253755 0.09533317 0.4321293 ]
 [0.42698002 0.29734236 0.27567762]]
probabilities: [[0.3381768  0.6349137  0.02690954]
 [0.7522267  0.22286333 0.02490995]
 [0.23671268 0.44651192 0.3167754 ]
 [0.4127218  0.19854474 0.38873345]
 [0.09259611 0.15082729 0.7565766 ]]
probabilities: [[0.11258385 0.02670454 0.8607116 ]
 [0.10799067 0.39613098 0.49587834]
 [0.29025224 0.55896395 0.15078378]
 [0.78676605 0.00659865 0.20663533]
 [0.2543953  0.29560596 0.4499987 ]]
probabilities: [[0.02476382 0.92691106 0.04832513]
 [0.15528233 0.70756936 0.13714829]
 [0.18818998 0.1011946  0.7106154 ]
 [0.3391832  0.5155392  0.14527756]
 [0.02495174 0.4628498  0.51219845]]
probabilities: [[0. 1. 0.]
 [0. 1. 0.]
 [0. 1. 0.]
 [0. 1. 0.]
 [0. 1. 0.]]
probabilities: [[0.5481752  0.34384683 0.10797797]
 [0.02956544 0.21745665 0.7529779 ]
 [0.22615819 0.22190736 0.5519344 ]
 [0.0388919  0.27170387 0.68940425]
 [0.6568255  0.1214797  0.22169483]]
probabilities: [[0.1223172  0.25799412 0.6196887 ]
 [0.3548397  0.58343565 0.06172463]
 [0.32232928 0.32912102 0.34854972]
 [0.23305297 0.19598284 0.5709642 ]
 [0.6923248  0.02069506 0.28698015]]
probabilities: [[0.00647971 0.32900202 0.6645183 ]
 [0.29635096 0.42119473 0.2824543 ]
 [0.37552074 0.2621069  0.36237237]
 [0.5733134  0.41838583 0.00830074]
 [0.22385842 0.3674467  0.4086949 ]]
probabilities: [[0.00499228 0.23136021 0.7636475 ]
 [0.17950927 0.6670989  0.15339187]
 [0.42190662 0.5573426  0.02075078]
 [0.26645276 0.24433959 0.48920766]
 [0.72453487 0.19630268 0.07916244]]
probabilities: [[0.42394707 0.5101493  0.06590366]
 [0.23078737 0.21130021 0.5579124 ]
 [0.0046897  0.85939056 0.13591976]
 [0.14796905 0.28450683 0.56752414]
 [0.02911954 0.8336855  0.13719496]]
probabilities: [[0. 0. 1.]
 [0. 1. 0.]
 [0. 0. 1.]
 [0. 0. 1.]
 [0. 0. 1.]]
probabilities: [[0.56727755 0.25274566 0.17997679]
 [0.16682439 0.5332254  0.29995018]
 [0.29513568 0.53916734 0.16569696]
 [0.15312156 0.46130466 0.38557377]
 [0.08480585 0.6487084  0.26648575]]
probabilities: [[0.2736869  0.21428974 0.5120234 ]
 [0.39402342 0.2596861  0.34629047]
 [0.28012425 0.61889565 0.10098013]
 [0.35688928 0.38599408 0.25711665]
 [0.1103591  0.2899475  0.59969336]]
probabilities: [[0.0773173  0.73932177 0.18336095]
 [0.15050054 0.5210734  0.32842606]
 [0.48671922 0.40605336 0.10722742]
 [0.49964377 0.3542782  0.14607802]
 [0.38915431 0.16382146 0.44702423]]
probabilities: [[0.40817815 0.18927176 0.40255007]
 [0.42429262 0.17262152 0.4030859 ]
 [0.12613623 0.3210661  0.5527977 ]
 [0.03111719 0.9244345  0.04444834]
 [0.05783363 0.72897595 0.21319039]]
probabilities: [[0.2884013  0.6533374  0.05826123]
 [0.16346213 0.2454533  0.59108454]
 [0.11426029 0.53236264 0.35337707]
 [0.69749063 0.08038455 0.22212483]
 [0.4592725  0.3401896  0.2005379 ]]
probabilities: [[0. 0. 1.]
 [0. 1. 0.]
 [0. 1. 0.]
 [0. 0. 1.]
 [0. 0. 1.]]
probabilities: [[0.33438212 0.35712263 0.30849525]
 [0.75769466 0.10802684 0.13427849]
 [0.20232886 0.45678407 0.34088707]
 [0.20094149 0.4835764  0.31548214]
 [0.18556717 0.36830717 0.44612566]]
probabilities: [[0.69902635 0.19888352 0.10209013]
 [0.16979708 0.273254   0.5569489 ]
 [0.09239541 0.10436397 0.8032406 ]
 [0.43809327 0.14682847 0.41507825]
 [0.8809401  0.0672209  0.051839  ]]
probabilities: [[0.26036382 0.7093933  0.03024285]
 [0.315757   0.44497716 0.23926584]
 [0.12350888 0.6917165  0.18477465]
 [0.31741923 0.4317114  0.25086933]
 [0.10404392 0.69323003 0.20272607]]
probabilities: [[0.02025505 0.20470577 0.7750392 ]
 [0.03544701 0.33754033 0.62701267]
 [0.07059163 0.29931486 0.6300935 ]
 [0.03524384 0.86992747 0.09482868]
 [0.3395693  0.08783308 0.5725976 ]]
probabilities: [[0.4808976  0.24511296 0.27398944]
 [0.5252651  0.3518707  0.12286423]
 [0.1390084  0.00589327 0.8550983 ]
 [0.5629987  0.15299773 0.28400356]
 [0.24109505 0.26149565 0.49740928]]
probabilities: [[0. 0. 1.]
 [0. 1. 0.]
 [0. 1. 0.]
 [0. 0. 1.]
 [0. 0. 1.]]
probabilities: [[0.16985229 0.4973931  0.3327546 ]
 [0.31411007 0.61065674 0.07523322]
 [0.7402406  0.15425643 0.10550298]
 [0.15413535 0.26457816 0.5812865 ]
 [0.09058211 0.5980327  0.3113852 ]]
probabilities: [[0.46324885 0.39122713 0.14552401]
 [0.14283897 0.02754903 0.829612  ]
 [0.3167322  0.34080186 0.34246594]
 [0.49076703 0.39105427 0.11817867]
 [0.2064714  0.5814211  0.21210754]]
probabilities: [[0.24184509 0.63131005 0.12684485]
 [0.47916368 0.2980204  0.22281592]
 [0.35896602 0.08788204 0.55315197]
 [0.3686723  0.52418596 0.10714177]
 [0.04237472 0.23265944 0.7249658 ]]
probabilities: [[0.03353582 0.36102772 0.60543644]
 [0.4693104  0.03205948 0.49863014]
 [0.352776   0.45064372 0.19658029]
 [0.3726453  0.6065647  0.02079   ]
 [0.03947609 0.6360899  0.324434  ]]
probabilities: [[0.05453389 0.17941864 0.7660475 ]
 [0.37429142 0.24082617 0.38488242]
 [0.01010884 0.75533843 0.23455274]
 [0.5303835  0.04179931 0.42781714]
 [0.3433355  0.11119381 0.54547065]]
probabilities: [[0. 0. 1.]
 [0. 1. 0.]
 [0. 0. 1.]
 [0. 0. 1.]
 [0. 0. 1.]]
probabilities: [[0.24284753 0.56931883 0.18783365]
 [0.6709785  0.1874144  0.1416071 ]
 [0.10208278 0.8150092  0.08290803]
 [0.32230434 0.00805228 0.6696434 ]
 [0.07990579 0.34949425 0.5706    ]]
probabilities: [[0.31138545 0.6758318  0.01278278]
 [0.12497887 0.653907   0.22111413]
 [0.07367507 0.0968969  0.829428  ]
 [0.30810177 0.31114608 0.38075215]
 [0.3863017  0.15654136 0.45715693]]
probabilities: [[0.23974016 0.7544734  0.00578647]
 [0.70266056 0.11226657 0.18507287]
 [0.68510777 0.20341004 0.11148217]
 [0.49345648 0.3448153  0.16172822]
 [0.527516   0.33846375 0.13402022]]
probabilities: [[0.0213431  0.22195628 0.75670063]
 [0.7683433  0.0964658  0.13519084]
 [0.23878719 0.04786117 0.7133516 ]
 [0.9555936  0.00245648 0.04194996]
 [0.50459266 0.4381618  0.05724559]]
probabilities: [[0.4649264  0.16874792 0.36632568]
 [0.32860944 0.5848717  0.08651886]
 [0.4038834  0.32063374 0.27548286]
 [0.65824676 0.21344677 0.12830646]
 [0.63408476 0.25782818 0.10808703]]
probabilities: [[0. 1. 0.]
 [0. 1. 0.]
 [0. 1. 0.]
 [0. 1. 0.]
 [0. 1. 0.]]
probabilities: [[0.55165136 0.35891783 0.08943081]
 [0.36936656 0.19005641 0.44057703]
 [0.44481364 0.46278638 0.09239996]
 [0.31928587 0.5606464  0.12006772]
 [0.4955383  0.09666042 0.40780127]]
probabilities: [[0.50125253 0.00813665 0.4906108 ]
 [0.49798015 0.19081976 0.31120008]
 [0.54954153 0.32953417 0.1209243 ]
 [0.57945794 0.24264112 0.17790096]
 [0.09289011 0.01478216 0.8923277 ]]
probabilities: [[0.09062108 0.4545684  0.45481053]
 [0.55828166 0.09180918 0.3499092 ]
 [0.05495108 0.8404773  0.10457166]
 [0.1884512  0.16012375 0.65142506]
 [0.406726   0.17666236 0.41661164]]
probabilities: [[0.03262486 0.47532448 0.49205065]
 [0.11651531 0.78710544 0.09637926]
 [0.53943175 0.14336263 0.31720564]
 [0.46023482 0.00827169 0.5314935 ]
 [0.62196535 0.11118668 0.26684797]]
probabilities: [[0.16099498 0.6145423  0.22446272]
 [0.5178527  0.08368087 0.3984664 ]
 [0.8975254  0.0660022  0.03647238]
 [0.80030847 0.16354272 0.03614882]
 [0.0733935  0.0129464  0.9136601 ]]
probabilities: [[0. 1. 0.]
 [0. 1. 0.]
 [0. 1. 0.]
 [0. 1. 0.]
 [0. 1. 0.]]
probabilities: [[0.19459791 0.5511536  0.2542485 ]
 [0.21748167 0.1556528  0.6268655 ]
 [0.19457588 0.1416151  0.663809  ]
 [0.39270163 0.20350935 0.40378904]
 [0.15597059 0.30944428 0.5345852 ]]
probabilities: [[0.2610523  0.6584312  0.08051652]
 [0.5462314  0.4152937  0.03847493]
 [0.07060947 0.06395073 0.8654398 ]
 [0.09903313 0.81100196 0.08996494]
 [0.01778688 0.62678844 0.3554247 ]]
probabilities: [[0.06190125 0.14519791 0.7929008 ]
 [0.28189468 0.60908675 0.10901853]
 [0.2239557  0.06913645 0.70690787]
 [0.07979396 0.6934328  0.22677322]
 [0.35527164 0.58841294 0.05631544]]
probabilities: [[0.17933601 0.5452726  0.2753914 ]
 [0.03743169 0.21038295 0.75218534]
 [0.42456308 0.5623766  0.0130603 ]
 [0.34928444 0.59465265 0.05606288]
 [0.26475185 0.02888232 0.7063658 ]]
probabilities: [[0.5654755  0.3972982  0.03722627]
 [0.15072605 0.6809351  0.16833888]
 [0.04029363 0.8757887  0.08391768]
 [0.07568376 0.03715984 0.8871564 ]
 [0.18778026 0.3173126  0.49490714]]
probabilities: [[1. 0. 0.]
 [1. 0. 0.]
 [1. 0. 0.]
 [1. 0. 0.]
 [1. 0. 0.]]
probabilities: [[1.8532194e-01 7.7871192e-01 3.5966158e-02]
 [3.6165148e-01 5.7211107e-01 6.6237427e-02]
 [3.9319423e-01 4.5665647e-04 6.0634911e-01]
 [2.4325050e-01 2.7003327e-01 4.8671621e-01]
 [1.3490255e-01 5.5355632e-01 3.1154114e-01]]
probabilities: [[0.26877642 0.10663098 0.6245926 ]
 [0.03115285 0.32646734 0.6423798 ]
 [0.31765127 0.27313885 0.40920988]
 [0.63867176 0.21716222 0.144166  ]
 [0.3025057  0.5251744  0.17231992]]
probabilities: [[0.2352362  0.75988674 0.00487704]
 [0.46115977 0.52992636 0.00891385]
 [0.22708595 0.6727777  0.10013634]
 [0.4110982  0.270662   0.31823978]
 [0.23322305 0.33732498 0.42945194]]
probabilities: [[0.38937557 0.43827695 0.17234747]
 [0.05175793 0.40221786 0.5460242 ]
 [0.40885022 0.511798   0.07935178]
 [0.15902407 0.31365943 0.5273165 ]
 [0.33949587 0.20987238 0.45063177]]
probabilities: [[0.25601268 0.4772891  0.2666982 ]
 [0.41030157 0.4094595  0.18023895]
 [0.21721287 0.5934725  0.18931468]
 [0.37930334 0.26489717 0.3557995 ]
 [0.05048541 0.4136853  0.5358293 ]]
probabilities: [[0. 1. 0.]
 [0. 1. 0.]
 [0. 1. 0.]
 [0. 1. 0.]
 [0. 1. 0.]]
probabilities: [[0.6077731  0.07793643 0.31429046]
 [0.24283937 0.24718845 0.5099722 ]
 [0.12168504 0.7871077  0.09120725]
 [0.33451828 0.56951755 0.09596416]
 [0.27706406 0.00575319 0.71718276]]
probabilities: [[0.6606571  0.30339384 0.03594902]
 [0.23527114 0.16173652 0.60299236]
 [0.77577907 0.1999542  0.02426676]
 [0.0901617  0.83760786 0.07223045]
 [0.05345275 0.16138074 0.7851665 ]]
probabilities: [[0.2894025  0.09801302 0.6125845 ]
 [0.02855277 0.5803513  0.39109594]
 [0.02942179 0.54060936 0.42996883]
 [0.7894525  0.08915769 0.12138984]
 [0.5720132  0.0470853  0.3809015 ]]
probabilities: [[0.54764456 0.11729994 0.33505547]
 [0.09606364 0.3871059  0.51683044]
 [0.7052615  0.10875805 0.18598042]
 [0.10240328 0.6599614  0.23763534]
 [0.3792755  0.35863408 0.2620904 ]]
probabilities: [[0.29990178 0.5733929  0.1267053 ]
 [0.04051985 0.8446639  0.11481623]
 [0.71020025 0.05613247 0.2336673 ]
 [0.1882652  0.11951668 0.6922181 ]
 [0.00266287 0.41681275 0.5805244 ]]
probabilities: [[0. 1. 0.]
 [0. 1. 0.]
 [0. 1. 0.]
 [0. 1. 0.]
 [0. 1. 0.]]
probabilities: [[0.04621252 0.650614   0.30317348]
 [0.03773193 0.31326357 0.64900446]
 [0.40682358 0.047741   0.5454354 ]
 [0.2555348  0.03131721 0.713148  ]
 [0.6596107  0.03157878 0.30881053]]
probabilities: [[0.09156439 0.31343517 0.59500045]
 [0.57613766 0.40723592 0.01662641]
 [0.08564218 0.09085586 0.82350194]
 [0.23237434 0.12522314 0.6424025 ]
 [0.4331266  0.49461547 0.07225794]]
probabilities: [[1.9986333e-01 7.9936850e-01 7.6815410e-04]
 [4.2176011e-01 1.9187087e-01 3.8636902e-01]
 [2.0086233e-01 3.9174429e-01 4.0739337e-01]
 [2.7894664e-01 3.1229511e-01 4.0875828e-01]
 [2.6390144e-01 3.3519158e-01 4.0090698e-01]]
probabilities: [[0.931603   0.00288705 0.06550996]
 [0.00800401 0.0896379  0.9023581 ]
 [0.6918444  0.1902361  0.11791951]
 [0.33089244 0.5704436  0.09866398]
 [0.7327727  0.17086229 0.096365  ]]
probabilities: [[0.21712847 0.7359485  0.04692305]
 [0.215571   0.45207292 0.33235607]
 [0.4113704  0.4605517  0.12807788]
 [0.7207022  0.15090548 0.12839235]
 [0.3445845  0.33700377 0.31841174]]
probabilities: [[0. 1. 0.]
 [0. 1. 0.]
 [0. 1. 0.]
 [0. 1. 0.]
 [0. 1. 0.]]
probabilities: [[0.08122375 0.46364468 0.4551316 ]
 [0.15794961 0.27741    0.5646404 ]
 [0.2827111  0.3939832  0.32330573]
 [0.31337494 0.03840305 0.648222  ]
 [0.28240576 0.4545004  0.26309383]]
probabilities: [[0.13170218 0.08327026 0.78502756]
 [0.68451655 0.01650201 0.29898146]
 [0.18159825 0.00118351 0.81721824]
 [0.15716799 0.7844055  0.05842648]
 [0.40517497 0.36876938 0.22605565]]
probabilities: [[0.6101967  0.0567475  0.3330558 ]
 [0.6125619  0.11053436 0.27690375]
 [0.36078164 0.27750623 0.36171213]
 [0.2392511  0.71943873 0.04131017]
 [0.5047377  0.23756415 0.25769818]]
probabilities: [[0.5424583  0.3713561  0.08618561]
 [0.06892857 0.00739149 0.92367995]
 [0.3876528  0.49227703 0.12007017]
 [0.687563   0.25428614 0.05815088]
 [0.21568947 0.47598615 0.3083244 ]]
probabilities: [[0.6367194  0.15821354 0.20506705]
 [0.10619438 0.8604851  0.03332056]
 [0.23696697 0.5213225  0.24171056]
 [0.555307   0.32323813 0.12145488]
 [0.6212721  0.0643584  0.31436953]]
probabilities: [[0. 0. 1.]
 [0. 1. 0.]
 [0. 0. 1.]
 [0. 0. 1.]
 [0. 0. 1.]]
probabilities: [[0.02840012 0.1419322  0.8296677 ]
 [0.14630614 0.25083038 0.6028635 ]
 [0.38475105 0.08459432 0.5306546 ]
 [0.6809281  0.12338987 0.19568202]
 [0.27592263 0.33460718 0.38947022]]
probabilities: [[0.22331107 0.52862144 0.24806753]
 [0.83129084 0.13353655 0.03517259]
 [0.01005135 0.84868306 0.14126559]
 [0.08217747 0.47335303 0.4444695 ]
 [0.21338777 0.62524617 0.16136608]]
probabilities: [[0.00443305 0.7983172  0.19724976]
 [0.07508032 0.13331257 0.79160714]
 [0.29471168 0.4246549  0.2806334 ]
 [0.5819529  0.1517858  0.26626128]
 [0.21675135 0.47802708 0.3052216 ]]
probabilities: [[0.07728526 0.5960278  0.32668695]
 [0.10237312 0.68732953 0.21029736]
 [0.03801379 0.8392627  0.12272347]
 [0.6242347  0.12351882 0.2522465 ]
 [0.19970968 0.0782363  0.722054  ]]
probabilities: [[0.77583647 0.04753756 0.17662598]
 [0.5038385  0.09097527 0.40518624]
 [0.271089   0.03087091 0.6980401 ]
 [0.10884666 0.5524446  0.33870876]
 [0.3162236  0.38092065 0.3028558 ]]
probabilities: [[1. 0. 0.]
 [1. 0. 0.]
 [1. 0. 0.]
 [1. 0. 0.]
 [1. 0. 0.]]
probabilities: [[0.33590218 0.55658627 0.10751156]
 [0.42299676 0.1969863  0.38001695]
 [0.22570284 0.5220936  0.25220355]
 [0.41221634 0.47059122 0.11719247]
 [0.15254904 0.44815072 0.39930022]]
probabilities: [[0.7140722  0.06873554 0.2171922 ]
 [0.17819174 0.7035786  0.11822969]
 [0.13259338 0.03424637 0.8331602 ]
 [0.31718892 0.5156605  0.16715054]
 [0.12805061 0.13957465 0.7323747 ]]
probabilities: [[0.10394845 0.39786446 0.4981871 ]
 [0.2280168  0.13008095 0.64190227]
 [0.2451175  0.7528562  0.0020263 ]
 [0.40691426 0.15025437 0.44283137]
 [0.56238276 0.25233862 0.18527862]]
probabilities: [[0.34574768 0.04617039 0.60808194]
 [0.20123114 0.4344089  0.36435997]
 [0.09786357 0.71268994 0.18944648]
 [0.17841414 0.01208869 0.8094972 ]
 [0.13900836 0.5533804  0.30761123]]
probabilities: [[0.33534887 0.5831851  0.08146608]
 [0.04637489 0.1121344  0.8414907 ]
 [0.01175475 0.6782436  0.31000164]
 [0.05803094 0.39210543 0.54986364]
 [0.23369537 0.43718153 0.3291231 ]]
probabilities: [[1. 0. 0.]
 [1. 0. 0.]
 [1. 0. 0.]
 [1. 0. 0.]
 [1. 0. 0.]]
probabilities: [[0.04013603 0.48448408 0.4753799 ]
 [0.6512832  0.02693657 0.32178023]
 [0.39144114 0.23531659 0.37324226]
 [0.15143481 0.19839336 0.6501718 ]
 [0.40892512 0.47291765 0.11815723]]
probabilities: [[0.81763345 0.13955483 0.04281175]
 [0.13356331 0.5001551  0.3662816 ]
 [0.6006767  0.3935889  0.00573442]
 [0.16970707 0.37667468 0.45361823]
 [0.17054915 0.22228667 0.60716414]]
probabilities: [[0.1861042  0.28673482 0.52716094]
 [0.18543233 0.01464463 0.79992306]
 [0.24007079 0.06515988 0.6947693 ]
 [0.26933637 0.59699714 0.13366646]
 [0.6824804  0.01220011 0.30531946]]
probabilities: [[0.18218869 0.00591677 0.81189454]
 [0.20795591 0.67344755 0.11859655]
 [0.6037982  0.34451693 0.05168486]
 [0.32746184 0.22660902 0.44592914]
 [0.40333143 0.33662048 0.2600481 ]]
probabilities: [[0.27308244 0.29335243 0.43356514]
 [0.21547815 0.15666315 0.6278587 ]
 [0.55861723 0.21458271 0.22680004]
 [0.099409   0.34489784 0.55569315]
 [0.04541226 0.8288915  0.12569623]]
probabilities: [[0. 0. 1.]
 [0. 1. 0.]
 [0. 0. 1.]
 [0. 0. 1.]
 [0. 0. 1.]]
probabilities: [[0.25301123 0.4562972  0.2906916 ]
 [0.00148842 0.33419785 0.66431373]
 [0.17021886 0.3798498  0.44993135]
 [0.73071116 0.13681754 0.13247131]
 [0.12732607 0.07626507 0.79640883]]
probabilities: [[0.20796028 0.09232494 0.6997148 ]
 [0.6545067  0.15551563 0.18997769]
 [0.47680336 0.3292836  0.19391304]
 [0.10834649 0.15400761 0.7376459 ]
 [0.40775996 0.2646706  0.32756945]]
probabilities: [[0.05937521 0.0479078  0.892717  ]
 [0.10302751 0.3405212  0.5564513 ]
 [0.0157542  0.03660729 0.9476385 ]
 [0.6441313  0.13747855 0.21839018]
 [0.08678918 0.06376457 0.84944624]]
probabilities: [[0.01442963 0.23764434 0.747926  ]
 [0.09093436 0.54415745 0.3649082 ]
 [0.0261771  0.881149   0.09267388]
 [0.53948605 0.3686885  0.09182546]
 [0.05425786 0.10993112 0.835811  ]]
probabilities: [[0.4946467  0.1214547  0.38389862]
 [0.65046114 0.18758574 0.16195314]
 [0.01771052 0.69278526 0.28950423]
 [0.43515867 0.07804014 0.48680118]
 [0.5768046  0.3172887  0.10590674]]
probabilities: [[0. 1. 0.]
 [0. 1. 0.]
 [0. 1. 0.]
 [0. 1. 0.]
 [0. 1. 0.]]
probabilities: [[0.1717787  0.77060646 0.05761485]
 [0.406685   0.01878441 0.5745306 ]
 [0.52065676 0.01608325 0.46326   ]
 [0.18275484 0.09289705 0.7243481 ]
 [0.08575033 0.27608788 0.6381618 ]]
probabilities: [[0.06262028 0.49929354 0.43808618]
 [0.25492978 0.19716918 0.54790103]
 [0.15289524 0.6624292  0.18467554]
 [0.38226083 0.12198484 0.49575433]
 [0.6375023  0.30328447 0.05921319]]
probabilities: [[0.87020457 0.00616364 0.12363181]
 [0.02422104 0.7176434  0.25813556]
 [0.5759084  0.2729352  0.15115638]
 [0.28784937 0.5752666  0.136884  ]
 [0.5676295  0.14743589 0.28493458]]
probabilities: [[0.47240055 0.5087568  0.01884268]
 [0.32567796 0.00272303 0.67159903]
 [0.08590707 0.598932   0.31516087]
 [0.02258639 0.07245786 0.90495574]
 [0.8123163  0.15864357 0.02904013]]
probabilities: [[0.26574177 0.67908424 0.05517395]
 [0.02926092 0.6141704  0.35656872]
 [0.09242032 0.03787484 0.86970484]
 [0.5357748  0.08492561 0.37929958]
 [0.5945217  0.09791362 0.30756468]]
probabilities: [[0. 0. 1.]
 [0. 1. 0.]
 [0. 1. 0.]
 [0. 0. 1.]
 [0. 0. 1.]]
probabilities: [[0.12816618 0.79934293 0.07249087]
 [0.8949577  0.1033943  0.00164798]
 [0.33535233 0.23147559 0.43317208]
 [0.2836126  0.2161804  0.500207  ]
 [0.04150539 0.8057953  0.15269932]]
probabilities: [[0.4615813  0.2709615  0.26745722]
 [0.10264664 0.20487621 0.69247717]
 [0.19438466 0.28578356 0.5198318 ]
 [0.55582416 0.17350113 0.27067468]
 [0.32793692 0.60449314 0.06756993]]
probabilities: [[0.28135595 0.62763095 0.09101309]
 [0.04525569 0.71487105 0.23987323]
 [0.6182291  0.09427023 0.28750068]
 [0.31924698 0.36594477 0.31480825]
 [0.03152102 0.84720236 0.12127662]]
probabilities: [[0.23078746 0.13980778 0.6294048 ]
 [0.52179575 0.28257686 0.19562736]
 [0.3992467  0.3908744  0.20987895]
 [0.06903527 0.62365323 0.3073115 ]
 [0.3685985  0.582092   0.0493095 ]]
probabilities: [[0.7489519  0.10604849 0.14499958]
 [0.6485264  0.25911403 0.09235961]
 [0.40805116 0.5236799  0.06826888]
 [0.21846993 0.44003153 0.34149852]
 [0.27444535 0.28430837 0.44124627]]
probabilities: [[0. 1. 0.]
 [0. 1. 0.]
 [0. 1. 0.]
 [0. 1. 0.]
 [0. 1. 0.]]
probabilities: [[0.01861244 0.81224895 0.16913863]
 [0.7550032  0.07273974 0.17225704]
 [0.22681348 0.6084457  0.16474082]
 [0.44952688 0.3913765  0.15909664]
 [0.2455019  0.1662364  0.5882617 ]]
probabilities: [[0.33564278 0.3942455  0.27011168]
 [0.16458237 0.03573459 0.79968303]
 [0.8504607  0.04092807 0.1086112 ]
 [0.18844724 0.6486159  0.16293687]
 [0.02239431 0.06605688 0.9115488 ]]
probabilities: [[0.7529548  0.12182224 0.12522298]
 [0.47393885 0.2430294  0.28303176]
 [0.12571986 0.7184815  0.15579864]
 [0.85988235 0.03123829 0.10887933]
 [0.5676529  0.04344652 0.38890058]]
probabilities: [[0.588922   0.08319151 0.32788646]
 [0.8686236  0.07807282 0.05330357]
 [0.16622919 0.39418444 0.43958637]
 [0.00240434 0.46519053 0.53240514]
 [0.28790906 0.1529055  0.55918545]]
probabilities: [[0.11192244 0.4211591  0.46691847]
 [0.09673243 0.82086664 0.08240094]
 [0.37467647 0.01108437 0.61423916]
 [0.47349492 0.25052914 0.27597594]
 [0.28160906 0.69394946 0.02444147]]
probabilities: [[0. 0. 1.]
 [0. 1. 0.]
 [0. 0. 1.]
 [0. 0. 1.]
 [0. 0. 1.]]
probabilities: [[0.4571326  0.34086707 0.2020003 ]
 [0.15710853 0.1435348  0.6993567 ]
 [0.8275881  0.06727423 0.10513772]
 [0.14004359 0.36708736 0.49286908]
 [0.03644123 0.79815966 0.1653991 ]]
probabilities: [[0.0586789  0.79079306 0.15052803]
 [0.3841666  0.52221596 0.09361747]
 [0.13798366 0.04342226 0.81859404]
 [0.38374463 0.05308313 0.5631722 ]
 [0.5925514  0.18314777 0.22430082]]
probabilities: [[0.6686963  0.02433619 0.30696753]
 [0.4270372  0.3977946  0.17516819]
 [0.15747489 0.6167023  0.22582279]
 [0.34059814 0.2375316  0.42187026]
 [0.3367323  0.42982525 0.23344247]]
probabilities: [[0.14067012 0.7644933  0.09483656]
 [0.25335896 0.63454205 0.11209901]
 [0.7900657  0.07682166 0.13311261]
 [0.15675136 0.6162937  0.2269549 ]
 [0.07844103 0.19214125 0.72941774]]
probabilities: [[0.35108614 0.51240534 0.1365085 ]
 [0.02625033 0.6699327  0.30381694]
 [0.44234273 0.49142906 0.0662282 ]
 [0.5967935  0.24100572 0.16220082]
 [0.2188757  0.18298344 0.59814084]]
probabilities: [[1. 0. 0.]
 [1. 0. 0.]
 [1. 0. 0.]
 [1. 0. 0.]
 [1. 0. 0.]]
probabilities: [[0.48553798 0.2892475  0.22521451]
 [0.13537858 0.48394063 0.38068077]
 [0.575641   0.4185302  0.00582883]
 [0.4453594  0.04432755 0.51031303]
 [0.49458942 0.30285472 0.20255588]]
probabilities: [[0.29780397 0.52278745 0.17940858]
 [0.1585771  0.7289573  0.11246563]
 [0.5619479  0.28665915 0.15139295]
 [0.26262864 0.535076   0.20229536]
 [0.47800004 0.08398377 0.4380162 ]]
probabilities: [[0.26670182 0.27509537 0.4582028 ]
 [0.04508914 0.0119109  0.94299996]
 [0.42877728 0.18754509 0.38367763]
 [0.06711477 0.91353774 0.01934751]
 [0.74186635 0.01690868 0.24122497]]
probabilities: [[0.30669177 0.18050253 0.5128057 ]
 [0.10366363 0.10050578 0.7958306 ]
 [0.43735975 0.16427238 0.39836788]
 [0.33724362 0.07646117 0.5862952 ]
 [0.3106718  0.03464481 0.6546834 ]]
probabilities: [[0.61901194 0.05731277 0.3236753 ]
 [0.5155898  0.02634438 0.45806584]
 [0.708934   0.2517447  0.03932133]
 [0.37308994 0.43737507 0.189535  ]
 [0.23964791 0.61954725 0.14080483]]
probabilities: [[0. 1. 0.]
 [0. 1. 0.]
 [0. 1. 0.]
 [0. 1. 0.]
 [0. 1. 0.]]
probabilities: [[0.9383847  0.03168532 0.02992999]
 [0.5004937  0.4531616  0.04634472]
 [0.3352171  0.6290562  0.03572669]
 [0.3807511  0.25599644 0.36325246]
 [0.12458384 0.82911164 0.04630453]]
probabilities: [[0.30540758 0.29390323 0.4006892 ]
 [0.73231244 0.21968071 0.04800682]
 [0.5829274  0.40254363 0.01452897]
 [0.15072212 0.3892057  0.4600722 ]
 [0.2281618  0.28718993 0.48464826]]
probabilities: [[0.38179672 0.0174507  0.6007526 ]
 [0.12983988 0.6137384  0.2564217 ]
 [0.05828326 0.44837832 0.4933384 ]
 [0.15027848 0.79898363 0.05073788]
 [0.4556925  0.5369784  0.00732904]]
probabilities: [[0.12563996 0.5032404  0.37111965]
 [0.07002202 0.4668522  0.46312577]
 [0.15156215 0.38756877 0.46086907]
 [0.0482012  0.46422878 0.48757002]
 [0.04088436 0.9037159  0.05539971]]
probabilities: [[0.35233286 0.09324193 0.5544252 ]
 [0.07624862 0.6903211  0.23343033]
 [0.16382161 0.4407084  0.39547   ]
 [0.5833919  0.34441665 0.07219144]
 [0.16243654 0.07707214 0.7604913 ]]
probabilities: [[1. 0. 0.]
 [1. 0. 0.]
 [1. 0. 0.]
 [1. 0. 0.]
 [1. 0. 0.]]
probabilities: [[0.23184894 0.54433435 0.2238167 ]
 [0.03481982 0.45569095 0.50948924]
 [0.77834237 0.13053033 0.09112731]
 [0.5880144  0.22737132 0.18461423]
 [0.24458186 0.67693317 0.07848495]]
probabilities: [[0.38597858 0.551352   0.06266941]
 [0.5384577  0.3902301  0.07131221]
 [0.20054646 0.49853584 0.30091769]
 [0.28199348 0.29529256 0.422714  ]
 [0.12672572 0.86277163 0.01050267]]
probabilities: [[0.1583458  0.3958006  0.4458536 ]
 [0.05458148 0.54303515 0.40238336]
 [0.2385109  0.00994875 0.75154036]
 [0.3848025  0.03603954 0.57915795]
 [0.14893137 0.25967845 0.5913902 ]]
probabilities: [[0.48443136 0.01823263 0.49733603]
 [0.5728714  0.1501449  0.2769837 ]
 [0.05139074 0.32316762 0.6254416 ]
 [0.03462832 0.46941227 0.49595943]
 [0.6679485  0.2633521  0.06869942]]
probabilities: [[0.19803523 0.358226   0.44373876]
 [0.1818897  0.20250525 0.61560506]
 [0.7453397  0.03557872 0.21908157]
 [0.24442166 0.22159903 0.5339793 ]
 [0.18322842 0.7264839  0.09028768]]
probabilities: [[0. 0. 1.]
 [0. 1. 0.]
 [0. 1. 0.]
 [0. 0. 1.]
 [0. 0. 1.]]
probabilities: [[0.03757625 0.786355   0.17606875]
 [0.3433973  0.5281019  0.12850079]
 [0.37012893 0.44997197 0.17989911]
 [0.4378769  0.51181066 0.05031243]
 [0.03965534 0.60957974 0.35076493]]
probabilities: [[0.0805314  0.6732701  0.2461985 ]
 [0.38850895 0.23213056 0.3793605 ]
 [0.29502752 0.23457882 0.47039366]
 [0.54083586 0.2820879  0.17707625]
 [0.5158314  0.44644305 0.03772551]]
probabilities: [[0.36046726 0.61079115 0.02874159]
 [0.3712964  0.6065684  0.0221352 ]
 [0.7065747  0.24507065 0.04835467]
 [0.08401559 0.8407556  0.07522883]
 [0.07136034 0.6182215  0.31041813]]
probabilities: [[0.36632338 0.5878279  0.04584866]
 [0.28296015 0.6821883  0.03485158]
 [0.9302775  0.03835357 0.03136888]
 [0.3292009  0.08357751 0.5872216 ]
 [0.19465585 0.4101267  0.39521745]]
probabilities: [[0.557447   0.04391921 0.39863378]
 [0.70708245 0.21613455 0.07678298]
 [0.40453    0.19995457 0.39551544]
 [0.14154789 0.5243083  0.3341438 ]
 [0.3059059  0.49741694 0.19667716]]
probabilities: [[0. 1. 0.]
 [0. 1. 0.]
 [0. 1. 0.]
 [0. 1. 0.]
 [0. 1. 0.]]
probabilities: [[0.01115571 0.96719307 0.02165124]
 [0.15316214 0.7921995  0.05463837]
 [0.36739486 0.06485391 0.5677512 ]
 [0.07456782 0.36419272 0.5612395 ]
 [0.41665378 0.5211101  0.06223607]]
probabilities: [[0.0675291  0.11686105 0.8156099 ]
 [0.18477374 0.60410285 0.21112342]
 [0.02050187 0.7511436  0.22835456]
 [0.37014362 0.09487107 0.5349853 ]
 [0.0384639  0.24899544 0.7125407 ]]
probabilities: [[0.4109882  0.00670775 0.58230406]
 [0.5945382  0.10862146 0.29684034]
 [0.00090917 0.8950429  0.10404791]
 [0.74661624 0.24970734 0.00367643]
 [0.5199831  0.22871232 0.25130457]]
probabilities: [[0.12202625 0.47658154 0.4013922 ]
 [0.25989276 0.37028715 0.3698201 ]
 [0.14708935 0.6519598  0.20095088]
 [0.12297422 0.05340539 0.8236204 ]
 [0.3503303  0.4918931  0.15777658]]
probabilities: [[0.22320624 0.1879305  0.58886325]
 [0.00658118 0.18785109 0.80556774]
 [0.28417096 0.515281   0.20054804]
 [0.106845   0.78453887 0.10861614]
 [0.21305482 0.5136351  0.27331007]]
probabilities: [[0. 0. 1.]
 [0. 1. 0.]
 [0. 0. 1.]
 [0. 0. 1.]
 [0. 0. 1.]]
probabilities: [[1.0887331e-01 2.0374292e-01 6.8738377e-01]
 [5.1736420e-01 3.4995118e-01 1.3268462e-01]
 [7.7289015e-01 1.1366992e-01 1.1343992e-01]
 [1.5375412e-01 4.0326184e-01 4.4298404e-01]
 [4.1037476e-01 5.8921808e-01 4.0713657e-04]]
probabilities: [[0.74458706 0.21390817 0.04150479]
 [0.6987119  0.03189308 0.26939502]
 [0.3176873  0.00738978 0.6749229 ]
 [0.01138297 0.67827857 0.3103385 ]
 [0.14540727 0.45825598 0.39633676]]
probabilities: [[0.44020686 0.03787905 0.52191406]
 [0.42032087 0.00245832 0.5772208 ]
 [0.18879078 0.2199892  0.59122   ]
 [0.3377135  0.5915818  0.07070466]
 [0.1929063  0.7406417  0.06645196]]
probabilities: [[0.9664202  0.01457821 0.01900165]
 [0.6986034  0.04611637 0.25528023]
 [0.06672195 0.3710489  0.56222916]
