probabilities: [[0. 0. 1.]
 [0. 1. 0.]
 [0. 1. 0.]
 [0. 0. 1.]
 [0. 0. 1.]]
probabilities: [[0.8006287  0.05654208 0.14282922]
 [0.08243346 0.35124776 0.5663188 ]
 [0.3441791  0.649507   0.00631388]
 [0.19897713 0.7234562  0.07756665]
 [0.01549652 0.61715084 0.36735266]]
probabilities: [[0.7067829  0.06340709 0.22981003]
 [0.62290907 0.3275992  0.04949171]
 [0.04705917 0.92072886 0.03221196]
 [0.26927328 0.5413488  0.18937792]
 [0.01212194 0.9489217  0.0389564 ]]
probabilities: [[0.43023297 0.52739036 0.04237669]
 [0.14177646 0.7121873  0.14603625]
 [0.11196471 0.47949362 0.40854168]
 [0.1001497  0.01295687 0.88689345]
 [0.14383467 0.6065776  0.24958774]]
probabilities: [[0. 1. 0.]
 [0. 1. 0.]
 [0. 1. 0.]
 [0. 1. 0.]
 [0. 1. 0.]]
probabilities: [[0.72510725 0.04944114 0.2254516 ]
 [0.7418636  0.25577247 0.0023639 ]
 [0.0766307  0.1943938  0.7289755 ]
 [0.67761195 0.23646012 0.08592795]
 [0.56393206 0.06822661 0.3678413 ]]
probabilities: [[0.3404992  0.17480186 0.48469898]
 [0.53295684 0.02461851 0.44242463]
 [0.18330929 0.3464976  0.47019315]
 [0.06867293 0.5120369  0.41929016]
 [0.43129525 0.48952058 0.07918417]]
probabilities: [[0.55401    0.24911211 0.19687794]
 [0.7139929  0.2469673  0.0390398 ]
 [0.2830099  0.40469062 0.3122995 ]
 [0.16636504 0.714098   0.11953696]
 [0.20046028 0.41204497 0.38749474]]
probabilities: [[0. 0. 1.]
 [0. 1. 0.]
 [0. 1. 0.]
 [0. 0. 1.]
 [0. 0. 1.]]
probabilities: [[0.64485323 0.19364469 0.16150206]
 [0.23277842 0.3791748  0.38804677]
 [0.5602634  0.3839896  0.05574699]
 [0.18394576 0.31197003 0.5040842 ]
 [0.0882082  0.6732237  0.23856816]]
probabilities: [[0.24429086 0.3648083  0.39090085]
 [0.29289278 0.40689886 0.30020836]
 [0.11433844 0.4060607  0.47960085]
 [0.33955842 0.55799097 0.10245064]
 [0.3147722  0.12340324 0.56182456]]
probabilities: [[0.15114939 0.01205635 0.83679426]
 [0.37765858 0.17014521 0.4521962 ]
 [0.18312474 0.53676486 0.2801104 ]
 [0.71224934 0.15194409 0.13580655]
 [0.0637539  0.93012315 0.00612294]]
probabilities: [[1. 0. 0.]
 [1. 0. 0.]
 [1. 0. 0.]
 [1. 0. 0.]
 [1. 0. 0.]]
probabilities: [[0.25954884 0.56227267 0.17817849]
 [0.12943354 0.13959756 0.7309689 ]
 [0.28842196 0.00329705 0.708281  ]
 [0.11349816 0.1827922  0.70370966]
 [0.35768867 0.37876227 0.26354906]]
probabilities: [[0.5085129  0.31977883 0.17170824]
 [0.3021352  0.12623025 0.57163453]
 [0.3179272  0.04217034 0.6399024 ]
 [0.06306867 0.56301016 0.37392116]
 [0.41497782 0.4404806  0.14454159]]
probabilities: [[0.48887146 0.44172212 0.06940644]
 [0.4392984  0.13986173 0.42083988]
 [0.14997086 0.5430956  0.30693352]
 [0.103116   0.25033188 0.64655215]
 [0.58565295 0.3360118  0.07833525]]
probabilities: [[0. 0. 1.]
 [0. 1. 0.]
 [0. 1. 0.]
 [0. 0. 1.]
 [0. 0. 1.]]
probabilities: [[0.5321248  0.4582301  0.00964508]
 [0.7506315  0.23239751 0.01697097]
 [0.51384425 0.29158968 0.19456606]
 [0.40416765 0.30785996 0.28797236]
 [0.07085638 0.59568316 0.33346045]]
probabilities: [[0.8751418  0.10242356 0.02243462]
 [0.7566975  0.08016926 0.16313323]
 [0.18462664 0.69932157 0.11605181]
 [0.09048168 0.34393355 0.5655848 ]
 [0.33042288 0.12856562 0.5410115 ]]
probabilities: [[0.5051523  0.35050339 0.14434434]
 [0.49554193 0.34718612 0.15727194]
 [0.16413647 0.26335248 0.572511  ]
 [0.4382638  0.33897856 0.22275762]
 [0.1731304  0.7391231  0.08774652]]
probabilities: [[0. 0. 1.]
 [0. 1. 0.]
 [0. 1. 0.]
 [0. 0. 1.]
 [0. 0. 1.]]
probabilities: [[0.29817882 0.36660707 0.3352141 ]
 [0.3177426  0.5032308  0.17902662]
 [0.5844686  0.25177217 0.16375922]
 [0.08274999 0.6675093  0.24974072]
 [0.35776025 0.37662393 0.26561582]]
probabilities: [[0.46898288 0.3156709  0.2153462 ]
 [0.10453663 0.52891946 0.36654392]
 [0.25768167 0.34938306 0.3929353 ]
 [0.44751823 0.45472938 0.09775239]
 [0.14728534 0.7599376  0.09277704]]
probabilities: [[0.21992117 0.64446926 0.13560958]
 [0.20518893 0.00542487 0.7893862 ]
 [0.15095359 0.48676172 0.3622847 ]
 [0.00382876 0.4724016  0.5237696 ]
 [0.03215295 0.9548002  0.01304685]]
probabilities: [[1. 0. 0.]
 [1. 0. 0.]
 [1. 0. 0.]
 [1. 0. 0.]
 [1. 0. 0.]]
probabilities: [[0.55345273 0.01034999 0.4361973 ]
 [0.40018904 0.11252948 0.48728147]
 [0.4492584  0.40395197 0.14678963]
 [0.83549166 0.12151408 0.04299424]
 [0.73243845 0.05010675 0.21745482]]
probabilities: [[0.79257715 0.0297631  0.17765974]
 [0.01427628 0.25163275 0.734091  ]
 [0.6743934  0.15028362 0.17532298]
 [0.56091315 0.28905565 0.15003122]
 [0.62887794 0.2981151  0.07300694]]
probabilities: [[0.15784894 0.3510213  0.4911298 ]
 [0.43715534 0.28075868 0.28208598]
 [0.35818446 0.2753867  0.36642888]
 [0.44371477 0.21526287 0.34102237]
 [0.11601539 0.35998544 0.52399915]]
probabilities: [[0. 0. 1.]
 [0. 1. 0.]
 [0. 0. 1.]
 [0. 0. 1.]
 [0. 0. 1.]]
probabilities: [[0.13794993 0.2923983  0.5696518 ]
 [0.15882584 0.76684326 0.07433087]
 [0.0042893  0.16558656 0.83012414]
 [0.00207581 0.58807    0.40985423]
 [0.12218006 0.52924126 0.3485787 ]]
probabilities: [[0.14025944 0.11201481 0.7477257 ]
 [0.22245985 0.09581704 0.6817231 ]
 [0.5031378  0.21352334 0.28333881]
 [0.6141714  0.26831153 0.11751706]
 [0.49839178 0.01310281 0.48850542]]
probabilities: [[3.5794315e-04 2.8927213e-01 7.1036994e-01]
 [2.9900202e-01 4.6201101e-01 2.3898697e-01]
 [5.1401788e-01 4.5599014e-02 4.4038308e-01]
 [5.0883001e-01 2.7381632e-01 2.1735367e-01]
 [1.3214038e-01 5.6169027e-01 3.0616933e-01]]
probabilities: [[0. 1. 0.]
 [0. 1. 0.]
 [0. 1. 0.]
 [0. 1. 0.]
 [0. 1. 0.]]
probabilities: [[0.24711528 0.710387   0.04249774]
 [0.11611654 0.6371658  0.24671768]
 [0.43474582 0.41835216 0.14690204]
 [0.02831231 0.58245796 0.3892297 ]
 [0.01730847 0.6816544  0.30103713]]
probabilities: [[0.01425344 0.95097995 0.0347666 ]
 [0.08856147 0.4235618  0.4878767 ]
 [0.44266707 0.2796718  0.27766114]
 [0.18439122 0.3541565  0.46145228]
 [0.07649609 0.2161575  0.70734644]]
probabilities: [[0.08030264 0.12241927 0.7972781 ]
 [0.14206524 0.18739316 0.6705416 ]
 [0.92054564 0.0241356  0.05531874]
 [0.06405937 0.7449513  0.19098935]
 [0.09620845 0.71529466 0.18849689]]
probabilities: [[0. 0. 1.]
 [0. 1. 0.]
 [0. 0. 1.]
 [0. 0. 1.]
 [0. 0. 1.]]
probabilities: [[0.06537687 0.7895894  0.14503375]
 [0.09280131 0.41893637 0.48826233]
 [0.50438225 0.4795916  0.01602612]
 [0.07379349 0.21088627 0.7153202 ]
 [0.5162426  0.03318455 0.45057282]]
probabilities: [[0.41460028 0.44250646 0.14289325]
 [0.44747788 0.33565024 0.21687189]
 [0.12147139 0.6798656  0.198663  ]
 [0.19683908 0.6800041  0.12315678]
 [0.08280163 0.8264355  0.09076285]]
probabilities: [[0.01734195 0.50675637 0.4759017 ]
 [0.32511362 0.6017888  0.07309752]
 [0.5523209  0.09738382 0.35029528]
 [0.28006378 0.40943304 0.31050318]
 [0.06974035 0.7721777  0.15808193]]
probabilities: [[0. 0. 1.]
 [0. 1. 0.]
 [0. 1. 0.]
 [0. 0. 1.]
 [0. 0. 1.]]
probabilities: [[0.31735763 0.6326293  0.05001307]
 [0.00151558 0.47070703 0.5277774 ]
 [0.6633696  0.20294198 0.13368843]
 [0.6829676  0.07564208 0.24139033]
 [0.03663284 0.8045812  0.15878591]]
probabilities: [[0.36945918 0.36904284 0.26149797]
 [0.30180764 0.55563235 0.14256   ]
 [0.1676687  0.06308381 0.7692475 ]
 [0.37379527 0.33974776 0.28645697]
 [0.4195723  0.55064    0.02978773]]
probabilities: [[0.47072652 0.51869166 0.01058181]
 [0.20990968 0.3356589  0.4544314 ]
 [0.5494668  0.0970028  0.35353044]
 [0.16041091 0.64266425 0.19692485]
 [0.9108519  0.06438556 0.02476255]]
probabilities: [[0. 0. 1.]
 [0. 1. 0.]
 [0. 0. 1.]
 [0. 0. 1.]
 [0. 0. 1.]]
probabilities: [[0.44670263 0.51095176 0.04234562]
 [0.10216379 0.43786225 0.45997396]
 [0.5270786  0.01815632 0.45476508]
 [0.5558991  0.20160984 0.24249107]
 [0.49712983 0.4966234  0.00624679]]
probabilities: [[0.7697232  0.08882695 0.14144985]
 [0.46008098 0.22670232 0.31321672]
 [0.26553935 0.4989649  0.23549575]
 [0.06845167 0.9215306  0.01001773]
 [0.04130212 0.7568222  0.20187567]]
probabilities: [[0.29554534 0.4920211  0.21243355]
 [0.07091359 0.15567183 0.77341455]
 [0.45308465 0.5065219  0.04039348]
 [0.6403355  0.06952098 0.2901435 ]
 [0.2875618  0.27087602 0.44156218]]
probabilities: [[0. 0. 1.]
 [0. 1. 0.]
 [0. 0. 1.]
 [0. 0. 1.]
 [0. 0. 1.]]
probabilities: [[0.6914024  0.11791611 0.1906815 ]
 [0.35962138 0.51773936 0.12263926]
 [0.02683641 0.06616606 0.90699756]
 [0.53980803 0.39211565 0.06807632]
 [0.31173784 0.44316718 0.24509498]]
probabilities: [[0.3173104  0.36471206 0.31797755]
 [0.2243676  0.524899   0.25073338]
 [0.02871882 0.7390684  0.23221281]
 [0.6257802  0.19672963 0.17749014]
 [0.167147   0.56342745 0.26942554]]
probabilities: [[0.34414995 0.5927581  0.06309195]
 [0.28897363 0.46529326 0.2457331 ]
 [0.28267515 0.5531141  0.16421075]
 [0.07556621 0.18474661 0.7396872 ]
 [0.01249992 0.76461196 0.22288808]]
probabilities: [[0. 0. 1.]
 [0. 1. 0.]
 [0. 1. 0.]
 [0. 0. 1.]
 [0. 0. 1.]]
probabilities: [[0.5039077  0.00827478 0.48781753]
 [0.04690487 0.3495733  0.6035218 ]
 [0.46416616 0.21935727 0.31647658]
 [0.10765912 0.22366334 0.6686775 ]
 [0.04930115 0.30947885 0.64122   ]]
probabilities: [[0.35408342 0.28710893 0.35880762]
 [0.38283044 0.59887    0.01829956]
 [0.47171742 0.26412442 0.26415816]
 [0.61724216 0.2253036  0.15745425]
 [0.22213353 0.19325769 0.5846088 ]]
probabilities: [[0.19017565 0.43029535 0.379529  ]
 [0.32651255 0.35608575 0.31740168]
 [0.7158784  0.17230919 0.11181238]
 [0.07697803 0.77661145 0.14641052]
 [0.2851478  0.03831318 0.676539  ]]
probabilities: [[1. 0. 0.]
 [1. 0. 0.]
 [1. 0. 0.]
 [1. 0. 0.]
 [1. 0. 0.]]
probabilities: [[0.24557102 0.52639365 0.22803533]
 [0.0799567  0.7245317  0.19551156]
 [0.5119507  0.46825597 0.01979337]
 [0.18231742 0.17769732 0.63998526]
 [0.8517163  0.02741576 0.12086795]]
probabilities: [[0.34787887 0.4246316  0.22748952]
 [0.07718271 0.27347484 0.6493424 ]
 [0.42077336 0.3090925  0.27013415]
 [0.00839033 0.36760193 0.6240077 ]
 [0.47416547 0.12259538 0.40323916]]
probabilities: [[0.88566345 0.03804937 0.07628718]
 [0.23058987 0.7377044  0.03170576]
 [0.11291478 0.7982658  0.08881938]
 [0.1100032  0.43898785 0.45100895]
 [0.6480159  0.23900664 0.11297745]]
probabilities: [[1. 0. 0.]
 [1. 0. 0.]
 [1. 0. 0.]
 [1. 0. 0.]
 [1. 0. 0.]]
probabilities: [[0.6276312  0.275287   0.09708179]
 [0.5376418  0.20703614 0.25532204]
 [0.78332883 0.07427786 0.1423933 ]
 [0.1080698  0.10510364 0.78682655]
 [0.26328534 0.51791096 0.21880372]]
probabilities: [[0.33069125 0.21918927 0.45011947]
 [0.5707603  0.09572296 0.33351675]
 [0.7244672  0.2273912  0.0481416 ]
 [0.41836175 0.22285315 0.3587851 ]
 [0.6650696  0.21989673 0.11503367]]
probabilities: [[0.6368164  0.09581138 0.26737225]
 [0.326981   0.3541037  0.31891528]
 [0.68763    0.02339952 0.28897047]
 [0.2856827  0.2494616  0.4648557 ]
 [0.21395114 0.64314723 0.14290164]]
probabilities: [[1. 0. 0.]
 [1. 0. 0.]
 [1. 0. 0.]
 [1. 0. 0.]
 [1. 0. 0.]]
probabilities: [[0.42414182 0.3632735  0.21258469]
 [0.08410466 0.9017914  0.01410395]
 [0.53107244 0.3581785  0.11074904]
 [0.78970873 0.0466789  0.16361237]
 [0.1077498  0.02943904 0.86281115]]
probabilities: [[0.48324272 0.4690021  0.0477552 ]
 [0.1808812  0.3108194  0.5082994 ]
 [0.6062684  0.33189076 0.06184082]
 [0.27213144 0.10112903 0.6267395 ]
 [0.11830273 0.09326981 0.7884275 ]]
probabilities: [[0.6154977  0.22956505 0.15493725]
 [0.30595022 0.20529744 0.48875234]
 [0.03521724 0.04889743 0.9158853 ]
 [0.25481474 0.52644515 0.2187401 ]
 [0.04314164 0.55940527 0.39745307]]
probabilities: [[0. 1. 0.]
 [0. 1. 0.]
 [0. 1. 0.]
 [0. 1. 0.]
 [0. 1. 0.]]
probabilities: [[0.0151736  0.62254804 0.36227837]
 [0.70602363 0.1104159  0.18356048]
 [0.47622192 0.22542271 0.29835537]
 [0.30212182 0.2210761  0.47680208]
 [0.6919644  0.09612624 0.21190938]]
probabilities: [[0.08508179 0.38769332 0.5272249 ]
 [0.08759908 0.04897368 0.8634272 ]
 [0.24782608 0.03520607 0.7169678 ]
 [0.88983226 0.07989762 0.03027015]
 [0.05683392 0.4602969  0.48286918]]
probabilities: [[0.2473315  0.3450799  0.4075886 ]
 [0.6333616  0.12046984 0.24616857]
 [0.36445943 0.60042864 0.03511192]
 [0.17834055 0.06264329 0.75901616]
 [0.03641706 0.6741623  0.2894206 ]]
probabilities: [[1. 0. 0.]
 [1. 0. 0.]
 [1. 0. 0.]
 [1. 0. 0.]
 [1. 0. 0.]]
probabilities: [[0.7190581  0.0087933  0.2721486 ]
 [0.7614802  0.21942548 0.01909433]
 [0.12697822 0.68006986 0.1929519 ]
 [0.62224287 0.14807913 0.229678  ]
 [0.54810476 0.43164682 0.02024838]]
probabilities: [[0.30722314 0.31235117 0.3804257 ]
 [0.72905314 0.14751434 0.12343251]
 [0.5022186  0.44930717 0.04847423]
 [0.52072847 0.43497568 0.04429584]
 [0.6924839  0.18729219 0.12022389]]
probabilities: [[0.2797878  0.3373353  0.3828769 ]
 [0.22502625 0.28851622 0.48645753]
 [0.28668314 0.03926254 0.6740543 ]
 [0.14363687 0.43469265 0.4216705 ]
 [0.08189527 0.36166096 0.55644375]]
probabilities: [[0. 1. 0.]
 [0. 1. 0.]
 [0. 1. 0.]
 [0. 1. 0.]
 [0. 1. 0.]]
probabilities: [[0.36169744 0.317427   0.32087556]
 [0.580354   0.31041664 0.1092294 ]
 [0.78435874 0.15574816 0.0598931 ]
 [0.29808092 0.40867674 0.29324234]
 [0.17763777 0.6637384  0.15862383]]
probabilities: [[0.35418716 0.54766774 0.09814511]
 [0.16607536 0.24190883 0.5920158 ]
 [0.08772371 0.6689922  0.24328409]
 [0.42082536 0.34963182 0.22954284]
 [0.04989328 0.47215322 0.4779535 ]]
probabilities: [[0.3349088  0.5031774  0.1619138 ]
 [0.20986432 0.04084533 0.74929035]
 [0.6022538  0.17099819 0.22674803]
 [0.2134801  0.3644261  0.42209378]
 [0.10126497 0.7707302  0.12800485]]
probabilities: [[0. 1. 0.]
 [0. 1. 0.]
 [0. 1. 0.]
 [0. 1. 0.]
 [0. 1. 0.]]
probabilities: [[0.22251832 0.6435218  0.1339599 ]
 [0.6538935  0.2936747  0.05243183]
 [0.6912588  0.09928808 0.20945315]
 [0.18555196 0.4479123  0.36653572]
 [0.60953695 0.14638238 0.24408069]]
probabilities: [[0.33016816 0.57215315 0.09767869]
 [0.42834845 0.376543   0.19510856]
 [0.10508285 0.6736782  0.22123896]
 [0.03528029 0.94350815 0.02121155]
 [0.18627208 0.42770326 0.38602462]]
probabilities: [[0.12447477 0.8651786  0.01034662]
 [0.25191846 0.7069479  0.04113362]
 [0.6905399  0.10721532 0.20224477]
 [0.8833752  0.10259574 0.01402905]
 [0.07712942 0.3109334  0.61193717]]
probabilities: [[0. 0. 1.]
 [0. 1. 0.]
 [0. 0. 1.]
 [0. 0. 1.]
 [0. 0. 1.]]
probabilities: [[0.19136177 0.47279418 0.33584407]
 [0.11018491 0.21698287 0.6728322 ]
 [0.26965606 0.08478005 0.6455639 ]
 [0.5139013  0.3551391  0.1309596 ]
 [0.12544788 0.5550334  0.31951872]]
probabilities: [[0.09173012 0.07172626 0.8365436 ]
 [0.22191682 0.5629675  0.21511568]
 [0.53639376 0.13433734 0.3292689 ]
 [0.09618833 0.7583314  0.14548028]
 [0.5196715  0.34494978 0.13537872]]
probabilities: [[0.2654182  0.0415708  0.693011  ]
 [0.1623037  0.28223562 0.55546063]
 [0.44571057 0.10789879 0.44639063]
 [0.34237048 0.0581536  0.5994759 ]
 [0.30317703 0.3919783  0.30484468]]
probabilities: [[1. 0. 0.]
 [1. 0. 0.]
 [1. 0. 0.]
 [1. 0. 0.]
 [1. 0. 0.]]
probabilities: [[0.43399706 0.297813   0.26818994]
 [0.6358194  0.15656173 0.2076189 ]
 [0.6987947  0.14786074 0.15334451]
 [0.15900473 0.41887718 0.42211807]
 [0.78689235 0.165487   0.04762064]]
probabilities: [[0.27899584 0.3871859  0.33381826]
 [0.5483154  0.27261767 0.1790669 ]
 [0.46689308 0.46284714 0.07025976]
 [0.3767677  0.30410692 0.31912538]
 [0.26419288 0.5592901  0.17651702]]
probabilities: [[0.00626516 0.6876292  0.30610564]
 [0.5393992  0.42182523 0.03877554]
 [0.41331455 0.5687212  0.01796429]
 [0.49790886 0.23396727 0.26812387]
 [0.6391149  0.10426219 0.2566229 ]]
probabilities: [[1. 0. 0.]
 [1. 0. 0.]
 [1. 0. 0.]
 [1. 0. 0.]
 [1. 0. 0.]]
probabilities: [[0.33386156 0.5952843  0.07085418]
 [0.3833444  0.23672585 0.37992975]
 [0.18119203 0.53749675 0.2813112 ]
 [0.0244347  0.18677889 0.7887864 ]
 [0.35158756 0.3164694  0.33194306]]
probabilities: [[0.16188048 0.4897654  0.34835413]
 [0.5316655  0.45227945 0.01605502]
 [0.03903635 0.15994672 0.8010169 ]
 [0.4167266  0.32411346 0.25915995]
 [0.31087756 0.6498875  0.0392349 ]]
probabilities: [[0.27186048 0.26135904 0.46678048]
 [0.3390003  0.6454617  0.01553801]
 [0.26184404 0.22777893 0.51037705]
 [0.7235219  0.26653102 0.0099471 ]
 [0.43362743 0.07972051 0.48665208]]
probabilities: [[0. 0. 1.]
 [0. 1. 0.]
 [0. 1. 0.]
 [0. 0. 1.]
 [0. 0. 1.]]
probabilities: [[0.04881432 0.72422785 0.22695786]
 [0.65908015 0.1979057  0.14301418]
 [0.42837918 0.4187099  0.15291092]
 [0.11855657 0.07510371 0.80633974]
 [0.04400557 0.05693051 0.8990639 ]]
probabilities: [[0.02417048 0.4418709  0.5339586 ]
 [0.33571044 0.6515825  0.0127071 ]
 [0.12060775 0.4683311  0.41106114]
 [0.12932642 0.7501695  0.12050407]
 [0.9287159  0.06066735 0.01061674]]
probabilities: [[0.6412008  0.129858   0.2289412 ]
 [0.09068277 0.23110138 0.67821586]
 [0.60476494 0.21086243 0.18437262]
 [0.677034   0.16313738 0.15982859]
 [0.24377695 0.42051008 0.33571297]]
probabilities: [[1. 0. 0.]
 [1. 0. 0.]
 [1. 0. 0.]
 [1. 0. 0.]
 [1. 0. 0.]]
probabilities: [[0.1126057  0.30823243 0.5791619 ]
 [0.06181267 0.93660146 0.00158586]
 [0.1608687  0.42585215 0.41327915]
 [0.09164495 0.30294427 0.60541075]
 [0.02210579 0.4468451  0.5310491 ]]
probabilities: [[0.09749344 0.01566704 0.8868395 ]
 [0.09203264 0.8703872  0.03758015]
 [0.39109674 0.36037716 0.24852608]
 [0.80014056 0.1884263  0.01143311]
 [0.0625058  0.56315875 0.37433544]]
probabilities: [[0.01490115 0.17433704 0.8107618 ]
 [0.45159268 0.00911724 0.5392901 ]
 [0.5799759  0.04279833 0.37722576]
 [0.6788076  0.04272407 0.2784683 ]
 [0.23778798 0.6336999  0.12851213]]
probabilities: [[1. 0. 0.]
 [1. 0. 0.]
 [1. 0. 0.]
 [1. 0. 0.]
 [1. 0. 0.]]
probabilities: [[0.63616407 0.35552156 0.00831435]
 [0.13839604 0.8220858  0.03951817]
 [0.1456524  0.5275251  0.32682246]
 [0.20558764 0.01101764 0.7833947 ]
 [0.5422277  0.34574857 0.11202377]]
probabilities: [[0.53836507 0.43309993 0.028535  ]
 [0.2259916  0.517405   0.25660342]
 [0.37930834 0.22059733 0.40009433]
 [0.8482587  0.03691812 0.1148232 ]
 [0.3180883  0.42403603 0.25787568]]
probabilities: [[4.3523917e-01 2.5033984e-01 3.1442100e-01]
 [1.9974896e-01 7.8282219e-01 1.7428854e-02]
 [9.5066750e-01 2.4024496e-04 4.9092237e-02]
 [1.6520849e-01 2.6386693e-01 5.7092458e-01]
 [7.6131225e-02 5.0356585e-01 4.2030293e-01]]
probabilities: [[0. 0. 1.]
 [0. 1. 0.]
 [0. 0. 1.]
 [0. 0. 1.]
 [0. 0. 1.]]
probabilities: [[0.7238479  0.23171349 0.0444386 ]
 [0.40802824 0.48319748 0.10877427]
 [0.9204522  0.03123456 0.04831327]
 [0.17053856 0.34452713 0.4849343 ]
 [0.27149045 0.3506456  0.37786397]]
probabilities: [[0.15872386 0.54284585 0.29843026]
 [0.40854067 0.24136735 0.35009196]
 [0.10347386 0.553539   0.34298715]
 [0.5661769  0.37157494 0.06224818]
 [0.65145254 0.08882069 0.2597268 ]]
probabilities: [[0.06552803 0.00781158 0.92666036]
 [0.10561966 0.7973524  0.09702796]
 [0.8658585  0.08777887 0.04636261]
 [0.28025562 0.53872716 0.1810172 ]
 [0.35240737 0.33361298 0.31397966]]
probabilities: [[0. 0. 1.]
 [0. 1. 0.]
 [0. 0. 1.]
 [0. 0. 1.]
 [0. 0. 1.]]
probabilities: [[0.3674214  0.35637102 0.2762076 ]
 [0.44171616 0.3410181  0.21726573]
 [0.16134538 0.5165966  0.32205802]
 [0.47069812 0.26878563 0.26051626]
 [0.18029527 0.7755021  0.04420266]]
probabilities: [[0.34818006 0.34627414 0.30554584]
 [0.11206251 0.3787945  0.509143  ]
 [0.03108829 0.15058596 0.81832576]
 [0.38190064 0.07718366 0.5409157 ]
 [0.26201007 0.2931677  0.44482222]]
probabilities: [[0.4712816  0.23480408 0.29391432]
 [0.1976992  0.5482276  0.2540732 ]
 [0.13379283 0.6286211  0.23758608]
 [0.12795058 0.7947737  0.07727572]
 [0.6515186  0.1458447  0.20263672]]
probabilities: [[1. 0. 0.]
 [1. 0. 0.]
 [1. 0. 0.]
 [1. 0. 0.]
 [1. 0. 0.]]
probabilities: [[0.16511436 0.10108022 0.7338054 ]
 [0.14570989 0.3973396  0.45695052]
 [0.21153295 0.4144469  0.37402016]
 [0.4597237  0.418401   0.12187528]
 [0.5118159  0.41111532 0.07706874]]
probabilities: [[0.10390115 0.6904648  0.20563404]
 [0.6034132  0.09492471 0.3016621 ]
 [0.68840206 0.12461749 0.18698043]
 [0.53953195 0.4303627  0.03010534]
 [0.23931275 0.08479095 0.6758963 ]]
probabilities: [[0.7671769  0.16138422 0.07143886]
 [0.32561895 0.4151779  0.25920314]
 [0.17129046 0.64150363 0.18720594]
 [0.24706152 0.5572243  0.19571422]
 [0.01635138 0.13201192 0.8516367 ]]
probabilities: [[0. 0. 1.]
 [0. 1. 0.]
 [0. 1. 0.]
 [0. 0. 1.]
 [0. 0. 1.]]
probabilities: [[0.04051501 0.7844152  0.17506978]
 [0.08009362 0.7232953  0.19661108]
 [0.05185769 0.8394472  0.10869512]
 [0.21033384 0.2944999  0.49516624]
 [0.22943482 0.16289261 0.6076726 ]]
probabilities: [[0.00651672 0.8450154  0.14846785]
 [0.5290734  0.2337441  0.23718251]
 [0.16054808 0.18939911 0.6500528 ]
 [0.45692697 0.36309066 0.17998233]
 [0.13145386 0.64879876 0.21974736]]
probabilities: [[0.5858216  0.04343397 0.3707444 ]
 [0.35230544 0.5588945  0.08880001]
 [0.30454445 0.06733002 0.62812555]
 [0.0541766  0.7286393  0.21718413]
 [0.03133338 0.5091568  0.4595098 ]]
probabilities: [[0. 0. 1.]
 [0. 1. 0.]
 [0. 1. 0.]
 [0. 0. 1.]
 [0. 0. 1.]]
probabilities: [[0.50755966 0.45562086 0.03681951]
 [0.3840726  0.21210395 0.40382344]
 [0.24265863 0.5115354  0.245806  ]
 [0.40449187 0.48714066 0.10836747]
 [0.6850732  0.09681405 0.21811274]]
probabilities: [[0.36557612 0.5415871  0.09283677]
 [0.23333348 0.6555675  0.11109896]
 [0.5623999  0.01940789 0.41819218]
 [0.2620779  0.4804155  0.2575066 ]
 [0.20308743 0.42162657 0.375286  ]]
probabilities: [[0.0731082  0.04595252 0.8809393 ]
 [0.8614779  0.08648442 0.05203769]
 [0.13776581 0.59293246 0.2693017 ]
 [0.46515703 0.22386989 0.31097305]
 [0.29772383 0.6149757  0.08730049]]
probabilities: [[0. 0. 1.]
 [0. 1. 0.]
 [0. 0. 1.]
 [0. 0. 1.]
 [0. 0. 1.]]
probabilities: [[0.15192732 0.8232881  0.02478458]
 [0.2549978  0.20545688 0.53954536]
 [0.1796036  0.18916224 0.63123417]
 [0.12692235 0.50451094 0.36856672]
 [0.60614645 0.36133122 0.03252234]]
probabilities: [[0.2315681  0.3896943  0.3787376 ]
 [0.4639513  0.45989126 0.07615743]
 [0.5107261  0.24648623 0.24278767]
 [0.24549414 0.5557139  0.19879198]
 [0.40376663 0.38973162 0.20650177]]
probabilities: [[0.02649905 0.5975613  0.37593964]
 [0.0022306  0.06981941 0.92794997]
 [0.14849299 0.5569643  0.29454273]
 [0.3102219  0.2273065  0.4624716 ]
 [0.27344945 0.2770509  0.44949964]]
probabilities: [[1. 0. 0.]
 [1. 0. 0.]
 [1. 0. 0.]
 [1. 0. 0.]
 [1. 0. 0.]]
probabilities: [[0.0799355  0.31089786 0.6091666 ]
 [0.1349472  0.34511468 0.5199381 ]
 [0.35648808 0.02952255 0.61398935]
 [0.12547757 0.7240405  0.15048194]
 [0.28626433 0.13761112 0.57612455]]
probabilities: [[0.19262756 0.1962456  0.61112684]
 [0.03790748 0.8682129  0.09387964]
 [0.7617527  0.06130312 0.17694412]
 [0.33728403 0.3781229  0.28459308]
 [0.2870804  0.56501436 0.14790522]]
probabilities: [[3.7777281e-01 6.2175667e-01 4.7052928e-04]
 [4.4115666e-01 3.0995467e-01 2.4888869e-01]
 [2.6722625e-01 6.9689709e-01 3.5876684e-02]
 [2.7877310e-01 5.2914083e-02 6.6831285e-01]
 [2.6186532e-01 1.5332834e-01 5.8480632e-01]]
probabilities: [[1. 0. 0.]
 [1. 0. 0.]
 [1. 0. 0.]
 [1. 0. 0.]
 [1. 0. 0.]]
probabilities: [[0.36945334 0.2247633  0.40578336]
 [0.5834783  0.06738706 0.34913465]
 [0.9685096  0.02252643 0.00896397]
 [0.5012285  0.21793683 0.28083467]
 [0.35868877 0.27724573 0.3640655 ]]
probabilities: [[0.37556154 0.11894051 0.50549793]
 [0.291557   0.04189168 0.6665513 ]
 [0.40138847 0.11734487 0.48126668]
 [0.42227882 0.47993892 0.09778227]
 [0.6244024  0.08867572 0.28692186]]
probabilities: [[0.09424079 0.48381048 0.42194873]
 [0.20199053 0.29534507 0.5026644 ]
 [0.15011002 0.8256449  0.02424507]
 [0.6744277  0.1223117  0.20326063]
 [0.03287704 0.03942358 0.9276994 ]]
probabilities: [[0. 1. 0.]
 [0. 1. 0.]
 [0. 1. 0.]
 [0. 1. 0.]
 [0. 1. 0.]]
probabilities: [[0.17368339 0.2364766  0.58984   ]
 [0.8013322  0.18759014 0.01107767]
 [0.29390797 0.38003075 0.3260613 ]
 [0.00178684 0.66661656 0.33159658]
 [0.65215987 0.08361915 0.26422098]]
probabilities: [[0.8844501  0.09809388 0.01745603]
 [0.4418715  0.08301672 0.47511178]
 [0.0701751  0.71557003 0.21425487]
 [0.8769138  0.07479338 0.0482928 ]
 [0.10892991 0.7109014  0.18016869]]
probabilities: [[0.3565862  0.33911493 0.30429888]
 [0.2270372  0.49634078 0.276622  ]
 [0.43786448 0.52156645 0.04056907]
 [0.70813614 0.23193541 0.05992842]
 [0.254282   0.195333   0.550385  ]]
probabilities: [[0. 0. 1.]
 [0. 1. 0.]
 [0. 1. 0.]
 [0. 0. 1.]
 [0. 0. 1.]]
probabilities: [[2.0727070e-01 5.4624712e-01 2.4648216e-01]
 [7.8828156e-04 3.5430316e-02 9.6378142e-01]
 [2.9524985e-01 1.8554465e-01 5.1920551e-01]
 [5.8019674e-01 3.0563536e-01 1.1416790e-01]
 [4.5533672e-01 2.6818702e-01 2.7647626e-01]]
probabilities: [[0.02357542 0.3965049  0.5799197 ]
 [0.23584236 0.40480885 0.35934877]
 [0.47797287 0.5076413  0.01438583]
 [0.12929201 0.8478462  0.02286179]
 [0.18083957 0.16123658 0.6579238 ]]
probabilities: [[0.82718194 0.14899085 0.02382718]
 [0.08749498 0.40240753 0.5100975 ]
 [0.0502238  0.86152697 0.08824924]
 [0.41521817 0.09748879 0.48729303]
 [0.11525225 0.65252376 0.232224  ]]
probabilities: [[0. 1. 0.]
 [0. 1. 0.]
 [0. 1. 0.]
 [0. 1. 0.]
 [0. 1. 0.]]
probabilities: [[0.02698924 0.34731472 0.62569606]
 [0.31730306 0.53129023 0.1514067 ]
 [0.42447165 0.32938567 0.2461427 ]
 [0.19914824 0.7369872  0.06386457]
 [0.47956806 0.19064005 0.3297919 ]]
probabilities: [[0.04232332 0.917076   0.0406007 ]
 [0.3284802  0.35688162 0.31463817]
 [0.5508285  0.06416568 0.38500577]
 [0.07157867 0.5759704  0.3524509 ]
 [0.46524692 0.39039883 0.14435424]]
probabilities: [[0.12995434 0.2684188  0.6016269 ]
 [0.15654849 0.0886039  0.75484765]
 [0.11474824 0.24691226 0.6383395 ]
 [0.50571674 0.30800053 0.18628271]
 [0.30704564 0.00320691 0.68974745]]
probabilities: [[0. 0. 1.]
 [0. 1. 0.]
 [0. 0. 1.]
 [0. 0. 1.]
 [0. 0. 1.]]
probabilities: [[0.58664936 0.23169847 0.18165217]
 [0.12648278 0.65956897 0.21394823]
 [0.2107707  0.7177902  0.07143909]
 [0.03411467 0.16304792 0.80283743]
 [0.17680624 0.10975215 0.7134416 ]]
probabilities: [[0.25926176 0.5279895  0.21274877]
 [0.1913477  0.46233448 0.34631783]
 [0.05537907 0.3114053  0.6332156 ]
 [0.80312246 0.17928919 0.01758834]
 [0.49694997 0.45537344 0.04767661]]
probabilities: [[0.09459152 0.58261657 0.32279193]
 [0.43455094 0.19460116 0.37084788]
 [0.36538532 0.20222014 0.43239453]
 [0.2728755  0.42337525 0.30374926]
 [0.3462143  0.44262826 0.21115746]]
probabilities: [[0. 0. 1.]
 [0. 1. 0.]
 [0. 0. 1.]
 [0. 0. 1.]
 [0. 0. 1.]]
probabilities: [[0.46322492 0.2697668  0.2670083 ]
 [0.3601999  0.5861351  0.05366499]
 [0.07332277 0.6353167  0.29136047]
 [0.46843198 0.2892836  0.24228442]
 [0.07092959 0.28447583 0.6445946 ]]
probabilities: [[0.3997307  0.31209075 0.28817853]
 [0.1253648  0.7539176  0.12071761]
 [0.09542178 0.44847572 0.4561025 ]
 [0.6542721  0.17824496 0.16748297]
 [0.21250059 0.41232643 0.37517297]]
probabilities: [[0.527312   0.46005517 0.01263286]
 [0.08917642 0.8120793  0.09874424]
 [0.3882969  0.24648637 0.36521673]
 [0.35485482 0.00315669 0.6419885 ]
 [0.1879408  0.44575644 0.36630276]]
probabilities: [[0. 0. 1.]
 [0. 1. 0.]
 [0. 1. 0.]
 [0. 0. 1.]
 [0. 0. 1.]]
probabilities: [[0.33660606 0.40460342 0.25879055]
 [0.09883209 0.58929807 0.31186986]
 [0.34425205 0.39385444 0.2618935 ]
 [0.6404983  0.29872498 0.06077676]
 [0.04473216 0.24223949 0.7130284 ]]
probabilities: [[0.34167024 0.40409797 0.25423178]
 [0.4067353  0.5462473  0.04701737]
 [0.23761836 0.34668365 0.415698  ]
 [0.5515136  0.13310075 0.3153856 ]
 [0.07692482 0.62269664 0.3003785 ]]
probabilities: [[0.36315686 0.5041568  0.13268632]
 [0.6287456  0.33919868 0.03205569]
 [0.7183882  0.24910788 0.0325039 ]
 [0.06095066 0.7287163  0.210333  ]
 [0.0290258  0.6251032  0.345871  ]]
probabilities: [[0. 1. 0.]
 [0. 1. 0.]
 [0. 1. 0.]
 [0. 1. 0.]
 [0. 1. 0.]]
probabilities: [[0.5317559  0.38586217 0.08238189]
 [0.40087777 0.4413018  0.15782043]
 [0.54508674 0.18214571 0.2727675 ]
 [0.12585805 0.8379492  0.03619272]
 [0.38778    0.13768755 0.47453243]]
probabilities: [[0.76506126 0.01724212 0.2176966 ]
 [0.08331101 0.5104268  0.40626213]
 [0.22827888 0.73167646 0.04004465]
 [0.50165355 0.47440025 0.0239462 ]
 [0.3887092  0.29842213 0.31286868]]
probabilities: [[0.12030821 0.17579012 0.70390165]
 [0.06917944 0.06180106 0.8690195 ]
 [0.22712667 0.30469388 0.46817946]
 [0.16119811 0.2773321  0.5614698 ]
 [0.63125384 0.00236538 0.36638075]]
probabilities: [[1. 0. 0.]
 [1. 0. 0.]
 [1. 0. 0.]
 [1. 0. 0.]
 [1. 0. 0.]]
probabilities: [[0.82722276 0.12825213 0.0445251 ]
 [0.07920475 0.8685692  0.05222603]
 [0.05609602 0.90546584 0.03843813]
 [0.91444594 0.03578221 0.04977184]
 [0.17284885 0.57333237 0.25381878]]
probabilities: [[0.39310622 0.5734499  0.03344389]
 [0.18933241 0.65042466 0.16024296]
 [0.22815613 0.13332285 0.638521  ]
 [0.06236651 0.12204137 0.8155921 ]
 [0.13805574 0.59644574 0.26549852]]
probabilities: [[0.02609624 0.00558603 0.96831775]
 [0.5823235  0.22712566 0.19055083]
 [0.0150959  0.47667217 0.50823194]
 [0.60781395 0.03960314 0.35258293]
 [0.22187945 0.35613662 0.42198393]]
probabilities: [[1. 0. 0.]
 [1. 0. 0.]
 [1. 0. 0.]
 [1. 0. 0.]
 [1. 0. 0.]]
probabilities: [[0.25190103 0.2701632  0.47793576]
 [0.74596554 0.14454739 0.10948706]
 [0.05463529 0.9037154  0.04164936]
 [0.1091994  0.85595423 0.03484636]
 [0.33721673 0.01479691 0.64798635]]
probabilities: [[0.41575986 0.02211365 0.5621265 ]
 [0.63383085 0.27486813 0.09130102]
 [0.3582333  0.15912515 0.48264152]
 [0.0945287  0.5327631  0.37270817]
 [0.21015272 0.3483492  0.44149807]]
probabilities: [[0.19122651 0.803308   0.00546549]
 [0.04863578 0.8619557  0.08940854]
 [0.01238928 0.34315348 0.6444573 ]
 [0.20930135 0.3223229  0.46837574]
 [0.25613123 0.11163482 0.632234  ]]
probabilities: [[0. 0. 1.]
 [0. 1. 0.]
 [0. 1. 0.]
 [0. 0. 1.]
 [0. 0. 1.]]
probabilities: [[0.53430575 0.18540458 0.28028968]
 [0.34670594 0.38755757 0.26573646]
 [0.01782079 0.8922639  0.08991531]
 [0.67257184 0.13562754 0.19180064]
 [0.25790447 0.09994064 0.6421549 ]]
probabilities: [[0.10610522 0.02298844 0.87090635]
 [0.92763084 0.05321505 0.01915413]
 [0.31310415 0.3595869  0.32730895]
 [0.4734165  0.07854824 0.44803524]
 [0.4537094  0.4052626  0.141028  ]]
probabilities: [[0.0445213  0.71777064 0.23770809]
 [0.3947723  0.1748743  0.4303534 ]
 [0.2032628  0.7784571  0.0182801 ]
 [0.5638862  0.34234247 0.09377134]
 [0.15276554 0.58811426 0.25912017]]
probabilities: [[1. 0. 0.]
 [1. 0. 0.]
 [1. 0. 0.]
 [1. 0. 0.]
 [1. 0. 0.]]
probabilities: [[0.35147896 0.5080817  0.14043935]
 [0.5677651  0.2465105  0.1857244 ]
 [0.31440985 0.40995115 0.275639  ]
 [0.79861844 0.1576196  0.04376199]
 [0.67652524 0.20712052 0.11635422]]
probabilities: [[0.43477008 0.5041113  0.06111865]
 [0.19318396 0.78631973 0.0204963 ]
 [0.80945474 0.06550625 0.12503901]
 [0.33858308 0.41487268 0.24654426]
 [0.8687579  0.02908186 0.10216023]]
probabilities: [[0.5807851  0.25139323 0.16782169]
 [0.5397319  0.26961142 0.19065663]
 [0.4803076  0.03822669 0.4814657 ]
 [0.32868367 0.27441716 0.39689916]
 [0.04708177 0.300397   0.65252125]]
probabilities: [[0. 0. 1.]
 [0. 1. 0.]
 [0. 1. 0.]
 [0. 0. 1.]
 [0. 0. 1.]]
probabilities: [[0.22119907 0.11450812 0.6642928 ]
 [0.4534312  0.20415984 0.34240896]
 [0.09356164 0.05055698 0.8558814 ]
 [0.48173523 0.05992991 0.45833486]
 [0.08868489 0.46354213 0.44777298]]
probabilities: [[0.18425657 0.23150842 0.584235  ]
 [0.07495855 0.60684896 0.3181925 ]
 [0.1670024  0.1982116  0.634786  ]
 [0.43834344 0.14417328 0.4174833 ]
 [0.36107996 0.04313541 0.5957846 ]]
probabilities: [[0.08351515 0.4418654  0.47461942]
 [0.4057245  0.42393616 0.17033936]
 [0.23226622 0.6756371  0.09209666]
 [0.10396695 0.2607966  0.63523644]
 [0.06123614 0.49245396 0.4463099 ]]
probabilities: [[1. 0. 0.]
 [1. 0. 0.]
 [1. 0. 0.]
 [1. 0. 0.]
 [1. 0. 0.]]
probabilities: [[0.46313906 0.34745732 0.1894036 ]
 [0.6787535  0.05434315 0.26690334]
 [0.6319393  0.34963965 0.01842107]
 [0.80570406 0.02977407 0.1645219 ]
 [0.05120759 0.18355903 0.7652334 ]]
probabilities: [[0.5002761  0.1471004  0.35262352]
 [0.851906   0.01461243 0.13348158]
 [0.8610533  0.0285445  0.11040219]
 [0.8548786  0.045619   0.09950237]
 [0.68797445 0.190674   0.12135157]]
probabilities: [[0.23030774 0.05548277 0.7142095 ]
 [0.09290701 0.12116791 0.7859251 ]
 [0.34785622 0.47947922 0.17266455]
 [0.29825026 0.23225696 0.4694928 ]
 [0.11343849 0.06327135 0.82329017]]
probabilities: [[0. 0. 1.]
 [0. 1. 0.]
 [0. 1. 0.]
 [0. 0. 1.]
 [0. 0. 1.]]
probabilities: [[0.22640197 0.21541654 0.5581815 ]
 [0.7278703  0.02821971 0.24391003]
 [0.39488125 0.21103564 0.3940831 ]
 [0.2496739  0.03036342 0.71996266]
 [0.93226033 0.04025335 0.02748631]]
probabilities: [[0.05364158 0.49445388 0.45190454]
 [0.7891797  0.19147615 0.01934414]
 [0.11841617 0.16717319 0.71441066]
 [0.3079467  0.09540218 0.59665114]
 [0.34719455 0.08724622 0.5655592 ]]
probabilities: [[0.14863259 0.48849636 0.36287105]
 [0.5712134  0.35777068 0.07101589]
 [0.13653119 0.6977184  0.16575043]
 [0.01547428 0.78513145 0.19939429]
 [0.28872052 0.11761853 0.59366095]]
probabilities: [[1. 0. 0.]
 [1. 0. 0.]
 [1. 0. 0.]
 [1. 0. 0.]
 [1. 0. 0.]]
probabilities: [[0.01318274 0.569158   0.41765925]
 [0.40700993 0.02576437 0.5672257 ]
 [0.15695494 0.26786605 0.57517904]
 [0.10599951 0.30637372 0.58762676]
 [0.14827915 0.04376784 0.807953  ]]
probabilities: [[0.28424436 0.4844269  0.23132874]
 [0.08003182 0.01125723 0.90871096]
 [0.49081105 0.32237557 0.1868134 ]
 [0.5601587  0.31181133 0.12802997]
 [0.6197706  0.30140936 0.07882003]]
probabilities: [[0.2915303  0.40648022 0.30198947]
 [0.01571472 0.23673138 0.7475539 ]
 [0.7545705  0.04308107 0.20234843]
 [0.80197936 0.17048456 0.02753605]
 [0.09126192 0.529541   0.37919703]]
probabilities: [[1. 0. 0.]
 [1. 0. 0.]
 [1. 0. 0.]
 [1. 0. 0.]
 [1. 0. 0.]]
probabilities: [[0.21678948 0.63329476 0.14991577]
 [0.08112364 0.5822305  0.33664584]
 [0.6743377  0.05242224 0.2732401 ]
 [0.36248723 0.17819788 0.45931488]
 [0.08908297 0.5595887  0.35132837]]
probabilities: [[0.6863313  0.2796284  0.03404032]
 [0.05103521 0.25722548 0.6917393 ]
 [0.63034415 0.09976645 0.26988938]
 [0.7164488  0.27072564 0.01282559]
 [0.10918289 0.63909966 0.25171742]]
probabilities: [[0.5904179  0.09119634 0.31838572]
 [0.7589205  0.08746975 0.15360978]
 [0.07473638 0.10637356 0.81889004]
 [0.6416428  0.21052645 0.14783072]
 [0.80015534 0.1263327  0.07351194]]
probabilities: [[1. 0. 0.]
 [1. 0. 0.]
 [1. 0. 0.]
 [1. 0. 0.]
 [1. 0. 0.]]
probabilities: [[0.02998941 0.75854254 0.21146803]
 [0.79269284 0.05509626 0.15221092]
 [0.49270204 0.11121058 0.39608738]
 [0.18500851 0.71542037 0.09957113]
 [0.57844037 0.41784498 0.00371463]]
probabilities: [[0.16835551 0.1812354  0.6504091 ]
 [0.12465967 0.86322033 0.01211998]
 [0.291066   0.366833   0.342101  ]
 [0.34983003 0.4335654  0.21660456]
 [0.3640305  0.56251484 0.07345463]]
probabilities: [[0.66246736 0.3317348  0.00579782]
 [0.7287771  0.24581769 0.02540519]
 [0.11658329 0.02344128 0.85997546]
 [0.23691545 0.05300891 0.7100756 ]
 [0.3767835  0.6200211  0.00319536]]
probabilities: [[0. 0. 1.]
 [0. 1. 0.]
 [0. 1. 0.]
 [0. 0. 1.]
 [0. 0. 1.]]
probabilities: [[0.31350452 0.6120906  0.0744049 ]
 [0.05106727 0.86220545 0.08672729]
 [0.13454522 0.27893972 0.58651507]
 [0.35135093 0.20098564 0.44766343]
 [0.26508528 0.4792819  0.2556328 ]]
probabilities: [[0.22426051 0.46990705 0.30583245]
 [0.10416096 0.1316876  0.76415145]
 [0.45754954 0.05718789 0.48526257]
 [0.45268875 0.2131361  0.33417514]
 [0.07486023 0.7761696  0.1489702 ]]
probabilities: [[0.17621334 0.20653372 0.61725295]
 [0.08175123 0.18116647 0.7370823 ]
 [0.45045105 0.46161845 0.08793049]
 [0.45959246 0.03895245 0.50145507]
 [0.05993991 0.27892125 0.66113883]]
probabilities: [[0. 0. 1.]
 [0. 1. 0.]
 [0. 1. 0.]
 [0. 0. 1.]
 [0. 0. 1.]]
probabilities: [[0.02032208 0.25037763 0.72930026]
 [0.4297378  0.04279923 0.52746296]
 [0.62211365 0.17067602 0.20721035]
 [0.37749028 0.23715162 0.38535812]
 [0.8518495  0.07201021 0.07614027]]
probabilities: [[0.2132125  0.24596885 0.54081863]
 [0.43812436 0.11409269 0.44778296]
 [0.6673993  0.31444076 0.01815997]
 [0.30942252 0.17553048 0.515047  ]
 [0.3500497  0.11839574 0.5315546 ]]
probabilities: [[0.5326398  0.10674325 0.36061692]
 [0.6065238  0.3339416  0.05953455]
 [0.14895013 0.593111   0.2579389 ]
 [0.14392401 0.27630964 0.57976633]
 [0.2833129  0.68361366 0.03307345]]
probabilities: [[1. 0. 0.]
 [1. 0. 0.]
 [1. 0. 0.]
 [1. 0. 0.]
 [1. 0. 0.]]
probabilities: [[0.63628286 0.20396154 0.15975557]
 [0.30440933 0.6718618  0.02372884]
 [0.00113694 0.3658415  0.63302153]
 [0.48768753 0.09440562 0.41790685]
 [0.8206447  0.022729   0.15662634]]
probabilities: [[0.3204532  0.26398355 0.41556326]
 [0.21994644 0.01904154 0.761012  ]
 [0.5990949  0.3256437  0.0752614 ]
 [0.00199737 0.7291966  0.26880604]
 [0.22019418 0.31841603 0.4613898 ]]
probabilities: [[0.3506471  0.23402867 0.41532424]
 [0.49032786 0.01979157 0.4898806 ]
 [0.7649808  0.19650902 0.03851017]
 [0.5578317  0.3481383  0.09402996]
 [0.26971763 0.32386604 0.4064163 ]]
probabilities: [[0. 1. 0.]
 [0. 1. 0.]
 [0. 1. 0.]
 [0. 1. 0.]
 [0. 1. 0.]]
probabilities: [[0.19361567 0.5606926  0.24569173]
 [0.03170713 0.07205646 0.8962364 ]
 [0.52458364 0.42277285 0.05264353]
 [0.34979704 0.07927465 0.57092834]
 [0.02258085 0.0645822  0.91283697]]
probabilities: [[0.10263699 0.8194151  0.07794793]
 [0.12724094 0.40842333 0.4643357 ]
 [0.5281726  0.06192238 0.40990502]
 [0.17482823 0.7925649  0.03260686]
 [0.8524257  0.00610518 0.14146915]]
probabilities: [[0.10320578 0.6503058  0.2464884 ]
 [0.47310916 0.00142744 0.5254634 ]
 [0.04939699 0.6294337  0.3211693 ]
 [0.46263668 0.45981315 0.07755017]
 [0.8352623  0.03992609 0.12481162]]
probabilities: [[1. 0. 0.]
 [1. 0. 0.]
 [1. 0. 0.]
 [1. 0. 0.]
 [1. 0. 0.]]
probabilities: [[0.6177745  0.13741599 0.2448095 ]
 [0.42827412 0.48914897 0.08257689]
 [0.11439093 0.2842762  0.60133284]
 [0.4181481  0.50141764 0.08043428]
 [0.49902827 0.012361   0.48861074]]
probabilities: [[0.47274825 0.18217908 0.3450727 ]
 [0.2306178  0.19263373 0.57674843]
 [0.12401851 0.77832603 0.09765543]
 [0.3928639  0.34556496 0.26157114]
 [0.05755813 0.5011385  0.44130337]]
probabilities: [[0.127058   0.20487316 0.6680688 ]
 [0.13315293 0.62328184 0.24356523]
 [0.32883406 0.40321934 0.26794663]
 [0.03895434 0.01843077 0.9426149 ]
 [0.56161124 0.07517878 0.36321   ]]
probabilities: [[1. 0. 0.]
 [1. 0. 0.]
 [1. 0. 0.]
 [1. 0. 0.]
 [1. 0. 0.]]
probabilities: [[0.8510044  0.09679459 0.05220097]
 [0.01505742 0.4053715  0.57957107]
 [0.64929    0.20114784 0.14956212]
 [0.4914696  0.15777974 0.35075065]
 [0.23202892 0.17586343 0.59210765]]
probabilities: [[0.86326444 0.00583568 0.13089989]
 [0.39697027 0.22707286 0.37595686]
 [0.12714085 0.07255322 0.8003059 ]
 [0.09607187 0.05809934 0.8458288 ]
 [0.24003023 0.41695872 0.34301105]]
probabilities: [[0.130956   0.52478033 0.34426364]
 [0.22556645 0.18001468 0.5944189 ]
 [0.7630014  0.12438002 0.1126186 ]
 [0.25942668 0.2614442  0.4791291 ]
 [0.10170746 0.744836   0.15345655]]
probabilities: [[0. 1. 0.]
 [0. 1. 0.]
 [0. 1. 0.]
 [0. 1. 0.]
 [0. 1. 0.]]
probabilities: [[0.20651254 0.60024685 0.1932406 ]
 [0.44505852 0.511657   0.04328445]
 [0.2590862  0.2841538  0.45676002]
 [0.23490733 0.17032115 0.5947715 ]
 [0.37970892 0.5330255  0.08726555]]
probabilities: [[0.15523307 0.23213919 0.61262774]
 [0.46110672 0.3888114  0.15008187]
 [0.14008598 0.52661264 0.3333014 ]
 [0.16212563 0.31010377 0.5277706 ]
 [0.30775344 0.12719847 0.5650481 ]]
probabilities: [[0.48716778 0.03147128 0.48136094]
 [0.31551078 0.34791195 0.33657724]
 [0.62685037 0.11865753 0.2544921 ]
 [0.632863   0.28983438 0.0773026 ]
 [0.27597126 0.66776997 0.05625879]]
probabilities: [[0. 1. 0.]
 [0. 1. 0.]
 [0. 1. 0.]
 [0. 1. 0.]
 [0. 1. 0.]]
probabilities: [[0.72571576 0.12865017 0.14563406]
 [0.20266849 0.44671872 0.3506128 ]
 [0.57296395 0.0312698  0.39576623]
 [0.72021645 0.2371544  0.04262916]
 [0.00453356 0.5160169  0.4794495 ]]
probabilities: [[0.09661027 0.85796136 0.04542837]
 [0.9080089  0.06922092 0.02277022]
 [0.4608774  0.32957855 0.20954406]
 [0.48246858 0.4282921  0.08923932]
 [0.16481902 0.1348783  0.70030266]]
probabilities: [[0.29026845 0.15010074 0.5596308 ]
 [0.41877145 0.47280753 0.10842102]
 [0.31923047 0.40211985 0.2786497 ]
 [0.30378672 0.44159454 0.25461873]
