probabilities: [[0. 1. 0.]
 [0. 1. 0.]
 [0. 1. 0.]
 [0. 1. 0.]
 [0. 1. 0.]]
probabilities: [[0.034005   0.2718476  0.6941474 ]
 [0.36700055 0.59651965 0.03647978]
 [0.2274319  0.6915347  0.08103338]
 [0.44487923 0.11307459 0.4420462 ]
 [0.1486708  0.2137643  0.6375649 ]]
probabilities: [[0.07624716 0.78396875 0.1397841 ]
 [0.3669218  0.3346166  0.29846162]
 [0.5877859  0.08911721 0.3230969 ]
 [0.03696515 0.24992983 0.713105  ]
 [0.38919836 0.5133443  0.09745733]]
probabilities: [[0.5569747  0.26886255 0.17416276]
 [0.20221855 0.76452696 0.03325446]
 [0.48815987 0.40472972 0.1071104 ]
 [0.17140055 0.40127546 0.427324  ]
 [0.27522853 0.3343486  0.39042288]]
probabilities: [[0.6289936  0.29311922 0.0778872 ]
 [0.20967911 0.19282033 0.59750056]
 [0.07155669 0.69446385 0.23397946]
 [0.13400875 0.45507565 0.4109156 ]
 [0.15323861 0.56638074 0.28038067]]
probabilities: [[0.376512   0.4458258  0.17766222]
 [0.05843402 0.14530195 0.79626405]
 [0.49118453 0.00195162 0.50686383]
 [0.25224638 0.72767365 0.02007996]
 [0.23389632 0.44380695 0.32229674]]
probabilities: [[0. 0. 1.]
 [0. 1. 0.]
 [0. 0. 1.]
 [0. 0. 1.]
 [0. 0. 1.]]
probabilities: [[0.118113   0.09189533 0.7899917 ]
 [0.13606298 0.13788052 0.7260565 ]
 [0.24472104 0.14110164 0.61417735]
 [0.5799842  0.07677002 0.3432458 ]
 [0.6424417  0.01793297 0.33962533]]
probabilities: [[0.39803198 0.5880393  0.01392873]
 [0.2233896  0.13383047 0.64277995]
 [0.41793144 0.39339077 0.18867777]
 [0.4264479  0.404435   0.16911711]
 [0.46033248 0.08559072 0.4540768 ]]
probabilities: [[0.5328046  0.17205161 0.29514378]
 [0.17885503 0.48078707 0.3403579 ]
 [0.7752099  0.091409   0.13338108]
 [0.05675618 0.03523378 0.90801007]
 [0.31292668 0.64648324 0.0405901 ]]
probabilities: [[0.6919292  0.28606743 0.02200335]
 [0.10790773 0.34165725 0.550435  ]
 [0.01905225 0.00548082 0.9754669 ]
 [0.35434362 0.04958463 0.5960717 ]
 [0.6279205  0.28244227 0.08963718]]
probabilities: [[0.3747515  0.05323122 0.57201725]
 [0.00752272 0.8773639  0.11511333]
 [0.08297827 0.61255383 0.30446786]
 [0.0667159  0.05509765 0.87818646]
 [0.09459565 0.8069624  0.09844196]]
probabilities: [[0. 0. 1.]
 [0. 1. 0.]
 [0. 1. 0.]
 [0. 0. 1.]
 [0. 0. 1.]]
probabilities: [[0.92924356 0.05022743 0.02052901]
 [0.40165552 0.4870187  0.11132576]
 [0.44298086 0.4062049  0.15081424]
 [0.01525044 0.5483043  0.43644524]
 [0.3388633  0.2190322  0.44210446]]
probabilities: [[0.25954393 0.13497488 0.6054812 ]
 [0.09807418 0.216005   0.68592083]
 [0.476881   0.23825245 0.28486657]
 [0.25040093 0.15364578 0.5959533 ]
 [0.03329181 0.23849319 0.728215  ]]
probabilities: [[0.17377053 0.10516814 0.7210613 ]
 [0.23976073 0.72256285 0.03767645]
 [0.58912075 0.08121979 0.32965943]
 [0.42074975 0.46577692 0.11347335]
 [0.13766319 0.62555695 0.23677985]]
probabilities: [[6.7255145e-01 3.1457067e-01 1.2877863e-02]
 [7.5600237e-01 2.1232603e-04 2.4378532e-01]
 [2.8530714e-01 4.6896276e-01 2.4573009e-01]
 [4.2623022e-01 1.1921421e-01 4.5455557e-01]
 [1.6787209e-03 3.1656823e-01 6.8175304e-01]]
probabilities: [[0.5245589  0.46150964 0.01393148]
 [0.00946832 0.25916415 0.7313675 ]
 [0.9198616  0.02688745 0.05325094]
 [0.7855166  0.0835754  0.13090797]
 [0.10996494 0.67434454 0.21569052]]
probabilities: [[0. 0. 1.]
 [0. 1. 0.]
 [0. 0. 1.]
 [0. 0. 1.]
 [0. 0. 1.]]
probabilities: [[0.5376115  0.19547924 0.26690924]
 [0.02315335 0.82866305 0.14818358]
 [0.38176405 0.41297212 0.20526381]
 [0.07502779 0.08136516 0.84360707]
 [0.06314565 0.0921929  0.8446614 ]]
probabilities: [[0.33826783 0.55798775 0.10374439]
 [0.58949924 0.11965942 0.2908413 ]
 [0.5739019  0.27045125 0.15564685]
 [0.6504025  0.15763423 0.1919633 ]
 [0.35789213 0.37117937 0.2709285 ]]
probabilities: [[0.49779484 0.2614601  0.24074508]
 [0.2729957  0.64851844 0.07848582]
 [0.1373632  0.11131343 0.7513234 ]
 [0.10691519 0.63530374 0.25778106]
 [0.15532999 0.27850318 0.5661668 ]]
probabilities: [[0.35195667 0.46284097 0.18520236]
 [0.6590416  0.05302728 0.28793117]
 [0.39207196 0.2781868  0.32974124]
 [0.05720872 0.7883481  0.15444323]
 [0.33656028 0.48175052 0.18168922]]
probabilities: [[0.05560496 0.6742453  0.27014977]
 [0.36106515 0.00972866 0.6292062 ]
 [0.6058031  0.34466273 0.04953419]
 [0.00729752 0.08569364 0.9070088 ]
 [0.22394365 0.30677077 0.46928555]]
probabilities: [[1. 0. 0.]
 [1. 0. 0.]
 [1. 0. 0.]
 [1. 0. 0.]
 [1. 0. 0.]]
probabilities: [[1.6822843e-01 4.5498312e-01 3.7678847e-01]
 [3.4730893e-03 4.5139265e-01 5.4513425e-01]
 [4.9446574e-01 9.6237525e-02 4.0929675e-01]
 [7.6254294e-04 3.2783484e-01 6.7140263e-01]
 [8.6539513e-01 5.7168338e-03 1.2888804e-01]]
probabilities: [[0.4951161  0.25421923 0.25066465]
 [0.43237597 0.06267815 0.5049459 ]
 [0.13710827 0.664827   0.19806474]
 [0.00170691 0.68592334 0.31236976]
 [0.08691147 0.4572741  0.45581442]]
probabilities: [[4.4207895e-01 8.1080601e-02 4.7684044e-01]
 [2.3307131e-01 3.5327364e-02 7.3160130e-01]
 [7.4295676e-01 6.8240412e-02 1.8880281e-01]
 [1.6082881e-01 7.7638328e-01 6.2787920e-02]
 [3.5251394e-01 1.2608118e-05 6.4747345e-01]]
probabilities: [[0.14224233 0.02913042 0.8286272 ]
 [0.33741376 0.04133471 0.6212515 ]
 [0.57678896 0.11556105 0.30765   ]
 [0.80072546 0.00624912 0.19302543]
 [0.12172044 0.2846121  0.5936675 ]]
probabilities: [[0.3358125  0.282924   0.3812635 ]
 [0.28981692 0.36210835 0.34807473]
 [0.28329593 0.5665862  0.15011789]
 [0.27154136 0.14974336 0.57871526]
 [0.12089143 0.78819835 0.09091021]]
probabilities: [[0. 1. 0.]
 [0. 1. 0.]
 [0. 1. 0.]
 [0. 1. 0.]
 [0. 1. 0.]]
probabilities: [[0.24004377 0.6967771  0.06317914]
 [0.76068044 0.20974208 0.02957748]
 [0.23305511 0.06569393 0.701251  ]
 [0.47582167 0.27151448 0.25266385]
 [0.9174547  0.0112483  0.07129695]]
probabilities: [[0.42337584 0.40190616 0.17471798]
 [0.03772695 0.2957635  0.66650957]
 [0.58325917 0.41551837 0.00122248]
 [0.7330038  0.20747308 0.05952311]
 [0.65198505 0.2469482  0.10106674]]
probabilities: [[0.78119904 0.10348853 0.11531242]
 [0.20127359 0.44965923 0.34906718]
 [0.95724124 0.01564402 0.02711472]
 [0.1191841  0.2553652  0.62545073]
 [0.11159772 0.3970904  0.49131188]]
probabilities: [[0.57693183 0.2505123  0.17255591]
 [0.22420707 0.09777891 0.678014  ]
 [0.13399434 0.82859755 0.03740812]
 [0.7422097  0.24860533 0.00918502]
 [0.3309518  0.31707287 0.35197532]]
probabilities: [[0.0559656  0.12929122 0.81474316]
 [0.25261804 0.72660345 0.02077848]
 [0.6480925  0.14155611 0.21035135]
 [0.49416602 0.14634448 0.3594895 ]
 [0.20849328 0.7607185  0.03078822]]
probabilities: [[0. 0. 1.]
 [0. 1. 0.]
 [0. 0. 1.]
 [0. 0. 1.]
 [0. 0. 1.]]
probabilities: [[0.1495033  0.08425491 0.7662418 ]
 [0.12521498 0.26018906 0.61459595]
 [0.47943106 0.06155356 0.45901537]
 [0.05490303 0.12986845 0.8152285 ]
 [0.02618613 0.6544359  0.31937802]]
probabilities: [[0.11372063 0.14316873 0.74311066]
 [0.02163513 0.52972716 0.4486377 ]
 [0.20275001 0.3569851  0.44026488]
 [0.6319002  0.27708817 0.09101167]
 [0.9161097  0.00682947 0.07706087]]
probabilities: [[0.5738023  0.3401541  0.08604361]
 [0.58151877 0.05281816 0.36566305]
 [0.22935374 0.6782797  0.09236653]
 [0.03443724 0.19845822 0.76710457]
 [0.21342608 0.69443536 0.09213854]]
probabilities: [[0.11596314 0.21123394 0.6728029 ]
 [0.2761442  0.3847714  0.3390844 ]
 [0.15655373 0.6149826  0.22846363]
 [0.09170768 0.6264995  0.28179288]
 [0.07808567 0.7067653  0.21514904]]
probabilities: [[0.6597459  0.0394805  0.30077365]
 [0.59806496 0.33431557 0.06761946]
 [0.7859485  0.00969568 0.20435582]
 [0.02146291 0.06212224 0.91641486]
 [0.25957763 0.40361077 0.3368116 ]]
probabilities: [[0. 0. 1.]
 [0. 1. 0.]
 [0. 0. 1.]
 [0. 0. 1.]
 [0. 0. 1.]]
probabilities: [[0.26304963 0.46494398 0.27200636]
 [0.43268415 0.04200905 0.52530676]
 [0.48215154 0.30070442 0.21714404]
 [0.29299822 0.04075301 0.66624874]
 [0.8586875  0.0563078  0.08500467]]
probabilities: [[0.24957283 0.44702572 0.30340147]
 [0.7771615  0.17768538 0.04515312]
 [0.30545473 0.51902246 0.1755228 ]
 [0.03266502 0.22645752 0.74087745]
 [0.40473196 0.2711931  0.32407492]]
probabilities: [[0.61000484 0.02391116 0.366084  ]
 [0.06593955 0.64495134 0.28910908]
 [0.88286555 0.03227471 0.08485971]
 [0.42972156 0.27992076 0.29035768]
 [0.28431174 0.2452797  0.47040856]]
probabilities: [[0.3432867  0.47793958 0.17877372]
 [0.5933399  0.385455   0.0212051 ]
 [0.08346087 0.03913175 0.8774074 ]
 [0.3706258  0.09119354 0.53818065]
 [0.47752097 0.4932172  0.02926183]]
probabilities: [[0.8328544  0.15287615 0.01426944]
 [0.5606034  0.02497652 0.4144201 ]
 [0.24873164 0.32061347 0.43065488]
 [0.56193423 0.37431797 0.06374782]
 [0.33509308 0.0802995  0.5846074 ]]
probabilities: [[0. 1. 0.]
 [0. 1. 0.]
 [0. 1. 0.]
 [0. 1. 0.]
 [0. 1. 0.]]
probabilities: [[0.1256992  0.18794933 0.6863515 ]
 [0.24742056 0.34716198 0.40541744]
 [0.03632628 0.35410237 0.60957134]
 [0.1458556  0.22762266 0.62652177]
 [0.10270981 0.62873304 0.26855716]]
probabilities: [[0.18367913 0.7868072  0.02951369]
 [0.31495702 0.11989105 0.56515193]
 [0.2633462  0.323762   0.41289178]
 [0.39796656 0.22559121 0.37644222]
 [0.81196094 0.00706204 0.18097702]]
probabilities: [[0.30469    0.5151786  0.18013139]
 [0.5036032  0.13334891 0.3630479 ]
 [0.2514817  0.4670489  0.28146937]
 [0.47537446 0.38237697 0.14224856]
 [0.25148997 0.69292474 0.05558528]]
probabilities: [[0.69896567 0.11772277 0.18331155]
 [0.52237236 0.13513128 0.34249637]
 [0.14741297 0.79953265 0.05305438]
 [0.3978342  0.45460778 0.147558  ]
 [0.22992738 0.39379743 0.37627518]]
probabilities: [[0.77233595 0.20393641 0.02372763]
 [0.18481292 0.805943   0.0092441 ]
 [0.09345099 0.04269469 0.86385435]
 [0.4808     0.486018   0.03318198]
 [0.43723458 0.08343247 0.47933295]]
probabilities: [[1. 0. 0.]
 [1. 0. 0.]
 [1. 0. 0.]
 [1. 0. 0.]
 [1. 0. 0.]]
probabilities: [[0.19975623 0.4490448  0.35119897]
 [0.07322402 0.8425109  0.08426509]
 [0.26590937 0.37320772 0.3608829 ]
 [0.65889597 0.18354361 0.15756042]
 [0.03234365 0.7606217  0.2070346 ]]
probabilities: [[0.7395686  0.01841231 0.24201909]
 [0.19533263 0.61300486 0.19166248]
 [0.16950062 0.4670092  0.3634902 ]
 [0.53073907 0.25017163 0.21908928]
 [0.12031963 0.3692179  0.51046246]]
probabilities: [[0.85617703 0.1262836  0.01753937]
 [0.04143299 0.7664449  0.19212209]
 [0.18509611 0.11344623 0.7014577 ]
 [0.5904533  0.11181986 0.29772678]
 [0.2620152  0.06138886 0.6765959 ]]
probabilities: [[0.15016653 0.83471465 0.01511882]
 [0.17968585 0.58850443 0.23180974]
 [0.21089096 0.4896227  0.29948634]
 [0.11323284 0.34204802 0.54471916]
 [0.2036231  0.3105458  0.4858311 ]]
probabilities: [[0.27035186 0.20745382 0.5221943 ]
 [0.45439124 0.47006947 0.07553929]
 [0.10074572 0.37943253 0.51982176]
 [0.01815252 0.14505306 0.83679444]
 [0.06080944 0.07751259 0.86167794]]
probabilities: [[1. 0. 0.]
 [1. 0. 0.]
 [1. 0. 0.]
 [1. 0. 0.]
 [1. 0. 0.]]
probabilities: [[0.51927483 0.35424942 0.12647575]
 [0.10415274 0.8559759  0.03987135]
 [0.10249768 0.43283117 0.46467116]
 [0.11201992 0.4995914  0.38838866]
 [0.29331428 0.2288268  0.4778589 ]]
probabilities: [[0.03737772 0.78590775 0.17671452]
 [0.13125217 0.12024624 0.7485016 ]
 [0.27652273 0.45937473 0.26410255]
 [0.23470767 0.72476643 0.04052593]
 [0.42954615 0.5420164  0.02843748]]
probabilities: [[0.21719429 0.20183817 0.58096755]
 [0.48915276 0.40739644 0.1034508 ]
 [0.14930582 0.06720077 0.7834934 ]
 [0.6924141  0.2622746  0.04531129]
 [0.19299714 0.74354106 0.06346182]]
probabilities: [[0.60421664 0.12403972 0.27174369]
 [0.22954087 0.54584354 0.22461559]
 [0.21556437 0.6490078  0.13542785]
 [0.21427502 0.44369027 0.3420347 ]
 [0.22877955 0.6338634  0.13735707]]
probabilities: [[0.5523866  0.28108013 0.16653328]
 [0.05256    0.15018275 0.79725724]
 [0.271942   0.46748543 0.2605726 ]
 [0.9046045  0.03279322 0.06260227]
 [0.47195387 0.5052969  0.02274925]]
probabilities: [[0. 0. 1.]
 [0. 1. 0.]
 [0. 0. 1.]
 [0. 0. 1.]
 [0. 0. 1.]]
probabilities: [[0.08988149 0.8989117  0.01120677]
 [0.0465598  0.43195564 0.52148455]
 [0.22969367 0.7556486  0.01465771]
 [0.3950285  0.42368183 0.18128969]
 [0.64305776 0.24630983 0.11063242]]
probabilities: [[0.8955512  0.0228074  0.08164138]
 [0.03158788 0.6507819  0.3176302 ]
 [0.00991449 0.66134953 0.32873598]
 [0.04694107 0.9434682  0.00959071]
 [0.10385063 0.65003955 0.2461098 ]]
probabilities: [[0.0040267  0.46104005 0.53493327]
 [0.24203657 0.2965332  0.46143025]
 [0.33933213 0.01724342 0.64342445]
 [0.29973269 0.2977346  0.40253276]
 [0.41475487 0.44592348 0.13932164]]
probabilities: [[0.09990437 0.02761756 0.87247807]
 [0.04763185 0.4426252  0.5097429 ]
 [0.11456728 0.25996897 0.6254637 ]
 [0.05292629 0.30652326 0.64055043]
 [0.14381877 0.38244614 0.4737351 ]]
probabilities: [[0.2918928  0.04238441 0.6657228 ]
 [0.45582888 0.45372555 0.09044559]
 [0.6985843  0.08818032 0.2132354 ]
 [0.5027883  0.03974478 0.45746693]
 [0.084467   0.5344178  0.3811152 ]]
probabilities: [[0. 0. 1.]
 [0. 1. 0.]
 [0. 0. 1.]
 [0. 0. 1.]
 [0. 0. 1.]]
probabilities: [[0.93708074 0.01994223 0.04297702]
 [0.35425094 0.5702883  0.07546078]
 [0.6554686  0.02668352 0.31784794]
 [0.7864651  0.02101641 0.19251847]
 [0.01028349 0.93303305 0.05668347]]
probabilities: [[0.17615536 0.5027668  0.32107785]
 [0.25828475 0.44737515 0.2943401 ]
 [0.2535898  0.07170916 0.67470104]
 [0.10963072 0.15992391 0.7304454 ]
 [0.08019403 0.56950885 0.35029712]]
probabilities: [[0.35145807 0.50483143 0.14371051]
 [0.05840164 0.7373889  0.20420945]
 [0.39628083 0.4075002  0.19621898]
 [0.40266362 0.4825267  0.11480969]
 [0.37123945 0.17892022 0.44984034]]
probabilities: [[0.05326811 0.2824431  0.66428876]
 [0.5351882  0.10523549 0.35957628]
 [0.04940407 0.01320531 0.9373906 ]
 [0.29865986 0.39965752 0.30168262]
 [0.05107803 0.33535364 0.6135683 ]]
probabilities: [[0.48502025 0.5036914  0.01128835]
 [0.6356258  0.00109692 0.3632773 ]
 [0.07434842 0.91016746 0.01548411]
 [0.6149635  0.15029019 0.23474637]
 [0.20008971 0.34345552 0.45645475]]
probabilities: [[0. 0. 1.]
 [0. 1. 0.]
 [0. 0. 1.]
 [0. 0. 1.]
 [0. 0. 1.]]
probabilities: [[0.45402315 0.3200068  0.22597007]
 [0.32146928 0.1894916  0.48903915]
 [0.14847222 0.4093267  0.4422011 ]
 [0.2772117  0.6594624  0.06332589]
 [0.26455846 0.47543907 0.26000246]]
probabilities: [[0.03086417 0.6044767  0.36465913]
 [0.5009043  0.39534804 0.10374765]
 [0.7267263  0.01172939 0.26154435]
 [0.24963588 0.06997311 0.680391  ]
 [0.22483836 0.6037829  0.17137872]]
probabilities: [[0.22063261 0.7454426  0.03392477]
 [0.00627075 0.51597613 0.47775313]
 [0.31351566 0.01955218 0.66693217]
 [0.3474278  0.6185825  0.0339897 ]
 [0.21692605 0.17170358 0.6113704 ]]
probabilities: [[0.2772052  0.42462242 0.2981724 ]
 [0.5496926  0.33379143 0.11651602]
 [0.43505386 0.2730646  0.29188153]
 [0.26417843 0.33888617 0.3969354 ]
 [0.21473072 0.21826391 0.56700534]]
probabilities: [[0.48150796 0.20057815 0.3179139 ]
 [0.02478495 0.28267267 0.6925424 ]
 [0.15404858 0.20038274 0.64556867]
 [0.33613172 0.4023203  0.26154798]
 [0.8339365  0.1544662  0.01159726]]
probabilities: [[0. 1. 0.]
 [0. 1. 0.]
 [0. 1. 0.]
 [0. 1. 0.]
 [0. 1. 0.]]
probabilities: [[0.01020007 0.78802025 0.2017797 ]
 [0.24832006 0.5206673  0.23101261]
 [0.5267409  0.08703503 0.38622406]
 [0.09642281 0.77554435 0.12803283]
 [0.5278939  0.14290029 0.3292058 ]]
probabilities: [[0.1007653  0.3510355  0.5481992 ]
 [0.4402383  0.33988708 0.21987464]
 [0.2972526  0.07563883 0.6271086 ]
 [0.09174906 0.26687053 0.6413804 ]
 [0.46804336 0.24211502 0.2898416 ]]
probabilities: [[0.17974241 0.7183378  0.10191981]
 [0.46379802 0.35868183 0.17752014]
 [0.09390651 0.31313446 0.592959  ]
 [0.40739387 0.2322577  0.36034843]
 [0.5955806  0.00865615 0.39576325]]
probabilities: [[0.42665184 0.08357956 0.48976862]
 [0.7847924  0.05786984 0.15733775]
 [0.15308475 0.1378161  0.7090992 ]
 [0.38876823 0.19713444 0.41409734]
 [0.2071776  0.17829251 0.6145299 ]]
probabilities: [[0.86996    0.10596639 0.02407359]
 [0.17380475 0.64304906 0.18314621]
 [0.7373062  0.20957768 0.05311612]
 [0.0444133  0.3481322  0.6074545 ]
 [0.750968   0.11389807 0.13513395]]
probabilities: [[0. 0. 1.]
 [0. 1. 0.]
 [0. 0. 1.]
 [0. 0. 1.]
 [0. 0. 1.]]
probabilities: [[0.11730304 0.53722227 0.34547472]
 [0.12661384 0.11879208 0.7545941 ]
 [0.06683415 0.9272779  0.00588789]
 [0.04388839 0.04750923 0.90860236]
 [0.26037306 0.5081163  0.23151062]]
probabilities: [[0.1306223  0.02299057 0.84638715]
 [0.20937519 0.6583148  0.13230999]
 [0.22307618 0.19728112 0.5796427 ]
 [0.30900416 0.50702834 0.1839675 ]
 [0.5829189  0.1637917  0.2532894 ]]
probabilities: [[0.14235671 0.11103727 0.746606  ]
 [0.10767623 0.21971598 0.6726078 ]
 [0.594106   0.03870696 0.36718702]
 [0.2821138  0.5107331  0.20715311]
 [0.12905915 0.5246068  0.34633404]]
probabilities: [[0.5533936  0.14061904 0.30598736]
 [0.5149269  0.17157304 0.31350005]
 [0.3552228  0.47481823 0.16995898]
 [0.32133722 0.3102487  0.36841407]
 [0.37982756 0.21093978 0.40923265]]
probabilities: [[0.24547957 0.44029045 0.31422997]
 [0.49596682 0.37805378 0.12597938]
 [0.34725982 0.14793047 0.50480974]
 [0.1706408  0.199036   0.63032323]
 [0.05729706 0.64371735 0.29898557]]
probabilities: [[1. 0. 0.]
 [1. 0. 0.]
 [1. 0. 0.]
 [1. 0. 0.]
 [1. 0. 0.]]
probabilities: [[0.50700945 0.01449323 0.47849733]
 [0.18093921 0.42746356 0.3915972 ]
 [0.41415995 0.3925427  0.19329736]
 [0.14298782 0.07156364 0.78544855]
 [0.00960122 0.7993618  0.19103697]]
probabilities: [[0.21725908 0.36774436 0.41499656]
 [0.38208085 0.02616469 0.5917545 ]
 [0.9177733  0.05643376 0.02579295]
 [0.4782159  0.38367152 0.13811259]
 [0.20541075 0.76538235 0.02920693]]
probabilities: [[0.8121658  0.11652888 0.0713053 ]
 [0.1859142  0.01469946 0.7993863 ]
 [0.7029159  0.24556395 0.05152011]
 [0.22104798 0.00413505 0.774817  ]
 [0.5056042  0.36394396 0.1304518 ]]
probabilities: [[0.5910107  0.08569234 0.32329696]
 [0.04705234 0.74468154 0.20826615]
 [0.3498561  0.42399666 0.22614723]
 [0.3492007  0.14987725 0.5009221 ]
 [0.32257125 0.62388116 0.0535476 ]]
probabilities: [[0.6266494  0.09796182 0.2753888 ]
 [0.20074844 0.733475   0.06577653]
 [0.16649139 0.75255793 0.08095068]
 [0.14554822 0.08562207 0.7688297 ]
 [0.07808404 0.35769093 0.564225  ]]
probabilities: [[0. 1. 0.]
 [0. 1. 0.]
 [0. 1. 0.]
 [0. 1. 0.]
 [0. 1. 0.]]
probabilities: [[0.01422431 0.36801827 0.61775744]
 [0.16036747 0.14901367 0.6906189 ]
 [0.73830545 0.11699952 0.14469501]
 [0.40827194 0.4721868  0.11954126]
 [0.61158407 0.05123179 0.33718413]]
probabilities: [[0.43670872 0.20385885 0.35943243]
 [0.09752578 0.36789694 0.5345773 ]
 [0.67840344 0.10649487 0.2151017 ]
 [0.3472393  0.61126626 0.04149447]
 [0.71981984 0.19272186 0.08745831]]
probabilities: [[0.4464748  0.38274798 0.17077722]
 [0.36631513 0.63243634 0.00124854]
 [0.20933041 0.42278063 0.36788896]
 [0.2878362  0.19119497 0.52096885]
 [0.2872636  0.16036147 0.55237496]]
probabilities: [[0.8060436  0.04475468 0.14920169]
 [0.43856668 0.17058524 0.39084807]
 [0.11290599 0.28980106 0.59729296]
 [0.21161771 0.7075776  0.08080474]
 [0.06637101 0.6948157  0.2388133 ]]
probabilities: [[0.09012774 0.295499   0.61437327]
 [0.37384534 0.57090306 0.05525163]
 [0.8787649  0.03776575 0.08346932]
 [0.12850128 0.17435634 0.69714236]
 [0.5800349  0.4181139  0.00185121]]
probabilities: [[0. 0. 1.]
 [0. 1. 0.]
 [0. 0. 1.]
 [0. 0. 1.]
 [0. 0. 1.]]
probabilities: [[0.62689394 0.29033723 0.08276881]
 [0.0167868  0.3716575  0.6115557 ]
 [0.13089924 0.82898414 0.0401166 ]
 [0.49535704 0.08294068 0.42170227]
 [0.6085241  0.3228807  0.06859525]]
probabilities: [[0.4393107  0.42261204 0.13807726]
 [0.38836735 0.10800176 0.5036309 ]
 [0.5200715  0.40959206 0.07033643]
 [0.10570894 0.31545833 0.57883275]
 [0.24487601 0.16586806 0.5892559 ]]
probabilities: [[0.08433659 0.5744318  0.3412316 ]
 [0.17454317 0.19105348 0.63440335]
 [0.39572296 0.50384915 0.1004279 ]
 [0.07459086 0.8048402  0.12056892]
 [0.24669139 0.546072   0.20723657]]
probabilities: [[0.35390794 0.00785819 0.6382339 ]
 [0.10763433 0.84072375 0.0516419 ]
 [0.08524162 0.90427965 0.01047871]
 [0.2686094  0.64799637 0.08339427]
 [0.08512235 0.3889915  0.5258862 ]]
probabilities: [[0.32315165 0.1641671  0.51268125]
 [0.4690906  0.30321342 0.22769599]
 [0.09970576 0.1560034  0.7442908 ]
 [0.7805176  0.20184319 0.01763924]
 [0.08190771 0.19327672 0.72481555]]
probabilities: [[0. 1. 0.]
 [0. 1. 0.]
 [0. 1. 0.]
 [0. 1. 0.]
 [0. 1. 0.]]
probabilities: [[0.01102144 0.72568977 0.26328883]
 [0.86624736 0.08236767 0.05138495]
 [0.78275174 0.20200571 0.01524253]
 [0.16037428 0.8197823  0.01984339]
 [0.6061236  0.24263713 0.15123922]]
probabilities: [[0.21004133 0.1978191  0.59213954]
 [0.5238935  0.26368836 0.21241817]
 [0.22335935 0.3850981  0.39154255]
 [0.5252879  0.41530022 0.05941183]
 [0.72326845 0.1256205  0.15111108]]
probabilities: [[0.19809704 0.34815088 0.45375207]
 [0.69602156 0.02524451 0.27873394]
 [0.45836037 0.00571899 0.5359206 ]
 [0.11299949 0.46030533 0.42669517]
 [0.35734642 0.04282806 0.59982556]]
probabilities: [[0.5225599  0.43938935 0.03805075]
 [0.02671051 0.01361885 0.95967066]
 [0.38722444 0.23540176 0.37737378]
 [0.17632502 0.4192991  0.40437588]
 [0.28305015 0.02912293 0.68782693]]
probabilities: [[0.47045377 0.17683013 0.3527161 ]
 [0.3705638  0.32361102 0.30582517]
 [0.70046175 0.24047583 0.05906244]
 [0.23602806 0.66032106 0.10365091]
 [0.1820324  0.01415945 0.80380815]]
probabilities: [[1. 0. 0.]
 [1. 0. 0.]
 [1. 0. 0.]
 [1. 0. 0.]
 [1. 0. 0.]]
probabilities: [[0.5313619  0.07360468 0.39503345]
 [0.3086179  0.6768571  0.01452497]
 [0.7186125  0.10418552 0.177202  ]
 [0.06405158 0.6493302  0.28661826]
 [0.4509083  0.17009403 0.37899765]]
probabilities: [[0.03643188 0.6784594  0.28510872]
 [0.11135308 0.5804499  0.30819702]
 [0.22836353 0.25107872 0.52055776]
 [0.00466579 0.9232564  0.0720778 ]
 [0.3886762  0.30937484 0.30194896]]
probabilities: [[0.13384268 0.16080628 0.70535105]
 [0.5071254  0.250922   0.24195266]
 [0.70052415 0.22059788 0.07887796]
 [0.14056435 0.8190176  0.04041804]
 [0.23482245 0.2828335  0.48234406]]
probabilities: [[0.04212748 0.17731142 0.7805611 ]
 [0.36245224 0.15194441 0.48560336]
 [0.01348073 0.6339137  0.35260555]
 [0.13110377 0.12615657 0.7427397 ]
 [0.33739164 0.32633168 0.33627665]]
probabilities: [[0.34887508 0.44272655 0.20839839]
 [0.216533   0.7629964  0.02047064]
 [0.47593668 0.08878476 0.43527856]
 [0.4854031  0.12707588 0.38752103]
 [0.32449067 0.04308038 0.63242894]]
probabilities: [[0. 0. 1.]
 [0. 1. 0.]
 [0. 0. 1.]
 [0. 0. 1.]
 [0. 0. 1.]]
probabilities: [[0.5821978  0.06297124 0.35483095]
 [0.06144037 0.05203117 0.88652843]
 [0.02227793 0.5979153  0.37980676]
 [0.24442226 0.3635935  0.39198425]
 [0.3390974  0.6053382  0.05556436]]
probabilities: [[0.29221717 0.15653357 0.55124927]
 [0.2709217  0.72362    0.00545833]
 [0.92802984 0.04322977 0.02874037]
 [0.91107607 0.04928857 0.03963536]
 [0.6357751  0.30307388 0.06115103]]
probabilities: [[0.0677804  0.14153443 0.7906852 ]
 [0.20065676 0.4535539  0.34578937]
 [0.54835963 0.10345459 0.34818575]
 [0.2595958  0.13518324 0.605221  ]
 [0.02380263 0.8620517  0.11414564]]
probabilities: [[0.61476845 0.04326202 0.34196955]
 [0.33860183 0.2570846  0.40431356]
 [0.15781637 0.05358491 0.7885987 ]
 [0.14542265 0.1329484  0.72162896]
 [0.599748   0.2831838  0.11706815]]
probabilities: [[0.5676037  0.05714345 0.37525287]
 [0.34345034 0.07955639 0.5769933 ]
 [0.049494   0.27921078 0.6712952 ]
 [0.5210205  0.23988464 0.23909487]
 [0.00139493 0.07612707 0.922478  ]]
probabilities: [[1. 0. 0.]
 [1. 0. 0.]
 [1. 0. 0.]
 [1. 0. 0.]
 [1. 0. 0.]]
probabilities: [[0.34840265 0.3504131  0.30118424]
 [0.70385504 0.05579562 0.24034935]
 [0.67340595 0.10262412 0.22396992]
 [0.70699304 0.09210842 0.20089856]
 [0.16133639 0.0438703  0.7947933 ]]
probabilities: [[0.11137346 0.19890967 0.6897169 ]
 [0.614732   0.08827651 0.29699147]
 [0.02424164 0.13616572 0.83959264]
 [0.2189813  0.2692401  0.5117786 ]
 [0.41406226 0.17982405 0.40611368]]
probabilities: [[0.34419462 0.53934246 0.11646295]
 [0.00746284 0.20802018 0.784517  ]
 [0.15728848 0.7293414  0.11337017]
 [0.04730583 0.04560542 0.90708876]
 [0.6593296  0.27100462 0.06966581]]
probabilities: [[0.03945467 0.5263084  0.43423688]
 [0.1564374  0.3394861  0.50407654]
 [0.38053113 0.3623569  0.25711197]
 [0.5382987  0.31175685 0.14994442]
 [0.83393633 0.03896137 0.12710232]]
probabilities: [[0.07250717 0.424924   0.50256884]
 [0.84391546 0.02241614 0.13366836]
 [0.41680858 0.1790552  0.40413624]
 [0.44041833 0.42226845 0.13731325]
 [0.5486583  0.19545653 0.25588515]]
probabilities: [[0. 0. 1.]
 [0. 1. 0.]
 [0. 0. 1.]
 [0. 0. 1.]
 [0. 0. 1.]]
probabilities: [[0.40762824 0.56948143 0.02289035]
 [0.2502108  0.12919967 0.62058955]
 [0.8557958  0.12470677 0.01949744]
 [0.70949644 0.13447468 0.15602888]
 [0.07544965 0.22454293 0.70000744]]
probabilities: [[0.03296522 0.88917446 0.07786035]
 [0.34002295 0.16393802 0.496039  ]
 [0.07181394 0.8803411  0.04784494]
 [0.82585174 0.12886894 0.04527932]
 [0.67672163 0.09192777 0.23135063]]
probabilities: [[0.34343764 0.39966545 0.25689694]
 [0.02117546 0.31301776 0.6658068 ]
 [0.03097968 0.82002383 0.14899649]
 [0.751185   0.09777793 0.15103707]
 [0.21544848 0.06863467 0.7159169 ]]
probabilities: [[0.5230291  0.27049837 0.20647256]
 [0.46315715 0.01194352 0.5248993 ]
 [0.64638823 0.23675355 0.1168582 ]
 [0.7618155  0.05763301 0.18055148]
 [0.49063438 0.03477544 0.47459018]]
probabilities: [[0.47008446 0.4370605  0.09285502]
 [0.14391539 0.8496921  0.00639252]
 [0.05452797 0.2989037  0.64656836]
 [0.15555286 0.17755976 0.6668874 ]
 [0.38428196 0.36195993 0.2537581 ]]
probabilities: [[0. 0. 1.]
 [0. 1. 0.]
 [0. 0. 1.]
 [0. 0. 1.]
 [0. 0. 1.]]
probabilities: [[0.05808914 0.48726892 0.45464194]
 [0.24757922 0.05032594 0.70209485]
 [0.5222419  0.19583213 0.28192598]
 [0.06322993 0.9346995  0.0020706 ]
 [0.7218742  0.07737946 0.20074637]]
probabilities: [[0.5980101  0.01421146 0.38777843]
 [0.5983717  0.0073452  0.39428315]
 [0.42367107 0.07912037 0.49720857]
 [0.18808666 0.08895665 0.7229567 ]
 [0.05081153 0.1468916  0.8022969 ]]
probabilities: [[0.02304473 0.10392761 0.8730277 ]
 [0.07247291 0.84850746 0.07901964]
 [0.9208489  0.05081497 0.0283361 ]
 [0.23257297 0.19190697 0.57552004]
 [0.38666087 0.35667342 0.2566657 ]]
probabilities: [[0.04685111 0.39320442 0.55994445]
 [0.10770237 0.44875467 0.44354296]
 [0.8028019  0.19504309 0.00215498]
 [0.18605284 0.7821604  0.03178674]
 [0.419319   0.3990083  0.18167269]]
probabilities: [[0.31674933 0.46953556 0.2137151 ]
 [0.47761515 0.04710708 0.47527775]
 [0.4760931  0.19793905 0.32596782]
 [0.27922282 0.13747008 0.5833071 ]
 [0.6686437  0.06390375 0.26745254]]
probabilities: [[0. 1. 0.]
 [0. 1. 0.]
 [0. 1. 0.]
 [0. 1. 0.]
 [0. 1. 0.]]
probabilities: [[0.01663212 0.8230204  0.1603475 ]
 [0.1524985  0.42585102 0.4216505 ]
 [0.08105878 0.43443307 0.48450816]
 [0.10593841 0.34596384 0.5480978 ]
 [0.22190551 0.543555   0.23453948]]
probabilities: [[4.5926157e-01 4.2749023e-01 1.1324819e-01]
 [6.8891507e-01 3.0292282e-01 8.1620933e-03]
 [5.8231825e-01 4.1673201e-01 9.4974157e-04]
 [5.0111936e-04 2.1975240e-01 7.7974647e-01]
 [6.5343761e-01 3.0972305e-01 3.6839366e-02]]
probabilities: [[0.26728907 0.34460184 0.3881091 ]
 [0.44198483 0.388092   0.16992313]
 [0.15177752 0.6244991  0.2237234 ]
 [0.82493645 0.00771575 0.1673478 ]
 [0.64427906 0.01654481 0.33917612]]
probabilities: [[0.53529495 0.29922974 0.16547534]
 [0.03259546 0.3358014  0.6316032 ]
 [0.08112643 0.76805043 0.15082315]
 [0.10208131 0.5125051  0.38541356]
 [0.0324529  0.24686699 0.7206801 ]]
probabilities: [[0.20742603 0.7446773  0.04789665]
 [0.35953668 0.34890044 0.2915629 ]
 [0.7048391  0.25430882 0.04085207]
 [0.48514697 0.02938473 0.4854683 ]
 [0.2106727  0.6792765  0.1100508 ]]
probabilities: [[0. 0. 1.]
 [0. 1. 0.]
 [0. 1. 0.]
 [0. 0. 1.]
 [0. 0. 1.]]
probabilities: [[0.9050472  0.0269982  0.06795459]
 [0.21525732 0.14100295 0.64373976]
 [0.26205936 0.7359019  0.00203876]
 [0.5554175  0.08477993 0.35980257]
 [0.3772113  0.3860477  0.23674099]]
probabilities: [[0.08992785 0.73387355 0.17619863]
 [0.34634075 0.16420648 0.48945278]
 [0.18667653 0.808281   0.00504247]
 [0.6504403  0.16623761 0.18332213]
 [0.6842539  0.0628118  0.2529343 ]]
probabilities: [[0.37405467 0.26088217 0.36506313]
 [0.68992925 0.20124045 0.10883027]
 [0.7581886  0.08330458 0.1585068 ]
 [0.15865436 0.41364628 0.42769936]
 [0.30526826 0.51469404 0.18003768]]
probabilities: [[0.7268341  0.18043499 0.09273091]
 [0.6575934  0.21353716 0.12886941]
 [0.11362712 0.5201805  0.36619234]
 [0.28953782 0.41211528 0.2983469 ]
 [0.30573633 0.23775516 0.45650852]]
probabilities: [[0.13791585 0.50175095 0.3603332 ]
 [0.05444077 0.20150404 0.7440552 ]
 [0.06632403 0.9096774  0.0239986 ]
 [0.30115408 0.3498827  0.3489632 ]
 [0.35458478 0.13457303 0.5108422 ]]
probabilities: [[1. 0. 0.]
 [1. 0. 0.]
 [1. 0. 0.]
 [1. 0. 0.]
 [1. 0. 0.]]
probabilities: [[0.71115637 0.15768848 0.13115513]
 [0.00853922 0.98038524 0.01107551]
 [0.00612282 0.92834395 0.06553322]
 [0.36623314 0.45040047 0.1833664 ]
 [0.5499122  0.25623992 0.1938479 ]]
probabilities: [[0.39807788 0.01321093 0.5887112 ]
 [0.84441453 0.07624204 0.07934342]
 [0.7937046  0.03786742 0.16842793]
 [0.18523574 0.5241772  0.29058704]
 [0.00988977 0.10793539 0.88217485]]
probabilities: [[0.1506818  0.35053656 0.49878165]
 [0.46890756 0.12193116 0.40916127]
 [0.2717719  0.058161   0.6700671 ]
 [0.10839134 0.29465488 0.5969538 ]
 [0.6060736  0.1691892  0.22473717]]
probabilities: [[0.14947394 0.33481786 0.5157082 ]
 [0.05820346 0.47798127 0.46381527]
 [0.60352784 0.20965514 0.18681704]
 [0.8407072  0.07881711 0.08047572]
 [0.12103909 0.6918244  0.18713653]]
probabilities: [[0.88443375 0.06826529 0.04730099]
 [0.1347152  0.24621035 0.61907446]
 [0.64769596 0.12196603 0.23033799]
 [0.21650174 0.46927524 0.31422302]
 [0.01267331 0.00164538 0.9856813 ]]
probabilities: [[0. 1. 0.]
 [0. 1. 0.]
 [0. 1. 0.]
 [0. 1. 0.]
 [0. 1. 0.]]
probabilities: [[0.40143856 0.34053195 0.2580295 ]
 [0.07776944 0.40990487 0.5123257 ]
 [0.13584708 0.14999606 0.71415687]
 [0.51859295 0.23651858 0.24488847]
 [0.5376547  0.0540875  0.4082578 ]]
probabilities: [[4.4300106e-01 2.7535829e-01 2.8164065e-01]
 [8.0260551e-01 1.9648904e-01 9.0547843e-04]
 [1.8641625e-01 3.4044909e-01 4.7313467e-01]
 [9.5878410e-01 3.3684909e-02 7.5310003e-03]
 [4.9424714e-01 3.5562605e-01 1.5012683e-01]]
probabilities: [[0.21416198 0.74731636 0.03852169]
 [0.29824242 0.64716524 0.05459234]
 [0.25172356 0.1296511  0.61862534]
 [0.16988845 0.29819635 0.5319152 ]
 [0.10393935 0.7367709  0.15928973]]
probabilities: [[0.1576155  0.30397767 0.53840685]
 [0.4620473  0.5049379  0.03301482]
 [0.5952404  0.291048   0.11371158]
 [0.76792085 0.09321798 0.13886115]
 [0.00792058 0.9168338  0.07524561]]
probabilities: [[0.45906562 0.3948878  0.14604661]
 [0.1931681  0.09022468 0.7166072 ]
 [0.4701451  0.38812986 0.14172503]
 [0.19382872 0.7116952  0.09447607]
 [0.36663958 0.45270073 0.1806597 ]]
probabilities: [[0. 0. 1.]
 [0. 1. 0.]
 [0. 1. 0.]
 [0. 0. 1.]
 [0. 0. 1.]]
probabilities: [[0.16622396 0.24769318 0.5860829 ]
 [0.05528297 0.66124046 0.2834766 ]
 [0.40027818 0.02218135 0.57754046]
 [0.6181438  0.22980565 0.15205052]
 [0.27681455 0.19025692 0.5329285 ]]
probabilities: [[0.38029087 0.28817102 0.3315381 ]
 [0.39139593 0.01705654 0.59154755]
 [0.34674656 0.12379076 0.5294627 ]
 [0.07889446 0.34594086 0.5751647 ]
 [0.27823398 0.35477164 0.36699438]]
probabilities: [[0.07576683 0.84697694 0.07725623]
 [0.19738081 0.23133457 0.57128465]
 [0.01364902 0.41605946 0.5702915 ]
 [0.33190477 0.546219   0.12187623]
 [0.15992573 0.19440193 0.6456723 ]]
probabilities: [[0.3309313  0.2390623  0.43000638]
 [0.4544702  0.28436863 0.2611612 ]
 [0.05231731 0.12031925 0.82736343]
 [0.16600655 0.5914982  0.24249524]
 [0.09987594 0.32051784 0.57960624]]
probabilities: [[0.31548673 0.1645488  0.51996446]
 [0.7332561  0.15247165 0.11427227]
 [0.07335647 0.7229866  0.20365693]
 [0.28029367 0.04363289 0.67607343]
 [0.37051037 0.08130051 0.5481891 ]]
probabilities: [[0. 0. 1.]
 [0. 1. 0.]
 [0. 0. 1.]
 [0. 0. 1.]
 [0. 0. 1.]]
probabilities: [[0.10176655 0.84612095 0.05211249]
 [0.09618559 0.05914509 0.84466934]
 [0.10861669 0.8550982  0.03628509]
 [0.7791075  0.0539505  0.16694199]
 [0.2247864  0.5134563  0.26175728]]
probabilities: [[0.39584342 0.4944807  0.10967591]
 [0.01776722 0.8950245  0.08720829]
 [0.40573588 0.30818576 0.28607836]
 [0.1374859  0.5311699  0.33134425]
 [0.12993732 0.6844585  0.1856042 ]]
probabilities: [[0.40809974 0.20283009 0.38907015]
 [0.35011572 0.08798049 0.5619038 ]
 [0.4334785  0.461285   0.1052365 ]
 [0.02528093 0.4956536  0.47906548]
 [0.6266224  0.13763778 0.23573983]]
probabilities: [[0.06858847 0.2662442  0.66516733]
 [0.94163924 0.00416854 0.05419222]
 [0.6502285  0.30142465 0.04834686]
 [0.35162082 0.2548006  0.3935786 ]
 [0.18303598 0.5900974  0.22686657]]
probabilities: [[0.2560177  0.23498333 0.50899893]
 [0.40135744 0.10070664 0.49793592]
 [0.56251335 0.40105948 0.03642717]
 [0.37632304 0.2729645  0.35071245]
 [0.03808366 0.50443584 0.4574805 ]]
probabilities: [[0. 1. 0.]
 [0. 1. 0.]
 [0. 1. 0.]
 [0. 1. 0.]
 [0. 1. 0.]]
probabilities: [[0.3125589  0.56055784 0.1268833 ]
 [0.00730213 0.27655712 0.71614075]
 [0.11388764 0.46374694 0.42236543]
 [0.0981105  0.1624788  0.7394107 ]
 [0.33036336 0.64891595 0.02072072]]
probabilities: [[0.277415   0.48296577 0.23961921]
 [0.19106634 0.6535449  0.15538877]
 [0.35734665 0.02579554 0.6168578 ]
 [0.54255736 0.17616373 0.28127894]
 [0.6050601  0.2789795  0.11596036]]
probabilities: [[0.00230129 0.8221229  0.17557585]
 [0.79497784 0.12303574 0.08198639]
 [0.51857156 0.27861205 0.20281637]
 [0.3471107  0.22642955 0.42645976]
 [0.25368223 0.23241097 0.5139068 ]]
probabilities: [[0.25915468 0.06841929 0.67242604]
 [0.2382748  0.16694376 0.59478146]
 [0.2819583  0.26002586 0.45801583]
 [0.3627301  0.6069616  0.0303083 ]
 [0.38757887 0.46216738 0.15025373]]
probabilities: [[0.51301104 0.3827123  0.10427669]
 [0.18593709 0.32909504 0.4849679 ]
 [0.82951915 0.08767281 0.08280806]
 [0.235339   0.21131384 0.5533472 ]
 [0.7065712  0.07719854 0.21623023]]
probabilities: [[0. 0. 1.]
 [0. 1. 0.]
 [0. 1. 0.]
 [0. 0. 1.]
 [0. 0. 1.]]
probabilities: [[0.19335976 0.7299349  0.07670537]
 [0.13916047 0.43546078 0.42537877]
 [0.07127479 0.26675633 0.6619689 ]
 [0.5761982  0.37634128 0.04746052]
 [0.2285194  0.6888392  0.08264139]]
probabilities: [[0.512348   0.08526188 0.4023901 ]
 [0.11978898 0.77515084 0.10506018]
 [0.0573055  0.07651565 0.8661789 ]
 [0.78925234 0.06685704 0.14389059]
 [0.5346961  0.08998375 0.37532014]]
probabilities: [[0.0670824  0.2193077  0.7136099 ]
 [0.25634846 0.21533652 0.528315  ]
 [0.02853765 0.13834892 0.83311343]
 [0.7130658  0.27259877 0.01433545]
 [0.22505666 0.71129864 0.06364471]]
probabilities: [[0.17382242 0.1840119  0.64216566]
 [0.2662758  0.42845497 0.30526927]
 [0.2116088  0.06890865 0.71948254]
 [0.30036578 0.15020476 0.5494295 ]
 [0.10936341 0.454704   0.4359326 ]]
probabilities: [[0.09220681 0.15025948 0.7575337 ]
 [0.5339176  0.27745014 0.18863225]
 [0.39771006 0.48534852 0.11694142]
 [0.17519544 0.09257112 0.73223346]
 [0.46816102 0.04495903 0.48687994]]
probabilities: [[0. 0. 1.]
 [0. 1. 0.]
 [0. 1. 0.]
 [0. 0. 1.]
 [0. 0. 1.]]
probabilities: [[0.03936326 0.43853164 0.5221051 ]
 [0.55868274 0.35198474 0.08933252]
 [0.36515447 0.17921436 0.45563117]
 [0.18300481 0.5756466  0.24134858]
 [0.0083907  0.65823746 0.33337182]]
probabilities: [[0.0476203  0.3068007  0.645579  ]
 [0.03767584 0.7085138  0.25381035]
 [0.4962514  0.23496646 0.26878214]
 [0.60808873 0.2547475  0.13716376]
 [0.07480677 0.17816915 0.74702406]]
probabilities: [[0.22569273 0.35856166 0.41574562]
 [0.12743272 0.5253458  0.34722146]
 [0.04794878 0.80775106 0.14430015]
 [0.43404362 0.12159523 0.44436118]
 [0.318059   0.1257849  0.5561561 ]]
probabilities: [[0.7975625  0.02038996 0.18204755]
 [0.12701318 0.7066118  0.16637503]
 [0.49420565 0.4142     0.09159433]
 [0.62447953 0.19323203 0.18228842]
 [0.06086836 0.6068454  0.33228627]]
probabilities: [[0.15310264 0.72217387 0.12472352]
 [0.27406147 0.10143218 0.62450635]
 [0.46776128 0.01722125 0.51501745]
 [0.2815856  0.08937752 0.62903684]
 [0.06539272 0.4453901  0.48921716]]
probabilities: [[0. 1. 0.]
 [0. 1. 0.]
 [0. 1. 0.]
 [0. 1. 0.]
 [0. 1. 0.]]
probabilities: [[0.6133941  0.15718666 0.22941928]
 [0.34498647 0.35530597 0.29970756]
 [0.11528809 0.02322741 0.86148447]
 [0.47196388 0.13799492 0.3900412 ]
 [0.04800458 0.6796651  0.2723303 ]]
probabilities: [[0.03002616 0.04808857 0.92188525]
 [0.07159034 0.3167613  0.6116483 ]
 [0.47375935 0.505307   0.02093361]
 [0.643437   0.02077759 0.3357854 ]
 [0.04505321 0.798254   0.15669279]]
probabilities: [[0.0106835  0.02033964 0.96897686]
 [0.7181685  0.0443693  0.23746222]
 [0.02705055 0.47162107 0.50132835]
 [0.549583   0.41845977 0.03195718]
 [0.09710641 0.12690791 0.77598566]]
probabilities: [[0.12251572 0.37839884 0.49908543]
 [0.20783034 0.21799329 0.5741764 ]
 [0.24507058 0.20762126 0.54730815]
 [0.8841389  0.02494287 0.09091827]
 [0.52658087 0.17091897 0.3025002 ]]
probabilities: [[0.30020118 0.5980782  0.10172063]
 [0.14082526 0.51458377 0.344591  ]
 [0.5939104  0.02795906 0.37813056]
 [0.25218627 0.27206102 0.47575268]
 [0.21676746 0.05389339 0.7293391 ]]
probabilities: [[0. 0. 1.]
 [0. 1. 0.]
 [0. 1. 0.]
 [0. 0. 1.]
 [0. 0. 1.]]
probabilities: [[0.192327   0.3964753  0.41119772]
 [0.08101107 0.5872807  0.33170825]
 [0.37177694 0.14338808 0.484835  ]
 [0.23122528 0.6162713  0.15250342]
 [0.30790126 0.03955008 0.6525487 ]]
probabilities: [[0.00934985 0.92998725 0.06066292]
 [0.0050119  0.6134899  0.3814982 ]
 [0.14626485 0.81817245 0.03556267]
 [0.46930975 0.40307575 0.1276145 ]
 [0.3270568  0.4802335  0.19270971]]
probabilities: [[0.05813156 0.27498555 0.6668829 ]
 [0.24012032 0.66505575 0.0948239 ]
 [0.1475533  0.21322252 0.6392242 ]
 [0.5185683  0.3083968  0.17303492]
 [0.03390787 0.7569283  0.2091638 ]]
probabilities: [[0.40308365 0.21505196 0.3818644 ]
 [0.29430723 0.23178606 0.47390673]
 [0.36921656 0.44500038 0.18578306]
 [0.49192047 0.1389522  0.36912733]
 [0.4315981  0.11286646 0.45553544]]
probabilities: [[0.3668163  0.52858824 0.10459544]
 [0.42865837 0.04333111 0.5280105 ]
 [0.01011391 0.7803843  0.20950179]
 [0.29609653 0.12130116 0.5826023 ]
 [0.5590195  0.05351409 0.38746643]]
probabilities: [[0. 0. 1.]
 [0. 1. 0.]
 [0. 1. 0.]
 [0. 0. 1.]
 [0. 0. 1.]]
probabilities: [[0.0622159  0.14434193 0.7934422 ]
 [0.0063902  0.39031294 0.6032969 ]
 [0.02588959 0.11902604 0.85508436]
 [0.6563582  0.0135536  0.3300882 ]
 [0.46687195 0.27842328 0.25470477]]
probabilities: [[0.1391347  0.83204687 0.02881844]
 [0.74007523 0.16290626 0.09701853]
 [0.33849195 0.26777124 0.39373684]
 [0.1802944  0.714781   0.10492463]
 [0.4281646  0.2555206  0.3163148 ]]
probabilities: [[0.21344574 0.63351136 0.15304288]
 [0.0528021  0.10201012 0.8451878 ]
 [0.44190335 0.02922052 0.5288761 ]
 [0.04815255 0.84947944 0.102368  ]
 [0.28155643 0.45701393 0.26142964]]
probabilities: [[0.21773922 0.18982628 0.5924345 ]
 [0.55389136 0.01729522 0.42881343]
 [0.42679787 0.30209547 0.27110666]
 [0.26867592 0.6240901  0.10723399]
 [0.33075312 0.34878352 0.32046336]]
probabilities: [[0.44684452 0.2433877  0.30976778]
 [0.61925524 0.09617777 0.28456697]
 [0.15484686 0.04276576 0.80238736]
 [0.20142908 0.5480651  0.2505058 ]
 [0.44246873 0.02860936 0.5289219 ]]
probabilities: [[0. 0. 1.]
 [0. 1. 0.]
 [0. 0. 1.]
 [0. 0. 1.]
 [0. 0. 1.]]
probabilities: [[0.31117117 0.48020586 0.20862295]
 [0.34514397 0.28267696 0.37217906]
 [0.31415573 0.41741955 0.26842475]
 [0.61660874 0.11249336 0.2708979 ]
 [0.62198156 0.04559137 0.33242705]]
probabilities: [[0.22658065 0.36382    0.40959936]
 [0.46500647 0.20176555 0.333228  ]
 [0.6422751  0.1538338  0.2038911 ]
 [0.84534305 0.05722869 0.09742825]
 [0.74562806 0.07223294 0.18213902]]
probabilities: [[0.704941   0.05697804 0.23808098]
 [0.03317385 0.7865372  0.18028899]
 [0.06272992 0.8547165  0.08255359]
 [0.58650213 0.14563252 0.26786533]
 [0.3282811  0.12852387 0.543195  ]]
