probabilities: [[0. 0. 1.]
 [0. 1. 0.]
 [0. 0. 1.]
 [0. 0. 1.]
 [0. 0. 1.]]
probabilities: [[0.7051153  0.03554902 0.25933567]
 [0.05946789 0.03317255 0.90735954]
 [0.2191253  0.38675845 0.39411625]
 [0.55925304 0.01400041 0.42674658]
 [0.5348871  0.3980397  0.0670732 ]]
probabilities: [[0.21396583 0.7077018  0.07833233]
 [0.2388416  0.16369033 0.5974681 ]
 [0.40784338 0.53651386 0.05564274]
 [0.8516194  0.11903907 0.02934153]
 [0.2276551  0.6865786  0.08576633]]
probabilities: [[0.33160856 0.52832466 0.1400668 ]
 [0.06169481 0.72814155 0.21016364]
 [0.11488196 0.23912166 0.6459964 ]
 [0.19592363 0.46436235 0.33971402]
 [0.8951321  0.05040585 0.05446203]]
probabilities: [[0. 1. 0.]
 [0. 1. 0.]
 [0. 1. 0.]
 [0. 1. 0.]
 [0. 1. 0.]]
probabilities: [[0.5143687  0.29918304 0.18644825]
 [0.03970388 0.6712703  0.28902578]
 [0.06165046 0.07753449 0.86081505]
 [0.16786881 0.6590302  0.173101  ]
 [0.318183   0.03568753 0.6461294 ]]
probabilities: [[0.6571231  0.34193754 0.00093939]
 [0.366294   0.45856515 0.17514086]
 [0.90845186 0.01875863 0.07278951]
 [0.18681605 0.6699064  0.14327754]
 [0.26582736 0.13525091 0.5989217 ]]
probabilities: [[0.02059087 0.6848699  0.29453924]
 [0.03219249 0.65885067 0.30895683]
 [0.6112275  0.09104961 0.29772288]
 [0.19669306 0.4535777  0.34972924]
 [0.7453059  0.142202   0.11249207]]
probabilities: [[1. 0. 0.]
 [1. 0. 0.]
 [1. 0. 0.]
 [1. 0. 0.]
 [1. 0. 0.]]
probabilities: [[0.3804478  0.02054689 0.5990053 ]
 [0.18431576 0.5556629  0.26002136]
 [0.05570703 0.2630961  0.68119687]
 [0.3746113  0.41282246 0.21256626]
 [0.13871405 0.24002872 0.62125725]]
probabilities: [[0.32743326 0.46937975 0.20318699]
 [0.49033114 0.05304646 0.4566224 ]
 [0.14960167 0.39321387 0.45718446]
 [0.29377744 0.47940046 0.2268221 ]
 [0.4603988  0.4600335  0.07956769]]
probabilities: [[0.21506646 0.18508075 0.5998528 ]
 [0.07221279 0.09508942 0.8326978 ]
 [0.62958896 0.27564454 0.09476651]
 [0.07669505 0.43826127 0.48504367]
 [0.50968534 0.41558138 0.0747333 ]]
probabilities: [[0. 0. 1.]
 [0. 1. 0.]
 [0. 0. 1.]
 [0. 0. 1.]
 [0. 0. 1.]]
probabilities: [[0.32845092 0.11537631 0.5561728 ]
 [0.46100438 0.43305868 0.10593695]
 [0.30914512 0.35840023 0.33245465]
 [0.47141224 0.2156726  0.31291515]
 [0.15629368 0.3130046  0.5307017 ]]
probabilities: [[0.22104797 0.12354314 0.6554089 ]
 [0.9162892  0.06501588 0.01869492]
 [0.05607575 0.5111714  0.43275285]
 [0.3352068  0.38761237 0.27718082]
 [0.05584531 0.33102232 0.61313236]]
probabilities: [[0.36648422 0.30367514 0.32984063]
 [0.13880944 0.4327506  0.42843992]
 [0.81489176 0.1574242  0.02768406]
 [0.61758167 0.30542046 0.07699788]
 [0.06528345 0.6819195  0.25279707]]
probabilities: [[1. 0. 0.]
 [1. 0. 0.]
 [1. 0. 0.]
 [1. 0. 0.]
 [1. 0. 0.]]
probabilities: [[6.7906743e-03 3.8506931e-01 6.0814005e-01]
 [5.0014150e-01 2.7707735e-01 2.2278111e-01]
 [2.7412888e-01 2.1156037e-01 5.1431072e-01]
 [2.1297124e-04 6.8698514e-01 3.1280187e-01]
 [8.9689797e-01 5.0848182e-02 5.2253827e-02]]
probabilities: [[0.47938633 0.13022347 0.3903902 ]
 [0.41376722 0.14670534 0.43952745]
 [0.18375239 0.5593572  0.25689042]
 [0.05347055 0.09299254 0.8535369 ]
 [0.00808644 0.67618114 0.31573242]]
probabilities: [[0.30156073 0.5643083  0.134131  ]
 [0.08382162 0.2636949  0.65248346]
 [0.13906668 0.7753129  0.0856204 ]
 [0.3458791  0.00635316 0.6477677 ]
 [0.62097085 0.0695333  0.30949584]]
probabilities: [[0. 1. 0.]
 [0. 1. 0.]
 [0. 1. 0.]
 [0. 1. 0.]
 [0. 1. 0.]]
probabilities: [[0.29524437 0.68215233 0.02260331]
 [0.00410034 0.18276131 0.81313837]
 [0.21580735 0.47480735 0.30938527]
 [0.01438242 0.82404834 0.16156925]
 [0.27868414 0.35508367 0.3662322 ]]
probabilities: [[0.10525951 0.4264897  0.46825078]
 [0.24330145 0.09790875 0.6587898 ]
 [0.28289813 0.18287052 0.53423136]
 [0.39835462 0.11737378 0.4842716 ]
 [0.20507996 0.451595   0.34332505]]
probabilities: [[0.1665584  0.05007238 0.78336924]
 [0.70486236 0.14340456 0.15173307]
 [0.6234468  0.00730131 0.36925188]
 [0.07969984 0.3455134  0.5747868 ]
 [0.6383626  0.28168336 0.07995405]]
probabilities: [[1. 0. 0.]
 [1. 0. 0.]
 [1. 0. 0.]
 [1. 0. 0.]
 [1. 0. 0.]]
probabilities: [[0.65034246 0.03055765 0.31909987]
 [0.07094355 0.14777173 0.78128475]
 [0.13460961 0.81305707 0.05233331]
 [0.6513186  0.23709722 0.11158419]
 [0.41429785 0.27992195 0.3057802 ]]
probabilities: [[0.21377957 0.7743072  0.01191327]
 [0.12842758 0.71024036 0.16133209]
 [0.00315056 0.66734713 0.32950228]
 [0.3919705  0.06263167 0.5453979 ]
 [0.01312763 0.48526716 0.5016052 ]]
probabilities: [[0.5123316  0.22576536 0.26190302]
 [0.3899345  0.13127448 0.478791  ]
 [0.15285888 0.04799977 0.79914135]
 [0.49105066 0.37840042 0.13054895]
 [0.5467925  0.13264565 0.32056183]]
probabilities: [[1. 0. 0.]
 [1. 0. 0.]
 [1. 0. 0.]
 [1. 0. 0.]
 [1. 0. 0.]]
probabilities: [[0.03736157 0.43213874 0.5304997 ]
 [0.22144891 0.2597998  0.51875126]
 [0.08736762 0.8858873  0.02674504]
 [0.4982881  0.27040812 0.23130378]
 [0.31572872 0.1087793  0.57549196]]
probabilities: [[0.65015227 0.17945133 0.17039642]
 [0.21993023 0.1503859  0.62968385]
 [0.2726915  0.5603007  0.1670078 ]
 [0.08697824 0.53924555 0.3737762 ]
 [0.27026868 0.57040244 0.15932886]]
probabilities: [[0.6026316  0.3553784  0.04198997]
 [0.51498044 0.47629482 0.00872476]
 [0.57052594 0.00359301 0.42588106]
 [0.6624602  0.22596335 0.11157645]
 [0.56146646 0.05938268 0.37915084]]
probabilities: [[0. 0. 1.]
 [0. 1. 0.]
 [0. 0. 1.]
 [0. 0. 1.]
 [0. 0. 1.]]
probabilities: [[0.16585393 0.5252554  0.30889067]
 [0.1819885  0.46204042 0.3559711 ]
 [0.306146   0.6743566  0.01949743]
 [0.517698   0.33488744 0.14741458]
 [0.28886056 0.55970514 0.15143432]]
probabilities: [[0.18162845 0.75157195 0.06679961]
 [0.59228575 0.12240078 0.28531346]
 [0.09178552 0.31874385 0.5894706 ]
 [0.01348174 0.13961941 0.84689885]
 [0.03486451 0.51221424 0.45292127]]
probabilities: [[0.14315009 0.47931224 0.37753767]
 [0.3350221  0.39003524 0.27494267]
 [0.3776347  0.49763355 0.12473176]
 [0.54268456 0.12114701 0.3361684 ]
 [0.01431579 0.00850308 0.97718114]]
probabilities: [[0. 1. 0.]
 [0. 1. 0.]
 [0. 1. 0.]
 [0. 1. 0.]
 [0. 1. 0.]]
probabilities: [[0.21680628 0.44818798 0.33500576]
 [0.5962804  0.37104148 0.03267814]
 [0.3720197  0.3803775  0.24760276]
 [0.2168776  0.53892314 0.24419925]
 [0.14578612 0.65834147 0.19587241]]
probabilities: [[0.19145155 0.31960014 0.48894832]
 [0.525199   0.4592989  0.01550211]
 [0.1036903  0.5344069  0.3619028 ]
 [0.9507671  0.03183773 0.01739515]
 [0.2765296  0.52743053 0.19603986]]
probabilities: [[0.3172852  0.67898744 0.00372733]
 [0.32107803 0.3275184  0.35140356]
 [0.12683444 0.6212735  0.25189206]
 [0.05419089 0.4963705  0.44943863]
 [0.14966416 0.4219223  0.42841354]]
probabilities: [[0. 0. 1.]
 [0. 1. 0.]
 [0. 0. 1.]
 [0. 0. 1.]
 [0. 0. 1.]]
probabilities: [[0.30962268 0.5331861  0.15719122]
 [0.19219406 0.2495434  0.5582625 ]
 [0.2423281  0.18181935 0.5758525 ]
 [0.00983943 0.6047714  0.3853892 ]
 [0.15284476 0.5538664  0.29328886]]
probabilities: [[0.15528767 0.35374528 0.49096707]
 [0.05246674 0.39653945 0.5509938 ]
 [0.29306138 0.09176371 0.6151749 ]
 [0.34051746 0.57433116 0.08515137]
 [0.08032496 0.67245865 0.2472164 ]]
probabilities: [[0.5594114  0.2962166  0.14437196]
 [0.5864249  0.00510889 0.40846622]
 [0.40933022 0.3194187  0.27125108]
 [0.18798602 0.26246962 0.5495444 ]
 [0.06251639 0.2484299  0.6890537 ]]
probabilities: [[0. 1. 0.]
 [0. 1. 0.]
 [0. 1. 0.]
 [0. 1. 0.]
 [0. 1. 0.]]
probabilities: [[0.02461075 0.3469938  0.62839544]
 [0.6639028  0.29480714 0.04129005]
 [0.41995946 0.30270067 0.27733988]
 [0.14202826 0.24249591 0.61547583]
 [0.12645605 0.06587909 0.8076649 ]]
probabilities: [[0.5008515  0.18435255 0.31479594]
 [0.25851294 0.3419218  0.39956522]
 [0.43267715 0.29940912 0.26791373]
 [0.04980481 0.7372054  0.21298984]
 [0.7169499  0.27084896 0.01220115]]
probabilities: [[0.01048723 0.43967634 0.5498364 ]
 [0.23001373 0.12270632 0.6472799 ]
 [0.83913434 0.09502972 0.06583595]
 [0.75187707 0.20698185 0.04114104]
 [0.26182547 0.05307029 0.68510425]]
probabilities: [[1. 0. 0.]
 [1. 0. 0.]
 [1. 0. 0.]
 [1. 0. 0.]
 [1. 0. 0.]]
probabilities: [[0.03408768 0.95956236 0.00634993]
 [0.68703306 0.27202892 0.040938  ]
 [0.06408947 0.86691326 0.06899727]
 [0.42736807 0.2254796  0.34715232]
 [0.39470056 0.5898431  0.01545634]]
probabilities: [[0.4163546  0.553907   0.02973843]
 [0.51560575 0.2139463  0.27044797]
 [0.23397045 0.343233   0.42279658]
 [0.2910459  0.24018195 0.46877214]
 [0.6460255  0.305253   0.0487215 ]]
probabilities: [[0.15912423 0.8137261  0.02714963]
 [0.08936065 0.14770462 0.76293474]
 [0.37466508 0.61342543 0.01190947]
 [0.5087626  0.33535272 0.15588467]
 [0.30622816 0.18147641 0.5122954 ]]
probabilities: [[0. 0. 1.]
 [0. 1. 0.]
 [0. 1. 0.]
 [0. 0. 1.]
 [0. 0. 1.]]
probabilities: [[0.28694066 0.08139057 0.63166875]
 [0.20843416 0.4746113  0.31695452]
 [0.17611945 0.39852446 0.4253561 ]
 [0.31849048 0.40466553 0.276844  ]
 [0.08905189 0.47112316 0.43982497]]
probabilities: [[0.45241407 0.2952102  0.25237572]
 [0.1714174  0.3216884  0.5068942 ]
 [0.46714783 0.50356674 0.02928544]
 [0.518461   0.24521382 0.23632517]
 [0.03768377 0.05740086 0.90491533]]
probabilities: [[0.29217646 0.5235702  0.18425338]
 [0.03111668 0.9654475  0.00343582]
 [0.20610821 0.370644   0.42324778]
 [0.22416575 0.41921583 0.3566184 ]
 [0.03538699 0.46429837 0.50031465]]
probabilities: [[1. 0. 0.]
 [1. 0. 0.]
 [1. 0. 0.]
 [1. 0. 0.]
 [1. 0. 0.]]
probabilities: [[0.05608582 0.58803064 0.35588354]
 [0.81268597 0.1350281  0.05228596]
 [0.28204554 0.55629975 0.16165471]
 [0.2106337  0.09945972 0.6899066 ]
 [0.5215236  0.40095472 0.0775217 ]]
probabilities: [[0.09888335 0.8861354  0.01498129]
 [0.34928125 0.46154138 0.18917738]
 [0.11055648 0.24204056 0.64740294]
 [0.24970777 0.04390464 0.7063876 ]
 [0.92061263 0.01215651 0.06723087]]
probabilities: [[0.0461977  0.217979   0.7358233 ]
 [0.16440035 0.41904908 0.41655055]
 [0.19729796 0.57622325 0.22647882]
 [0.78351426 0.03074633 0.18573941]
 [0.50552315 0.09889279 0.39558405]]
probabilities: [[0. 1. 0.]
 [0. 1. 0.]
 [0. 1. 0.]
 [0. 1. 0.]
 [0. 1. 0.]]
probabilities: [[0.29002452 0.15115441 0.558821  ]
 [0.7342847  0.06319701 0.20251827]
 [0.1345325  0.48607916 0.37938833]
 [0.3599154  0.36267015 0.27741444]
 [0.36630973 0.05716584 0.57652444]]
probabilities: [[0.7073924  0.2649242  0.0276834 ]
 [0.5534954  0.06801087 0.37849373]
 [0.73054427 0.20606741 0.06338834]
 [0.06584031 0.19444676 0.73971295]
 [0.20237719 0.68439496 0.11322784]]
probabilities: [[0.04378048 0.80158085 0.15463866]
 [0.46197808 0.46849245 0.06952947]
 [0.7847091  0.07908615 0.13620476]
 [0.17456633 0.74410534 0.08132834]
 [0.556121   0.24556011 0.19831893]]
probabilities: [[0. 0. 1.]
 [0. 1. 0.]
 [0. 0. 1.]
 [0. 0. 1.]
 [0. 0. 1.]]
probabilities: [[0.13642569 0.41188323 0.45169106]
 [0.34289792 0.4539769  0.20312518]
 [0.29456186 0.29564646 0.4097917 ]
 [0.21554925 0.01981531 0.76463544]
 [0.02705271 0.1135579  0.85938936]]
probabilities: [[0.18581197 0.2920233  0.52216476]
 [0.22601418 0.50699884 0.266987  ]
 [0.06108329 0.78942287 0.14949384]
 [0.09003709 0.43504572 0.4749172 ]
 [0.05260824 0.8707059  0.07668584]]
probabilities: [[0.45673    0.22234468 0.3209253 ]
 [0.1395349  0.19605002 0.66441506]
 [0.2801986  0.5122716  0.20752983]
 [0.22732641 0.43802708 0.33464652]
 [0.0011931  0.8969839  0.10182299]]
probabilities: [[0. 0. 1.]
 [0. 1. 0.]
 [0. 0. 1.]
 [0. 0. 1.]
 [0. 0. 1.]]
probabilities: [[0.43426782 0.00787551 0.5578567 ]
 [0.17977336 0.7575173  0.06270934]
 [0.39403525 0.49775147 0.10821326]
 [0.25460556 0.387015   0.35837945]
 [0.48546416 0.4395146  0.07502124]]
probabilities: [[0.6318225  0.3283589  0.03981857]
 [0.11314265 0.22190747 0.6649499 ]
 [0.4485164  0.5062377  0.04524592]
 [0.03005026 0.02351964 0.9464301 ]
 [0.11500806 0.5173107  0.3676813 ]]
probabilities: [[0.07961278 0.16681525 0.753572  ]
 [0.37815925 0.403853   0.21798775]
 [0.63421625 0.05527298 0.31051078]
 [0.49166194 0.05893392 0.44940415]
 [0.23690476 0.26165244 0.5014428 ]]
probabilities: [[1. 0. 0.]
 [1. 0. 0.]
 [1. 0. 0.]
 [1. 0. 0.]
 [1. 0. 0.]]
probabilities: [[0.14967743 0.6611849  0.18913767]
 [0.7698932  0.18720098 0.04290578]
 [0.0591006  0.21170218 0.7291972 ]
 [0.20431705 0.53851753 0.25716537]
 [0.22840053 0.00625712 0.76534235]]
probabilities: [[0.8142482  0.16187458 0.02387724]
 [0.45789644 0.4789419  0.06316169]
 [0.12693854 0.4363986  0.43666288]
 [0.26820555 0.65041363 0.08138079]
 [0.6446959  0.23505779 0.12024635]]
probabilities: [[0.27409238 0.39010593 0.33580172]
 [0.09414838 0.39471495 0.51113665]
 [0.23160087 0.38931847 0.37908068]
 [0.15159567 0.31402603 0.5343783 ]
 [0.5135327  0.4147893  0.07167801]]
probabilities: [[0. 0. 1.]
 [0. 1. 0.]
 [0. 0. 1.]
 [0. 0. 1.]
 [0. 0. 1.]]
probabilities: [[0.5619067  0.29551205 0.14258127]
 [0.14028016 0.16106194 0.69865793]
 [0.7532786  0.22334053 0.02338089]
 [0.4181471  0.00594362 0.57590926]
 [0.24080946 0.3673609  0.39182967]]
probabilities: [[0.8839372  0.06224857 0.05381427]
 [0.20525604 0.49704477 0.29769918]
 [0.5270392  0.02777342 0.44518742]
 [0.22461285 0.06060777 0.7147794 ]
 [0.29867163 0.26844877 0.43287957]]
probabilities: [[0.8237393  0.11869517 0.05756551]
 [0.35628626 0.638217   0.00549679]
 [0.00998967 0.3294201  0.66059023]
 [0.06701436 0.8382709  0.09471474]
 [0.13298279 0.5554769  0.3115403 ]]
probabilities: [[0. 0. 1.]
 [0. 1. 0.]
 [0. 0. 1.]
 [0. 0. 1.]
 [0. 0. 1.]]
probabilities: [[0.20708011 0.68977356 0.10314635]
 [0.7249209  0.1236819  0.15139717]
 [0.25934336 0.36452064 0.376136  ]
 [0.25973436 0.5554861  0.18477955]
 [0.05271164 0.59758925 0.3496991 ]]
probabilities: [[0.6673964  0.22998829 0.10261529]
 [0.11197475 0.67780054 0.21022469]
 [0.48171943 0.2361022  0.28217837]
 [0.4343714  0.12957321 0.43605536]
 [0.6264146  0.33025488 0.04333054]]
probabilities: [[0.10735431 0.3536096  0.5390361 ]
 [0.4710134  0.12778763 0.40119895]
 [0.15744117 0.57676    0.26579884]
 [0.03567144 0.3485161  0.6158125 ]
 [0.14405328 0.5846106  0.27133617]]
probabilities: [[0. 0. 1.]
 [0. 1. 0.]
 [0. 0. 1.]
 [0. 0. 1.]
 [0. 0. 1.]]
probabilities: [[0.0102271  0.62932384 0.36044905]
 [0.1544265  0.22737062 0.61820287]
 [0.37120897 0.00399646 0.6247946 ]
 [0.22609992 0.55065066 0.22324945]
 [0.420447   0.41762668 0.16192634]]
probabilities: [[0.08388947 0.38683426 0.52927625]
 [0.20828104 0.18138522 0.61033374]
 [0.61069447 0.326691   0.06261455]
 [0.09903702 0.0835829  0.8173801 ]
 [0.8588456  0.07311195 0.06804246]]
probabilities: [[0.29584917 0.32622853 0.3779223 ]
 [0.5874857  0.11705238 0.29546195]
 [0.20182662 0.57461    0.22356336]
 [0.35118902 0.51175964 0.13705134]
 [0.59214824 0.01398937 0.39386237]]
probabilities: [[0. 0. 1.]
 [0. 1. 0.]
 [0. 0. 1.]
 [0. 0. 1.]
 [0. 0. 1.]]
probabilities: [[0.30331522 0.4065917  0.2900931 ]
 [0.42647603 0.47349712 0.10002685]
 [0.0518512  0.7750905  0.17305829]
 [0.08402059 0.34046412 0.5755153 ]
 [0.26058456 0.7106804  0.02873501]]
probabilities: [[0.3845769  0.52264994 0.09277315]
 [0.27886695 0.29058927 0.4305438 ]
 [0.7138936  0.14486113 0.14124525]
 [0.09838635 0.87493163 0.02668203]
 [0.38592237 0.23324434 0.38083327]]
probabilities: [[4.4881328e-04 5.0939936e-02 9.4861126e-01]
 [3.8320845e-01 2.5361794e-01 3.6317360e-01]
 [2.4445001e-02 5.5822980e-01 4.1732520e-01]
 [1.6396458e-01 5.4744971e-01 2.8858572e-01]
 [6.4669148e-04 6.7608738e-01 3.2326594e-01]]
probabilities: [[0. 0. 1.]
 [0. 1. 0.]
 [0. 0. 1.]
 [0. 0. 1.]
 [0. 0. 1.]]
probabilities: [[0.25725615 0.32705995 0.41568387]
 [0.55217534 0.24255337 0.20527127]
 [0.14925641 0.8201058  0.03063777]
 [0.0012634  0.86295694 0.13577963]
 [0.12204334 0.250087   0.62786967]]
probabilities: [[0.2561816  0.01096392 0.7328545 ]
 [0.0828965  0.04633613 0.87076735]
 [0.08105613 0.6445158  0.27442807]
 [0.4612749  0.16464183 0.37408328]
 [0.01513645 0.04508881 0.93977475]]
probabilities: [[0.4800267  0.46300226 0.05697102]
 [0.2601028  0.52934015 0.21055701]
 [0.00520334 0.23443776 0.76035887]
 [0.26852533 0.25005397 0.4814207 ]
 [0.2875785  0.05653347 0.655888  ]]
probabilities: [[0. 0. 1.]
 [0. 1. 0.]
 [0. 0. 1.]
 [0. 0. 1.]
 [0. 0. 1.]]
probabilities: [[0.16819979 0.45316052 0.3786397 ]
 [0.17313854 0.48988616 0.33697528]
 [0.12270423 0.540446   0.33684978]
 [0.33110598 0.3113474  0.35754663]
 [0.36624795 0.4568837  0.17686835]]
probabilities: [[0.53356963 0.27228147 0.19414891]
 [0.40819833 0.5079855  0.08381621]
 [0.585928   0.40094784 0.01312417]
 [0.7272088  0.11880279 0.15398842]
 [0.11081751 0.12698177 0.7622007 ]]
probabilities: [[0.44706258 0.52062887 0.03230852]
 [0.6897605  0.24885184 0.06138768]
 [0.11352415 0.47673133 0.40974453]
 [0.6329345  0.06272398 0.30434152]
 [0.47532728 0.25106436 0.27360836]]
probabilities: [[0. 0. 1.]
 [0. 1. 0.]
 [0. 1. 0.]
 [0. 0. 1.]
 [0. 0. 1.]]
probabilities: [[0.533017   0.34253383 0.1244492 ]
 [0.19611879 0.6882796  0.11560156]
 [0.19610277 0.39481735 0.40907988]
 [0.81185704 0.14050089 0.04764206]
 [0.09306704 0.69297874 0.2139542 ]]
probabilities: [[0.12702738 0.15275446 0.7202182 ]
 [0.20434296 0.25830245 0.5373546 ]
 [0.11725777 0.08033879 0.80240345]
 [0.39229763 0.6012207  0.00648164]
 [0.23455374 0.4263566  0.33908966]]
probabilities: [[0.29213905 0.16990714 0.5379538 ]
 [0.19846949 0.11361682 0.6879137 ]
 [0.17754605 0.6610287  0.16142525]
 [0.11187704 0.7408654  0.14725758]
 [0.27888915 0.49225846 0.22885236]]
probabilities: [[1. 0. 0.]
 [1. 0. 0.]
 [1. 0. 0.]
 [1. 0. 0.]
 [1. 0. 0.]]
probabilities: [[0.18535237 0.47035742 0.3442902 ]
 [0.5741368  0.18426481 0.24159841]
 [0.19393834 0.43297708 0.37308457]
 [0.13576028 0.16485195 0.6993878 ]
 [0.38282427 0.47891593 0.1382598 ]]
probabilities: [[0.39020455 0.32875004 0.2810454 ]
 [0.23920488 0.1354679  0.6253272 ]
 [0.8542012  0.065377   0.08042179]
 [0.17972948 0.7350712  0.08519933]
 [0.11779538 0.26274705 0.6194576 ]]
probabilities: [[0.41593993 0.50267786 0.0813822 ]
 [0.21523243 0.24209963 0.5426679 ]
 [0.42788503 0.5434101  0.02870485]
 [0.07083284 0.24639948 0.6827677 ]
 [0.14905225 0.28638652 0.56456125]]
probabilities: [[0. 0. 1.]
 [0. 1. 0.]
 [0. 1. 0.]
 [0. 0. 1.]
 [0. 0. 1.]]
probabilities: [[0.26172352 0.50926495 0.22901157]
 [0.42763177 0.4174268  0.15494144]
 [0.15305512 0.5257775  0.32116735]
 [0.27913076 0.39694196 0.32392728]
 [0.11548182 0.7638232  0.12069497]]
probabilities: [[3.8065749e-01 3.6840788e-01 2.5093463e-01]
 [7.2735888e-01 5.2032957e-04 2.7212077e-01]
 [1.8601632e-01 4.7820917e-01 3.3577451e-01]
 [2.5371346e-01 4.7708222e-01 2.6920432e-01]
 [4.8038147e-02 5.6214160e-01 3.8982025e-01]]
probabilities: [[0.10160211 0.3187205  0.5796774 ]
 [0.16975321 0.46090993 0.36933684]
 [0.06177183 0.55973434 0.37849385]
 [0.17754625 0.46098542 0.36146832]
 [0.42946595 0.18644178 0.38409227]]
probabilities: [[1. 0. 0.]
 [1. 0. 0.]
 [1. 0. 0.]
 [1. 0. 0.]
 [1. 0. 0.]]
probabilities: [[0.4242103  0.05481753 0.5209722 ]
 [0.5614919  0.20820951 0.2302986 ]
 [0.53398114 0.33003956 0.13597928]
 [0.61176944 0.14455391 0.24367663]
 [0.01719908 0.04553893 0.937262  ]]
probabilities: [[7.94493794e-01 4.38318413e-04 2.05067873e-01]
 [1.16316795e-01 4.41818267e-01 4.41864938e-01]
 [8.02580595e-01 9.90133286e-02 9.84060839e-02]
 [1.75268635e-01 2.54690647e-01 5.70040703e-01]
 [5.80535471e-01 5.94958961e-02 3.59968632e-01]]
probabilities: [[0.37832037 0.58846724 0.03321236]
 [0.21813186 0.71998984 0.06187831]
 [0.18904342 0.21961722 0.59133935]
 [0.37700337 0.0691638  0.5538328 ]
 [0.2917531  0.367594   0.34065288]]
probabilities: [[0. 1. 0.]
 [0. 1. 0.]
 [0. 1. 0.]
 [0. 1. 0.]
 [0. 1. 0.]]
probabilities: [[0.1193953  0.08922563 0.7913791 ]
 [0.20175928 0.5465537  0.25168705]
 [0.17211074 0.55450946 0.2733798 ]
 [0.17173597 0.07610282 0.7521612 ]
 [0.74198896 0.1561695  0.10184153]]
probabilities: [[0.43133885 0.33911216 0.22954896]
 [0.5173811  0.4344495  0.04816942]
 [0.19953203 0.7707637  0.02970425]
 [0.09053794 0.16627067 0.7431914 ]
 [0.7180914  0.26701596 0.01489263]]
probabilities: [[0.71876895 0.07157542 0.20965561]
 [0.4003512  0.40143085 0.19821796]
 [0.1671347  0.26878008 0.5640852 ]
 [0.17749962 0.4724992  0.35000116]
 [0.32848263 0.23717967 0.4343377 ]]
probabilities: [[0. 0. 1.]
 [0. 1. 0.]
 [0. 0. 1.]
 [0. 0. 1.]
 [0. 0. 1.]]
probabilities: [[0.35954764 0.3328002  0.30765215]
 [0.00958772 0.9003954  0.0900169 ]
 [0.26175204 0.34064442 0.39760354]
 [0.13033989 0.22817473 0.6414854 ]
 [0.09331878 0.8287401  0.0779411 ]]
probabilities: [[0.77644366 0.06981997 0.15373637]
 [0.7195563  0.12630418 0.15413958]
 [0.00080532 0.62082356 0.3783711 ]
 [0.27432126 0.65227664 0.07340213]
 [0.2279806  0.2939392  0.4780802 ]]
probabilities: [[0.08148464 0.745106   0.1734094 ]
 [0.19493224 0.73892033 0.06614742]
 [0.04316566 0.6795553  0.27727902]
 [0.2102512  0.4608889  0.3288599 ]
 [0.01238484 0.05235223 0.9352629 ]]
probabilities: [[0. 0. 1.]
 [0. 1. 0.]
 [0. 1. 0.]
 [0. 0. 1.]
 [0. 0. 1.]]
probabilities: [[0.03952694 0.20457964 0.7558934 ]
 [0.10259975 0.11943714 0.7779631 ]
 [0.19476421 0.22117934 0.58405644]
 [0.49484324 0.07544129 0.42971545]
 [0.10290267 0.12580499 0.7712923 ]]
probabilities: [[0.4213114  0.44741023 0.13127838]
 [0.36192542 0.34540877 0.29266578]
 [0.06092698 0.70646095 0.23261209]
 [0.45483297 0.1404838  0.40468323]
 [0.3324243  0.37458634 0.29298934]]
probabilities: [[0.24515356 0.6339092  0.12093723]
 [0.06732807 0.29611316 0.6365588 ]
 [0.23214735 0.0184434  0.74940926]
 [0.67989045 0.04674215 0.2733674 ]
 [0.375697   0.2944584  0.32984462]]
probabilities: [[0. 1. 0.]
 [0. 1. 0.]
 [0. 1. 0.]
 [0. 1. 0.]
 [0. 1. 0.]]
probabilities: [[0.2738314  0.70647794 0.01969064]
 [0.6230218  0.06550342 0.3114748 ]
 [0.122807   0.20196785 0.67522514]
 [0.18666762 0.36702505 0.44630733]
 [0.34801123 0.01198193 0.64000684]]
probabilities: [[0.47560483 0.25177893 0.27261624]
 [0.13445848 0.60057235 0.26496914]
 [0.2569112  0.4125528  0.330536  ]
 [0.06105959 0.4619934  0.476947  ]
 [0.6546099  0.16718385 0.1782062 ]]
probabilities: [[0.76997244 0.00522476 0.2248028 ]
 [0.18306606 0.58912843 0.22780553]
 [0.09126931 0.10008126 0.8086494 ]
 [0.3417019  0.5390729  0.11922523]
 [0.05452407 0.83510125 0.11037466]]
probabilities: [[1. 0. 0.]
 [1. 0. 0.]
 [1. 0. 0.]
 [1. 0. 0.]
 [1. 0. 0.]]
probabilities: [[0.11646854 0.13220935 0.7513221 ]
 [0.30795032 0.29174072 0.40030897]
 [0.2870865  0.34346065 0.36945286]
 [0.21387137 0.26728192 0.5188467 ]
 [0.00853365 0.11256114 0.87890524]]
probabilities: [[0.13283226 0.5953668  0.27180097]
 [0.23458698 0.53131366 0.23409937]
 [0.2730311  0.39797926 0.32898965]
 [0.17061612 0.20458138 0.6248025 ]
 [0.13773686 0.12793754 0.7343256 ]]
probabilities: [[0.23024587 0.46604908 0.30370504]
 [0.4353827  0.28669748 0.27791983]
 [0.43839496 0.08940994 0.4721951 ]
 [0.88058215 0.10873832 0.01067955]
 [0.7684521  0.00213219 0.2294157 ]]
probabilities: [[0. 0. 1.]
 [0. 1. 0.]
 [0. 1. 0.]
 [0. 0. 1.]
 [0. 0. 1.]]
probabilities: [[0.10502156 0.22752558 0.6674529 ]
 [0.26529709 0.33628696 0.39841595]
 [0.6855275  0.06282408 0.25164843]
 [0.38487217 0.56170815 0.05341968]
 [0.2212689  0.6982082  0.08052289]]
probabilities: [[0.7538153  0.09691677 0.14926791]
 [0.4824803  0.17214984 0.34536988]
 [0.49835253 0.11415384 0.38749364]
 [0.54142094 0.08924171 0.36933735]
 [0.15726145 0.836075   0.00666356]]
probabilities: [[0.36481887 0.06952056 0.5656606 ]
 [0.26631567 0.6170112  0.11667316]
 [0.06440073 0.56412655 0.3714727 ]
 [0.08248512 0.49137187 0.42614302]
 [0.3462338  0.19985051 0.4539157 ]]
probabilities: [[0. 0. 1.]
 [0. 1. 0.]
 [0. 0. 1.]
 [0. 0. 1.]
 [0. 0. 1.]]
probabilities: [[0.17024149 0.3754835  0.45427498]
 [0.6950695  0.20467544 0.10025506]
 [0.2786251  0.19640116 0.52497375]
 [0.345236   0.00095401 0.65380996]
 [0.41512942 0.03482092 0.55004966]]
probabilities: [[0.12427046 0.17345995 0.7022696 ]
 [0.14570433 0.1406297  0.71366596]
 [0.44997734 0.54626113 0.00376149]
 [0.02356201 0.53428185 0.44215617]
 [0.04255689 0.7554521  0.20199099]]
probabilities: [[0.8475089  0.09431236 0.05817871]
 [0.18664975 0.3947601  0.41859016]
 [0.40696052 0.31566176 0.27737772]
 [0.21626204 0.21321546 0.5705225 ]
 [0.8914192  0.03963386 0.068947  ]]
probabilities: [[0. 0. 1.]
 [0. 1. 0.]
 [0. 1. 0.]
 [0. 0. 1.]
 [0. 0. 1.]]
probabilities: [[0.5985489  0.34873873 0.05271238]
 [0.34343016 0.42364806 0.2329218 ]
 [0.8011432  0.1530133  0.0458435 ]
 [0.24137819 0.13686791 0.6217539 ]
 [0.05229542 0.42095745 0.52674717]]
probabilities: [[0.012786   0.48027873 0.5069353 ]
 [0.05830425 0.61739403 0.32430172]
 [0.26845592 0.5933301  0.138214  ]
 [0.13553415 0.5226436  0.3418222 ]
 [0.73115426 0.18498112 0.08386462]]
probabilities: [[0.21020125 0.13662064 0.6531781 ]
 [0.06163013 0.3599289  0.57844096]
 [0.6846742  0.1348616  0.18046421]
 [0.44027853 0.291366   0.26835546]
 [0.05658408 0.22148684 0.7219291 ]]
probabilities: [[0. 0. 1.]
 [0. 1. 0.]
 [0. 0. 1.]
 [0. 0. 1.]
 [0. 0. 1.]]
probabilities: [[0.42345217 0.20649178 0.37005606]
 [0.53995    0.31825453 0.14179549]
 [0.77967364 0.06981318 0.15051319]
 [0.28202486 0.5410444  0.17693074]
 [0.4284212  0.49381906 0.07775974]]
probabilities: [[9.6635282e-01 3.3016823e-02 6.3035719e-04]
 [1.8153940e-01 5.5775040e-01 2.6071018e-01]
 [3.8996953e-01 1.2465641e-01 4.8537406e-01]
 [4.2231736e-01 2.7407825e-01 3.0360442e-01]
 [1.6450088e-01 7.8809328e-02 7.5668979e-01]]
probabilities: [[0.34241015 0.58911973 0.06847014]
 [0.48610324 0.03038801 0.48350874]
 [0.26700306 0.31358838 0.41940856]
 [0.0944235  0.03671915 0.8688573 ]
 [0.5898085  0.37901235 0.03117909]]
probabilities: [[1. 0. 0.]
 [1. 0. 0.]
 [1. 0. 0.]
 [1. 0. 0.]
 [1. 0. 0.]]
probabilities: [[0.44246283 0.19043858 0.36709857]
 [0.02597954 0.29838294 0.67563754]
 [0.19701326 0.66236025 0.1406265 ]
 [0.57570815 0.38240767 0.0418842 ]
 [0.49633825 0.01141228 0.4922495 ]]
probabilities: [[0.36553255 0.08311445 0.551353  ]
 [0.9111795  0.03546667 0.05335385]
 [0.35610652 0.2055004  0.4383931 ]
 [0.25137928 0.5965325  0.15208818]
 [0.61916184 0.26569122 0.11514695]]
probabilities: [[0.7828903  0.06230981 0.15479985]
 [0.38858077 0.06967658 0.5417427 ]
 [0.64636475 0.05972472 0.29391053]
 [0.58992946 0.22891083 0.18115968]
 [0.27826387 0.5064123  0.21532382]]
probabilities: [[0. 0. 1.]
 [0. 1. 0.]
 [0. 0. 1.]
 [0. 0. 1.]
 [0. 0. 1.]]
probabilities: [[0.90928024 0.00634031 0.08437946]
 [0.2766096  0.49551192 0.2278785 ]
 [0.1657169  0.74113256 0.09315056]
 [0.1714225  0.6000051  0.22857243]
 [0.29623926 0.6698315  0.03392926]]
probabilities: [[0.37436256 0.42905596 0.1965815 ]
 [0.7184352  0.15282921 0.12873557]
 [0.10852871 0.25196677 0.6395045 ]
 [0.05130925 0.67905086 0.2696399 ]
 [0.6459783  0.12888153 0.22514021]]
probabilities: [[0.92559373 0.06065837 0.01374789]
 [0.43200493 0.31434676 0.25364828]
 [0.41327932 0.3444144  0.24230628]
 [0.6252756  0.35450333 0.02022108]
 [0.43589938 0.5552911  0.0088095 ]]
probabilities: [[1. 0. 0.]
 [1. 0. 0.]
 [1. 0. 0.]
 [1. 0. 0.]
 [1. 0. 0.]]
probabilities: [[0.05826646 0.5043634  0.43737012]
 [0.592104   0.10017468 0.30772132]
 [0.2644118  0.24148038 0.4941078 ]
 [0.31904396 0.2066319  0.47432414]
 [0.09523866 0.60104567 0.30371568]]
probabilities: [[0.6291808  0.08159714 0.28922206]
 [0.22171679 0.6435759  0.13470727]
 [0.23120558 0.40736985 0.36142457]
 [0.1284745  0.79755765 0.07396787]
 [0.5600292  0.08160885 0.35836193]]
probabilities: [[0.46927837 0.13026018 0.40046144]
 [0.45597687 0.14333916 0.40068397]
 [0.5893423  0.1290089  0.2816488 ]
 [0.23633395 0.7051132  0.05855288]
 [0.17926085 0.71822155 0.10251763]]
probabilities: [[0. 0. 1.]
 [0. 1. 0.]
 [0. 1. 0.]
 [0. 0. 1.]
 [0. 0. 1.]]
probabilities: [[0.00172329 0.64986056 0.34841615]
 [0.2582349  0.17219865 0.5695664 ]
 [0.45558795 0.35293096 0.19148108]
 [0.85738945 0.08842483 0.05418572]
 [0.22295894 0.5596929  0.21734814]]
probabilities: [[0.06670755 0.633457   0.29983544]
 [0.31622374 0.4610988  0.22267747]
 [0.3776582  0.5064228  0.115919  ]
 [0.20808294 0.14459768 0.6473194 ]
 [0.4626718  0.3036013  0.23372692]]
probabilities: [[0.41454828 0.23519553 0.35025617]
 [0.6216459  0.08145589 0.2968982 ]
 [0.97613955 0.00571335 0.01814712]
 [0.2953214  0.26512262 0.43955597]
 [0.04730143 0.31421512 0.63848346]]
probabilities: [[1. 0. 0.]
 [1. 0. 0.]
 [1. 0. 0.]
 [1. 0. 0.]
 [1. 0. 0.]]
probabilities: [[0.5197829  0.40199623 0.07822088]
 [0.05275276 0.89375424 0.05349299]
 [0.9416381  0.05568004 0.00268186]
 [0.0171673  0.94226456 0.04056816]
 [0.71503055 0.2060173  0.07895214]]
probabilities: [[5.3774649e-01 2.5448250e-02 4.3680528e-01]
 [4.1422289e-02 5.8697927e-01 3.7159842e-01]
 [3.6802134e-01 5.8149672e-01 5.0481927e-02]
 [8.4151258e-04 4.2758148e-02 9.5640033e-01]
 [2.0930983e-02 6.1892077e-02 9.1717696e-01]]
probabilities: [[0.3140185  0.15831684 0.52766466]
 [0.37261555 0.04754332 0.57984114]
 [0.22298929 0.14234923 0.6346615 ]
 [0.24477111 0.21477298 0.5404559 ]
 [0.02742359 0.45307767 0.5194987 ]]
probabilities: [[0. 1. 0.]
 [0. 1. 0.]
 [0. 1. 0.]
 [0. 1. 0.]
 [0. 1. 0.]]
probabilities: [[3.8104135e-01 2.5786957e-01 3.6108905e-01]
 [1.2928016e-03 6.1588407e-01 3.8282314e-01]
 [1.6618314e-01 8.3306175e-01 7.5511605e-04]
 [6.2120289e-01 2.8032702e-01 9.8470062e-02]
 [6.7285872e-01 3.8607441e-02 2.8853387e-01]]
probabilities: [[0.6947953  0.11793284 0.18727183]
 [0.26973054 0.64350826 0.08676119]
 [0.5565063  0.26437008 0.17912363]
 [0.18855913 0.3364501  0.4749908 ]
 [0.42114034 0.5778773  0.00098234]]
probabilities: [[0.27090818 0.4250997  0.30399212]
 [0.03028539 0.30208802 0.66762656]
 [0.5077191  0.47979736 0.01248352]
 [0.03220121 0.2501341  0.71766466]
 [0.2003772  0.3249695  0.4746533 ]]
probabilities: [[0. 0. 1.]
 [0. 1. 0.]
 [0. 0. 1.]
 [0. 0. 1.]
 [0. 0. 1.]]
probabilities: [[0.16464455 0.81261563 0.02273979]
 [0.32174623 0.32647365 0.35178012]
 [0.4171919  0.08452207 0.49828604]
 [0.08994943 0.28621703 0.62383354]
 [0.01505335 0.8191636  0.165783  ]]
probabilities: [[0.49458212 0.16616471 0.33925316]
 [0.2920636  0.11937511 0.5885613 ]
 [0.11373317 0.5745858  0.311681  ]
 [0.271862   0.10158534 0.62655264]
 [0.5014209  0.07411202 0.4244671 ]]
probabilities: [[0.46384767 0.36856994 0.1675824 ]
 [0.17750508 0.27504134 0.5474536 ]
 [0.26650435 0.23781392 0.49568173]
 [0.17117454 0.05230591 0.77651954]
 [0.6486393  0.05283955 0.2985211 ]]
probabilities: [[0. 0. 1.]
 [0. 1. 0.]
 [0. 0. 1.]
 [0. 0. 1.]
 [0. 0. 1.]]
probabilities: [[0.4315521  0.18782113 0.38062677]
 [0.5228429  0.20734085 0.26981625]
 [0.23800567 0.21304736 0.548947  ]
 [0.29888338 0.5085859  0.19253074]
 [0.585767   0.18731314 0.22691987]]
probabilities: [[0.00761961 0.36270046 0.6296799 ]
 [0.48531786 0.3559416  0.15874055]
 [0.48378316 0.011968   0.50424886]
 [0.09752286 0.01101618 0.89146096]
 [0.04766794 0.91604644 0.03628561]]
probabilities: [[0.69182676 0.2793272  0.028846  ]
 [0.00400454 0.40411073 0.59188473]
 [0.4265156  0.04194209 0.5315423 ]
 [0.0505226  0.78567874 0.16379869]
 [0.15946953 0.13396385 0.70656663]]
probabilities: [[0. 0. 1.]
 [0. 1. 0.]
 [0. 0. 1.]
 [0. 0. 1.]
 [0. 0. 1.]]
probabilities: [[0.1838581  0.28930196 0.52684   ]
 [0.5198712  0.2911132  0.18901564]
 [0.5534201  0.29371423 0.15286565]
 [0.69713545 0.01724779 0.28561673]
 [0.609301   0.21901539 0.17168361]]
probabilities: [[0.56629574 0.17842342 0.25528085]
 [0.14833076 0.64145875 0.21021049]
 [0.17711025 0.716697   0.10619276]
 [0.42388603 0.1140309  0.46208307]
 [0.5597166  0.15711759 0.28316584]]
probabilities: [[0.5892084  0.15015164 0.2606399 ]
 [0.59587383 0.26821005 0.13591613]
 [0.00861206 0.5568572  0.4345307 ]
 [0.6638615  0.00732457 0.3288139 ]
 [0.10025736 0.36971197 0.53003067]]
probabilities: [[1. 0. 0.]
 [1. 0. 0.]
 [1. 0. 0.]
 [1. 0. 0.]
 [1. 0. 0.]]
probabilities: [[0.3025318  0.5701126  0.12735564]
 [0.21504337 0.44025028 0.34470636]
 [0.10404614 0.8065193  0.08943453]
 [0.10690867 0.47281495 0.42027637]
 [0.14642824 0.5043888  0.34918296]]
probabilities: [[0.06164498 0.11399277 0.8243623 ]
 [0.04737921 0.20621161 0.7464092 ]
 [0.48869514 0.2639723  0.24733256]
 [0.06107256 0.9059757  0.03295176]
 [0.6451913  0.19557373 0.15923497]]
probabilities: [[0.18276864 0.42168823 0.39554313]
 [0.56407297 0.4077088  0.02821824]
 [0.5407611  0.02926791 0.42997098]
 [0.00694798 0.06224331 0.9308087 ]
 [0.03874424 0.5534345  0.40782124]]
probabilities: [[0. 0. 1.]
 [0. 1. 0.]
 [0. 1. 0.]
 [0. 0. 1.]
 [0. 0. 1.]]
probabilities: [[0.27059567 0.5641206  0.16528374]
 [0.56926244 0.29987612 0.13086145]
 [0.39866394 0.2415008  0.35983527]
 [0.1653826  0.4282338  0.4063836 ]
 [0.18598017 0.21449353 0.5995263 ]]
probabilities: [[0.40159926 0.07075971 0.52764106]
 [0.16108294 0.6157221  0.22319493]
 [0.03404131 0.41949293 0.54646575]
 [0.00762565 0.24933253 0.7430418 ]
 [0.21005204 0.14482109 0.6451269 ]]
probabilities: [[0.4155936  0.24614789 0.33825853]
 [0.15782619 0.20453297 0.63764083]
 [0.66072875 0.03724281 0.30202842]
 [0.20173791 0.77348405 0.02477802]
 [0.05527931 0.52750206 0.41721863]]
probabilities: [[0. 1. 0.]
 [0. 1. 0.]
 [0. 1. 0.]
 [0. 1. 0.]
 [0. 1. 0.]]
probabilities: [[0.24610169 0.70389307 0.05000526]
 [0.7704699  0.16240765 0.06712245]
 [0.30010512 0.34557408 0.3543208 ]
 [0.47079378 0.2655557  0.2636505 ]
 [0.19358066 0.3806383  0.425781  ]]
probabilities: [[0.71821576 0.18120818 0.10057607]
 [0.2987341  0.00777124 0.6934946 ]
 [0.07496583 0.47455934 0.45047483]
 [0.6225308  0.01720221 0.36026698]
 [0.12153732 0.7260597  0.15240298]]
probabilities: [[0.05995831 0.48474306 0.45529863]
 [0.55734557 0.40868774 0.03396669]
 [0.5935744  0.372503   0.03392259]
 [0.46139076 0.3810413  0.15756793]
 [0.54144925 0.24635065 0.21220008]]
probabilities: [[1. 0. 0.]
 [1. 0. 0.]
 [1. 0. 0.]
 [1. 0. 0.]
 [1. 0. 0.]]
probabilities: [[0.7401128  0.1322464  0.12764081]
 [0.19049248 0.8027839  0.00672362]
 [0.36076745 0.06369012 0.57554245]
 [0.36780027 0.04418631 0.5880134 ]
 [0.03766222 0.6422622  0.32007557]]
probabilities: [[0.13498697 0.5204623  0.3445508 ]
 [0.22683969 0.24523261 0.5279277 ]
 [0.07680506 0.10833906 0.8148559 ]
 [0.51755697 0.33415288 0.14829016]
 [0.33237362 0.6481044  0.01952194]]
probabilities: [[0.02514206 0.40308848 0.5717695 ]
 [0.6714893  0.18578857 0.1427221 ]
 [0.11084355 0.7581962  0.13096027]
 [0.38246983 0.3184731  0.29905707]
 [0.08372401 0.06590139 0.8503746 ]]
probabilities: [[0. 0. 1.]
 [0. 1. 0.]
 [0. 0. 1.]
 [0. 0. 1.]
 [0. 0. 1.]]
probabilities: [[0.62746817 0.19152161 0.18101023]
 [0.01608342 0.597645   0.3862716 ]
 [0.7144     0.16983461 0.11576539]
 [0.2619226  0.72484696 0.01323046]
 [0.04072386 0.5573402  0.40193596]]
probabilities: [[0.08872044 0.02236385 0.8889157 ]
 [0.27349782 0.25351104 0.47299114]
 [0.22250767 0.51932424 0.2581681 ]
 [0.38829994 0.08501729 0.5266828 ]
 [0.7851049  0.10141875 0.11347639]]
probabilities: [[0.12875676 0.18306544 0.6881778 ]
 [0.46285206 0.19836605 0.3387819 ]
 [0.12874597 0.11504216 0.7562119 ]
 [0.703866   0.08260459 0.21352941]
 [0.34018454 0.48705667 0.17275879]]
probabilities: [[0. 0. 1.]
 [0. 1. 0.]
 [0. 0. 1.]
 [0. 0. 1.]
 [0. 0. 1.]]
probabilities: [[0.4851823  0.49005306 0.02476468]
 [0.25240186 0.64171106 0.10588708]
 [0.62847346 0.05010562 0.32142094]
 [0.17466617 0.5477415  0.27759236]
 [0.6482875  0.30125555 0.05045697]]
probabilities: [[0.24255197 0.00799968 0.74944836]
 [0.0882591  0.08500299 0.82673794]
 [0.37046355 0.2201496  0.40938684]
 [0.31385213 0.14220461 0.5439432 ]
 [0.30370283 0.0591034  0.63719374]]
probabilities: [[0.29252058 0.5979582  0.10952123]
 [0.00979201 0.30728608 0.6829219 ]
 [0.11571949 0.29034248 0.59393805]
 [0.653508   0.06075864 0.28573337]
 [0.07137863 0.35905808 0.56956327]]
probabilities: [[0. 0. 1.]
 [0. 1. 0.]
 [0. 0. 1.]
 [0. 0. 1.]
 [0. 0. 1.]]
probabilities: [[0.02616731 0.7792244  0.19460829]
 [0.00889455 0.6586988  0.33240667]
 [0.40392038 0.04494053 0.5511391 ]
 [0.5316043  0.17897876 0.28941697]
 [0.10755501 0.42654914 0.46589586]]
probabilities: [[0.26566857 0.17483662 0.5594948 ]
 [0.49326107 0.30727854 0.1994604 ]
 [0.07392857 0.00436705 0.9217044 ]
 [0.73914886 0.20166999 0.05918118]
 [0.03224832 0.611658   0.3560937 ]]
probabilities: [[0.4131075  0.49612686 0.09076562]
 [0.03877944 0.03621633 0.92500424]
 [0.34316438 0.26958752 0.3872481 ]
 [0.36853772 0.46650735 0.16495495]
 [0.42440188 0.5235338  0.0520643 ]]
probabilities: [[1. 0. 0.]
 [1. 0. 0.]
 [1. 0. 0.]
 [1. 0. 0.]
 [1. 0. 0.]]
probabilities: [[0.46911484 0.36066312 0.17022204]
 [0.2774128  0.05844272 0.66414446]
 [0.51502174 0.21778396 0.2671943 ]
 [0.10301273 0.38404348 0.5129438 ]
 [0.27672964 0.2623037  0.46096662]]
probabilities: [[0.46536607 0.19203295 0.34260097]
 [0.5257974  0.39134982 0.08285279]
 [0.20671576 0.36293045 0.4303538 ]
 [0.5760922  0.19222213 0.2316857 ]
 [0.19939254 0.16712457 0.6334829 ]]
probabilities: [[0.5069859  0.01446563 0.47854844]
 [0.32222497 0.01089299 0.66688204]
 [0.24943554 0.5102399  0.24032454]
 [0.00852999 0.47055534 0.5209147 ]
 [0.21012731 0.45563748 0.33423522]]
probabilities: [[0. 0. 1.]
 [0. 1. 0.]
 [0. 0. 1.]
 [0. 0. 1.]
 [0. 0. 1.]]
probabilities: [[0.01885687 0.07293044 0.9082127 ]
 [0.96134794 0.02472608 0.013926  ]
 [0.44343528 0.3390073  0.21755742]
 [0.70345175 0.18283267 0.1137156 ]
 [0.6690424  0.2192816  0.11167598]]
probabilities: [[0.57467735 0.04017283 0.38514984]
 [0.5214759  0.3794415  0.0990826 ]
 [0.31114748 0.16265944 0.5261931 ]
 [0.40155795 0.3598313  0.23861073]
 [0.05248154 0.5935381  0.35398036]]
probabilities: [[0.08886433 0.2549262  0.65620947]
 [0.0359646  0.39847168 0.56556374]
 [0.12804723 0.7105955  0.1613573 ]
 [0.5113415  0.20528609 0.28337243]
 [0.23838985 0.37429306 0.3873171 ]]
probabilities: [[1. 0. 0.]
 [1. 0. 0.]
 [1. 0. 0.]
 [1. 0. 0.]
 [1. 0. 0.]]
probabilities: [[0.18739888 0.19795673 0.6146444 ]
 [0.188564   0.07130489 0.7401311 ]
 [0.8466956  0.11315547 0.0401489 ]
 [0.69354594 0.19244476 0.11400933]
 [0.5021048  0.36862916 0.12926604]]
probabilities: [[0.37245134 0.58603454 0.04151414]
 [0.37252963 0.01793293 0.6095374 ]
 [0.10395172 0.81820667 0.07784164]
 [0.2824689  0.31743068 0.40010044]
 [0.2600328  0.5818531  0.1581141 ]]
probabilities: [[0.2534568  0.4500486  0.2964946 ]
 [0.64997137 0.26957953 0.08044907]
 [0.06681325 0.09049672 0.84269005]
 [0.05315601 0.1415922  0.8052518 ]
 [0.17464903 0.05019205 0.77515894]]
probabilities: [[0. 0. 1.]
 [0. 1. 0.]
 [0. 0. 1.]
 [0. 0. 1.]
 [0. 0. 1.]]
probabilities: [[0.500998   0.22289057 0.27611142]
 [0.35585824 0.46542662 0.17871514]
 [0.16678452 0.4525857  0.38062978]
 [0.05857391 0.48511323 0.45631287]
 [0.18489566 0.24139537 0.57370895]]
probabilities: [[0.20726165 0.49292257 0.29981577]
 [0.4132425  0.22149709 0.3652604 ]
 [0.48440984 0.31025752 0.20533264]
 [0.55022967 0.09425373 0.35551658]
 [0.10187406 0.38293162 0.5151943 ]]
probabilities: [[0.0464531  0.5660388  0.3875081 ]
 [0.33326316 0.33926004 0.3274768 ]
 [0.36224356 0.4222281  0.21552834]
 [0.4089243  0.49056304 0.10051268]
 [0.39094204 0.10980079 0.49925718]]
probabilities: [[0. 0. 1.]
 [0. 1. 0.]
 [0. 1. 0.]
 [0. 0. 1.]
 [0. 0. 1.]]
probabilities: [[0.73550355 0.17970702 0.08478942]
 [0.12024245 0.5140063  0.36575124]
 [0.6952386  0.26251674 0.04224471]
 [0.17162502 0.02444951 0.80392545]
 [0.12873125 0.13731149 0.7339573 ]]
probabilities: [[0.56704074 0.25012705 0.18283218]
 [0.1919779  0.7260785  0.08194356]
 [0.01351619 0.03659452 0.9498893 ]
 [0.04253683 0.77118325 0.18627994]
 [0.67760867 0.2093919  0.11299941]]
probabilities: [[0.06340979 0.5247854  0.41180483]
 [0.20788825 0.12329425 0.6688175 ]
 [0.7992376  0.10913152 0.09163089]
 [0.05017185 0.92220896 0.0276192 ]
 [0.6157877  0.05603851 0.3281738 ]]
probabilities: [[1. 0. 0.]
 [1. 0. 0.]
 [1. 0. 0.]
 [1. 0. 0.]
 [1. 0. 0.]]
probabilities: [[0.61386174 0.2507582  0.13538003]
 [0.59798044 0.05856417 0.34345537]
 [0.38161618 0.21934162 0.3990422 ]
 [0.41926047 0.11077783 0.4699617 ]
 [0.37626243 0.17517589 0.4485617 ]]
probabilities: [[0.14668985 0.784519   0.06879113]
 [0.3612315  0.1651294  0.47363913]
 [0.3389094  0.47125328 0.18983732]
 [0.54074866 0.41834483 0.04090653]
 [0.33198217 0.33830458 0.32971326]]
